0,0.118896484
1,0.034942627
2,0.07421875
3,0.12817383
4,0.0020141602
5,-0.029449463
6,-0.03887941
7,-0.040618926
8,-0.046325713
9,-0.047454864
10,-0.052001953
11,-0.052703865
12,-0.05572513
13,-0.05578616
14,-0.05609131
15,-0.057525605
16,-0.061035164
17,-0.061645538
18,-0.059143055
19,-0.053436276
20,-0.053070076
21,-0.050170913
22,-0.04565434
23,-0.040161118
24,-0.033935547
25,-0.025817871
26,-0.020568863
27,-0.015991226
28,-0.010253876
29,-0.00674437
30,-0.0037231296
31,-0.0049438328
32,-0.0021362454
33,-0.0014038086
34,-0.0030212402
35,0.00012207031
36,0.0061340183
37,0.019714348
38,0.026916526
39,0.03366092
40,0.041656494
41,0.048217773
42,0.05340577
43,0.04974366
44,0.05062867
45,0.047485344
46,0.04339598
47,0.031982426
48,0.027008083
49,0.013793953
50,0.002227772
51,-0.0012206975
52,-0.009338383
53,-0.0012512207
54,-0.010070834
55,0.004425071
56,0.0041198693
57,0.012969945
58,0.0055847317
59,-0.0002136156
60,-0.015502921
61,-0.026184093
62,-0.039245613
63,-0.047454808
64,-0.048095714
65,-0.04705811
66,-0.04302977
67,-0.038635254
68,-0.033935554
69,-0.03012085
70,-0.02893065
71,-0.026000977
72,-0.02267453
73,-0.01751706
74,-0.012390092
75,-0.008728027
76,-0.0043334663
77,-0.002105683
78,0.00051882863
79,0.0024414212
80,0.006134048
81,0.009765655
82,0.012481704
83,0.015930183
84,0.018249534
85,0.016815186
86,0.016296387
87,0.019256584
88,0.017944336
89,0.016174339
90,0.014800999
91,0.014282208
92,0.011230446
93,0.0068969913
94,0.0063781776
95,0.008636471
96,0.012237553
97,0.018859856
98,0.022125248
99,0.023834229
100,0.023040777
101,0.02163696
102,0.021423336
103,0.01852417
104,0.015167234
105,0.008361815
106,0.0014953623
107,-0.0055541983
108,-0.008605957
109,-0.010650637
110,-0.013183592
111,-0.017059322
112,-0.019836424
113,-0.017791744
114,-0.017242432
115,-0.012481689
116,-0.00494384
117,0.003326415
118,0.010437018
119,0.015777584
120,0.023498539
121,0.030944824
122,0.035217278
123,0.039794907
124,0.042785652
125,0.042755157
126,0.043518066
127,0.040618867
128,0.044067368
129,0.044403076
130,0.047271714
131,0.045471177
132,0.03894043
133,0.028869614
134,0.014923096
135,-0.0005493164
136,-0.017608643
137,-0.033538803
138,-0.047790535
139,-0.05783079
140,-0.06546022
141,-0.067413315
142,-0.0692749
143,-0.0708618
144,-0.06790161
145,-0.062927246
146,-0.059356704
147,-0.05407715
148,-0.048553437
149,-0.044952363
150,-0.037963867
151,-0.030578643
152,-0.016937226
153,-0.005310029
154,0.0056152493
155,0.018005371
156,0.022125274
157,0.03173831
158,0.033996575
159,0.03253172
160,0.020690903
161,0.009948723
162,0.0024719052
163,-0.0007324517
164,-0.0005493425
165,0.0018310472
166,0.0032958984
167,0.0065307394
168,0.013519293
169,0.023132324
170,0.030792268
171,0.034240715
172,0.035034187
173,0.037658706
174,0.038574215
175,0.03781128
176,0.03189087
177,0.021697994
178,0.01309203
179,0.0065612867
180,0.0015869364
181,-0.004730232
182,-0.008544937
183,-0.010070778
184,-0.009429909
185,-0.006072987
186,-0.0031433143
187,-0.0016174465
188,-0.0021972507
189,0.0014343224
190,0.0014648288
191,0.0024108626
192,-0.003967285
193,-0.0014343038
194,-0.010253919
195,-0.0012512226
196,-0.02920533
197,-0.021209694
198,-0.0034790197
199,-0.024963379
200,-0.0002441369
201,-0.035308838
202,0.019653318
203,-0.0058898935
204,0.007873536
205,0.011810301
206,0.018890388
207,0.026306175
208,0.021606449
209,0.014801014
210,-0.0026855543
211,-0.019500725
212,-0.032135006
213,-0.03872681
214,-0.043640133
215,-0.050231956
216,-0.058715835
217,-0.06512451
218,-0.06311032
219,-0.055938706
220,-0.04415892
221,-0.032531723
222,-0.022338852
223,-0.014038071
224,-0.005401626
225,0.0049743354
226,0.012908921
227,0.019622803
228,0.024749741
229,0.031555153
230,0.034912094
231,0.036712643
232,0.034179688
233,0.039428733
234,0.025390636
235,0.015319835
236,0.022552446
237,0.0047912635
238,0.011291508
239,-0.014862068
240,-0.00018311664
241,-0.0010070838
242,-0.004913334
243,0.0054626577
244,0.0022888258
245,0.016204834
246,0.011840805
247,0.012451172
248,-0.005249016
249,-0.016479507
250,-0.031585716
251,-0.0362854
252,-0.0378723
253,-0.03784181
254,-0.03778076
255,-0.03585814
256,-0.0272827
257,-0.014099121
258,-9.1567636e-05
259,0.014251724
260,0.029510528
261,0.039398175
262,0.04681398
263,0.05084227
264,0.049987808
265,0.04537964
266,0.041076656
267,0.040039066
268,0.038299557
269,0.03579711
270,0.034454335
271,0.0345764
272,0.032653823
273,0.028717063
274,0.02407837
275,0.020690896
276,0.018768296
277,0.014129654
278,0.009185791
279,0.00680542
280,0.0049743652
281,0.0029297024
282,-0.0020141602
283,-0.0037841722
284,-0.0049743503
285,-0.006652817
286,-0.012298584
287,-0.015594497
288,-0.015808105
289,-0.019195553
290,-0.022277847
291,-0.027618397
292,-0.029693598
293,-0.033020012
294,-0.031616222
295,-0.029388426
296,-0.026428223
297,-0.020263676
298,-0.015075682
299,-0.010040285
300,-0.0080566425
301,-0.0025634766
302,0.0016174307
303,0.0030822754
304,0.004089356
305,0.004180912
306,0.0048828125
307,0.007659912
308,0.010772705
309,0.014556887
310,0.012359621
311,0.016479492
312,0.009979242
313,0.01089479
314,0.03042604
315,0.02130128
316,0.030456532
317,0.017181389
318,0.02832032
319,0.029815689
320,0.016326912
321,0.028991684
322,0.022155747
323,0.028778061
324,0.019470185
325,0.020111084
326,0.014862075
327,0.0087890625
328,-0.00024417043
329,-0.0025635064
330,-0.008850068
331,-0.018615723
332,-0.029724136
333,-0.03811643
334,-0.0423889
335,-0.045928955
336,-0.042175308
337,-0.03747557
338,-0.02471923
339,-0.008667
340,-0.008026127
341,-0.025573732
342,-0.025726318
343,-0.0028381348
344,-0.021453872
345,-0.1515808
346,-0.2902528
347,-0.33029172
348,-0.30422968
349,-0.21905535
350,-0.10012829
351,0.092987046
352,0.2862857
353,0.44265735
354,0.5636289
355,0.60690325
356,0.5754091
357,0.46017432
358,0.2898252
359,0.08493042
360,-0.08990455
361,-0.19192523
362,-0.23153707
363,-0.22262576
364,-0.17578119
365,-0.09112543
366,0.008300781
367,0.07821661
368,0.10470572
369,0.089538634
370,0.042938203
371,-0.02557379
372,-0.10263051
373,-0.17959604
374,-0.24530013
375,-0.29489142
376,-0.32208258
377,-0.3227538
378,-0.293396
379,-0.23571777
380,-0.16622925
381,-0.093170226
382,-0.034484774
383,0.016326755
384,0.040161133
385,0.04803461
386,0.03805542
387,0.016601562
388,-0.005401641
389,-0.025177151
390,-0.034424007
391,-0.039093047
392,-0.040008217
393,-0.03463754
394,-0.029632777
395,-0.025665432
396,-0.027404726
397,-0.031219453
398,-0.03680414
399,-0.038330078
400,-0.034484804
401,-0.024200529
402,-0.009094298
403,0.009765476
404,0.032226473
405,0.053009182
406,0.07037336
407,0.08566272
408,0.099090576
409,0.108978316
410,0.114410415
411,0.119567856
412,0.12808226
413,0.13458252
414,0.13790895
415,0.1343689
416,0.128479
417,0.119628906
418,0.10720828
419,0.09353641
420,0.08004761
421,0.06930542
422,0.057922363
423,0.050811768
424,0.046783447
425,0.041626006
426,0.03488159
427,0.026611298
428,0.018707246
429,0.008056641
430,-0.0024719536
431,-0.015563995
432,-0.035583526
433,-0.06396483
434,-0.09509274
435,-0.11889651
436,-0.11230469
437,-0.06500244
438,-0.009277359
439,0.02218625
440,0.042480454
441,0.066101074
442,0.09085083
443,0.09893799
444,0.085632324
445,0.05960086
446,0.02621463
447,-0.0020446777
448,-0.028076172
449,-0.05514525
450,-0.080596864
451,-0.096160874
452,-0.10650636
453,-0.11145021
454,-0.111907944
455,-0.1072998
456,-0.09680177
457,-0.079284705
458,-0.05477906
459,-0.026977524
460,-0.006408684
461,0.00585936
462,0.009124745
463,0.0060424916
464,-0.0014343411
465,-0.02163697
466,-0.044067398
467,-0.09124757
468,-0.078948975
469,-0.09762573
470,-0.10357666
471,-0.09600824
472,-0.09542841
473,-0.03326416
474,-0.055999756
475,0.0077209473
476,0.008911192
477,0.05267331
478,0.048065156
479,0.064392075
480,0.055725098
481,0.05883789
482,0.05374141
483,0.058624253
484,0.061828572
485,0.06695556
486,0.069091775
487,0.070373535
488,0.075439446
489,0.08450316
490,0.0960083
491,0.10412595
492,0.108612075
493,0.10357669
494,0.09561157
495,0.08459473
496,0.071624726
497,0.058013886
498,0.042297333
499,0.02835083
500,0.014160156
501,0.0015259087
502,-0.008239776
503,-0.018920928
504,-0.028137207
505,-0.03604126
506,-0.043823227
507,-0.049957335
508,-0.05502321
509,-0.05538942
510,-0.05563356
511,-0.053710938
512,-0.052795403
513,-0.050537087
514,-0.046813972
515,-0.04205323
516,-0.038970932
517,-0.034606934
518,-0.034698483
519,-0.03756715
520,-0.043151855
521,-0.0399475
522,-0.04125978
523,-0.053558372
524,-0.047332756
525,-0.050201386
526,-0.038848847
527,-0.04858397
528,-0.039916962
529,-0.027374253
530,-0.020507798
531,-0.012573227
532,-0.021453857
533,-0.009307861
534,-0.019073486
535,-0.016204849
536,-0.021453902
537,-0.017486602
538,-0.0019836426
539,-0.0119629055
540,0.0032043457
541,-0.0014953613
542,0.020141631
543,0.0234375
544,0.038055405
545,0.038024902
546,0.041473396
547,0.03305056
548,0.03161618
549,0.024047852
550,0.02313231
551,0.019287087
552,0.021423344
553,0.0210266
554,0.024353035
555,0.02731322
556,0.028015127
557,0.025726328
558,0.024475092
559,0.018554688
560,0.014465337
561,0.009094238
562,0.005737307
563,0.0029296856
564,-0.00012206845
565,0.00027466007
566,0.0010376
567,-0.0011901855
568,-0.0024108882
569,-0.004211426
570,-0.00021362305
571,0.0024414072
572,0.0014953632
573,0.0011901823
574,-0.00021362538
575,0.0005493164
576,-0.004852294
577,-0.007843016
578,-0.011352541
579,-0.011413567
580,-0.014770508
581,-0.008941658
582,-0.021667484
583,-0.025573727
584,-0.0033264048
585,-0.021667495
586,-0.0043640397
587,-0.024658214
588,-0.0020751655
589,-0.0008544922
590,-0.018066436
591,0.0041809157
592,-0.006011918
593,0.01553347
594,0.005371079
595,0.012664776
596,0.004150383
597,0.0071411207
598,0.004516635
599,0.0061950795
600,0.0062865913
601,0.0064086653
602,0.0077514574
603,0.0066833682
604,0.006561294
605,0.010711661
606,0.018890375
607,0.02764893
608,0.03457641
609,0.037200924
610,0.04119874
611,0.03988649
612,0.038665786
613,0.03549192
614,0.032287605
615,0.028381333
616,0.021179214
617,0.016693145
618,0.011749297
619,0.009338379
620,0.0035400093
621,-0.0018615723
622,-0.0071410984
623,-0.009460419
624,-0.010620125
625,-0.015258774
626,-0.019592281
627,-0.024139382
628,-0.024108894
629,-0.024566643
630,-0.024780268
631,-0.025512688
632,-0.02575685
633,-0.022155762
634,-0.017456053
635,-0.012725835
636,-0.007965086
637,-0.0008850079
638,0.0056457575
639,0.011108397
640,0.015472405
641,0.019592285
642,0.020812996
643,0.020813014
644,0.021636967
645,0.020812966
646,0.02050782
647,0.01724244
648,0.019287117
649,0.014862061
650,0.019958511
651,0.010345481
652,0.022644036
653,-0.0071716458
654,0.00030517578
655,0.017211929
656,-0.0030822903
657,0.020446792
658,-0.017242417
659,0.03271486
660,0.0018615574
661,0.010925293
662,0.0031128079
663,0.007324189
664,0.0035095215
665,-1.4901161e-08
666,-0.0130309835
667,-0.018829353
668,-0.02947995
669,-0.026092485
670,-0.032287575
671,-0.03195192
672,-0.039215088
673,-0.041900627
674,-0.04699707
675,-0.044921882
676,-0.041931152
677,-0.035095204
678,-0.02694701
679,-0.021301266
680,-0.01779174
681,-0.017700214
682,-0.012969993
683,-0.011322025
684,-0.010955796
685,-0.011413552
686,-0.010314949
687,-0.010772735
688,-0.008026145
689,-0.007385269
690,-0.0059814304
691,-0.0055236965
692,-0.0043945312
693,-0.0024109036
694,-0.0040893406
695,-0.0029601902
696,-0.00033569336
697,0.0017700642
698,0.004730217
699,0.0039062575
700,0.004486054
701,0.0056152493
702,0.007965103
703,0.008972168
704,0.00869754
705,0.009002712
706,0.011688266
707,0.012329068
708,0.012145974
709,0.010223381
710,0.00921632
711,0.011047378
712,0.009490952
713,0.013580309
714,0.009429939
715,0.017761236
716,-0.0008239746
717,0.01449585
718,0.023803711
719,0.007476803
720,0.027832024
721,0.0028076246
722,0.04718018
723,0.013824459
724,0.030761719
725,0.027618408
726,0.030670144
727,0.027648933
728,0.016052268
729,0.010650635
730,0.0013732612
731,-0.004241932
732,-0.0078735165
733,-0.011535652
734,-0.0130920485
735,-0.016815178
736,-0.02246093
737,-0.028900161
738,-0.03161622
739,-0.028106682
740,-0.022003178
741,-0.014007567
742,-0.0065612793
743,0.0015258789
744,0.0041809063
745,0.0037231445
746,0.00057983457
747,-0.0026245122
748,-0.0043945303
749,-0.0046997084
750,-0.005340576
751,-0.003936768
752,-0.0013427734
753,0.0034484868
754,0.0071716327
755,0.0090026865
756,0.011749268
757,0.012634277
758,0.012939453
759,0.010192871
760,0.005859377
761,0.001800539
762,-0.0011901837
763,-0.003417967
764,-0.0041503906
765,-0.007019041
766,-0.009460449
767,-0.011413572
768,-0.01373291
769,-0.014587404
770,-0.018310552
771,-0.021087635
772,-0.020324696
773,-0.017578132
774,-0.010223392
775,-0.0029296875
776,0.0049438626
777,0.009918213
778,0.012420644
779,0.008605959
780,0.002746584
781,-0.004394535
782,-0.010711674
783,-0.01779176
784,-0.024597172
785,-0.026275627
786,-0.030029312
787,-0.033569366
788,-0.0374451
789,-0.033172563
790,-0.03277588
791,-0.021148711
792,-0.035491943
793,-0.001892075
794,0.0058288723
795,0.011566162
796,0.031951904
797,0.016204841
798,0.06536865
799,0.02520751
800,0.058319107
801,0.03863524
802,0.05752565
803,0.042388897
804,0.042877197
805,0.03112793
806,0.030334476
807,0.02398682
808,0.019775387
809,0.016113296
810,0.014007568
811,0.0068054274
812,-0.0042724535
813,-0.015289292
814,-0.020935066
815,-0.024261467
816,-0.028015135
817,-0.024719227
818,-0.019287111
819,-0.01629639
820,-0.012451171
821,-0.010009763
822,-0.0065612793
823,-0.009033204
824,-0.010589598
825,-0.011322025
826,-0.01376342
827,-0.015106194
828,-0.013366714
829,-0.009277336
830,-0.0068664514
831,-0.00399781
832,0.0004882738
833,0.0053710826
834,0.010131855
835,0.012786852
836,0.014953611
837,0.01773072
838,0.019866943
839,0.022491451
840,0.021606449
841,0.01983644
842,0.021545421
843,0.021484368
844,0.021514889
845,0.018524192
846,0.016265873
847,0.015991181
848,0.013519242
849,0.012420654
850,0.009338371
851,0.0066833273
852,0.0034179464
853,-0.00024414062
854,-0.0052795187
855,-0.009704556
856,-0.014495861
857,-0.017608672
858,-0.020324714
859,-0.023132317
860,-0.024444569
861,-0.025909431
862,-0.026763929
863,-0.024291988
864,-0.02664184
865,-0.022430431
866,-0.028076176
867,-0.017730717
868,-0.039855946
869,-0.021759022
870,-0.0164795
871,-0.028900132
872,-0.0069274902
873,-0.035430916
874,0.016265854
875,-0.020782456
876,0.009368889
877,0.0016174428
878,0.01855468
879,0.018615719
880,0.021301255
881,0.021697987
882,0.022521988
883,0.021789543
884,0.026000973
885,0.026397709
886,0.029174807
887,0.024475096
888,0.020874023
889,0.016906738
890,0.014160156
891,0.016510002
892,0.017486576
893,0.019866966
894,0.020538334
895,0.02062986
896,0.019531228
897,0.019317634
898,0.019470215
899,0.016479477
900,0.013000466
901,0.009979233
902,0.007324204
903,0.004241936
904,-0.0007019043
905,-0.0036010444
906,-0.0049438477
907,-0.0065307766
908,-0.007232651
909,-0.0078735575
910,-0.0064086765
911,-0.005432129
912,-0.0058593675
913,-0.00488282
914,-0.0052795634
915,-0.005981449
916,-0.0070190206
917,-0.0073242
918,-0.0076599084
919,-0.00933839
920,-0.010986317
921,-0.010925308
922,-0.011749275
923,-0.011993416
924,-0.00982666
925,-0.006317135
926,-0.006134037
927,-0.007141106
928,-0.0077209473
929,-0.007415762
930,-0.010070802
931,-0.015411377
932,-0.016418459
933,-0.017578125
934,-0.016326902
935,-0.017242432
936,-0.015960697
937,-0.012115482
938,-0.010681154
939,-0.009613037
940,-0.009277344
941,-0.0073547363
942,-0.0024719238
943,-0.0005493164
944,-0.0009765625
945,-0.002349861
946,-0.00592041
947,-0.003967274
948,-0.011871342
949,-0.0074463002
950,-0.030700687
951,-0.0005187765
952,-0.0058593675
953,-0.004272485
954,0.0083923265
955,-0.005889885
956,0.05426026
957,0.010284416
958,0.061706543
959,0.030517578
960,0.06546021
961,0.04098513
962,0.052917473
963,0.031158447
964,0.031768776
965,0.012237549
966,0.009643577
967,-0.00085448474
968,-0.006500233
969,-0.020751942
970,-0.035522446
971,-0.04714965
972,-0.06027223
973,-0.07827759
974,-0.10018921
975,-0.122344926
976,-0.15115362
977,-0.18789685
978,-0.2278747
979,-0.25982654
980,-0.2814635
981,-0.28128052
982,-0.25820935
983,-0.21353173
984,-0.15811169
985,-0.09881604
986,-0.031280577
987,0.035613775
988,0.09539783
989,0.14450079
990,0.18344128
991,0.21325672
992,0.22940052
993,0.23443611
994,0.2347108
995,0.23046869
996,0.22732538
997,0.22634892
998,0.22613528
999,0.22671501
1000,0.22625735
1001,0.22015396
1002,0.20544434
1003,0.20501697
1004,0.20523077
1005,0.20166034
1006,0.18490624
1007,0.16174334
1008,0.14965808
1009,0.13592523
1010,0.12503088
1011,0.10382116
1012,0.06460595
1013,0.04159522
1014,0.012084961
1015,-0.039245486
1016,-0.07583594
1017,-0.11102271
1018,-0.15521261
1019,-0.21401998
1020,-0.21441653
1021,-0.17449918
1022,-0.11999488
1023,-0.06881702
1024,0.0060118437
1025,0.060180783
1026,0.10989368
1027,0.11242658
1028,0.0952453
1029,0.045043826
1030,-0.049560368
1031,-0.122344926
1032,-0.26840204
1033,-0.3527832
1034,-0.4754944
1035,-0.5386046
1036,-0.59628284
1037,-0.584381
1038,-0.5493164
1039,-0.458771
1040,-0.3416443
1041,-0.17303479
1042,0.0071411133
1043,0.17785627
1044,0.33471686
1045,0.46505737
1046,0.56222534
1047,0.6111143
1048,0.6201173
1049,0.5841981
1050,0.50888073
1051,0.40579218
1052,0.28549176
1053,0.16079712
1054,0.03512582
1055,-0.07571396
1056,-0.1716919
1057,-0.2477112
1058,-0.29013062
1059,-0.3043822
1060,-0.29019165
1061,-0.2570191
1062,-0.203125
1063,-0.13607785
1064,-0.07153322
1065,-0.011474635
1066,0.036285397
1067,0.06951904
1068,0.082550004
1069,0.07922363
1070,0.06527714
1071,0.039367687
1072,0.005310031
1073,-0.036987312
1074,-0.07940669
1075,-0.12475586
1076,-0.17092887
1077,-0.21533203
1078,-0.25393695
1079,-0.2856751
1080,-0.30667096
1081,-0.31341535
1082,-0.30743384
1083,-0.2858888
1084,-0.25509644
1085,-0.2115171
1086,-0.15704322
1087,-0.09484851
1088,-0.029327393
1089,0.035217404
1090,0.096343875
1091,0.15130603
1092,0.19793689
1093,0.23214722
1094,0.25512692
1095,0.26315302
1096,0.25817877
1097,0.24334705
1098,0.22009277
1099,0.19409187
1100,0.16415398
1101,0.13452145
1102,0.109100364
1103,0.085571274
1104,0.0646057
1105,0.047546387
1106,0.035308838
1107,0.026947036
1108,0.019775378
1109,0.016815204
1110,0.016845705
1111,0.018005364
1112,0.023651127
1113,0.033874515
1114,0.047912605
1115,0.062072746
1116,0.07223511
1117,0.08526613
1118,0.09411621
1119,0.09838867
1120,0.09378052
1121,0.08593747
1122,0.07394406
1123,0.05935669
1124,0.044128418
1125,0.029510498
1126,0.018432617
1127,0.00592041
1128,-0.0017089844
1129,-0.012512207
1130,-0.017547607
1131,-0.025268555
1132,-0.02355957
1133,-0.046203613
1134,-0.03363037
1135,-0.03259276
1136,-0.03347777
1137,-0.023559585
1138,-0.040344253
1139,-0.002807632
1140,-0.032409698
1141,-0.002014175
1142,-0.016448975
1143,0.010986328
1144,0.0038146973
1145,0.0126953125
1146,0.004333526
1147,0.0033264458
1148,-0.0014343411
1149,-0.004333526
1150,-0.0045166165
1151,-0.00579831
1152,-0.0067443997
1153,-0.0079346
1154,-0.005279541
1155,-0.0028686225
1156,0.0018615872
1157,0.006225586
1158,0.01095584
1159,0.012420684
1160,0.0115356445
1161,0.01171872
1162,0.009765565
1163,0.008178711
1164,0.006652832
1165,0.005065918
1166,0.0049133003
1167,0.0018310249
1168,-0.0022888184
1169,-0.007446289
1170,-0.014587387
1171,-0.02230832
1172,-0.029632553
1173,-0.03509523
1174,-0.038970947
1175,-0.043182373
1176,-0.045379654
1177,-0.04727175
1178,-0.048584007
1179,-0.049255345
1180,-0.050048828
1181,-0.047851577
1182,-0.043365486
1183,-0.038391113
1184,-0.03366088
1185,-0.030090336
1186,-0.024139408
1187,-0.020263672
1188,-0.016998291
1189,-0.009826656
1190,-0.0038757306
1191,0.0021362286
1192,0.005401613
1193,0.009857179
1194,0.013183597
1195,0.013000485
1196,0.014007568
1197,0.013031008
1198,0.014129636
1199,0.012969973
1200,0.011230469
1201,0.010375973
1202,0.011016857
1203,0.014770504
1204,0.005737301
1205,0.019226093
1206,0.011016846
1207,0.012542717
1208,0.010925263
1209,0.004180908
1210,0.020721436
1211,-0.005004868
1212,0.017822254
1213,-0.006317146
1214,0.010559082
1215,-0.0154418945
1216,-0.009185778
1217,-0.030609138
1218,-0.028686514
1219,-0.040893547
1220,-0.03863527
1221,-0.041534413
1222,-0.037597638
1223,-0.037170425
1224,-0.035797127
1225,-0.0303955
1226,-0.025207527
1227,-0.01623533
1228,-0.01074218
1229,-0.0057678
1230,-0.0059509277
1231,-0.010040283
1232,-0.016296357
1233,-0.02124022
1234,-0.023925781
1235,-0.025177002
1236,-0.023712143
1237,-0.01940918
1238,-0.012573242
1239,-0.010253906
1240,-0.008239761
1241,-0.0059509426
1242,-0.0043029636
1243,-0.007019013
1244,-0.014587387
1245,-0.015960678
1246,-0.017120346
1247,-0.015869126
1248,-0.01663205
1249,-0.015625
1250,-0.010192901
1251,-0.005493164
1252,-0.0021972656
1253,-0.0011291653
1254,0.00048826635
1255,0.0028075874
1256,0.0021972656
1257,0.00024417043
1258,0.0013427883
1259,0.00036622584
1260,0.0012207031
1261,-0.0016174465
1262,-0.0017700195
1263,-3.0517578e-05
1264,0.0042114407
1265,0.010040313
1266,0.01196292
1267,0.01852417
1268,0.024658188
1269,0.031799316
1270,0.034698516
1271,0.03680422
1272,0.039428674
1273,0.041839585
1274,0.04421996
1275,0.042816166
1276,0.045928948
1277,0.04803466
1278,0.051635753
1279,0.053375237
1280,0.053161636
1281,0.056732193
1282,0.051300064
1283,0.050781265
1284,0.04428102
1285,0.037719756
1286,0.029693604
1287,0.020172134
1288,0.01693727
1289,0.008514434
1290,0.0032043457
1291,-0.0034484714
1292,-0.0050964206
1293,-0.008544907
1294,-0.009674087
1295,-0.012054473
1296,-0.011505142
1297,-0.01065065
1298,-0.009246826
1299,-0.011016861
1300,-0.01358033
1301,-0.015899666
1302,-0.017150871
1303,-0.022796623
1304,-0.025482163
1305,-0.025543198
1306,-0.02465821
1307,-0.024536138
1308,-0.023284918
1309,-0.016479475
1310,-0.009613045
1311,-0.0031738281
1312,0.00018310547
1313,-0.0020751953
1314,-0.004425049
1315,-0.010772705
1316,-0.01654053
1317,-0.020355225
1318,-0.02099609
1319,-0.022094725
1320,-0.021484375
1321,-0.016998291
1322,-0.009216312
1323,-0.004760744
1324,0.00061035156
1325,0.0066223145
1326,0.0092163095
1327,0.010803218
1328,0.008026125
1329,0.007965088
1330,0.0029907264
1331,-0.0038452167
1332,-0.010528553
1333,-0.017425537
1334,-0.01901247
1335,-0.023071297
1336,-0.024902336
1337,-0.024932832
1338,-0.02069091
1339,-0.016326882
1340,-0.014160149
1341,-0.011993423
1342,-0.0075683817
1343,-0.0021667555
1344,0.0017699972
1345,0.0074768066
1346,0.01239014
1347,0.016693126
1348,0.020172112
1349,0.023620598
1350,0.027221672
1351,0.029327404
1352,0.029937737
1353,0.028076172
1354,0.02764893
1355,0.028045647
1356,0.027984623
1357,0.029083248
1358,0.029479977
1359,0.033325203
1360,0.037323013
1361,0.03494264
1362,0.032836914
1363,0.025878936
1364,0.024169952
1365,0.018310562
1366,0.010498062
1367,-0.0010986328
1368,-0.0010070652
1369,-0.013519265
1370,-0.018157966
1371,-0.019348167
1372,-0.035614036
1373,-0.022125222
1374,-0.036437992
1375,-0.010803238
1376,-0.0159607
1377,0.0018005446
1378,0.010314949
1379,0.022766106
1380,0.024291992
1381,0.024780266
1382,0.016357422
1383,0.0054626465
1384,-0.009887703
1385,-0.02084352
1386,-0.034088112
1387,-0.04632569
1388,-0.058959946
1389,-0.06372072
1390,-0.06677243
1391,-0.06564331
1392,-0.062469512
1393,-0.05657959
1394,-0.05117795
1395,-0.04821773
1396,-0.04260254
1397,-0.03616336
1398,-0.030212432
1399,-0.025817886
1400,-0.016387925
1401,-9.153783e-05
1402,0.01367186
1403,0.022918671
1404,0.033966072
1405,0.045501716
1406,0.054077134
1407,0.055480942
1408,0.053741455
1409,0.051452644
1410,0.047607407
1411,0.042877197
1412,0.034393314
1413,0.026947018
1414,0.02398682
1415,0.023193363
1416,0.019592293
1417,0.015441909
1418,0.017669663
1419,0.021881096
1420,0.014495861
1421,0.0020141713
1422,-0.0012512282
1423,0.00076292455
1424,-0.006378159
1425,-0.019073471
1426,-0.019012459
1427,-0.012786865
1428,-0.0056762733
1429,-0.0016479604
1430,0.003601078
1431,0.011383053
1432,0.014526371
1433,0.016204853
1434,0.010742195
1435,0.0018310435
1436,-0.0065307654
1437,-0.013916004
1438,-0.020751938
1439,-0.028472913
1440,-0.037261963
1441,-0.03958129
1442,-0.03930665
1443,-0.038146973
1444,-0.037872314
1445,-0.035064705
1446,-0.029602066
1447,-0.021545433
1448,-0.015106209
1449,-0.0080566555
1450,0.0004882738
1451,0.008392323
1452,0.016448949
1453,0.020355217
1454,0.023925804
1455,0.027618408
1456,0.029846188
1457,0.030731186
1458,0.029998796
1459,0.029541017
1460,0.029785145
1461,0.027038574
1462,0.024169926
1463,0.01742554
1464,0.011383079
1465,0.0032653771
1466,-0.0014038049
1467,-0.0041503794
1468,0.0003662221
1469,0.009490982
1470,0.020599369
1471,0.034912102
1472,0.044403076
1473,0.052490264
1474,0.0503235
1475,0.047576904
1476,0.037384063
1477,0.02261354
1478,0.007812485
1479,-0.0047912896
1480,-0.015472397
1481,-0.022308335
1482,-0.024566658
1483,-0.024505608
1484,-0.02178955
1485,-0.019714333
1486,-0.013793938
1487,-0.015686005
1488,-0.017364461
1489,-0.018829335
1490,-0.023956288
1491,-0.019470189
1492,-0.023590086
1493,-0.028289797
1494,-0.027771002
1495,-0.031372074
1496,-0.016448969
1497,-0.026672367
1498,-0.013397226
1499,-0.016967775
1500,-0.01000976
1501,-0.017578127
1502,-0.019195575
1503,-0.025543205
1504,-0.029663064
1505,-0.03186035
1506,-0.023590125
1507,-0.012939464
1508,-0.0010985769
1509,0.008453377
1510,0.017272927
1511,0.022888169
1512,0.024047863
1513,0.017822279
1514,0.011291489
1515,0.0074157715
1516,0.00399781
1517,0.0013732873
1518,-0.005279552
1519,-0.015502952
1520,-0.021575928
1521,-0.028778017
1522,-0.11407472
1523,-0.25946054
1524,-0.34341425
1525,-0.3434447
1526,-0.2843321
1527,-0.17016596
1528,0.029571414
1529,0.25262457
1530,0.41348267
1531,0.53942865
1532,0.6210328
1533,0.61975104
1534,0.48696905
1535,0.3136291
1536,0.123809844
1537,-0.021697998
1538,-0.12426773
1539,-0.20455939
1540,-0.21981806
1541,-0.2059325
1542,-0.12298596
1543,-0.04611206
1544,0.03277594
1545,0.050109953
1546,0.04168701
1547,-0.015228361
1548,-0.07022102
1549,-0.1357422
1550,-0.18835454
1551,-0.23971562
1552,-0.27789316
1553,-0.29541013
1554,-0.28808582
1555,-0.2592164
1556,-0.20797732
1557,-0.13912967
1558,-0.06771842
1559,0.0025025606
1560,0.052612245
1561,0.08453372
1562,0.09405503
1563,0.08578497
1564,0.06994638
1565,0.050231993
1566,0.036102295
1567,0.028045624
1568,0.023132324
1569,0.026001006
1570,0.031982437
1571,0.040008485
1572,0.047729462
1573,0.047882065
1574,0.046234146
1575,0.041046172
1576,0.033050537
1577,0.026306137
1578,0.020874038
1579,0.019226119
1580,0.018890403
1581,0.017639138
1582,0.02023314
1583,0.017913826
1584,0.008453377
1585,-0.005981475
1586,-0.019897476
1587,-0.030487075
1588,-0.043121368
1589,-0.05349733
1590,-0.035247803
1591,0.016754173
1592,0.07952879
1593,0.12911984
1594,0.16107176
1595,0.18756106
1596,0.20602405
1597,0.21447757
1598,0.20724496
1599,0.17321774
1600,0.13534561
1601,0.10324094
1602,0.07040411
1603,0.032318026
1604,-0.004577577
1605,-0.024902254
1606,-0.041107118
1607,-0.052764833
1608,-0.054290593
1609,-0.049926966
1610,-0.040374875
1611,-0.030273467
1612,-0.018981963
1613,-0.016540557
1614,-0.02090469
1615,-0.033233672
1616,-0.0511474
1617,-0.075103804
1618,-0.10266115
1619,-0.12753299
1620,-0.15161131
1621,-0.17126463
1622,-0.18707277
1623,-0.19543454
1624,-0.19808963
1625,-0.19262692
1626,-0.1791381
1627,-0.15548721
1628,-0.12548831
1629,-0.08972171
1630,-0.055541903
1631,-0.028961062
1632,-0.0068055987
1633,0.011657536
1634,0.026397765
1635,0.037902802
1636,0.0496217
1637,0.060638458
1638,0.06982413
1639,0.077423036
1640,0.08801277
1641,0.09912121
1642,0.10763553
1643,0.11300659
1644,0.11346434
1645,0.111145034
1646,0.10607912
1647,0.09609985
1648,0.08303832
1649,0.06838987
1650,0.05441285
1651,0.041900635
1652,0.028717011
1653,0.020812988
1654,0.012359649
1655,0.005188003
1656,-0.00021365285
1657,-0.006073028
1658,-0.010650627
1659,-0.015289299
1660,-0.017761238
1661,-0.020233136
1662,-0.025421146
1663,-0.029296884
1664,-0.032562256
1665,-0.032104485
1666,-0.026977528
1667,-0.019714363
1668,-0.011596686
1669,-0.00469971
1670,0.0019836426
1671,0.004425049
1672,0.004974367
1673,0.001159669
1674,-0.0068969736
1675,-0.015441897
1676,-0.02069091
1677,-0.02386475
1678,-0.029083245
1679,-0.02911377
1680,-0.025146507
1681,-0.017700188
1682,-0.0112915
1683,-0.0037536435
1684,0.0049133226
1685,0.011444073
1686,0.018676767
1687,0.024536123
1688,0.031799328
1689,0.037750244
1690,0.045135505
1691,0.050537124
1692,0.05599975
1693,0.059082
1694,0.05923459
1695,0.05813597
1696,0.053009048
1697,0.04681398
1698,0.041625977
1699,0.03521727
1700,0.026611328
1701,0.015686035
1702,0.0054626316
1703,-0.0024108738
1704,-0.011108384
1705,-0.01794435
1706,-0.024261504
1707,-0.028381377
1708,-0.032745376
1709,-0.035888687
1710,-0.037750274
1711,-0.040618937
1712,-0.04162602
1713,-0.042327896
1714,-0.040191635
1715,-0.03378296
1716,-0.02679445
1717,-0.019165037
1718,-0.012878412
1719,-0.007476803
1720,-0.0016784705
1721,-0.0020751972
1722,-0.0038146954
1723,-0.0051879883
1724,-0.006347662
1725,-0.007965091
1726,-0.008544918
1727,-0.0076599102
1728,-0.005126953
1729,-0.004699709
1730,-0.0018310549
1731,-0.0016784694
1732,-0.008270263
1733,-0.014617916
1734,-0.019103998
1735,-0.018127453
1736,-0.01742554
1737,-0.016143791
1738,-0.009918205
1739,-0.0064392053
1740,-0.0074157864
1741,-0.007751461
1742,-0.010009784
1743,-0.011718746
1744,-0.014404297
1745,-0.01666259
1746,-0.014678925
1747,-0.015075684
1748,-0.010864273
1749,-0.006744407
1750,-0.0028381422
1751,-0.00088499486
1752,0.0028381497
1753,0.0007324219
1754,0.0058899075
1755,-0.00024414062
1756,0.0057983547
1757,0.017333973
1758,0.01617432
1759,0.032562256
1760,0.027313236
1761,0.048187256
1762,0.04101561
1763,0.047607433
1764,0.046325687
1765,0.04635617
1766,0.038574204
1767,0.030365005
1768,0.024047881
1769,0.018768288
1770,0.012359589
1771,0.00860595
1772,0.005065918
1773,0.001739502
1774,-0.004272461
1775,-0.012756374
1776,-0.019012459
1777,-0.023345932
1778,-0.027465783
1779,-0.025390618
1780,-0.019866955
1781,-0.012786854
1782,-0.006439198
1783,-0.003478989
1784,-0.0018921085
1785,-0.0031738468
1786,-0.007263176
1787,-0.00912475
1788,-0.012359621
1789,-0.01565553
1790,-0.016143797
1791,-0.013244625
1792,-0.008605954
1793,-0.0039367676
1794,-0.0006713895
1795,0.0053710956
1796,0.011199953
1797,0.014953606
1798,0.017089844
1799,0.019683845
1800,0.019104015
1801,0.016448986
1802,0.011566155
1803,0.008605957
1804,0.0034179538
1805,-0.0036926158
1806,-0.010192869
1807,-0.017333986
1808,-0.022369392
1809,-0.027557373
1810,-0.027099606
1811,-0.027618404
1812,-0.026733395
1813,-0.026367184
1814,-0.024078373
1815,-0.019470207
1816,-0.021209694
1817,-0.020629857
1818,-0.020172127
1819,-0.020111121
1820,-0.019805938
1821,-0.01791381
1822,-0.014434807
1823,-0.01568605
1824,-0.018249512
1825,-0.016418457
1826,-0.011077836
1827,-0.006103523
1828,-0.00018310547
1829,0.009277366
1830,0.018676743
1831,0.025909401
1832,0.03042601
1833,0.030273456
1834,0.02716064
1835,0.019927956
1836,0.011322029
1837,0.0035705864
1838,-0.005096413
1839,-0.009338409
1840,-0.013122544
1841,-0.017730713
1842,-0.020050049
1843,-0.022216782
1844,-0.022857651
1845,-0.02420041
1846,-0.024536118
1847,-0.022460923
1848,-0.022674575
1849,-0.020843506
1850,-0.015380859
1851,-0.00894165
1852,-0.0039062947
1853,-0.00024417043
1854,0.005218506
1855,0.010437027
1856,0.012145981
1857,0.012390122
1858,0.013366714
1859,0.01467897
1860,0.0144653395
1861,0.01565551
1862,0.016265914
1863,0.019195579
1864,0.01931759
1865,0.02117917
1866,0.021636982
1867,0.023223886
1868,0.023620596
1869,0.029907217
1870,0.026886001
1871,0.033813477
1872,0.038879406
1873,0.03805544
1874,0.042419445
1875,0.030029304
1876,0.038085915
1877,0.018127441
1878,0.014709495
1879,-0.0023498684
1880,-0.0077514686
1881,-0.020629901
1882,-0.02563475
1883,-0.033325203
1884,-0.033691406
1885,-0.035095222
1886,-0.030456543
1887,-0.030975342
1888,-0.02709962
1889,-0.021362316
1890,-0.015594482
1891,-0.012145974
1892,-0.0071411096
1893,0.00033567846
1894,0.005676266
1895,0.00942993
1896,0.012939459
1897,0.015594477
1898,0.016326895
1899,0.019042969
1900,0.020385738
1901,0.022094723
1902,0.023071297
1903,0.024017341
1904,0.022430409
1905,0.01931763
1906,0.018218994
1907,0.015502926
1908,0.013488777
1909,0.010559093
1910,0.008636493
1911,0.0054626316
1912,0.0027160794
1913,0.0021667741
1914,0.00039674342
1915,-0.0010071024
1916,-0.002746556
1917,-0.0033874288
1918,-0.0032043494
1919,-0.0015258975
1920,0.0001526177
1921,0.0014343299
1922,0.0024719127
1923,0.0077819526
1924,0.012634285
1925,0.012329161
1926,0.009796135
1927,0.008575432
1928,0.0070495233
1929,0.0032043532
1930,-0.0008239597
1931,-0.004180908
1932,-0.0035705715
1933,-0.004241951
1934,-0.0035400614
1935,-0.003143318
1936,-0.003234841
1937,-0.0013122335
1938,-0.0013122484
1939,-0.0015258826
1940,-0.0033264123
1941,-0.0049133375
1942,-0.0036010817
1943,-0.0010375828
1944,-0.0021667369
1945,-0.0044250675
1946,-0.0057067983
1947,-0.007080063
1948,-0.010406468
1949,-0.014373779
1950,-0.017578125
1951,-0.017791757
1952,-0.019073488
1953,-0.015594469
1954,-0.013183599
1955,-0.008331299
1956,-0.0036010705
1957,-0.0016479455
1958,-3.0515715e-05
1959,0.00094604306
1960,0.0050354004
1961,0.005493164
1962,0.0025024414
1963,-0.00012206845
1964,-0.0008239746
1965,-0.001953125
1966,-0.0019226074
1967,-0.003845213
1968,-0.003997806
1969,-0.006958009
1970,-0.011352541
1971,-0.017059324
1972,-0.019927982
1973,-0.022613522
1974,-0.025268544
1975,-0.025695797
1976,-0.024292
1977,-0.020813
1978,-0.018829342
1979,-0.0135803
1980,-0.007812504
1981,-0.0028686523
1982,0.0024414174
1983,0.008392356
1984,0.016082779
1985,0.026123026
1986,0.033325203
1987,0.038665764
1988,0.041503914
1989,0.04290772
1990,0.03961181
1991,0.032470696
1992,0.024475109
1993,0.015869152
1994,0.00677491
1995,0.002319321
1996,-0.0021057166
1997,-0.0052185133
1998,-0.00878907
1999,-0.0076904222
2000,-0.0042724647
2001,-0.0054626614
2002,-0.0071411207
2003,-0.009490959
2004,-0.0057678074
2005,-0.0025024563
2006,-0.0056457445
2007,-0.008270264
2008,-0.0061950684
2009,-0.0012207031
2010,0.0024719276
2011,0.00054932013
2012,-0.00048828125
2013,-0.0026855469
2014,-0.0058288574
2015,-0.005615229
2016,-0.00817871
2017,-0.010559082
2018,-0.01071167
2019,-0.009307861
2020,-0.006011961
2021,-0.004882813
2022,-0.002899168
2023,-0.0018310533
2024,-0.002563477
2025,-0.0032958994
2026,-0.001281738
2027,0.00027465937
2028,0.00036621036
2029,-0.0017089851
2030,-0.002319336
2031,-0.0008239746
2032,-0.0054016095
2033,-0.010681152
2034,-0.0144958515
2035,-0.01593018
2036,-0.016632076
2037,-0.020629864
2038,-0.018676758
2039,-0.014556885
2040,-0.011901852
2041,-0.009460449
2042,-0.007354725
2043,-0.0034790076
2044,-0.0014037825
2045,-0.00079346076
2046,0.0025329515
2047,0.005401615
2048,0.004272446
2049,0.0026245117
2050,0.0018310472
2051,0.0032043643
2052,0.0004882999
2053,-0.0013732873
2054,-0.0009765811
2055,-0.0010986179
2056,-0.00030516833
2057,-0.0021972768
2058,-0.0020141825
2059,-0.001739502
2060,-0.00070186704
2061,0.0018310547
2062,0.002868671
2063,0.0066528376
2064,0.0115051195
2065,0.013977051
2066,0.015045168
2067,0.017181404
2068,0.018402088
2069,0.016448975
2070,0.011505129
2071,0.009704592
2072,0.00982666
2073,0.0066223126
2074,0.0034484868
2075,0.0018615734
2076,0.00067138666
2077,-0.00091552845
2078,-0.0029602055
2079,-0.003204344
2080,-0.003479004
2081,-0.005432129
2082,-0.006011962
2083,-0.0074157715
2084,-0.008789061
2085,-0.008239746
2086,-0.008300783
2087,-0.008056641
2088,-0.0076293945
2089,-0.006439209
2090,-0.006988518
2091,-0.006805405
2092,-0.0058898963
2093,-0.003997825
2094,-0.005004879
2095,-0.0032043252
2096,0.0014648493
2097,0.0031738095
2098,0.0062561
2099,0.009735121
2100,0.017486569
2101,0.019378655
2102,0.01953125
2103,0.018676756
2104,0.01623535
2105,0.012969969
2106,0.008850098
2107,0.0058593694
2108,0.0020751953
2109,-0.00015258603
2110,-0.00024414435
2111,-0.00079345796
2112,-0.0030212398
2113,-0.004089353
2114,-0.0050354037
2115,-0.006530761
2116,-0.011230467
2117,-0.013977049
2118,-0.014831545
2119,-0.01504517
2120,-0.015991207
2121,-0.017578114
2122,-0.015624989
2123,-0.012084957
2124,-0.009094238
2125,-0.0071105845
2126,-0.005737312
2127,-0.0049438514
2128,-0.0030212402
2129,-0.0025329553
2130,-0.005126942
2131,-0.0070190467
2132,-0.0092468
2133,-0.007385269
2134,-0.0067749023
2135,-0.007354729
2136,-0.005706761
2137,-0.0046691783
2138,-0.0007934645
2139,-0.0014953762
2140,-0.0022277832
2141,-0.0023803413
2142,-0.0018615723
2143,-9.156391e-05
2144,0.00070186704
2145,0.0016174428
2146,0.0036926419
2147,0.007934585
2148,0.011291489
2149,0.015197732
2150,0.017791757
2151,0.020507833
2152,0.021453863
2153,0.025238037
2154,0.030944813
2155,0.036712654
2156,0.0402832
2157,0.048553474
2158,0.05593873
2159,0.055908203
2160,0.051361084
2161,0.0429077
2162,0.029815659
2163,0.008270271
2164,-0.016479492
2165,-0.03851319
2166,-0.06555176
2167,-0.09341428
2168,-0.12390135
2169,-0.1651001
2170,-0.21469119
2171,-0.25549337
2172,-0.2776184
2173,-0.27902204
2174,-0.25872797
2175,-0.21344012
2176,-0.15704352
2177,-0.098235905
2178,-0.035430968
2179,0.03213489
2180,0.09713733
2181,0.1576235
2182,0.21075442
2183,0.25131226
2184,0.27682483
2185,0.289917
2186,0.29507458
2187,0.28985593
2188,0.27960217
2189,0.27044675
2190,0.25631696
2191,0.24035633
2192,0.22732532
2193,0.21908581
2194,0.21237183
2195,0.20007318
2196,0.18762207
2197,0.18231201
2198,0.17932117
2199,0.17620862
2200,0.1680299
2201,0.13284302
2202,0.084502935
2203,0.049713373
2204,0.0051884055
2205,-0.061950386
2206,-0.14163226
2207,-0.19839483
2208,-0.254364
2209,-0.3172915
2210,-0.35607922
2211,-0.38296503
2212,-0.37008655
2213,-0.3365174
2214,-0.27719116
2215,-0.20925894
2216,-0.13424678
2217,-0.032012947
2218,0.044311546
2219,0.089080825
2220,0.115661606
2221,0.10543826
2222,0.058929443
2223,-0.010284441
2224,-0.08911133
2225,-0.17834468
2226,-0.27636725
2227,-0.35772705
2228,-0.39633167
2229,-0.40737903
2230,-0.3901366
2231,-0.33441186
2232,-0.2328186
2233,-0.11074829
2234,0.021240175
2235,0.15643317
2236,0.28408802
2237,0.38980103
2238,0.46270752
2239,0.5134278
2240,0.532776
2241,0.5163269
2242,0.47048932
2243,0.3983153
2244,0.30688494
2245,0.19586164
2246,0.073180795
2247,-0.04800427
2248,-0.15927103
2249,-0.245941
2250,-0.30719006
2251,-0.33419806
2252,-0.33557117
2253,-0.31234747
2254,-0.27197272
2255,-0.21966553
2256,-0.16308594
2257,-0.10562131
2258,-0.05441284
2259,-0.0067138523
2260,0.028747588
2261,0.054077163
2262,0.0653992
2263,0.06735231
2264,0.057159424
2265,0.03396605
2266,0.0056152344
2267,-0.032165527
2268,-0.07171628
2269,-0.117767364
2270,-0.16418457
2271,-0.20928937
2272,-0.25280756
2273,-0.28305048
2274,-0.2994995
2275,-0.299042
2276,-0.2819214
2277,-0.2479856
2278,-0.19436598
2279,-0.13122547
2280,-0.061645627
2281,0.012817502
2282,0.08425939
2283,0.1519779
2284,0.20919794
2285,0.25540158
2286,0.29086277
2287,0.30804455
2288,0.3122865
2289,0.30505365
2290,0.28640738
2291,0.2584534
2292,0.22174074
2293,0.18157957
2294,0.14553836
2295,0.10693359
2296,0.07058713
2297,0.039184548
2298,0.01748661
2299,0.008300804
2300,0.0061645284
2301,0.012390092
2302,0.020446762
2303,0.031707764
2304,0.040557846
2305,0.048858628
2306,0.05392456
2307,0.052337617
2308,0.050720155
2309,0.046722353
2310,0.043640137
2311,0.041778594
2312,0.041290283
2313,0.04449451
2314,0.04840094
2315,0.05099505
2316,0.053344607
2317,0.05697626
2318,0.0594787
2319,0.059936702
2320,0.0555726
2321,0.049224734
2322,0.041503876
2323,0.03176874
2324,0.019470245
2325,0.007293999
2326,-0.006713778
2327,-0.02053827
2328,-0.033722103
2329,-0.044067502
2330,-0.05014044
2331,-0.05368048
2332,-0.052337617
2333,-0.051086366
2334,-0.050476104
2335,-0.049102843
2336,-0.050598204
2337,-0.051513553
2338,-0.05444339
2339,-0.051574767
2340,-0.047027588
2341,-0.042846665
2342,-0.040283203
2343,-0.035614043
2344,-0.03213504
2345,-0.0274048
2346,-0.023803711
2347,-0.021484375
2348,-0.019561768
2349,-0.017761216
2350,-0.0155029
2351,-0.014617905
2352,-0.014831543
2353,-0.013336182
2354,-0.012817368
2355,-0.014892571
2356,-0.019134529
2357,-0.022308365
2358,-0.024108894
2359,-0.02410889
2360,-0.027191166
2361,-0.030914295
2362,-0.029510498
2363,-0.026947012
2364,-0.026763925
2365,-0.028137196
2366,-0.025787352
2367,-0.021881107
2368,-0.02090454
2369,-0.020324705
2370,-0.018463142
2371,-0.01519775
2372,-0.013641331
2373,-0.012512207
2374,-0.015228298
2375,-0.018218987
2376,-0.019195542
2377,-0.020507827
2378,-0.022827163
2379,-0.022521973
2380,-0.015563972
2381,-6.1035156e-05
2382,0.017028797
2383,0.034271266
2384,0.04653929
2385,0.04852294
2386,0.03952028
2387,0.021423344
2388,0.0017089769
2389,-0.022186294
2390,-0.046905532
2391,-0.07916257
2392,-0.10299681
2393,-0.120025665
2394,-0.12554932
2395,-0.12564072
2396,-0.12008661
2397,-0.10449234
2398,-0.08081052
2399,-0.05105591
2400,-0.019378573
2401,0.008544862
2402,0.0315246
2403,0.050201535
2404,0.0642699
2405,0.07287602
2406,0.07717894
2407,0.07720949
2408,0.07534793
2409,0.07199097
2410,0.066070534
2411,0.057250977
2412,0.046966553
2413,0.037811287
2414,0.028900124
2415,0.020874001
2416,0.01184082
2417,0.00579834
2418,-0.0009765849
2419,-0.005126968
2420,-0.009124748
2421,-0.009552002
2422,-0.0101318285
2423,-0.010650635
2424,-0.005157441
2425,6.104261e-05
2426,0.0049743652
2427,0.005828865
2428,0.0055847317
2429,0.006011933
2430,0.0029601827
2431,0.0035400465
2432,0.00088503957
2433,-0.0009765923
2434,-0.0031738505
2435,-0.0036315992
2436,-0.005401604
2437,-0.0068054125
2438,-0.0019226372
2439,0.003265366
2440,0.009368889
2441,0.012634277
2442,0.016540509
2443,0.019653287
2444,0.022827141
2445,0.02767945
2446,0.033203118
2447,0.03845214
2448,0.040496837
2449,0.041381843
2450,0.042236317
2451,0.04312133
2452,0.04193116
2453,0.036285385
2454,0.031494148
2455,0.024139404
2456,0.013763398
2457,0.0005798191
2458,-0.011047348
2459,-0.021667436
2460,-0.033111572
2461,-0.044616714
2462,-0.04986573
2463,-0.051971424
2464,-0.052734386
2465,-0.0510254
2466,-0.04492186
2467,-0.036315918
2468,-0.0256958
2469,-0.014282219
2470,-0.003387455
2471,0.0065612793
2472,0.012237534
2473,0.018615726
2474,0.0232544
2475,0.027008042
2476,0.030944828
2477,0.03222657
2478,0.03091431
2479,0.030456536
2480,0.03341673
2481,0.03756715
2482,0.038696297
2483,0.037750244
2484,0.040405273
2485,0.04415895
2486,0.043365464
2487,0.041656494
2488,0.04214479
2489,0.043060318
2490,0.043121323
2491,0.038146943
2492,0.034088135
2493,0.032287598
2494,0.029083222
2495,0.028167665
2496,0.027404785
2497,0.027252197
2498,0.024169922
2499,0.01574704
2500,0.011047363
2501,0.002746582
2502,-0.008178711
2503,-0.018859863
2504,-0.02810669
2505,-0.03381349
2506,-0.04071045
2507,-0.04196167
2508,-0.041015625
2509,-0.040039033
2510,-0.038146943
2511,-0.03753659
2512,-0.036621094
2513,-0.03601072
2514,-0.032501206
2515,-0.03222656
2516,-0.032775864
2517,-0.033782966
2518,-0.032531764
2519,-0.029449468
2520,-0.031463616
2521,-0.028930672
2522,-0.023986824
2523,-0.018249504
2524,-0.013916016
2525,-0.013458252
2526,-0.008728025
2527,-0.008941648
2528,-0.013580319
2529,-0.017578136
2530,-0.022583023
2531,-0.022582997
2532,-0.024139397
2533,-0.02087402
2534,-0.018280033
2535,-0.015869133
2536,-0.011444092
2537,-0.0064392462
2538,-0.0018005334
2539,0.0025634952
2540,0.0057983473
2541,0.010803223
2542,0.014343262
2543,0.016876213
2544,0.021484377
2545,0.020965569
2546,0.021179212
2547,0.018524162
2548,0.01876831
2549,0.01843262
2550,0.017211912
2551,0.018646242
2552,0.018402096
2553,0.019073498
2554,0.016326908
2555,0.01577757
2556,0.015655518
2557,0.014465354
2558,0.01318362
2559,0.011962891
2560,0.007995598
2561,0.0033264458
2562,-0.0006408617
2563,-0.005584728
2564,-0.010345455
2565,-0.018310549
2566,-0.020019535
2567,-0.023620613
2568,-0.027832031
2569,-0.02819825
2570,-0.027984627
2571,-0.02566528
2572,-0.025848385
2573,-0.022491459
2574,-0.019592263
2575,-0.014862061
2576,-0.011840824
2577,-0.0070190467
2578,-0.005218506
2579,-0.0036620982
2580,-0.0023193732
2581,-0.0021667182
2582,3.7252903e-09
2583,-0.00036618486
2584,-0.00079346076
2585,0.00073240325
2586,0.0031433217
2587,0.004058834
2588,0.0005798638
2589,-0.0016174279
2590,-0.0038147047
2591,-0.007507324
2592,-0.009277359
2593,-0.010559082
2594,-0.010864288
2595,-0.01284793
2596,-0.013092034
2597,-0.009704597
2598,-0.009216331
2599,-0.008514382
2600,-0.007446274
2601,-0.005859345
2602,-0.002807632
2603,-0.0030822903
2604,-0.002349861
2605,0.001525864
2606,0.0038452148
2607,0.008148193
2608,0.008422829
2609,0.009979241
2610,0.011810288
2611,0.010833725
2612,0.010192845
2613,0.0094604455
2614,0.008453369
2615,0.007995598
2616,0.008483872
2617,0.009216301
2618,0.007232681
2619,0.00067137927
2620,-0.004211426
2621,-0.00778199
2622,-0.010528557
2623,-0.012023941
2624,-0.015136726
2625,-0.017089859
2626,-0.016754173
2627,-0.015319817
2628,-0.011749238
2629,-0.012054443
2630,-0.011474639
2631,-0.010131821
2632,-0.007690415
2633,-0.0034179837
2634,-0.0010376424
2635,0.001739502
2636,0.0025939941
2637,0.0027160496
2638,0.004547097
2639,0.0071105883
2640,0.008361779
2641,0.0059814453
2642,0.0039367974
2643,0.0029907078
2644,0.004150398
2645,0.005523689
2646,0.0075073317
2647,0.010467514
2648,0.0127563365
2649,0.016052246
2650,0.016662598
2651,0.017730705
2652,0.01464846
2653,0.013366681
2654,0.009979244
2655,0.008850109
2656,0.00582888
2657,0.003967289
2658,0.0055541955
2659,0.0077819917
2660,0.012145996
2661,0.0122680655
2662,0.015960697
2663,0.020050045
2664,0.021789547
2665,0.021942144
2666,0.022155754
2667,0.022277832
2668,0.01849366
2669,0.011871327
2670,0.006896984
2671,0.005218532
2672,0.003143318
2673,0.0024414062
2674,0.0010070875
2675,0.0032043643
2676,0.006927479
2677,0.008209221
2678,0.008819606
2679,0.0088806
2680,0.011444073
2681,0.012420662
2682,0.010864295
2683,0.0095214695
2684,0.009368874
2685,0.010498047
2686,0.008483887
2687,0.004425086
2688,0.0038146973
2689,0.003875725
2690,0.0037536547
2691,0.00027466565
2692,-0.0022277534
2693,-0.00082395226
2694,0.0007019192
2695,0.0036010742
2696,0.004364021
2697,0.006988533
2698,0.008026123
2699,0.0067138374
2700,0.0034179688
2701,0.0019836426
2702,-0.0021057427
2703,-0.0050354227
2704,-0.008422844
2705,-0.006927453
2706,-0.005462669
2707,-0.0052795857
2708,-0.0050354153
2709,-0.0073242188
2710,-0.006073013
2711,-0.0053100847
2712,-0.004180927
2713,-0.006103482
2714,-0.007415764
2715,-0.011627205
2716,-0.0141296685
2717,-0.019958489
2718,-0.02313232
2719,-0.007568363
2720,-0.0069885254
2721,-0.01550293
2722,-0.03417968
2723,-0.023895245
2724,-0.025329545
2725,-0.14410408
2726,-0.27761862
2727,-0.33712766
2728,-0.28713965
2729,-0.1816406
2730,-0.054840297
2731,0.14331046
2732,0.3367617
2733,0.48587054
2734,0.5826416
2735,0.59423846
2736,0.509308
2737,0.33142066
2738,0.14468384
2739,0.0025939941
2740,-0.10336292
2741,-0.18548578
2742,-0.22927856
2743,-0.2090149
2744,-0.1308899
2745,-0.04293832
2746,0.022613496
2747,0.049926847
2748,0.03503433
2749,-0.010375977
2750,-0.07269302
2751,-0.13629144
2752,-0.19055174
2753,-0.23632812
2754,-0.26907358
2755,-0.28189078
2756,-0.27270508
2757,-0.24050921
2758,-0.19287124
2759,-0.13906863
2760,-0.085143834
2761,-0.035370022
2762,0.0033873916
2763,0.029724121
2764,0.026916474
2765,-0.006683409
2766,-0.03829959
2767,-0.046539187
2768,-0.016723663
2769,0.026824981
2770,0.056243896
2771,0.096283
2772,0.14398181
2773,0.18960582
2774,0.21395868
2775,0.19998163
2776,0.19293211
2777,0.17623904
2778,0.143219
2779,0.110504135
2780,0.07382202
2781,0.04397583
2782,0.009246826
2783,-0.016723648
2784,-0.031829834
2785,-0.05691526
2786,-0.08084106
2787,-0.088897705
2788,-0.07934572
2789,-0.06433104
2790,-0.04779052
2791,-0.026977545
2792,-0.006286621
2793,0.0051269494
2794,0.011077879
2795,0.008941652
2796,-0.0020751944
2797,-0.023254393
2798,-0.04425048
2799,-0.0579834
2800,-0.07000731
2801,-0.07214354
2802,-0.06903075
2803,-0.0574646
2804,-0.04568483
2805,-0.034545884
2806,-0.018707275
2807,-0.007720962
2808,-0.0010681152
2809,0.0047912598
2810,0.010284409
2811,0.020019516
2812,0.027771011
2813,0.03665161
2814,0.04635617
2815,0.056152314
2816,0.06604004
2817,0.07266238
2818,0.0753784
2819,0.075592
2820,0.073760994
2821,0.07040407
2822,0.062438995
2823,0.052001968
2824,0.0385132
2825,0.024780303
2826,0.013305649
2827,0.0002746433
2828,-0.012847893
2829,-0.026123025
2830,-0.036285415
2831,-0.04125979
2832,-0.0423279
2833,-0.038421605
2834,-0.030792218
2835,-0.021972667
2836,-0.011108372
2837,-0.00585939
2838,-0.0023193285
2839,-0.0021362305
2840,-0.004699696
2841,-0.011505127
2842,-0.017395034
2843,-0.01638793
2844,-0.012145991
2845,-0.008605955
2846,-0.00491333
2847,-0.00030517764
2848,0.0010375986
2849,0.00033569196
2850,-0.0020141597
2851,-0.0051269536
2852,-0.009338376
2853,-0.012084957
2854,-0.011138916
2855,-0.010284426
2856,-0.008789064
2857,-0.0064697284
2858,-0.004852295
2859,-0.0032653809
2860,-0.0025634766
2861,-0.00039673038
2862,0.0008850079
2863,-0.0013427753
2864,0.0001831036
2865,0.00015258975
2866,0.0010375977
2867,0.00030517578
2868,0.0010986328
2869,0.0045166016
2870,0.0025024433
2871,-0.0015563983
2872,-0.006561281
2873,-0.008361816
2874,-0.008575439
2875,-0.002593996
2876,0.006469723
2877,0.017150877
2878,0.027771
2879,0.035430916
2880,0.03918458
2881,0.032989502
2882,0.025176987
2883,0.012908947
2884,0.0031128153
2885,-0.00531004
2886,-0.011047386
2887,-0.011718757
2888,-0.012756338
2889,-0.010467518
2890,-0.011077886
2891,-0.012634283
2892,-0.011169436
2893,-0.0102233915
2894,-0.009124754
2895,-0.009552002
2896,-0.009063723
2897,-0.007324219
2898,-0.006774902
2899,-0.010314941
2900,-0.013366701
2901,-0.014373772
2902,-0.013671871
2903,-0.014739998
2904,-0.017181404
2905,-0.01632692
2906,-0.015106197
2907,-0.012115486
2908,-0.010986339
2909,-0.005493179
2910,-0.0018310733
2911,0.0013428032
2912,0.003448505
2913,0.004425049
2914,0.004028309
2915,-0.00091552734
2916,-0.0047912076
2917,-0.009613004
2918,-0.013427742
2919,-0.015289314
2920,-0.013824426
2921,-0.011230446
2922,-0.010620102
2923,-0.0072021782
2924,-0.0042419583
2925,-0.001739502
2926,-0.0037231296
2927,-0.0032958686
2928,-0.0014343262
2929,-0.00033569336
2930,-0.0038451701
2931,-0.009246811
2932,-0.012878448
2933,-0.020629883
2934,-0.020324692
2935,-0.012237564
2936,-0.0057983547
2937,-0.0086364895
2938,-0.016418427
2939,-0.012207046
2940,-0.0016784817
2941,0.005432129
2942,0.009918183
2943,0.013061509
2944,0.021453835
2945,0.03063966
2946,0.0403137
2947,0.04641723
2948,0.05279541
2949,0.057434082
2950,0.05984497
2951,0.062988296
2952,0.061431877
2953,0.05706787
2954,0.04745482
2955,0.037170425
2956,0.026611343
2957,0.013824478
2958,0.003204368
2959,-0.007293716
2960,-0.014984131
2961,-0.022399921
2962,-0.028350838
2963,-0.031219482
2964,-0.03363038
2965,-0.03247071
2966,-0.030487072
2967,-0.026824951
2968,-0.021942131
2969,-0.014892578
2970,-0.0068359366
2971,0.0011291495
2972,0.006286621
2973,0.007507326
2974,0.0050048847
2975,0.0023193397
2976,-0.001190186
2977,-0.0037536605
2978,-0.00592041
2979,-0.0068359356
2980,-0.006958006
2981,-0.0072631855
2982,-0.0057373056
2983,-0.0007934575
2984,0.0028076174
2985,0.0047607436
2986,0.0047302246
2987,0.0030517592
2988,0.001068115
2989,-0.002716064
2990,-0.0051269536
2991,-0.0056762714
2992,-0.006011963
2993,-0.006286621
2994,-0.002868651
2995,0.0014038058
2996,0.00665283
2997,0.015441896
2998,0.022735588
2999,0.031494133
3000,0.035003662
3001,0.037384026
3002,0.04132081
3003,0.041381866
3004,0.042053238
3005,0.040100113
3006,0.038024902
3007,0.03591916
3008,0.03195189
3009,0.029083252
3010,0.025207534
3011,0.020202637
3012,0.01544188
3013,0.0115356445
3014,0.00799562
3015,0.003967285
3016,0.00024411082
3017,-0.0028381497
3018,-0.0044555515
3019,-0.0065612644
3020,-0.008514419
3021,-0.011688247
3022,-0.015960693
3023,-0.018219009
3024,-0.02279663
3025,-0.024749741
3026,-0.025268525
3027,-0.026184082
3028,-0.025878921
3029,-0.023406945
3030,-0.01779174
3031,-0.013427764
3032,-0.013793983
3033,-0.014984094
3034,-0.017028794
3035,-0.016784675
3036,-0.018981934
3037,-0.01870726
3038,-0.016509973
3039,-0.01226807
3040,-0.006500233
3041,-0.0016174652
3042,0.005523678
3043,0.009033214
3044,0.0077209584
3045,0.004455555
3046,0.0007323846
3047,-0.0019836724
3048,-0.0063781627
3049,-0.012390129
3050,-0.019653331
3051,-0.02484132
3052,-0.028778078
3053,-0.030700665
3054,-0.03250123
3055,-0.034149185
3056,-0.03399657
3057,-0.0338745
3058,-0.03027343
3059,-0.02850341
3060,-0.028839104
3061,-0.027740486
3062,-0.027801514
3063,-0.024169922
3064,-0.021636963
3065,-0.016967773
3066,-0.010467529
3067,-0.0050658733
3068,-9.153783e-05
3069,0.0057983473
3070,0.010681152
3071,0.016235389
3072,0.01605229
3073,0.01846318
3074,0.017211884
3075,0.01687619
3076,0.015533455
3077,0.013458263
3078,0.011871327
3079,0.006103482
3080,0.002777107
3081,0.00018314272
3082,-0.004089378
3083,-0.005645789
3084,-0.0063476786
3085,-0.0070190504
3086,-0.007690452
3087,-0.0076599196
3088,-0.004394524
3089,-0.0020446852
3090,-0.001586929
3091,-0.0020752102
3092,-0.0019531548
3093,-0.0018005595
3094,-0.0018005744
3095,-0.0034485012
3096,-0.0040283278
3097,-0.003509529
3098,-0.0018005371
3099,6.1035156e-05
3100,0.002014175
3101,0.003173858
3102,0.0036316216
3103,0.0031738356
3104,0.0044555664
3105,0.0058899
3106,0.0076904297
3107,0.0065612905
3108,0.0038452372
3109,0.0030212551
3110,0.0010070726
3111,0.0009765625
3112,-0.00076292455
3113,-0.0018615797
3114,0.0007019155
3115,0.003753662
3116,0.0076599084
3117,0.0076904483
3118,0.00891114
3119,0.009826664
3120,0.010742165
3121,0.009704597
3122,0.008087192
3123,0.006195087
3124,0.005889885
3125,0.006378172
3126,0.0057983547
3127,0.0048828125
3128,0.0029907227
3129,0.002563469
3130,0.0024414137
3131,0.0038757343
3132,0.005279543
3133,0.0054016095
3134,0.00653076
3135,0.0077209454
3136,0.00985718
3137,0.010162356
3138,0.010009765
3139,0.009490967
3140,0.009155272
3141,0.007019045
3142,0.0057067885
3143,0.0049743643
3144,0.00579834
3145,0.0047607403
3146,0.005859373
3147,0.007019045
3148,0.005401613
3149,0.003540041
3150,0.0028076172
3151,0.0039367676
3152,0.0046386737
3153,0.003601076
3154,0.0011291504
3155,-0.0041809115
3156,-0.009399416
3157,-0.0128479
3158,-0.018005377
3159,-0.025085442
3160,-0.03198241
3161,-0.034851063
3162,-0.031158447
3163,-0.026245154
3164,-0.019836426
3165,-0.016082756
3166,-0.010467537
3167,-0.007354729
3168,-0.0064697415
3169,-0.003753662
3170,-0.0026855469
3171,-0.0036926046
3172,-0.0048827827
3173,-0.004364006
3174,-0.0024719462
3175,-0.00042723864
3176,0.0018920824
3177,0.0045471042
3178,0.008270245
3179,0.012847897
3180,0.02020261
3181,0.022033665
3182,0.02438356
3183,0.027771
3184,0.028472908
3185,0.027130127
3186,0.02239991
3187,0.020294193
3188,0.016479492
3189,0.011169432
3190,0.0071411096
3191,0.006744381
3192,0.009399412
3193,0.011627197
3194,0.012878429
3195,0.016510013
3196,0.019073486
3197,0.020721458
3198,0.021270767
3199,0.024902374
3200,0.031860307
3201,0.036834672
3202,0.039611846
3203,0.037445113
3204,0.03634645
3205,0.033294693
3206,0.027313247
3207,0.018127456
3208,0.010040283
3209,0.0062560737
3210,0.0027465671
3211,0.00036621094
3212,-0.0025024563
3213,-0.00296022
3214,-0.003387466
3215,-0.005554214
3216,-0.0066833645
3217,-0.00894168
3218,-0.0092163235
3219,-0.01077272
3220,-0.012237579
3221,-0.013519317
3222,-0.016296417
3223,-0.017730698
3224,-0.020050079
3225,-0.021148697
3226,-0.02218625
3227,-0.023315415
3228,-0.02337645
3229,-0.021881118
3230,-0.01751709
3231,-0.014038082
3232,-0.011810314
3233,-0.009338386
3234,-0.008483883
3235,-0.009796139
3236,-0.009643562
3237,-0.009002693
3238,-0.0058593825
3239,-0.005554162
3240,-0.0039367788
3241,-0.0013732985
3242,0.00061032176
3243,-0.0013122633
3244,-0.001251217
3245,0.0020141676
3246,-0.004089359
3247,-0.0066528264
3248,-0.010223389
3249,-0.008514389
3250,-0.01489258
3251,-0.02130127
3252,-0.019958494
3253,-0.016540527
3254,-0.012695317
3255,-0.012603758
3256,-0.008148191
3257,-0.0010070809
3258,0.007965088
3259,0.012084963
3260,0.016540524
3261,0.02270509
3262,0.02651978
3263,0.023468003
3264,0.02169799
3265,0.019744884
3266,0.01596073
3267,0.010009762
3268,0.0045470893
3269,0.00088502094
3270,-0.0035705157
3271,-0.00579834
3272,-0.010070823
3273,-0.013122566
3274,-0.0155639555
3275,-0.017517079
3276,-0.018066421
3277,-0.01751709
3278,-0.014862053
3279,-0.014648438
3280,-0.014984133
3281,-0.015014648
3282,-0.013671875
3283,-0.014404297
3284,-0.012756348
3285,-0.010437019
3286,-0.00976561
3287,-0.009521481
3288,-0.009033199
3289,-0.007995602
3290,-0.006835945
3291,-0.010162342
3292,-0.0138855055
3293,-0.019744873
3294,-0.023986839
3295,-0.026550323
3296,-0.029632553
3297,-0.029693589
3298,-0.028228715
3299,-0.024658188
3300,-0.0218506
3301,-0.020965531
3302,-0.018981934
3303,-0.016265884
3304,-0.014587402
3305,-0.014465317
3306,-0.01171875
3307,-0.009277374
3308,-0.0069274902
3309,-0.0046691746
3310,0.0007018894
3311,0.008697495
3312,0.015777603
3313,0.022674575
3314,0.030120827
3315,0.035919182
3316,0.04061892
3317,0.04400636
3318,0.045318574
3319,0.046447746
3320,0.0475464
3321,0.048950203
3322,0.04910277
3323,0.04776
3324,0.046325687
3325,0.04360962
3326,0.03570556
3327,0.026855446
3328,0.016601525
3329,0.009368911
3330,6.103143e-05
3331,-0.010742225
3332,-0.015716586
3333,-0.021087661
3334,-0.023254363
3335,-0.024047842
3336,-0.026031489
3337,-0.027496338
3338,-0.02990722
3339,-0.027496332
3340,-0.024627684
3341,-0.024322513
3342,-0.024139397
3343,-0.021362305
3344,-0.019897457
3345,-0.016143799
3346,-0.012023948
3347,-0.009826671
3348,-0.005157497
3349,0.0003051944
3350,0.005737312
3351,0.012145989
3352,0.01937867
3353,0.027404774
3354,0.033020034
3355,0.03579711
3356,0.038024887
3357,0.037872314
3358,0.034332275
3359,0.027526863
3360,0.016387947
3361,0.008239754
3362,-0.0011901967
3363,-0.009948742
3364,-0.016113266
3365,-0.021698
3366,-0.023376467
3367,-0.025421143
3368,-0.023712154
3369,-0.021331789
3370,-0.021301273
3371,-0.022583008
3372,-0.025634758
3373,-0.027893052
3374,-0.026123025
3375,-0.025878884
3376,-0.025848366
3377,-0.027404755
3378,-0.028625488
3379,-0.027740493
3380,-0.027618408
3381,-0.022735551
3382,-0.017547593
3383,-0.013214156
3384,-0.008331314
3385,-0.0011596829
3386,0.014221206
3387,0.023437485
3388,0.025360085
3389,0.02236937
3390,0.019531243
3391,0.013732895
3392,0.003692612
3393,-0.0021972656
3394,-0.0036010742
3395,-0.0044250414
3396,-0.0072631687
3397,-0.008453339
3398,-0.008697517
3399,-0.008605942
3400,-0.010833755
3401,-0.013641387
3402,-0.010498047
3403,-0.004608169
3404,0.0010070652
3405,0.0068359002
3406,0.01672364
3407,0.029449437
3408,0.034912083
3409,0.03872678
3410,0.041259773
3411,0.040832534
3412,0.039886467
3413,0.040100098
3414,0.040924083
3415,0.0396118
3416,0.042175293
3417,0.04827884
3418,0.048095733
3419,0.04541017
3420,0.043823227
3421,0.043823272
3422,0.040740967
3423,0.027862549
3424,0.012359649
3425,-0.00012204051
3426,-0.007080063
3427,-0.011322051
3428,-0.015106201
3429,-0.015716553
3430,-0.013580307
3431,-0.009979218
3432,-0.0071411133
3433,-0.0043029636
3434,-0.002105698
3435,0.0011596978
3436,0.0019226223
3437,-0.0012206882
3438,0.00051884353
3439,0.0013428032
3440,0.002380386
3441,0.00091552734
3442,0.0007018894
3443,0.0009460598
3444,-0.0016174018
3445,-0.0034789592
3446,-0.004333481
3447,-0.004333481
3448,-0.0072326213
3449,-0.011077866
3450,-0.016052254
3451,-0.02127079
3452,-0.024047844
3453,-0.025573723
3454,-0.022705108
3455,-0.01959227
3456,-0.019561771
3457,-0.015563957
3458,-0.011413585
3459,-0.006469723
3460,-0.0041198507
3461,-0.0077209584
3462,-0.009460449
3463,-0.004821785
3464,-0.0018310416
3465,-0.011962885
3466,-0.02410889
3467,-0.031951908
3468,-0.04013062
3469,-0.06893921
3470,-0.10714716
3471,-0.13824469
3472,-0.18035889
3473,-0.23010248
3474,-0.27758795
3475,-0.3024596
3476,-0.30432117
3477,-0.2846068
3478,-0.23956287
3479,-0.17877197
3480,-0.10507184
3481,-0.026855528
3482,0.057036936
3483,0.14331037
3484,0.2236025
3485,0.29830962
3486,0.35577384
3487,0.39587384
3488,0.4136963
3489,0.416748
3490,0.41009524
3491,0.39263928
3492,0.3660583
3493,0.33486938
3494,0.30557263
3495,0.27175903
3496,0.23864746
3497,0.20336926
3498,0.17153925
3499,0.147003
3500,0.13085938
3501,0.12219238
3502,0.11022937
3503,0.101898074
3504,0.09344494
3505,0.072052
3506,0.040771484
3507,-0.0034179688
3508,-0.039123535
3509,-0.10018921
3510,-0.19073498
3511,-0.26962298
3512,-0.33212298
3513,-0.3869325
3514,-0.460083
3515,-0.5020752
3516,-0.5117494
3517,-0.49862665
3518,-0.46054065
3519,-0.42037976
3520,-0.3838808
3521,-0.34707648
3522,-0.28686512
3523,-0.21179211
3524,-0.16400146
3525,-0.104797125
3526,-0.049468637
3527,0.016906857
3528,0.07788086
3529,0.107666135
3530,0.13861084
3531,0.14352414
3532,0.16897601
3533,0.17172226
3534,0.17544559
3535,0.1837157
3536,0.18777478
3537,0.18035896
3538,0.15502924
3539,0.13571167
3540,0.11813358
3541,0.1086731
3542,0.10382082
3543,0.100982666
3544,0.118316635
3545,0.12542725
3546,0.11230469
3547,0.10928345
3548,0.10748294
3549,0.10885623
3550,0.08502197
3551,0.047088623
3552,0.02420047
3553,-0.0020751357
3554,-0.023986831
3555,-0.044006377
3556,-0.057464615
3557,-0.05804439
3558,-0.05218506
3559,-0.052001953
3560,-0.05612184
3561,-0.059967063
3562,-0.066741936
3563,-0.07266237
3564,-0.08123779
3565,-0.09405519
3566,-0.108734116
3567,-0.12542725
3568,-0.14025882
3569,-0.15225208
3570,-0.15795892
3571,-0.1513978
3572,-0.13244644
3573,-0.104065
3574,-0.068359196
3575,-0.03286755
3576,0.0012205839
3577,0.027862608
3578,0.04135126
3579,0.043518096
3580,0.034118712
3581,0.020965606
3582,-0.0001526773
3583,-0.024597198
3584,-0.050902963
3585,-0.07400513
3586,-0.092285156
3587,-0.10647577
3588,-0.1139223
3589,-0.11401379
3590,-0.10269177
3591,-0.07986444
3592,-0.045288086
3593,-0.0043641925
3594,0.039245725
3595,0.08425912
3596,0.12875393
3597,0.16577154
3598,0.19113147
3599,0.20397948
3600,0.20486452
3601,0.19720466
3602,0.18154901
3603,0.1615295
3604,0.13717651
3605,0.11148073
3606,0.08654787
3607,0.06567381
3608,0.04528807
3609,0.029296875
3610,0.020935073
3611,0.018249542
3612,0.018646255
3613,0.01770018
3614,0.024108857
3615,0.03247069
3616,0.041015625
3617,0.04901123
3618,0.05529785
3619,0.05847165
3620,0.055236787
3621,0.050201416
3622,0.04272461
3623,0.032928467
3624,0.021453857
3625,0.015075684
3626,0.01272583
3627,0.009613037
3628,0.0077819824
3629,0.00894165
3630,0.013549745
3631,0.017425418
3632,0.016052276
3633,0.016937405
3634,0.016967803
3635,0.013458073
3636,0.0054626167
3637,-0.0063170195
3638,-0.014282197
3639,-0.024383634
3640,-0.035583615
3641,-0.041015565
3642,-0.044006407
3643,-0.04159549
3644,-0.03918457
3645,-0.03652954
3646,-0.0345459
3647,-0.034240723
3648,-0.03149414
3649,-0.02929689
3650,-0.02905275
3651,-0.027862549
3652,-0.028076187
3653,-0.031311035
3654,-0.03591919
3655,-0.04077149
3656,-0.04321291
3657,-0.04220584
3658,-0.03601074
3659,-0.026519798
3660,-0.019500762
3661,-0.016326908
3662,-0.013061509
3663,-0.009643558
3664,-0.008148171
3665,-0.0077514723
3666,-0.008911125
3667,-0.008392349
3668,-0.006988518
3669,-0.0025329553
3670,0.0024719238
3671,0.005218532
3672,0.004547119
3673,0.0039367564
3674,0.006683361
3675,0.010803252
3676,0.015197776
3677,0.017150857
3678,0.018798798
3679,0.01959227
3680,0.020996079
3681,0.026000977
3682,0.026733413
3683,0.02639772
3684,0.026153594
3685,0.023864731
3686,0.023101792
3687,0.016845718
3688,0.016662598
3689,0.015258774
3690,0.008056626
3691,0.001525864
3692,-0.006073013
3693,-0.008758545
3694,-0.014038056
3695,-0.017730728
3696,-0.018798858
3697,-0.02172853
3698,-0.027130097
3699,-0.02996824
3700,-0.028991714
3701,-0.029205345
3702,-0.025207493
3703,-0.019073464
3704,-0.013977028
3705,-0.012695335
3706,-0.01205444
3707,-0.008911107
3708,-0.0135192815
3709,-0.018127445
3710,-0.01879884
3711,-0.017944327
3712,-0.021423342
3713,-0.02783204
3714,-0.03155517
3715,-0.035705566
3716,-0.037323013
3717,-0.03924562
3718,-0.038421623
3719,-0.03491211
3720,-0.032775894
3721,-0.03158568
3722,-0.031921357
3723,-0.031005844
3724,-0.028778076
3725,-0.032379135
3726,-0.033386245
3727,-0.033447295
3728,-0.034027085
3729,-0.034851044
3730,-0.034454346
3731,-0.029418945
3732,-0.02645874
3733,-0.02294916
3734,-0.014068574
3735,0.0033569336
3736,0.015380859
3737,0.024169907
3738,0.0263367
3739,0.024963394
3740,0.021606445
3741,0.011261001
3742,0.0032043755
3743,-0.0076293796
3744,-0.0121154785
3745,-0.013427705
3746,-0.011749238
3747,-0.012512207
3748,-0.009887695
3749,-0.005859405
3750,0.0008544922
3751,0.0055236965
3752,0.008544937
3753,0.011566162
3754,0.017089799
3755,0.020263672
3756,0.022338897
3757,0.025817871
3758,0.027801514
3759,0.030303955
3760,0.03094484
3761,0.031768844
3762,0.029876716
3763,0.023132347
3764,0.015075654
3765,0.010223374
3766,0.0054626316
3767,0.004089348
3768,0.0023498535
3769,0.0018005222
3770,0.002960205
3771,0.005218528
3772,0.0070495456
3773,0.009857148
3774,0.012725804
3775,0.017974842
3776,0.023010232
3777,0.026672348
3778,0.029388424
3779,0.02954102
3780,0.030822758
3781,0.03103638
3782,0.028961187
3783,0.02606202
3784,0.025054924
3785,0.023681637
3786,0.023437526
3787,0.023651127
3788,0.026641827
3789,0.023651108
3790,0.019927993
3791,0.016418464
3792,0.015502922
3793,0.012817398
3794,0.005889885
3795,-0.00042725354
3796,-0.0029907227
3797,-0.0039062276
3798,-0.0058288574
3799,-0.0098266825
3800,-0.0126343
3801,-0.013366707
3802,-0.012634262
3803,-0.009765621
3804,-0.0065918006
3805,-0.00491333
3806,9.156391e-05
3807,0.0054016374
3808,0.00988771
3809,0.011138916
3810,0.011871316
3811,0.011413604
3812,0.010131858
3813,0.009674087
3814,0.012023911
3815,0.011016831
3816,0.0066528097
3817,0.0012817308
3818,-0.006073028
3819,-0.011962913
3820,-0.018005393
3821,-0.020080574
3822,-0.019989029
3823,-0.019531257
3824,-0.016387917
3825,-0.008605976
3826,-0.0013732873
3827,0.0049133413
3828,0.006073009
3829,0.007080052
3830,0.008300763
3831,0.0075683556
3832,0.008483905
3833,0.009796143
3834,0.013122544
3835,0.015960693
3836,0.016265847
3837,0.016326942
3838,0.015167236
3839,0.012115508
3840,0.009033203
3841,0.006500244
3842,0.004455574
3843,0.00039672107
3844,-0.003265351
3845,-0.0054931417
3846,-0.0063476637
3847,-0.0110168755
3848,-0.016357448
3849,-0.019195545
3850,-0.016235344
3851,-0.009155296
3852,-0.0056152493
3853,0.00015259534
3854,0.006012
3855,0.012390159
3856,0.01666259
3857,0.016357422
3858,0.014495835
3859,0.010101318
3860,0.0071105957
3861,0.0077209473
3862,0.0075683743
3863,0.007598862
3864,0.0047912598
3865,-0.0010986105
3866,-0.0075988844
3867,-0.01791381
3868,-0.025817879
3869,-0.035430893
3870,-0.04022216
3871,-0.043060318
3872,-0.04428099
3873,-0.044921875
3874,-0.04342652
3875,-0.03796387
3876,-0.032714836
3877,-0.029541004
3878,-0.029479977
3879,-0.025054924
3880,-0.019805886
3881,-0.01544188
3882,-0.01452636
3883,-0.013671868
3884,-0.012664802
3885,-0.014587417
3886,-0.017761216
3887,-0.01815793
3888,-0.01922606
3889,-0.01858522
3890,-0.013885513
3891,-0.0047607273
3892,0.0024109185
3893,0.00680542
3894,0.011718765
3895,0.016998276
3896,0.02056884
3897,0.021728508
3898,0.022674568
3899,0.023773227
3900,0.024780277
3901,0.026916504
3902,0.029174805
3903,0.026245125
3904,0.02407838
3905,0.019470215
3906,0.016937248
3907,0.013793946
3908,0.010589601
3909,0.010437015
3910,0.015594486
3911,0.024688717
3912,0.030426014
3913,0.030944813
3914,0.027038567
3915,0.026153557
3916,0.0231018
3917,0.019042946
3918,0.015136719
3919,0.0069580004
3920,0.00039670244
3921,-0.0077820085
3922,-0.013031032
3923,-0.018646222
3924,-0.025634764
3925,-0.03192138
3926,-0.034576416
3927,-0.035278317
3928,-0.03549193
3929,-0.033966053
3930,-0.03070068
3931,-0.026092533
3932,-0.024536151
3933,-0.022155747
3934,-0.018127415
3935,-0.015014634
3936,-0.012420639
3937,-0.009429939
3938,-0.0050048754
3939,-0.0015258715
3940,-0.0004882887
3941,-0.0016784891
3942,-0.0029297099
3943,-0.0043945387
3944,-0.004577644
3945,-0.004180923
3946,-0.0023193061
3947,-0.0010986254
3948,0.0010681003
3949,0.007965073
3950,0.013092071
3951,0.019653335
3952,0.022338852
3953,0.025848376
3954,0.028808603
3955,0.029205322
3956,0.030700684
3957,0.028167715
3958,0.02566529
3959,0.025390632
3960,0.026580803
3961,0.02908326
3962,0.03326419
3963,0.03836061
3964,0.040222123
3965,0.036346376
3966,0.031402603
3967,0.026245132
3968,0.01870723
3969,0.008331269
3970,-0.002410911
3971,-0.0111999065
3972,-0.019592308
3973,-0.025787372
3974,-0.031280503
3975,-0.03713988
3976,-0.041900624
3977,-0.043701187
3978,-0.043487538
3979,-0.042449955
3980,-0.04113768
3981,-0.037445065
3982,-0.03201295
3983,-0.02713012
3984,-0.02130127
3985,-0.016448967
3986,-0.014465362
3987,-0.013000496
3988,-0.013763405
3989,-0.011749253
3990,-0.010192871
3991,-0.008392334
3992,-0.0038452
3993,-0.00015258044
3994,0.0036925972
3995,0.0069274567
3996,0.010894787
3997,0.017852798
3998,0.018463124
3999,0.016784646
4000,0.0137023665
4001,0.011993416
4002,0.00942995
4003,0.005279541
4004,0.0020446815
4005,0.0025634617
4006,0.0038452223
4007,0.0061645545
4008,0.004943855
4009,0.00238036
4010,0.003692627
4011,0.0031738281
4012,0.0009460449
4013,-0.0007934589
4014,0.00094604865
4015,0.005767824
4016,0.00665283
4017,0.0043945387
4018,-0.0014648493
4019,-0.010772716
4020,-0.018585201
4021,-0.025939934
4022,-0.03152465
4023,-0.033203125
4024,-0.032592766
4025,-0.032897934
4026,-0.027282715
4027,-0.022796646
4028,-0.016510025
4029,-0.009582549
4030,-0.008850098
4031,-0.01620482
4032,-0.047515854
4033,-0.040374786
4034,-0.037628084
4035,-0.16366583
4036,-0.30218506
4037,-0.3438415
4038,-0.26095593
4039,-0.08334339
4040,0.11404419
4041,0.3471681
4042,0.5037231
4043,0.5878906
4044,0.64990246
4045,0.6141355
4046,0.46395874
4047,0.25784308
4048,0.089416444
4049,-0.023773223
4050,-0.121276855
4051,-0.20391846
4052,-0.23535174
4053,-0.19342038
4054,-0.121032715
4055,-0.05566421
4056,-0.020355403
4057,-0.022521883
4058,-0.061340228
4059,-0.13388066
4060,-0.22613527
4061,-0.29434198
4062,-0.30218506
4063,-0.2559509
4064,-0.19833374
4065,-0.14605716
4066,-0.093048126
4067,-0.030395508
4068,0.039245605
4069,0.10098263
4070,0.15322876
4071,0.18273927
4072,0.18432616
4073,0.16259764
4074,0.12524413
4075,0.08471684
4076,0.038360603
4077,-0.004974395
4078,-0.034027096
4079,-0.042724572
4080,-0.038421597
4081,-0.030395538
4082,-0.018676817
4083,-0.0015869141
4084,0.0128479
4085,0.014068626
4086,0.006011959
4087,-0.0072326697
4088,-0.023223884
4089,-0.04046631
4090,-0.052703835
4091,-0.065399185
4092,-0.077484146
4093,-0.07968138
4094,-0.07452391
4095,-0.06271364
4096,-0.05526735
4097,-0.048950195
4098,-0.039093032
4099,-0.022796646
4100,-0.0033569187
4101,0.014099121
4102,0.035858154
4103,0.05883789
4104,0.07595825
4105,0.08422852
4106,0.08804319
4107,0.088195816
4108,0.08340454
4109,0.077941865
4110,0.07485959
4111,0.070617706
4112,0.06518558
4113,0.05618286
4114,0.04638672
4115,0.033233613
4116,0.016662598
4117,-9.152293e-05
4118,-0.019348115
4119,-0.034393296
4120,-0.04724121
4121,-0.056365926
4122,-0.06182859
4123,-0.065551765
4124,-0.06341554
4125,-0.060668945
4126,-0.053527836
4127,-0.046630867
4128,-0.03982543
4129,-0.03369141
4130,-0.029052746
4131,-0.024841316
4132,-0.02313231
4133,-0.021911606
4134,-0.019256614
4135,-0.018829353
4136,-0.017791733
4137,-0.015228249
4138,-0.013732903
4139,-0.011718735
4140,-0.013000503
4141,-0.01177977
4142,-0.007476777
4143,-0.0049133003
4144,-0.0040893555
4145,-0.005706817
4146,-0.0075683594
4147,-0.006378144
4148,-0.0087890625
4149,-0.006713882
4150,-0.003967285
4151,0.0021972954
4152,0.007782012
4153,0.013030998
4154,0.01950074
4155,0.024932884
4156,0.029479992
4157,0.03314206
4158,0.037170403
4159,0.039520264
4160,0.03994752
4161,0.040100094
4162,0.042694084
4163,0.04580689
4164,0.041839592
4165,0.03347778
4166,0.027496368
4167,0.024078384
4168,0.01950071
4169,0.010162331
4170,0.0062560737
4171,0.004364021
4172,0.0024719164
4173,-0.0018615499
4174,-0.0060729794
4175,-0.007690426
4176,-0.010192886
4177,-0.013000481
4178,-0.01629638
4179,-0.016113259
4180,-0.014373772
4181,-0.016784692
4182,-0.018066403
4183,-0.018585205
4184,-0.016479496
4185,-0.0132751465
4186,-0.011352541
4187,-0.008728029
4188,-0.008026121
4189,-0.007385253
4190,-0.00753784
4191,-0.012359614
4192,-0.017242447
4193,-0.021484382
4194,-0.021636963
4195,-0.021606445
4196,-0.022003174
4197,-0.021911636
4198,-0.020233132
4199,-0.01675415
4200,-0.012817383
4201,-0.0088195875
4202,-0.0038147047
4203,0.00042726845
4204,0.005249042
4205,0.010253917
4206,0.0128784105
4207,0.014617935
4208,0.011810321
4209,0.010192875
4210,0.007904008
4211,0.006866455
4212,0.005706802
4213,0.0021667778
4214,-0.0010986403
4215,-0.002655048
4216,0.0004882887
4217,0.0036010668
4218,0.0041198693
4219,0.00393676
4220,0.0048217773
4221,0.00387571
4222,0.004150387
4223,0.0042419396
4224,0.0026550293
4225,-9.156391e-05
4226,-0.0035705566
4227,-0.0034484677
4228,-0.0035400167
4229,-0.0013122559
4230,0.0049743615
4231,0.01153564
4232,0.019317634
4233,0.0249939
4234,0.025573727
4235,0.022552485
4236,0.015167234
4237,0.01055908
4238,0.005493163
4239,-0.00033569383
4240,-0.0022583045
4241,-0.001434328
4242,0.003631588
4243,0.0049743634
4244,0.0067749005
4245,0.0077209435
4246,0.008544933
4247,0.011322025
4248,0.011718735
4249,0.010498028
4250,0.0077514574
4251,0.0065613016
4252,0.0050659217
4253,0.0019225813
4254,0.0017395094
4255,0.001709003
4256,0.0014038086
4257,0.0009765588
4258,0.00045776367
4259,0.0007019304
4260,-0.0007934533
4261,-0.0011596531
4262,-3.0506402e-05
4263,0.0002441369
4264,0.003021244
4265,0.001251217
4266,0.0009460449
4267,-0.00045774505
4268,-0.00054933876
4269,0.0008239746
4270,-0.003082294
4271,-0.0046386756
4272,-0.005523674
4273,-0.0017700121
4274,0.00039673597
4275,-0.00082396716
4276,-0.00061035156
4277,0.0031433105
4278,0.00573729
4279,0.007019043
4280,0.004882835
4281,0.0030822828
4282,0.003326416
4283,0.0036010966
4284,0.0024414249
4285,0.00036619976
4286,-0.0016784742
4287,0.0008239858
4288,0.0029907413
4289,-0.00015261397
4290,-0.0056152605
4291,-0.01089479
4292,-0.0114745945
4293,-0.013824465
4294,-0.015960708
4295,-0.015167237
4296,-0.014556879
4297,-0.013824461
4298,-0.015319826
4299,-0.013885502
4300,-0.012939451
4301,-0.01098633
4302,-0.011535646
4303,-0.015625
4304,-0.012725829
4305,0.005157466
4306,0.028900152
4307,0.03967287
4308,0.036529552
4309,0.029205304
4310,0.021636952
4311,0.0092468485
4312,-0.009277333
4313,-0.027648933
4314,-0.04254152
4315,-0.05068969
4316,-0.052490234
4317,-0.05032351
4318,-0.044494636
4319,-0.037597664
4320,-0.030395493
4321,-0.022766098
4322,-0.01651001
4323,-0.010681152
4324,-0.00799565
4325,-0.0072631836
4326,-0.004211411
4327,0.00024415553
4328,0.0031432956
4329,0.004150346
4330,0.007446289
4331,0.011474654
4332,0.017578155
4333,0.021484368
4334,0.023529034
4335,0.022460945
4336,0.020996116
4337,0.01855468
4338,0.008941662
4339,-0.00030519068
4340,-0.0075988956
4341,-0.0115356445
4342,-0.015136726
4343,-0.015289314
4344,-0.012603767
4345,-0.011688232
4346,-0.008819558
4347,-0.0048828274
4348,-6.1027706e-05
4349,0.004699733
4350,0.009063724
4351,0.012573212
4352,0.013641346
4353,0.016906746
4354,0.019683868
4355,0.023712141
4356,0.024719225
4357,0.025451653
4358,0.023590107
4359,0.023620602
4360,0.0241394
4361,0.023376467
4362,0.02032471
4363,0.017364495
4364,0.016021732
4365,0.015533451
4366,0.013793938
4367,0.012176506
4368,0.012176491
4369,0.014709488
4370,0.016723633
4371,0.0145569
4372,0.011718772
4373,0.009185776
4374,0.0066833645
4375,0.002136238
4376,-0.0029907078
4377,-0.00683593
4378,-0.010803193
4379,-0.015594479
4380,-0.016387958
4381,-0.014862075
4382,-0.011352513
4383,-0.006927479
4384,-0.0027161054
4385,0.002929695
4386,0.0051880106
4387,0.009948734
4388,0.01580809
4389,0.019836396
4390,0.021759063
4391,0.021667466
4392,0.020324722
4393,0.016479507
4394,0.013519287
4395,0.0111694485
4396,0.011291504
4397,0.009277374
4398,0.0062256306
4399,0.0030212253
4400,-0.0011291504
4401,-0.0033874586
4402,-0.010345466
4403,-0.017822254
4404,-0.026489265
4405,-0.033630375
4406,-0.038421635
4407,-0.041839615
4408,-0.038757313
4409,-0.031921394
4410,-0.020904537
4411,-0.011657715
4412,-0.0036926288
4413,0.0010375967
4414,0.000823976
4415,-0.0038146968
4416,-0.013000491
4417,-0.020599362
4418,-0.028900139
4419,-0.030670159
4420,-0.030853275
4421,-0.029174801
4422,-0.023437466
4423,-0.016967755
4424,-0.0077819563
4425,-0.00048829615
4426,0.0052185245
4427,0.01416019
4428,0.020233136
4429,0.026184076
4430,0.025756815
4431,0.023834236
4432,0.023132328
4433,0.018524162
4434,0.0106811505
4435,0.0031738272
4436,0.00012206985
4437,6.1035185e-05
4438,0.002746582
4439,0.004699707
4440,0.0076599102
4441,0.0076293945
4442,0.00921631
4443,0.010314941
4444,0.008331301
4445,0.0068969745
4446,0.0044860896
4447,0.0064697303
4448,0.0075683706
4449,0.010498051
4450,0.012664795
4451,0.0154418945
4452,0.018493623
4453,0.01712038
4454,0.013885494
4455,0.00689698
4456,0.0021667592
4457,-0.0018920898
4458,-0.0069885217
4459,-0.01028445
4460,-0.0127563365
4461,-0.0118407905
4462,-0.011230469
4463,-0.010955825
4464,-0.009399423
4465,-0.010101302
4466,-0.010162337
4467,-0.010406504
4468,-0.011535649
4469,-0.011871336
4470,-0.012969973
4471,-0.013305662
4472,-0.016143797
4473,-0.020385738
4474,-0.0223694
4475,-0.024475105
4476,-0.02697752
4477,-0.02841184
4478,-0.027832024
4479,-0.025817879
4480,-0.02349852
4481,-0.02230832
4482,-0.018981919
4483,-0.015838653
4484,-0.0118407905
4485,-0.007171631
4486,-0.006134033
4487,-0.0036315918
4488,-0.0038146824
4489,-0.0069884956
4490,-0.011077896
4491,-0.013977051
4492,-0.014038086
4493,-0.012451157
4494,-0.0061035156
4495,0.002166763
4496,0.011047386
4497,0.016662613
4498,0.020965599
4499,0.026031509
4500,0.030090336
4501,0.036621086
4502,0.039245605
4503,0.04153444
4504,0.0395813
4505,0.035583485
4506,0.030792242
4507,0.026367188
4508,0.022247313
4509,0.017395023
4510,0.016479481
4511,0.016967755
4512,0.018127449
4513,0.018554706
4514,0.015930172
4515,0.014678914
4516,0.01919555
4517,0.028106712
4518,0.034118667
4519,0.031127915
4520,0.024597123
4521,0.015319794
4522,0.0058288574
4523,-0.0050353706
4524,-0.0178833
4525,-0.032592785
4526,-0.04278566
4527,-0.048034653
4528,-0.04922486
4529,-0.04821776
4530,-0.044372573
4531,-0.038452163
4532,-0.034271233
4533,-0.028472893
4534,-0.02288818
4535,-0.017333996
4536,-0.013092034
4537,-0.008697487
4538,-0.0048523024
4539,-0.0041809157
4540,-0.004394505
4541,-0.005828839
4542,-0.0049744025
4543,-0.0026245266
4544,-0.003326431
4545,-0.0048217624
4546,-0.0062560737
4547,-0.005889885
4548,-0.008667
4549,-0.013336197
4550,-0.016479447
4551,-0.014953569
4552,-0.014709473
4553,-0.01284793
4554,-0.013061494
4555,-0.010040253
4556,-0.006164521
4557,-0.005706802
4558,-0.002685532
4559,-0.00021362305
4560,0.007354729
4561,0.011627212
4562,0.014709473
4563,0.019042931
4564,0.023223873
4565,0.026763938
4566,0.028655998
4567,0.028655976
4568,0.029754639
4569,0.032928478
4570,0.036376953
4571,0.037872314
4572,0.038177505
4573,0.041503906
4574,0.048706032
4575,0.05569458
4576,0.060760528
4577,0.059448257
4578,0.05316162
4579,0.04260251
4580,0.032653794
4581,0.023925796
4582,0.017333984
4583,0.012084931
4584,0.006957978
4585,0.004363984
4586,0.00088500977
4587,-0.0012206882
4588,-0.006286621
4589,-0.01089479
4590,-0.015625
4591,-0.020355225
4592,-0.02178955
4593,-0.02130127
4594,-0.01828006
4595,-0.015319809
4596,-0.014831543
4597,-0.015624955
4598,-0.017364517
4599,-0.019256614
4600,-0.02059938
4601,-0.022796623
4602,-0.023986794
4603,-0.022399921
4604,-0.019195568
4605,-0.01843262
4606,-0.020782476
4607,-0.02069091
4608,-0.020782482
4609,-0.021942131
4610,-0.023254398
4611,-0.014587402
4612,0.00070190616
4613,0.011810295
4614,0.016967762
4615,0.019012436
4616,0.021392826
4617,0.018615745
4618,0.009674069
4619,6.1020255e-05
4620,-0.011627204
4621,-0.0215454
4622,-0.031066881
4623,-0.03533937
4624,-0.036895767
4625,-0.037963867
4626,-0.037384015
4627,-0.035522465
4628,-0.030456558
4629,-0.025695808
4630,-0.020416267
4631,-0.012969933
4632,-0.0037841797
4633,0.003997829
4634,0.010009751
4635,0.015716553
4636,0.019470219
4637,0.024627669
4638,0.028411878
4639,0.030731188
4640,0.030609144
4641,0.026428217
4642,0.02282715
4643,0.01831055
4644,0.016784668
4645,0.015167244
4646,0.012023922
4647,0.010803219
4648,0.012878433
4649,0.018402096
4650,0.02056884
4651,0.0222473
4652,0.021606453
4653,0.020843513
4654,0.019134492
4655,0.0205383
4656,0.027984634
4657,0.038238555
4658,0.048858628
4659,0.050262466
4660,0.04470828
4661,0.029785171
4662,0.0077514797
4663,-0.018890351
4664,-0.04690548
4665,-0.06979368
4666,-0.08590701
4667,-0.09411619
4668,-0.09216307
4669,-0.08425903
4670,-0.073455796
4671,-0.05731201
4672,-0.041381836
4673,-0.025177024
4674,-0.0115051195
4675,-0.0016479343
4676,0.0034179613
4677,0.004577622
4678,0.0036010593
4679,0.0014648587
4680,-0.0027770996
4681,-0.004486114
4682,-0.0076904222
4683,-0.013244636
4684,-0.015380859
4685,-0.014129639
4686,-0.013061494
4687,-0.016296372
4688,-0.021484375
4689,-0.024230957
4690,-0.027252212
4691,-0.031860366
4692,-0.032653823
4693,-0.03302002
4694,-0.032104492
4695,-0.030639648
4696,-0.02633667
4697,-0.017059326
4698,-0.009765625
4699,-0.0039672554
4700,0.004394561
4701,0.011077866
4702,0.016967773
4703,0.019805938
4704,0.022491485
4705,0.02716063
4706,0.02999872
4707,0.03387451
4708,0.0364075
4709,0.036773667
4710,0.039367676
4711,0.04150393
4712,0.04348755
4713,0.041625984
4714,0.037689194
4715,0.037017837
4716,0.034057625
4717,0.03158568
4718,0.026245117
4719,0.023590088
4720,0.019683838
4721,0.015411375
4722,0.01315308
4723,0.011566151
4724,0.013885487
4725,0.014312744
4726,0.019500725
4727,0.020935044
4728,0.019714333
4729,0.017730713
4730,0.016052246
4731,0.015594475
4732,0.009826668
4733,0.004699707
4734,0.0011901706
4735,-0.0012817606
4736,-0.00430296
4737,-0.0066222884
4738,-0.006958004
4739,-0.009063743
4740,-0.011810303
4741,-0.013488755
4742,-0.01473999
4743,-0.01693727
4744,-0.017700205
4745,-0.017211918
4746,-0.018371575
4747,-0.018554695
4748,-0.017547607
4749,-0.016876219
4750,-0.017791752
4751,-0.018127443
4752,-0.016235352
4753,-0.014465332
4754,-0.012054443
4755,-0.007751465
4756,-0.0033874512
4757,0.0008544922
4758,0.0016784649
4759,0.0016174279
4760,-0.00073242374
4761,-0.002532959
4762,-0.0054016
4763,-0.011260979
4764,-0.014739983
4765,-0.019165035
4766,-0.014587399
4767,-0.0036315843
4768,0.00787353
4769,0.015747067
4770,0.018554682
4771,0.02285767
4772,0.02618407
4773,0.028259274
4774,0.027465826
4775,0.026611336
4776,0.023925781
4777,0.021942127
4778,0.020904526
4779,0.01831055
4780,0.014892597
4781,0.009063721
4782,0.0046386644
4783,0.0024719164
4784,0.0006408803
4785,-0.0005493127
4786,0.0006714016
4787,0.0025939979
4788,0.0043640174
4789,0.006866418
4790,0.0121154785
4791,0.013916038
4792,0.010192893
4793,0.0075072944
4794,0.0103454515
4795,0.014739975
4796,0.015930176
4797,0.01367186
4798,0.01361081
4799,0.013946518
4800,0.013549805
4801,0.014099091
4802,0.013336152
4803,0.014526337
4804,0.0128479
4805,0.010681123
4806,0.008300766
4807,0.0046997517
4808,-0.00296022
4809,-0.010681182
4810,-0.017883308
4811,-0.02276612
4812,-0.024993889
4813,-0.026489265
4814,-0.02612304
4815,-0.024688706
4816,-0.022064224
4817,-0.018737804
4818,-0.016815193
4819,-0.015686028
4820,-0.016693108
4821,-0.01809693
4822,-0.018859876
4823,-0.019103993
4824,-0.020019537
4825,-0.02389526
4826,-0.02267456
4827,-0.02001953
4828,-0.01654053
4829,-0.014190674
4830,-0.01574707
4831,-0.015502937
4832,-0.012969974
4833,-0.010803219
4834,-0.010314953
4835,-0.010314956
4836,-0.0069580413
4837,-0.0026550181
4838,-0.00057983026
4839,0.002014136
4840,0.0055847056
4841,0.011901854
4842,0.01629641
4843,0.020629877
4844,0.0231018
4845,0.025451668
4846,0.02758789
4847,0.024749756
4848,0.018157959
4849,0.010009764
4850,0.004302975
4851,-0.0006103534
4852,-0.0063781748
4853,-0.012054444
4854,-0.012603763
4855,-0.008819582
4856,-0.0068969685
4857,-0.0032653809
4858,-0.00012207404
4859,0.0029296856
4860,0.0030517578
4861,0.004669193
4862,0.003540041
4863,0.002166747
4864,-0.001159668
4865,-0.004058836
4866,-0.004272458
4867,-0.0077819806
4868,-0.0063781766
4869,-0.0048522945
4870,-0.00027466007
4871,0.0052490234
4872,0.009185791
4873,0.009735106
4874,0.00680542
4875,0.0041503906
4876,0.0028381385
4877,0.0011291504
4878,-0.0019531241
4879,-0.0071105966
4880,-0.012756345
4881,-0.014770509
4882,-0.015045166
4883,-0.0138855
4884,-0.013397215
4885,-0.010925289
4886,-0.005584715
4887,0.00021362677
4888,0.00045776367
4889,0.0023498535
4890,-0.00036620907
4891,0.0016479511
4892,-0.00088500604
4893,-0.0028991662
4894,-0.0033874512
4895,-0.0044555664
4896,-0.00051879697
4897,0.0026550293
4898,0.005340578
4899,0.0036010742
4900,0.0027771005
4901,0.003326417
4902,0.002227785
4903,-0.0026550293
4904,-0.005706791
4905,-0.0066528376
4906,-0.008300792
4907,-0.012268081
4908,-0.014709473
4909,-0.013671853
4910,-0.012512207
4911,-0.015502952
4912,-0.016479485
4913,-0.017150871
4914,-0.01467894
4915,-0.015869126
4916,-0.021423325
4917,-0.024719238
4918,-0.024932891
4919,-0.023223892
4920,-0.024505645
4921,-0.024597198
4922,-0.02160646
4923,-0.015411392
4924,-0.006073013
4925,0.011413544
4926,0.03378292
4927,0.05267333
4928,0.06225586
4929,0.0619812
4930,0.054534897
4931,0.041809075
4932,0.02462769
4933,0.008239752
4934,-0.0025939923
4935,-0.007598875
4936,-0.008636471
4937,-0.0068664514
4938,-0.0025939941
4939,0.0023193378
4940,0.008056644
4941,0.009490969
4942,0.009185791
4943,0.01245117
4944,0.01638794
4945,0.018463135
4946,0.015106201
4947,0.011993408
4948,0.008911131
4949,0.004364012
4950,-0.0020751953
4951,-0.010559082
4952,-0.018981935
4953,-0.022674564
4954,-0.020599363
4955,-0.014465328
4956,-0.00839233
4957,-0.005004881
4958,-0.002685545
4959,-0.0032653827
4960,-0.003997797
4961,-0.0058899038
4962,-0.009796143
4963,-0.011260968
4964,-0.015167233
4965,-0.016815174
4966,-0.019226104
4967,-0.020111099
4968,-0.01895143
4969,-0.018096924
4970,-0.014617927
4971,-0.011352561
4972,-0.008270256
4973,-0.0043640286
4974,0.0007019043
4975,0.0056762584
4976,0.009063713
4977,0.011413597
4978,0.0153198205
4979,0.018585227
4980,0.017547596
4981,0.015106197
4982,0.010681149
4983,0.007080082
4984,0.0037841722
4985,-0.0011901669
4986,-0.0040283166
4987,-0.0025939904
4988,0.0015563965
4989,0.0013122484
4990,-0.038055405
4991,-0.04223632
4992,0.011108402
4993,0.03250121
4994,0.03262329
4995,0.0103454655
4996,0.039093018
4997,0.05480957
4998,0.032806396
4999,0.023162842
5000,0.008239746
5001,0.0012207059
5002,-0.0041503897
5003,-0.007202147
5004,-0.008239742
5005,-0.003540039
5006,0.0035705548
5007,0.009887692
5008,0.014038086
5009,0.014892578
5010,0.014495838
5011,0.013641369
5012,0.013580341
5013,0.009185787
5014,0.007598862
5015,0.007293716
5016,0.009277374
5017,0.010314934
5018,0.010559067
5019,0.014434822
5020,0.014190711
5021,0.019104004
5022,0.016906716
5023,0.018463142
5024,0.011840798
5025,0.008911155
5026,0.0006714016
5027,-0.0039672703
5028,-0.011413559
5029,-0.017883297
5030,-0.017578125
5031,-0.013214126
5032,-0.003387466
5033,0.0015258938
5034,0.0059203953
5035,0.009399384
5036,0.011230424
5037,0.0110473335
5038,0.0063782036
5039,0.00070189685
5040,-0.007324226
5041,-0.0142517015
5042,-0.020202614
5043,-0.02496335
5044,-0.030059824
5045,-0.033081055
5046,-0.032440193
5047,-0.03027344
5048,-0.027496347
5049,-0.023956303
5050,-0.020202637
5051,-0.016601562
5052,-0.011657717
5053,-0.007598879
5054,-0.0056762714
5055,-0.0031738263
5056,0.0004272461
5057,0.0010375958
5058,0.00048828125
5059,0.0022277813
5060,0.0040283166
5061,0.0021667443
5062,0.00039672852
5063,-0.0011901837
5064,3.0517578e-05
5065,0.00039672852
5066,-0.0021057148
5067,0.0013427744
5068,0.008728026
5069,0.014282227
5070,0.016052248
5071,0.014587406
5072,0.015777588
5073,0.015380861
5074,0.010375978
5075,0.008117674
5076,0.0025939941
5077,0.00036621094
5078,0.0010986291
5079,0.0004577618
5080,-0.0010375977
5081,-0.0012512188
5082,0.0011291504
5083,0.0039367657
5084,0.0036010742
5085,0.0048217736
5086,0.0060424805
5087,0.00582885
5088,0.009063706
5089,0.0066833384
5090,0.0015869103
5091,-0.0055846963
5092,-0.009887692
5093,-0.007446289
5094,-0.009368904
5095,-0.008392325
5096,-0.0063781682
5097,-0.0023803748
5098,0.002105713
5099,0.004119886
5100,0.0055236854
5101,0.0045166016
5102,0.005310066
5103,0.0079956055
5104,0.006957993
5105,0.0038757324
5106,-0.0018615611
5107,-0.005401602
5108,-0.006988531
5109,-0.008239752
5110,-0.0031738188
5111,-0.00085448474
5112,0.0036010705
5113,0.0051269457
5114,0.0071716197
5115,0.011718743
5116,0.014312755
5117,0.011657707
5118,0.007232666
5119,0.0050964355
5120,0.0054626353
5121,0.001739487
5122,-0.004821811
5123,-0.0073852427
5124,-0.005645752
5125,-0.001953125
5126,-0.00067139417
5127,-0.0006408766
5128,-0.0009155348
5129,-0.0043029636
5130,-0.0077514574
5131,-0.008636463
5132,-0.003570538
5133,-0.0032653883
5134,-0.006011961
5135,-0.007110592
5136,-0.0028076135
5137,-0.0002441425
5138,-0.004119873
5139,-0.005126953
5140,-0.004272463
5141,-0.0006103534
5142,-0.001739502
5143,-0.005279542
5144,-0.010101319
5145,-0.013305667
5146,-0.014312746
5147,-0.0134887695
5148,-0.01431274
5149,-0.010894775
5150,-0.00506592
5151,-0.0027160645
5152,-0.0060119648
5153,-0.009307863
5154,-0.009307861
5155,-0.009521481
5156,-0.012176514
5157,-0.014373779
5158,-0.014953617
5159,-0.013000503
5160,-0.0067138486
5161,-0.0017089918
5162,0.0011291616
5163,0.00039673597
5164,-0.0014038123
5165,-0.0017395243
5166,-0.0045776516
5167,-0.010223355
5168,-0.017486565
5169,-0.022399925
5170,-0.018859878
5171,-0.016113281
5172,-0.009582512
5173,-0.0038757175
5174,0.002136238
5175,0.007843018
5176,0.0091247335
5177,0.009063713
5178,0.008880615
5179,0.010498058
5180,0.012786869
5181,0.012756318
5182,0.012512207
5183,0.011993438
5184,0.010986343
5185,0.01113889
5186,0.0117797665
5187,0.0090027
5188,0.007293716
5189,0.0054015946
5190,0.0063476525
5191,0.0043029822
5192,0.001434328
5193,0.0032348614
5194,0.009307858
5195,0.014312746
5196,0.016845705
5197,0.018066403
5198,0.01797485
5199,0.01864624
5200,0.017242432
5201,0.013702393
5202,0.009857178
5203,0.008758545
5204,0.006134033
5205,0.00033569336
5206,-0.00619507
5207,-0.007171631
5208,-0.006652831
5209,-0.012512208
5210,-0.015319824
5211,-0.015533448
5212,-0.012176511
5213,-0.007415774
5214,-0.0002746582
5215,0.015075678
5216,0.034729004
5217,0.0484009
5218,0.054534927
5219,0.04693602
5220,0.029754624
5221,0.004852306
5222,-0.022674542
5223,-0.047973633
5224,-0.06503297
5225,-0.07000731
5226,-0.06561278
5227,-0.052093502
5228,-0.03067017
5229,-0.009704612
5230,0.0027465746
5231,0.007629391
5232,0.008667007
5233,0.004150372
5234,-0.006622318
5235,-0.016754147
5236,-0.021850578
5237,-0.0256958
5238,-0.03054811
5239,-0.036834702
5240,-0.042114273
5241,-0.044555664
5242,-0.043487534
5243,-0.03741452
5244,-0.027496323
5245,-0.018219009
5246,-0.008422866
5247,-0.00012205541
5248,0.011230484
5249,0.021484375
5250,0.024932876
5251,0.027679443
5252,0.026977524
5253,0.026367158
5254,0.023132302
5255,0.019195564
5256,0.017669678
5257,0.01620482
5258,0.013153061
5259,0.012969978
5260,0.0119018555
5261,0.010955829
5262,0.009368885
5263,0.011932354
5264,0.015045155
5265,0.014678936
5266,0.013946544
5267,0.016174309
5268,0.02355956
5269,0.026702888
5270,0.028289802
5271,0.031188972
5272,0.03424073
5273,0.03604126
5274,0.032043464
5275,0.02542115
5276,0.016876198
5277,0.0072326474
5278,-0.0031738319
5279,-0.008972146
5280,-0.014129639
5281,-0.016296403
5282,-0.013854988
5283,-0.013366686
5284,-0.010467529
5285,-0.013061523
5286,-0.01437378
5287,-0.016906738
5288,-0.01895142
5289,-0.01928711
5290,-0.02178954
5291,-0.023498539
5292,-0.020996105
5293,-0.014709488
5294,-0.00894165
5295,-0.0050964095
5296,-0.0009460524
5297,0.004150383
5298,0.008605944
5299,0.014343272
5300,0.0201111
5301,0.02661133
5302,0.03140258
5303,0.038513176
5304,0.0449524
5305,0.049621604
5306,0.051635757
5307,0.051330566
5308,0.04718019
5309,0.038024932
5310,0.028930679
5311,0.018615723
5312,0.0067443997
5313,-0.0035095215
5314,-0.01065065
5315,-0.01367189
5316,-0.015930146
5317,-0.01593016
5318,-0.015930168
5319,-0.01461792
5320,-0.012084931
5321,-0.010162339
5322,-0.010253914
5323,-0.010192886
5324,-0.007476814
5325,-0.0032348856
5326,-0.0016784742
5327,0.00039672852
5328,0.0051574856
5329,0.011077903
5330,0.015472412
5331,0.017456055
5332,0.020843506
5333,0.022216782
5334,0.022827148
5335,0.021942124
5336,0.01953125
5337,0.01593019
5338,0.010131851
5339,0.006286621
5340,0.001098603
5341,-0.0038757473
5342,-0.0053100586
5343,-0.008850098
5344,-0.011657745
5345,-0.016174331
5346,-0.02026368
5347,-0.025238037
5348,-0.028930664
5349,-0.03024292
5350,-0.030151386
5351,-0.028656028
5352,-0.022705078
5353,-0.014465317
5354,-0.0070190653
5355,-0.0010071136
5356,0.000488285
5357,0.000885047
5358,0.0016174316
5359,0.0019225925
5360,0.0011291243
5361,-0.0048828013
5362,-0.008209206
5363,-0.009765647
5364,-0.011596672
5365,-0.012664808
5366,-0.01428221
5367,-0.012023937
5368,-0.010070801
5369,-0.008605959
5370,-0.009155274
5371,-0.013977048
5372,-0.020080566
5373,-0.024841305
5374,-0.02978516
5375,-0.03430176
5376,-0.0385742
5377,-0.038848884
5378,-0.039031975
5379,-0.03704834
5380,-0.035430893
5381,-0.031402588
5382,-0.02633667
5383,-0.01876831
5384,-0.008880615
5385,-0.0030212551
5386,0.002807632
5387,0.007385269
5388,0.015136704
5389,0.021148667
5390,0.024261467
5391,0.023437522
5392,0.024261482
5393,0.025268547
5394,0.025787324
5395,0.02453614
5396,0.02255249
5397,0.020996109
5398,0.020538315
5399,0.02267456
5400,0.027801516
5401,0.02810669
5402,0.024139404
5403,0.016815186
5404,0.011779785
5405,0.0072021466
5406,0.0043640155
5407,0.0007324163
5408,-0.0050353985
5409,-0.009613037
5410,-0.011199949
5411,-0.009490969
5412,-0.0055236835
5413,-0.0039062481
5414,-0.0069580083
5415,-0.0097351065
5416,-0.010559083
5417,-0.006927492
5418,-0.007995604
5419,-0.011657715
5420,-0.010162357
5421,-0.003814702
5422,0.008148192
5423,0.015228273
5424,0.018829344
5425,0.019165037
5426,0.018493656
5427,0.015441896
5428,0.009735107
5429,0.003112794
5430,-0.0060424777
5431,-0.015777588
5432,-0.020538336
5433,-0.021148684
5434,-0.023406986
5435,-0.029968254
5436,-0.031890858
5437,-0.027465805
5438,-0.023345947
5439,-0.021850608
5440,-0.021209702
5441,-0.022247292
5442,-0.023254365
5443,-0.02658084
5444,-0.03353882
5445,-0.03918454
5446,-0.040649384
5447,-0.033142105
5448,-0.02124025
5449,-0.008972198
5450,0.0025939941
5451,0.007659927
5452,0.015716553
5453,0.024353012
5454,0.030548088
5455,0.030670203
5456,0.033203132
5457,0.040222168
5458,0.040100105
5459,0.037445076
5460,0.038452163
5461,0.042083733
5462,0.03854371
5463,0.025848389
5464,0.015869137
5465,0.010375976
5466,0.00045776553
5467,-0.013275137
5468,-0.019409176
5469,-0.014434818
5470,-0.016174346
5471,-0.04989624
5472,-0.110382006
5473,-0.18017578
5474,-0.25360113
5475,-0.30929565
5476,-0.33639526
5477,-0.32696533
5478,-0.29034436
5479,-0.24102783
5480,-0.17810047
5481,-0.112335324
5482,-0.03152466
5483,0.06515485
5484,0.16149884
5485,0.25012192
5486,0.32464597
5487,0.38854992
5488,0.43109125
5489,0.4509887
5490,0.4558106
5491,0.4498902
5492,0.43594348
5493,0.4166565
5494,0.37890655
5495,0.34075928
5496,0.29608154
5497,0.24322522
5498,0.20471215
5499,0.1651001
5500,0.12710583
5501,0.095947504
5502,0.08526635
5503,0.08340454
5504,0.040618896
5505,-0.017364144
5506,-0.06185901
5507,-0.10922277
5508,-0.15884423
5509,-0.23110962
5510,-0.2879638
5511,-0.34518442
5512,-0.37536624
5513,-0.38012686
5514,-0.41033936
5515,-0.42919928
5516,-0.45858753
5517,-0.45443738
5518,-0.46633917
5519,-0.47152704
5520,-0.43646252
5521,-0.35403454
5522,-0.20898461
5523,-0.035339296
5524,0.13562012
5525,0.2898559
5526,0.4192505
5527,0.5293273
5528,0.587677
5529,0.58444214
5530,0.54119873
5531,0.45776373
5532,0.34436047
5533,0.19989026
5534,0.0400697
5535,-0.11029035
5536,-0.23623656
5537,-0.32955933
5538,-0.37255865
5539,-0.38183594
5540,-0.37377936
5541,-0.30776983
5542,-0.18807983
5543,-0.059173584
5544,0.033111572
5545,0.09121704
5546,0.14645383
5547,0.15957642
5548,0.13336179
5549,0.08148193
5550,0.013488777
5551,-0.050476104
5552,-0.0977173
5553,-0.11889647
5554,-0.1329956
5555,-0.1404419
5556,-0.13510132
5557,-0.11502078
5558,-0.0845032
5559,-0.055908203
5560,-0.032592744
5561,-0.011749238
5562,0.007965088
5563,0.028656006
5564,0.04208374
5565,0.046020553
5566,0.048461944
5567,0.051483154
5568,0.049621567
5569,0.033172593
5570,0.00045774877
5571,-0.037109375
5572,-0.07458496
5573,-0.1074523
5574,-0.13327026
5575,-0.15863034
5576,-0.17880231
5577,-0.18600452
5578,-0.17529291
5579,-0.15783703
5580,-0.15188563
5581,-0.14611793
5582,-0.13177496
5583,-0.10769683
5584,-0.07806373
5585,-0.03860438
5586,0.012848079
5587,0.07058698
5588,0.1305238
5589,0.1838074
5590,0.22866815
5591,0.26239
5592,0.2828675
5593,0.2814026
5594,0.2574767
5595,0.2142945
5596,0.16610715
5597,0.11962889
5598,0.08099365
5599,0.0454712
5600,0.012878422
5601,-0.00216675
5602,-0.0022583022
5603,0.006561275
5604,0.016021736
5605,0.0319214
5606,0.05432131
5607,0.0803833
5608,0.09887694
5609,0.10525513
5610,0.10647583
5611,0.10360718
5612,0.09799194
5613,0.08288574
5614,0.0603638
5615,0.04257208
5616,0.025115997
5617,0.016937256
5618,0.010681123
5619,6.1005354e-05
5620,-0.0074768066
5621,-0.014251709
5622,-0.011749268
5623,-0.012451202
5624,-0.014190704
5625,-0.011566132
5626,-0.01058954
5627,-0.0063476264
5628,0.0011291504
5629,0.011505127
5630,0.019439697
5631,0.017944336
5632,0.011016846
5633,0.0023498237
5634,-0.010009825
5635,-0.024780333
5636,-0.033721924
5637,-0.035095185
5638,-0.030426025
5639,-0.024383545
5640,-0.025970489
5641,-0.024902314
5642,-0.023223877
5643,-0.019622758
5644,-0.018035874
5645,-0.020263687
5646,-0.019165069
5647,-0.014984161
5648,-0.010467544
5649,-0.010681152
5650,-0.01638794
5651,-0.018829346
5652,-0.010772705
5653,0.0012512058
5654,0.009246826
5655,0.012329102
5656,0.011230439
5657,0.011505112
5658,0.015716553
5659,0.012054458
5660,0.0038757324
5661,-0.0008544922
5662,-0.001312226
5663,0.0007324368
5664,0.005584717
5665,0.015838623
5666,0.020019531
5667,0.011749268
5668,0.003753662
5669,0.00088503957
5670,-0.004211411
5671,-0.011230499
5672,-0.021087676
5673,-0.02722171
5674,-0.029693589
5675,-0.0340271
5676,-0.036682144
5677,-0.043273956
5678,-0.04351808
5679,-0.042388923
5680,-0.040130615
5681,-0.033874508
5682,-0.031951882
5683,-0.030639641
5684,-0.033447273
5685,-0.038818352
5686,-0.04177855
5687,-0.044250496
5688,-0.04632569
5689,-0.043548577
5690,-0.039123513
5691,-0.03009034
5692,-0.026580825
5693,-0.029632553
5694,-0.028320283
5695,-0.02426146
5696,-0.02551271
5697,-0.033721924
5698,-0.03750609
5699,-0.03262329
5700,-0.028625488
5701,-0.030456543
5702,-0.029571518
5703,-0.022216797
5704,-0.00982669
5705,-0.0056762993
5706,-0.004272476
5707,-0.002227798
5708,0.0050964355
5709,0.012054473
5710,0.010284454
5711,0.011505127
5712,0.015197724
5713,0.02017209
5714,0.023315415
5715,0.023284927
5716,0.019104004
5717,0.016387954
5718,0.014709473
5719,0.012084961
5720,0.005554199
5721,-0.0024413913
5722,-0.008239731
5723,-0.012390152
5724,-0.020172149
5725,-0.026611343
5726,-0.028839126
5727,-0.033142105
5728,-0.03112793
5729,-0.03466797
5730,-0.033691406
5731,-0.03286743
5732,-0.02935791
5733,-0.017822266
5734,-0.008422852
5735,-0.001678437
5736,0.0031433403
5737,0.011108398
5738,0.014770508
5739,0.009216338
5740,0.003234923
5741,0.004486084
5742,0.014190674
5743,0.018920884
5744,0.017364502
5745,0.015899643
5746,0.01794435
5747,0.023498535
5748,0.02468872
5749,0.022430435
5750,0.022766128
5751,0.02539067
5752,0.03271483
5753,0.035827644
5754,0.03356936
5755,0.03234867
5756,0.030120883
5757,0.028747536
5758,0.022247318
5759,0.018707283
5760,0.02133177
5761,0.02566528
5762,0.031188957
5763,0.031799324
5764,0.030548096
5765,0.029571528
5766,0.027862553
5767,0.021698005
5768,0.015319806
5769,0.011108398
5770,0.0107116625
5771,0.011657715
5772,0.011810288
5773,0.01422115
5774,0.014495879
5775,0.019500755
5776,0.025848381
5777,0.03137207
5778,0.032287583
5779,0.02557376
5780,0.015136734
5781,0.007446319
5782,0.005645752
5783,0.0058898777
5784,-0.0003966987
5785,-0.0069274604
5786,-0.01159665
5787,-0.013397239
5788,-0.017822288
5789,-0.024353035
5790,-0.02978516
5791,-0.031982433
5792,-0.032501213
5793,-0.031066895
5794,-0.02850341
5795,-0.01770019
5796,-0.006195061
5797,0.0003662184
5798,0.006957993
5799,0.013824463
5800,0.019226078
5801,0.018737782
5802,0.013641369
5803,0.009399395
5804,0.0032653846
5805,-0.0022583194
5806,-0.00082398206
5807,0.003387466
5808,0.012115464
5809,0.017913833
5810,0.018188506
5811,0.017822273
5812,0.014617883
5813,0.013427712
5814,0.010955818
5815,0.008361846
5816,0.0034179837
5817,-0.005554214
5818,-0.012908943
5819,-0.014007583
5820,-0.011383064
5821,-0.0075988844
5822,-0.0077514574
5823,-0.008148178
5824,-0.0023803413
5825,0.0060119703
5826,0.013305657
5827,0.013031006
5828,0.009216331
5829,0.006286621
5830,0.0015869215
5831,-0.0038147122
5832,-0.012878425
5833,-0.022491459
5834,-0.030364987
5835,-0.039031968
5836,-0.04162599
5837,-0.039398205
5838,-0.03775023
5839,-0.034118652
5840,-0.028350834
5841,-0.01733398
5842,-0.0127258375
5843,-0.011932369
5844,-0.008209232
5845,-0.0036621094
5846,-0.0021972582
5847,-0.0060729943
5848,-0.007904049
5849,-0.010314953
5850,-0.009765621
5851,-0.009948753
5852,-0.008941654
5853,-0.0042724833
5854,0.00064086914
5855,0.004150402
5856,0.004760731
5857,0.008361809
5858,0.008453347
5859,0.0046081543
5860,-0.0009155348
5861,-0.0027160645
5862,-0.0037536733
5863,-0.00485231
5864,-0.003723152
5865,-0.0029297024
5866,-0.0036621056
5867,-0.0024108961
5868,0.0012817457
5869,0.0040893517
5870,0.003997784
5871,0.0031738244
5872,0.004150398
5873,0.0036010705
5874,-0.0014953837
5875,-0.0056762733
5876,-0.0054321364
5877,-0.0006103553
5878,0.00024414808
5879,-0.0018615499
5880,-0.0018310659
5881,-0.0027466007
5882,-0.0011596605
5883,-0.0019531064
5884,-0.0015869327
5885,-0.00033572316
5886,0.0030517653
5887,0.012603788
5888,0.019256577
5889,0.023986807
5890,0.024169922
5891,0.023284918
5892,0.02389526
5893,0.02478027
5894,0.025207527
5895,0.024291981
5896,0.023284916
5897,0.02578735
5898,0.02713013
5899,0.02752687
5900,0.023498513
5901,0.020385757
5902,0.018829323
5903,0.017150879
5904,0.0146484375
5905,0.013671875
5906,0.012451202
5907,0.009155318
5908,0.00045777857
5909,-0.006927505
5910,-0.004791245
5911,-0.0008239895
5912,0.0020751953
5913,-0.00085451454
5914,-0.0030212179
5915,-0.003326416
5916,-0.0036621243
5917,-0.004608147
5918,-0.009826668
5919,-0.015197769
5920,-0.016449
5921,-0.016998317
5922,-0.023223858
5923,-0.029724108
5924,-0.032592773
5925,-0.031097401
5926,-0.025085457
5927,-0.017333968
5928,-0.010650631
5929,-0.009643559
5930,-0.009399415
5931,-0.00668335
5932,-0.005249022
5933,-0.002197267
5934,0.0031738263
5935,0.0081481915
5936,0.013610838
5937,0.01724244
5938,0.018219005
5939,0.015014656
5940,0.011108402
5941,0.009490963
5942,0.0075683556
5943,0.008880619
5944,0.012298599
5945,0.009368904
5946,0.00094603375
5947,-0.0026550293
5948,-0.003173802
5949,-0.0060729906
5950,-0.014312739
5951,-0.016387954
5952,-0.013702388
5953,-0.014404289
5954,-0.016510017
5955,-0.020721437
5956,-0.020111084
5957,-0.018341064
5958,-0.018341064
5959,-0.021423336
5960,-0.024322502
5961,-0.022033691
5962,-0.0195923
5963,-0.018035889
5964,-0.014953598
5965,-0.010467533
5966,-0.004730236
5967,-0.0042724796
5968,-0.0031433068
5969,-0.00091554224
5970,0.0013732798
5971,-0.00048827007
5972,-0.0015258864
5973,-0.0009765662
5974,0.00015259907
5975,0.00076295435
5976,0.0051574707
5977,0.009674069
5978,0.010406528
5979,0.006744396
5980,0.0021667257
5981,-0.0033264123
5982,-0.010650612
5983,-0.014343254
5984,-0.01467894
5985,-0.013366699
5986,-0.011383049
5987,-0.010314949
5988,-0.009399407
5989,-0.010375977
5990,-0.009826668
5991,-0.0028991774
5992,0.005737275
5993,0.010467522
5994,0.013366684
5995,0.019042995
5996,0.030670177
5997,0.038055405
5998,0.04058838
5999,0.03967286
6000,0.037841804
6001,0.031494133
6002,0.022460936
6003,0.011322025
6004,0.0011291495
6005,-0.0061035156
6006,-0.0065307617
6007,-0.0011901874
6008,0.0049743596
6009,0.011169441
6010,0.012481686
6011,0.014465332
6012,0.015930176
6013,0.015930187
6014,0.006072998
6015,-0.0030823052
6016,-0.0066223126
6017,-0.009155277
6018,-0.02032469
6019,-0.025970474
6020,-0.018676758
6021,-0.009979246
6022,-0.008697508
6023,-0.010253906
6024,-0.007904055
6025,-0.0053100577
6026,-0.008850094
6027,-0.014160166
6028,-0.020690914
6029,-0.026306149
6030,-0.030548096
6031,-0.03356933
6032,-0.035278313
6033,-0.03466793
6034,-0.028381348
6035,-0.024993896
6036,-0.024475083
6037,-0.028839126
6038,-0.022857651
6039,-0.0039367527
6040,0.010467559
6041,0.0053100437
6042,-0.005554229
6043,-0.011688232
6044,-0.02124022
6045,-0.033386216
6046,-0.052886963
6047,-0.14630136
6048,-0.27880862
6049,-0.27877808
6050,-0.1849365
6051,-0.05026236
6052,0.114623934
6053,0.30340588
6054,0.47207636
6055,0.51474
6056,0.5320739
6057,0.5305787
6058,0.43875134
6059,0.28204328
6060,0.1172179
6061,-0.0013122559
6062,-0.08596772
6063,-0.1654357
6064,-0.22714242
6065,-0.23605347
6066,-0.19158939
6067,-0.13275144
6068,-0.07183838
6069,-0.0234375
6070,-0.0025024414
6071,-0.025238082
6072,-0.06875612
6073,-0.105895996
6074,-0.14514162
6075,-0.17034912
6076,-0.19158936
6077,-0.19628903
6078,-0.19146729
6079,-0.17654422
6080,-0.13220215
6081,-0.08880615
6082,-0.05191037
6083,-0.02255252
6084,0.006439239
6085,0.03112796
6086,0.036346436
6087,0.033294678
6088,0.02041626
6089,0.003173858
6090,-0.0115356445
6091,-0.031463623
6092,-0.04763794
6093,-0.0444946
6094,-0.025543183
6095,0.008300811
6096,0.04550174
6097,0.09024048
6098,0.12225346
6099,0.13098146
6100,0.15054326
6101,0.16540526
6102,0.15460205
6103,0.12054446
6104,0.081909195
6105,0.050048828
6106,0.019622788
6107,-0.004302956
6108,-0.016113274
6109,-0.019378662
6110,-0.011077881
6111,0.006988555
6112,0.026794448
6113,0.036438003
6114,0.042144805
6115,0.044067413
6116,0.04516603
6117,0.04559326
6118,0.04260254
6119,0.038757354
6120,0.032073975
6121,0.018310517
6122,0.006225586
6123,-0.0024108887
6124,-0.017913774
6125,-0.045867935
6126,-0.07434081
6127,-0.08969116
6128,-0.096557625
6129,-0.104980454
6130,-0.11514281
6131,-0.11657712
6132,-0.10949709
6133,-0.09182739
6134,-0.069183335
6135,-0.042510957
6136,-0.016204827
6137,0.0061950535
6138,0.028228793
6139,0.04324343
6140,0.049591072
6141,0.052154534
6142,0.05282592
6143,0.04675294
6144,0.039916985
6145,0.036987305
6146,0.038269036
6147,0.03320312
6148,0.023864768
6149,0.014862061
6150,0.0030517392
6151,-0.011138937
6152,-0.023895252
6153,-0.03427123
6154,-0.04391481
6155,-0.049987793
6156,-0.0526428
6157,-0.05120848
6158,-0.04794313
6159,-0.04165651
6160,-0.032531723
6161,-0.024261445
6162,-0.014221206
6163,-0.00503543
6164,0.0043945387
6165,0.011718757
6166,0.019805882
6167,0.03182979
6168,0.040893555
6169,0.04501345
6170,0.04449463
6171,0.043243416
6172,0.03958129
6173,0.035675064
6174,0.029968265
6175,0.025909428
6176,0.019592278
6177,0.011718743
6178,0.0062256046
6179,0.0020141564
6180,0.0003662035
6181,-0.0017395392
6182,-0.0018310472
6183,-0.00024412945
6184,0.00085446984
6185,-0.0008544959
6186,-0.0036315918
6187,0.0008545071
6188,0.006347671
6189,0.007476803
6190,0.007324226
6191,0.011016849
6192,0.017211936
6193,0.021057121
6194,0.024383508
6195,0.024627708
6196,0.021392822
6197,0.013488755
6198,0.008270264
6199,-0.0011596382
6200,-0.0092467815
6201,-0.013854995
6202,-0.0155029595
6203,-0.012542713
6204,-0.011627175
6205,-0.0120239295
6206,-0.0128479265
6207,-0.011383079
6208,-0.011016823
6209,-0.017028801
6210,-0.024383556
6211,-0.028594963
6212,-0.03121949
6213,-0.033294678
6214,-0.035461407
6215,-0.03845215
6216,-0.040618915
6217,-0.037963867
6218,-0.031890854
6219,-0.026855461
6220,-0.026397742
6221,-0.02081301
6222,-0.013366662
6223,-0.0035705268
6224,0.0010681152
6225,0.0025939867
6226,0.0047912598
6227,0.0042114183
6228,0.0025939643
6229,0.001708962
6230,0.0044860616
6231,0.008300751
6232,0.011291474
6233,0.013366692
6234,0.015655529
6235,0.012115505
6236,0.008514412
6237,0.0032348633
6238,-0.0037536696
6239,-0.012054443
6240,-0.018432617
6241,-0.017578147
6242,-0.01654052
6243,-0.019744873
6244,-0.022521988
6245,-0.01953122
6246,-0.013977051
6247,-0.007690415
6248,-0.0037231594
6249,0.002380371
6250,0.004394546
6251,0.006591782
6252,0.011474654
6253,0.01870726
6254,0.023162853
6255,0.022094727
6256,0.02206422
6257,0.022033706
6258,0.021362286
6259,0.018768333
6260,0.014709491
6261,0.014007572
6262,0.014709471
6263,0.015075684
6264,0.01168824
6265,0.005340578
6266,0.0072936914
6267,0.013610839
6268,0.022766117
6269,0.022186277
6270,0.019989021
6271,0.021362305
6272,0.02740477
6273,0.03472899
6274,0.033050522
6275,0.030853271
6276,0.020782448
6277,0.011016816
6278,0.0073852465
6279,0.0032653809
6280,-0.00015259534
6281,-0.012023933
6282,-0.013427742
6283,-0.009704582
6284,-0.011108406
6285,-0.012542732
6286,-0.011444088
6287,-0.005645752
6288,-0.0040893443
6289,-0.006256096
6290,-0.008087158
6291,-0.013275141
6292,-0.019592294
6293,-0.022583012
6294,-0.021911612
6295,-0.025604254
6296,-0.028106691
6297,-0.024078365
6298,-0.015625004
6299,-0.013031017
6300,-0.014160156
6301,-0.013580322
6302,-0.008728031
6303,-0.0037231408
6304,-0.0004882589
6305,9.1560185e-05
6306,0.0008544773
6307,0.004760744
6308,0.011016857
6309,0.020904547
6310,0.028625473
6311,0.03317262
6312,0.030853268
6313,0.029266354
6314,0.031402588
6315,0.029815663
6316,0.022216808
6317,0.01153563
6318,0.00729369
6319,0.005310051
6320,0.00070192665
6321,-0.0024413764
6322,-0.0002441667
6323,0.0070495345
6324,0.008514389
6325,0.0029296875
6326,0.0038757399
6327,0.012146004
6328,0.017700203
6329,0.012023948
6330,0.0058898553
6331,0.0074157417
6332,0.0068359226
6333,0.0012512356
6334,-0.0032043457
6335,-0.00030519813
6336,0.0039672703
6337,-0.00024411827
6338,-0.009674069
6339,-0.020050067
6340,-0.029174821
6341,-0.03283692
6342,-0.035247788
6343,-0.03625489
6344,-0.040008545
6345,-0.03890991
6346,-0.029815674
6347,-0.022857655
6348,-0.020355225
6349,-0.019439694
6350,-0.01586914
6351,-0.011810303
6352,-0.01101682
6353,-0.0044250563
6354,0.0032043457
6355,0.003051743
6356,-0.004150357
6357,-0.008666962
6358,-0.004760731
6359,-0.0032043345
6360,-0.006591771
6361,-0.010894738
6362,-0.014221162
6363,-0.01931762
6364,-0.023040794
6365,-0.025482222
6366,-0.027832001
6367,-0.028472856
6368,-0.023345917
6369,-0.015197754
6370,-0.010375977
6371,-0.003051743
6372,0.0024719387
6373,0.0053100586
6374,0.0072631687
6375,0.008819595
6376,0.010894805
6377,0.008514434
6378,0.010711677
6379,0.017761253
6380,0.02154544
6381,0.025299102
6382,0.03393556
6383,0.044921868
6384,0.04736328
6385,0.044555657
6386,0.043701187
6387,0.04794311
6388,0.047210675
6389,0.041564927
6390,0.03836058
6391,0.03622438
6392,0.036315933
6393,0.03445436
6394,0.03640744
6395,0.038665757
6396,0.03268434
6397,0.025054932
6398,0.014953613
6399,0.008148208
6400,0.0038452446
6401,-0.0018310398
6402,-0.0026550293
6403,0.0008239597
6404,0.0014953464
6405,0.0012207031
6406,-0.002807632
6407,-0.0067443997
6408,-0.010192871
6409,-0.015411377
6410,-0.015045181
6411,-0.017425545
6412,-0.02148436
6413,-0.027526818
6414,-0.03240968
6415,-0.03598023
6416,-0.041015606
6417,-0.043945305
6418,-0.043121338
6419,-0.04342652
6420,-0.045410164
6421,-0.046997078
6422,-0.03814696
6423,-0.025329571
6424,-0.017028794
6425,-0.013061546
6426,-0.0042114183
6427,0.00973512
6428,0.018585214
6429,0.017456051
6430,0.016754135
6431,0.022186289
6432,0.028167726
6433,0.027343748
6434,0.023162842
6435,0.02447509
6436,0.027618408
6437,0.023864742
6438,0.018463109
6439,0.013732918
6440,0.007995624
6441,0.0035095252
6442,0.002777096
6443,0.0045165904
6444,-0.0016174093
6445,-0.012512185
6446,-0.014282234
6447,-0.01553346
6448,-0.020263683
6449,-0.024169931
6450,-0.021484368
6451,-0.017272957
6452,-0.01342774
6453,-0.009490969
6454,-0.004638671
6455,-0.0024719234
6456,-0.0019226072
6457,0.00088500953
6458,0.0028686542
6459,0.006286623
6460,0.013702393
6461,0.01919556
6462,0.0151367225
6463,0.0057373066
6464,-0.001251217
6465,-0.005279539
6466,-0.009307858
6467,-0.013763427
6468,-0.016632076
6469,-0.015014647
6470,-0.0075073256
6471,0.0013122552
6472,0.0030822759
6473,0.0016784666
6474,-0.0010986342
6475,-0.005126955
6476,-0.014526363
6477,-0.017395027
6478,-0.016815208
6479,-0.01080323
6480,-0.0042724498
6481,0.0010986403
6482,0.0025024358
6483,-9.155646e-05
6484,0.0008850172
6485,0.0024108924
6486,0.0005493127
6487,-0.00091553107
6488,0.004211424
6489,0.009582518
6490,0.0056152325
6491,-0.0035705566
6492,-0.004852295
6493,-0.0061035044
6494,-0.008697521
6495,-0.015686046
6496,-0.01858519
6497,-0.013916012
6498,-0.009521481
6499,-0.006744396
6500,-0.008789077
6501,-0.0097350925
6502,-0.0075683743
6503,-0.007446289
6504,-0.008422874
6505,-0.010772727
6506,-0.013122551
6507,-0.014373794
6508,-0.015380859
6509,-0.012908928
6510,-0.011840813
6511,-0.011871316
6512,-0.0061950684
6513,0.00094602257
6514,0.009643562
6515,0.012146004
6516,0.009124756
6517,0.011047311
6518,0.0125426985
6519,0.013671886
6520,0.013885491
6521,0.01309203
6522,0.016387947
6523,0.018218998
6524,0.014678959
6525,0.01266478
6526,0.013031006
6527,0.012725843
6528,0.008605942
6529,0.0032653809
6530,0.00048828125
6531,-0.0024719052
6532,-0.0072937123
6533,-0.0063781813
6534,-0.003875725
6535,-0.0034790114
6536,-0.0062560923
6537,-0.0028381497
6538,0.0039672963
6539,0.005645752
6540,0.0048522875
6541,0.0052490253
6542,0.0096130315
6543,0.006469734
6544,0.00018309802
6545,-0.0049743727
6546,-0.010223392
6547,-0.015106212
6548,-0.016235359
6549,-0.012878444
6550,-0.010345425
6551,-0.009857178
6552,-0.00778199
6553,-0.002777107
6554,0.00042723492
6555,0.0029907227
6556,0.0024108663
6557,0.0032043234
6558,0.010864269
6559,0.015533457
6560,0.018707281
6561,0.019500736
6562,0.02011108
6563,0.01776124
6564,0.01135254
6565,0.009887691
6566,0.011077883
6567,0.014099122
6568,0.014434809
6569,0.019256592
6570,0.025665294
6571,0.029052746
6572,0.026916504
6573,0.023345955
6574,0.02612307
6575,0.024475098
6576,0.018707275
6577,0.011627197
6578,0.0075378567
6579,0.005432144
6580,0.002532944
6581,0.00015260279
6582,-0.0020752177
6583,-0.004547119
6584,-0.0074157678
6585,-0.010986313
6586,-0.015136719
6587,-0.013214111
6588,-0.009155281
6589,-0.005981438
6590,0.00097655505
6591,0.0002746582
6592,0.00076296553
6593,0.0042724498
6594,0.0039062463
6595,0.0057068057
6596,0.0018310845
6597,0.00299073
6598,0.0039977655
6599,-0.000396695
6600,-0.003540013
6601,-0.005584717
6602,-0.004180923
6603,-0.00292968
6604,-0.004455533
6605,-0.0031432845
6606,0.0041503794
6607,0.0093078315
6608,0.011413589
6609,0.010192893
6610,0.013000481
6611,0.016418412
6612,0.017303482
6613,0.015411377
6614,0.010406494
6615,0.008636467
6616,0.005096413
6617,-0.0063171163
6618,-0.018035896
6619,-0.024871808
6620,-0.031372074
6621,-0.0385437
6622,-0.044830315
6623,-0.043029785
6624,-0.039093018
6625,-0.037200928
6626,-0.03271485
6627,-0.023376465
6628,-0.014984116
6629,-0.014190678
6630,-0.01840211
6631,-0.018768325
6632,-0.011810292
6633,-0.009246808
6634,-0.0084839165
6635,-0.00891114
6636,-0.0072326697
6637,-0.0046691634
6638,0.0021057203
6639,0.009613022
6640,0.0067443773
6641,0.008361835
6642,0.008392334
6643,0.009307865
6644,0.0065002143
6645,-0.0051269494
6646,-0.010131825
6647,-0.016723648
6648,-0.014068596
6649,-0.009796128
6650,-0.0072326474
6651,-0.002136249
6652,0.0015258454
6653,0.0021362416
6654,0.0023498684
6655,0.0019225776
6656,-3.053993e-05
6657,-0.0027466007
6658,-0.0007629134
6659,0.0039367825
6660,0.00778196
6661,0.010284416
6662,0.012756344
6663,0.01623537
6664,0.01757811
6665,0.021820053
6666,0.021362314
6667,0.0137024
6668,0.00665283
6669,0.0038146935
6670,0.003112793
6671,0.0014343262
6672,0.0024414053
6673,0.0062561026
6674,0.006835936
6675,0.0112915
6676,0.01879882
6677,0.025115974
6678,0.031188983
6679,0.035369866
6680,0.036346428
6681,0.029022224
6682,0.018005375
6683,0.0033264048
6684,-0.0119629055
6685,-0.02560424
6686,-0.029541014
6687,-0.027130134
6688,-0.021118164
6689,-0.01565551
6690,-0.010650635
6691,-0.0010681152
6692,0.008270264
6693,0.014801033
6694,0.016113281
6695,0.015075665
6696,0.015991211
6697,0.017913848
6698,0.020965595
6699,0.019073494
6700,0.014923088
6701,0.012603752
6702,0.015106186
6703,0.014007561
6704,0.0069580153
6705,-0.0034179837
6706,-0.009796172
6707,-0.012268081
6708,-0.0136718415
6709,-0.014800999
6710,-0.017089825
6711,-0.012481708
6712,-0.008056633
6713,-0.006011937
6714,-0.009521473
6715,-0.010192886
6716,-0.009918235
6717,-0.010314934
6718,-0.013092035
6719,-0.01391602
6720,-0.012573251
6721,-0.008300779
6722,-0.0032043438
6723,-0.0029907227
6724,-0.0025329608
6725,-0.001892088
6726,-0.0027465783
6727,-0.0071105957
6728,-0.009124758
6729,-0.0047912598
6730,-0.0010375958
6731,0.0006408701
6732,-0.0015869145
6733,-0.0076293936
6734,-0.013977053
6735,-0.01943969
6736,-0.020782474
6737,-0.021698002
6738,-0.025482163
6739,-0.026824936
6740,-0.023468003
6741,-0.014587417
6742,-0.006835945
6743,-0.004699707
6744,-0.0029907078
6745,-0.0020752028
6746,0.0008545071
6747,0.0032348484
6748,0.0025024675
6749,-0.00036621094
6750,-0.00015259907
6751,0.005767837
6752,0.007843021
6753,0.0059204362
6754,-2.6077032e-08
6755,-0.0020446926
6756,-0.00543214
6757,-0.006317135
6758,-0.0045471378
6759,-0.001678478
6760,0.0025634877
6761,0.0047912598
6762,0.008880578
6763,0.011810288
6764,0.013366714
6765,0.014434822
6766,0.0116882175
6767,0.013031004
6768,0.017761238
6769,0.021087648
6770,0.021118164
6771,0.016998291
6772,0.013671871
6773,0.010986328
6774,0.007965088
6775,0.0047912574
6776,-0.0010375996
6777,-0.005126953
6778,-0.005645751
6779,-0.0043945317
6780,-0.002716064
6781,-0.0019226067
6782,-0.0006408687
6783,-0.0006713867
6784,-0.0013732911
6785,-0.001556397
6786,0.0017089843
6787,0.0021972656
6788,0.0018005372
6789,-0.00073242164
6790,0.00018310547
6791,0.0026855462
6792,0.0028991685
6793,0.0033569317
6794,0.0049438467
6795,0.007019043
6796,0.0063171387
6797,0.0046691895
6798,0.004638672
6799,0.0044555683
6800,0.002380371
6801,-0.00070190616
6802,-0.0015869122
6803,-0.0007629376
6804,0.00039673224
6805,0.0021362286
6806,-0.0007019043
6807,-0.0025939886
6808,-0.0011596661
6809,0.0
6810,-0.0014038123
6811,0.00045776553
6812,0.0050964355
6813,0.007659914
6814,0.006134037
6815,0.0060424805
6816,0.0071105957
6817,0.0031433105
6818,-0.002990719
6819,-0.005706787
6820,-0.0064086923
6821,-0.0094299335
6822,-0.0111083975
6823,-0.008819579
6824,-0.002899169
6825,-0.0016174312
6826,-0.002716065
6827,-0.0065917964
6828,-0.011077881
6829,-0.017669672
6830,-0.022491466
6831,-0.024047866
6832,-0.025726315
6833,-0.024444591
6834,-0.020477317
6835,-0.016845707
6836,-0.013275132
6837,-0.007934563
6838,0.0013732873
6839,0.0059204027
6840,0.00531007
6841,0.0061340407
6842,0.009307876
6843,0.010070823
6844,0.007965073
6845,0.004913315
6846,0.0062561184
6847,0.0074463114
6848,0.011047356
6849,0.007324204
6850,0.0009765625
6851,-0.0039367415
6852,-0.004730221
6853,-0.0036926158
6854,-0.0057067946
6855,-0.005859364
6856,-0.004791256
6857,-0.0031127855
6858,-0.005340565
6859,-0.0074768104
6860,-0.005523678
6861,-0.0012206808
6862,0.0027160645
6863,0.0044555515
6864,0.005523665
6865,0.008514412
6866,0.00881958
6867,0.010955801
6868,0.013580315
6869,0.017669693
6870,0.018463135
6871,0.016937256
6872,0.017822266
6873,0.01962281
6874,0.023010243
6875,0.022033684
6876,0.0184021
6877,0.015350353
6878,0.015502956
6879,0.015808094
6880,0.012908939
6881,0.009277351
6882,0.010070819
6883,0.012115471
6884,0.012664773
6885,0.009094268
6886,0.007904068
6887,0.008056641
6888,0.0071410984
6889,0.00039672107
6890,-0.0071410947
6891,-0.008911148
6892,-0.013244618
6893,-0.0187378
6894,-0.023101814
6895,-0.026062
6896,-0.028564464
6897,-0.03341674
6898,-0.033477783
6899,-0.030364998
6900,-0.025604244
6901,-0.022399891
6902,-0.019989021
6903,-0.018157989
6904,-0.014923114
6905,-0.011230458
6906,-0.011596657
6907,-0.010253921
6908,-0.009307884
6909,-0.0018920787
6910,0.004119877
6911,0.005401619
6912,0.009338371
6913,0.012298569
6914,0.017517075
6915,0.016479509
6916,0.013671886
6917,0.012573227
6918,0.009887692
6919,0.0073547345
6920,0.0032348614
6921,0.0010375995
6922,0.0032653827
6923,0.00592041
6924,0.011291505
6925,0.010925291
6926,0.008758547
6927,0.008422853
6928,0.012115477
6929,0.016723637
6930,0.018554673
6931,0.02182006
6932,0.026916523
6933,0.028167743
6934,0.024658225
6935,0.018066391
6936,0.011383057
6937,0.004699718
6938,-0.0042419396
6939,-0.011016808
6940,-0.0150451735
6941,-0.012603775
6942,-0.010955837
6943,-0.009551991
6944,-0.0051574446
6945,0.00054929405
6946,0.007293675
6947,0.009399425
6948,0.012542743
6949,0.013092034
6950,0.011657685
6951,0.009216279
6952,0.0075073093
6953,0.0045775995
6954,-0.0014953688
6955,-0.0033569187
6956,-0.0034484863
6957,-0.0051269718
6958,-0.011993431
6959,-0.01223753
6960,-0.0065001994
6961,-0.0005187951
6962,-0.001068145
6963,-0.0042114407
6964,-0.0036925972
6965,-0.0006408319
6966,-3.0506402e-05
6967,-0.0013122745
6968,0.00064085424
6969,0.0031738319
6970,0.008636475
6971,0.0128478855
6972,0.014892578
6973,0.014587365
6974,0.011016838
6975,0.011352517
6976,0.006500244
6977,-0.002807621
6978,-0.0100708045
6979,-0.012634259
6980,-0.013763402
6981,-0.019073479
6982,-0.022277856
6983,-0.02523802
6984,-0.026580801
6985,-0.028137201
6986,-0.026824962
6987,-0.024505612
6988,-0.025817871
6989,-0.025024414
6990,-0.022857659
6991,-0.018524174
6992,-0.018096935
6993,-0.019195553
6994,-0.021789562
6995,-0.021423377
6996,-0.016693138
6997,-0.013702385
6998,-0.010681123
6999,-0.011108406
7000,-0.008361816
7001,-0.0039062425
7002,-0.00030516088
7003,0.0031432956
7004,0.004486054
7005,0.0028991401
7006,-0.00024414808
7007,0.0009765774
7008,0.005065918
7009,0.009033222
7010,0.011657715
7011,0.011871342
7012,0.009918213
7013,0.0055541955
7014,0.005615227
7015,0.005920373
7016,0.0013122633
7017,-0.0029296689
7018,-0.0035400614
7019,6.1027706e-05
7020,0.0052795634
7021,0.0065613054
7022,0.005096428
7023,0.0033569112
7024,0.0036620982
7025,0.0032043569
7026,-0.000122051686
7027,-0.0030517653
7028,-0.0041504204
7029,-0.0020141713
7030,0.0032043643
7031,0.009094253
7032,0.0116882175
7033,0.017059319
7034,0.024719242
7035,0.02947999
7036,0.028350823
7037,0.022857662
7038,0.018859867
7039,0.016265864
7040,0.01797485
7041,0.018493671
7042,0.014709473
7043,0.0080871545
7044,0.0028076097
7045,0.0027160607
7046,0.0031433254
7047,0.0032958835
7048,0.0020141825
7049,0.0013122521
7050,0.00048825145
7051,-0.0038757399
7052,-0.009460436
7053,-0.012176508
7054,-0.011230476
7055,-0.01065064
7056,-0.0133972075
7057,-0.017791748
7058,-0.021240238
7059,-0.023376469
7060,-0.02423095
7061,-0.024383541
7062,-0.020233147
7063,-0.014190674
7064,-0.011474609
7065,-0.010986321
7066,-0.010223404
7067,-0.0046997145
7068,0.0014648214
7069,0.0027465932
7070,0.0049743764
7071,0.005401604
7072,0.003723137
7073,0.0012817569
7074,-0.0012206696
7075,0.0032043569
7076,0.0048217773
7077,0.004119877
7078,0.005218502
7079,0.008270257
7080,0.017364502
7081,0.023040768
7082,0.025543204
7083,0.026153574
7084,0.02655029
7085,0.026458737
7086,0.021697998
7087,0.015350327
7088,0.011657715
7089,0.007995572
7090,0.0026550256
7091,-0.0032958984
7092,-0.008422859
7093,-0.010955801
7094,-0.012969965
7095,-0.013275139
7096,-0.011535645
7097,-0.012390133
7098,-0.012481684
7099,-0.01385498
7100,-0.011901855
7101,-0.009307862
7102,-0.010681152
7103,-0.012084961
7104,-0.013244629
7105,-0.011871338
7106,-0.012268063
7107,-0.01431274
7108,-0.013671886
7109,-0.010986347
7110,-0.009796135
7111,-0.0064086653
7112,-0.0031127967
7113,0.00021362305
7114,-0.00094603
7115,-0.0006103404
7116,0.004760742
7117,0.010498036
7118,0.0125732515
7119,0.011688228
7120,0.013641361
7121,0.015930172
7122,0.019042963
7123,0.01971436
7124,0.022338862
7125,0.02801514
7126,0.03271484
7127,0.035217274
7128,0.034790054
7129,0.030822754
7130,0.023803696
7131,0.012207001
7132,0.0018005185
7133,-0.004547108
7134,-0.009704582
7135,-0.00894165
7136,-0.008850098
7137,-0.010742184
7138,-0.011291474
7139,-0.010528553
7140,-0.009857196
7141,-0.012359623
7142,-0.014373776
7143,-0.016418453
7144,-0.01870729
7145,-0.023620602
7146,-0.026855469
7147,-0.025421144
7148,-0.026092526
7149,-0.0253601
7150,-0.03149413
7151,-0.030944835
7152,-0.026672378
7153,-0.021453843
7154,-0.02056884
7155,-0.024017349
7156,-0.021942161
7157,-0.017608665
7158,-0.012023926
7159,-0.01083371
7160,-0.010314956
7161,-0.004394546
7162,0.0036621094
7163,0.014892615
7164,0.022705097
7165,0.029632546
7166,0.03176879
7167,0.03356935
7168,0.042663567
7169,0.048645027
7170,0.047698982
7171,0.04708862
7172,0.04751586
7173,0.05187986
7174,0.050750732
7175,0.046386763
7176,0.04330443
7177,0.034728974
7178,0.028442353
7179,0.022949249
7180,0.015930206
7181,0.008727998
7182,-0.0021057278
7183,-0.011993408
7184,-0.019989006
7185,-0.02407837
7186,-0.025329597
7187,-0.027801476
7188,-0.033752456
7189,-0.04336548
7190,-0.048889168
7191,-0.05413817
7192,-0.055541977
7193,-0.05627442
7194,-0.060333252
7195,-0.068603516
7196,-0.08483887
7197,-0.104522705
7198,-0.13482675
7199,-0.18179342
7200,-0.2295532
7201,-0.26547223
7202,-0.2821043
7203,-0.27731323
7204,-0.24786389
7205,-0.19302374
7206,-0.13424689
7207,-0.080627024
7208,-0.026977241
7209,0.033294857
7210,0.089782596
7211,0.13342297
7212,0.16796881
7213,0.19601423
7214,0.21661368
7215,0.22567755
7216,0.23300174
7217,0.24685663
7218,0.26452637
7219,0.2810975
7220,0.29449463
7221,0.30264273
7222,0.3108216
7223,0.32156384
7224,0.34478772
7225,0.35482788
7226,0.32308948
7227,0.2899779
7228,0.2663573
7229,0.2619021
7230,0.24005115
7231,0.16625977
7232,0.07366955
7233,-0.024536133
7234,-0.083740234
7235,-0.12210095
7236,-0.15887427
7237,-0.1766051
7238,-0.14831543
7239,-0.08264172
7240,-0.006622255
7241,0.068939626
7242,0.14144921
7243,0.20645118
7244,0.23028564
7245,0.20831323
7246,0.13412464
7247,0.014892578
7248,-0.13458252
7249,-0.30535877
7250,-0.47586083
7251,-0.62908936
7252,-0.7367858
7253,-0.78448486
7254,-0.7848512
7255,-0.73559546
7256,-0.6365354
7257,-0.49774158
7258,-0.3302002
7259,-0.15502894
7260,0.0163576
7261,0.15924072
7262,0.2576902
7263,0.32150286
7264,0.35632336
7265,0.35559064
7266,0.32620233
7267,0.2813416
7268,0.23352051
7269,0.18429565
7270,0.13391112
7271,0.0892639
7272,0.041259773
7273,-0.011016853
7274,-0.063873306
7275,-0.111633316
7276,-0.15097043
7277,-0.18319705
7278,-0.19778448
7279,-0.19375613
7280,-0.17312643
7281,-0.13702393
7282,-0.08975211
7283,-0.034332305
7284,0.020385832
7285,0.06777957
7286,0.105133176
7287,0.12911975
7288,0.14111315
7289,0.14083873
7290,0.12921143
7291,0.11358637
7292,0.09609987
7293,0.07461549
7294,0.049530044
7295,0.023925796
7296,0.0018920898
7297,-0.019683823
7298,-0.041473374
7299,-0.06265259
7300,-0.081726074
7301,-0.096588135
7302,-0.10043341
7303,-0.09448236
7304,-0.08508295
7305,-0.072113216
7306,-0.054870725
7307,-0.03012088
7308,-0.0077512264
7309,0.009491056
7310,0.020873934
7311,0.02520752
7312,0.025299072
7313,0.020263761
7314,0.010955751
7315,0.0015258789
7316,-0.0041808486
7317,-0.010772675
7318,-0.016174316
7319,-0.018798947
7320,-0.015533388
7321,-0.010772586
7322,-0.009246796
7323,-0.0018920004
7324,0.009887606
7325,0.023467898
7326,0.031097412
7327,0.031219393
7328,0.032562256
7329,0.036010712
7330,0.04196164
7331,0.04574588
7332,0.04605098
7333,0.04763797
7334,0.05215454
7335,0.05996704
7336,0.06936643
7337,0.07690428
7338,0.08340456
7339,0.08865355
7340,0.093566895
7341,0.09857177
7342,0.098297104
7343,0.09686279
7344,0.09548952
7345,0.09277348
7346,0.08709723
7347,0.08187869
7348,0.07858276
7349,0.07412717
7350,0.07083133
7351,0.06704724
7352,0.065826386
7353,0.06161481
7354,0.054900974
7355,0.048553526
7356,0.042022824
7357,0.036987275
7358,0.031982392
7359,0.026641786
7360,0.017730772
7361,0.008483827
7362,0.0001526177
7363,-0.006957978
7364,-0.015746891
7365,-0.02557367
7366,-0.033325434
7367,-0.036987305
7368,-0.0387879
7369,-0.03753656
7370,-0.035003692
7371,-0.031433254
7372,-0.027130067
7373,-0.023925751
7374,-0.020965397
7375,-0.022003144
7376,-0.023010343
7377,-0.026672393
7378,-0.0284729
7379,-0.033843964
7380,-0.03894043
7381,-0.040344268
7382,-0.04177855
7383,-0.045715332
7384,-0.049591064
7385,-0.054595947
7386,-0.05642703
7387,-0.05868531
7388,-0.059844993
7389,-0.059631333
7390,-0.059234634
7391,-0.05624391
7392,-0.05239868
7393,-0.05044554
7394,-0.04647827
7395,-0.04104615
7396,-0.035919193
7397,-0.035644542
7398,-0.0354309
7399,-0.03564454
7400,-0.032806396
7401,-0.030578598
7402,-0.026611328
7403,-0.020812988
7404,-0.013580337
7405,-0.0059814155
7406,-0.0016479194
7407,0.002105713
7408,0.004760742
7409,0.007598892
7410,0.009033233
7411,0.009277329
7412,0.01281736
7413,0.01657103
7414,0.021087639
7415,0.023925751
7416,0.0264587
7417,0.029907221
7418,0.034179695
7419,0.034393318
7420,0.033050537
7421,0.031188967
7422,0.027954103
7423,0.023254398
7424,0.015899662
7425,0.006439206
7426,-0.002655032
7427,-0.011779787
7428,-0.015838621
7429,-0.018737797
7430,-0.019989014
7431,-0.020599362
7432,-0.018585209
7433,-0.013549814
7434,-0.00863648
7435,-0.004333496
7436,-0.0029907152
7437,-0.00021362677
7438,0.0013427883
7439,-0.0045471266
7440,-0.011566162
7441,-0.020385742
7442,-0.025329575
7443,-0.03250119
7444,-0.03860475
7445,-0.041564956
7446,-0.042144775
7447,-0.04125978
7448,-0.040496856
7449,-0.037292495
7450,-0.03167726
7451,-0.024932861
7452,-0.018951386
7453,-0.01077269
7454,-0.002532959
7455,0.002166748
7456,0.004394546
7457,0.0077209473
7458,0.014312714
7459,0.018829316
7460,0.021911606
7461,0.024566635
7462,0.023925766
7463,0.019317612
7464,0.012298569
7465,0.0069885254
7466,0.0028381348
7467,-0.00079345703
7468,-0.00289917
7469,-0.0025634766
7470,0.0004272461
7471,0.004699737
7472,0.009460449
7473,0.013610862
7474,0.015258774
7475,0.015319854
7476,0.016448997
7477,0.016113319
7478,0.016235359
7479,0.0127258375
7480,0.009765632
7481,0.011047389
7482,0.010467533
7483,0.011596642
7484,0.0126037635
7485,0.015197746
7486,0.018096924
7487,0.020782469
7488,0.024291988
7489,0.02749636
7490,0.029510483
7491,0.032073975
7492,0.03579713
7493,0.038513184
7494,0.03955077
7495,0.03927611
7496,0.0364685
7497,0.03125
7498,0.024536103
7499,0.017791733
7500,0.012969986
7501,0.012176529
7502,0.013275161
7503,0.011505112
7504,0.014862046
7505,0.018859878
7506,0.024841323
7507,0.024902344
7508,0.021453828
7509,0.01739502
7510,0.010925308
7511,0.0036010891
7512,-0.0025939792
7513,-0.008422837
7514,-0.011291489
7515,-0.011169434
7516,-0.006652847
7517,0.00015255809
7518,0.0049743652
7519,0.007293716
7520,0.0038146824
7521,0.001373291
7522,-0.006317124
7523,-0.015014634
7524,-0.02465821
7525,-0.031372085
7526,-0.03128048
7527,-0.025238007
7528,-0.017211884
7529,-0.0066222847
7530,0.0021972954
7531,0.0070496053
7532,0.010833725
7533,0.010162339
7534,0.007354751
7535,0.0013122931
7536,-0.0050964206
7537,-0.009491004
7538,-0.012145951
7539,-0.014160119
7540,-0.013427727
7541,-0.013519302
7542,-0.012878403
7543,-0.013305657
7544,-0.014434814
7545,-0.015289314
7546,-0.015624989
7547,-0.014923107
7548,-0.014068596
7549,-0.014556883
7550,-0.015380854
7551,-0.014495861
7552,-0.013275144
7553,-0.0121154785
7554,-0.008819578
7555,-0.0046691895
7556,-0.0012817364
7557,0.0009155292
7558,0.0010375995
7559,-0.00039672665
7560,-0.005126953
7561,-0.010498048
7562,-0.011047361
7563,-0.010772705
7564,-0.009857179
7565,-0.012664797
7566,-0.013763428
7567,-0.01144409
7568,-0.012359627
7569,-0.014373787
7570,-0.016632069
7571,-0.013916001
7572,-0.0114440955
7573,-0.010589626
7574,-0.010498051
7575,-0.009857148
7576,-0.006774906
7577,-0.009674083
7578,-0.013366692
7579,-0.017333977
7580,-0.018219009
7581,-0.017028831
7582,-0.018859863
7583,-0.019439667
7584,-0.016784653
7585,-0.011138931
7586,-0.0053100586
7587,-0.00048825145
7588,0.00588993
7589,0.014190681
7590,0.01766967
7591,0.016235359
7592,0.014465325
7593,0.011321999
7594,0.008666992
7595,0.0025940165
7596,-0.0036315843
7597,-0.0059814155
7598,-0.0036621094
7599,0.00048828125
7600,0.0029907152
7601,0.0039978214
7602,0.007110607
7603,0.01156614
7604,0.013030995
7605,0.013366725
7606,0.01367189
7607,0.01660154
7608,0.0196533
7609,0.020629898
7610,0.019104011
7611,0.020263657
7612,0.020233154
7613,0.01867676
7614,0.014129637
7615,0.0105896
7616,0.010833741
7617,0.008605957
7618,0.0054626465
7619,0.0029907208
7620,0.0017395001
7621,9.313226e-10
7622,-0.0007629404
7623,-0.0013122587
7624,-0.0005798349
7625,-0.0029907217
7626,-0.006011961
7627,-0.0074462905
7628,-0.008758546
7629,-0.011749268
7630,-0.014556892
7631,-0.016601553
7632,-0.018798828
7633,-0.018737797
7634,-0.02035521
7635,-0.020111084
7636,-0.018829353
7637,-0.013366722
7638,-0.00781247
7639,-0.0073242076
7640,-0.0058594197
7641,-0.002777122
7642,0.00070188567
7643,0.0016784556
7644,0.0016174205
7645,0.004150387
7646,0.004608158
7647,0.010131836
7648,0.014678948
7649,0.018341074
7650,0.02127076
7651,0.02365113
7652,0.026580807
7653,0.025054932
7654,0.023437506
7655,0.020996094
7656,0.016601562
7657,0.013244631
7658,0.011810316
7659,0.009735126
7660,0.007812489
7661,0.007904034
7662,0.010620117
7663,0.008819591
7664,0.0073547363
7665,0.008636452
7666,0.008361813
7667,0.008880593
7668,0.008300755
7669,0.010406464
7670,0.012207016
7671,0.012878418
7672,0.01458741
7673,0.014923118
7674,0.012268089
7675,0.0076293945
7676,0.0006713867
7677,-0.006530747
7678,-0.0126037635
7679,-0.019134514
7680,-0.02572633
7681,-0.030334463
7682,-0.033264153
7683,-0.03228761
7684,-0.032623284
7685,-0.032714847
7686,-0.030548086
7687,-0.027954094
7688,-0.026031505
7689,-0.024475116
7690,-0.021270752
7691,-0.018676743
7692,-0.015594486
7693,-0.012420673
7694,-0.010192871
7695,-0.008789025
7696,-0.007873535
7697,-0.004211426
7698,-0.0022888482
7699,-0.0026245043
7700,-0.0012511835
7701,-0.00024414808
7702,0.0010375604
7703,0.0026855394
7704,0.00439455
7705,0.008850124
7706,0.007842999
7707,0.0078124925
7708,0.010284416
7709,0.015045185
7710,0.01846314
7711,0.019226063
7712,0.021331783
7713,0.021514896
7714,0.02130127
7715,0.014831541
7716,0.009429933
7717,0.0034790044
7718,0.0009765625
7719,-0.0022888174
7720,-0.0074157706
7721,-0.008483887
7722,-0.007720949
7723,-0.0045166034
7724,-0.0033874512
7725,-0.0004577646
7726,0.0009460421
7727,0.00042724237
7728,0.0017700214
7729,0.002014161
7730,0.0057983394
7731,0.005950927
7732,0.004180909
7733,0.0040893573
7734,0.0046691876
7735,0.0040588384
7736,0.00073242246
7737,0.00039672828
7738,0.0041809077
7739,0.007080078
7740,0.0044555655
7741,0.0028076167
7742,0.0005798345
7743,-0.0012207034
7744,-0.0059204097
7745,-0.010040282
7746,-0.013305662
7747,-0.016082764
7748,-0.016143799
7749,-0.017242417
7750,-0.016509999
7751,-0.0134887695
7752,-0.001373291
7753,0.009796137
7754,0.02072143
7755,0.017456062
7756,-0.016052239
7757,-0.056640655
7758,-0.056121826
7759,-0.05490111
7760,-0.12567145
7761,-0.20092773
7762,-0.21951294
7763,-0.13223273
7764,0.0069580227
7765,0.15795895
7766,0.28213507
7767,0.34948725
7768,0.40530407
7769,0.44302374
7770,0.41613758
7771,0.31622303
7772,0.19802874
7773,0.10510272
7774,0.037536442
7775,-0.033417195
7776,-0.10574341
7777,-0.15164185
7778,-0.148987
7779,-0.11450198
7780,-0.06832886
7781,-0.020263702
7782,0.015136749
7783,0.027618289
7784,0.011444241
7785,-0.027221799
7786,-0.07910162
7787,-0.13372794
7788,-0.18710336
7789,-0.23348999
7790,-0.2655029
7791,-0.27456665
7792,-0.2611084
7793,-0.23107916
7794,-0.18496707
7795,-0.13192737
7796,-0.08190915
7797,-0.042114258
7798,-0.014343262
7799,0.0060424805
7800,0.013122708
7801,0.009552002
7802,0.0062562227
7803,0.0025939643
7804,-0.00012212992
7805,0.0033569336
7806,0.013580322
7807,0.026672363
7808,0.033111572
7809,0.036895752
7810,0.04208374
7811,0.039489746
7812,0.0313721
7813,0.023193419
7814,0.0185242
7815,0.018859848
7816,0.019134507
7817,0.022338882
7818,0.026947036
7819,0.032348633
7820,0.034057617
7821,0.033355713
7822,0.031738266
7823,0.030425996
7824,0.030059785
7825,0.026458718
7826,0.024444558
7827,0.023712121
7828,0.025726285
7829,0.026855458
7830,0.029663097
7831,0.035461426
7832,0.038421623
7833,0.03942871
7834,0.042510986
7835,0.046722423
7836,0.047729496
7837,0.04565429
7838,0.044464104
7839,0.04531859
7840,0.04132083
7841,0.033416748
7842,0.024536133
7843,0.015899628
7844,0.0056152493
7845,-0.0037536398
7846,-0.010772698
7847,-0.0138245
7848,-0.02062989
7849,-0.031249985
7850,-0.042694084
7851,-0.05816651
7852,-0.082855225
7853,-0.10571287
7854,-0.11303711
7855,-0.07980348
7856,-0.0128479
7857,0.032745354
7858,0.05453494
7859,0.078430176
7860,0.11846925
7861,0.14767458
7862,0.14160156
7863,0.12893677
7864,0.11392212
7865,0.09057617
7866,0.06564331
7867,0.047454804
7868,0.03048703
7869,0.007171631
7870,-0.013336182
7871,-0.029754668
7872,-0.04422003
7873,-0.059692383
7874,-0.06637573
7875,-0.056976333
7876,-0.04168707
7877,-0.024536148
7878,-0.009246826
7879,0.0022583157
7880,0.0007324517
7881,-0.010406479
7882,-0.028015152
7883,-0.04888916
7884,-0.071624726
7885,-0.09320067
7886,-0.105346695
7887,-0.11431887
7888,-0.119262695
7889,-0.11770633
7890,-0.10964967
7891,-0.09487912
7892,-0.07583618
7893,-0.05319214
7894,-0.031707764
7895,-0.01260376
7896,0.008148253
7897,0.03094481
7898,0.04650882
7899,0.054717958
7900,0.058166526
7901,0.0625
7902,0.066284195
7903,0.06619261
7904,0.06570433
7905,0.0650635
7906,0.0640869
7907,0.060394287
7908,0.051818833
7909,0.043426514
7910,0.0336304
7911,0.024444588
7912,0.018066406
7913,0.014160156
7914,0.01278688
7915,0.015106201
7916,0.017395005
7917,0.021179184
7918,0.017181411
7919,0.009490937
7920,0.0011596531
7921,-0.008300811
7922,-0.015625004
7923,-0.025604248
7924,-0.03475955
7925,-0.043060303
7926,-0.04937744
7927,-0.051788308
7928,-0.049957287
7929,-0.04788207
7930,-0.046081558
7931,-0.0473938
7932,-0.04849243
7933,-0.049285904
7934,-0.04776001
7935,-0.043151855
7936,-0.041107148
7937,-0.037384003
7938,-0.03976439
7939,-0.047210693
7940,-0.054656953
7941,-0.079315156
7942,-0.084869385
7943,-0.046813965
7944,0.0050964206
7945,0.05407715
7946,0.08084104
7947,0.12213134
7948,0.16003418
7949,0.16806027
7950,0.16268918
7951,0.14096068
7952,0.110565215
7953,0.07009889
7954,0.033905014
7955,0.0027770847
7956,-0.023834221
7957,-0.044677723
7958,-0.061645508
7959,-0.06536867
7960,-0.06747436
7961,-0.06439209
7962,-0.062286355
7963,-0.05996705
7964,-0.055938736
7965,-0.050994873
7966,-0.049987763
7967,-0.049682602
7968,-0.048858657
7969,-0.045715317
7970,-0.041656464
7971,-0.038085938
7972,-0.030975357
7973,-0.025054932
7974,-0.013519302
7975,-0.001647979
7976,0.010345429
7977,0.019744858
7978,0.024902359
7979,0.029266357
7980,0.027954072
7981,0.026550263
7982,0.023468032
7983,0.026184082
7984,0.028778076
7985,0.032958973
7986,0.03829955
7987,0.04440306
7988,0.046020508
7989,0.04037477
7990,0.034332264
7991,0.026184086
7992,0.019134525
7993,0.009002686
7994,0.005218507
7995,0.004577638
7996,0.00552368
7997,0.010498046
7998,0.012817387
7999,0.019989002
8000,0.025421146
8001,0.028625488
8002,0.03225708
8003,0.030456528
8004,0.03018187
8005,0.02636718
8006,0.022766083
8007,0.01840207
8008,0.014709458
8009,0.0128478855
8010,0.0086669475
8011,0.0043945014
8012,0.00033569336
8013,0.00018313527
8014,-0.004394546
8015,-0.007965095
8016,-0.01068113
8017,-0.012420647
8018,-0.014099158
8019,-0.016326893
8020,-0.017150879
8021,-0.019531243
8022,-0.021179192
8023,-0.017669693
8024,-0.015106194
8025,-0.013183583
8026,-0.011840796
8027,-0.008331291
8028,-0.00350954
8029,0.0014343299
8030,0.0043335
8031,0.0051269643
8032,0.0055847056
8033,0.0046691895
8034,0.0031127855
8035,-0.0018310435
8036,-0.0057983175
8037,-0.008300792
8038,-0.010009769
8039,-0.009887692
8040,-0.009948725
8041,-0.008026125
8042,-0.0068664625
8043,-0.0053100567
8044,-0.000671383
8045,0.003540041
8046,0.008453369
8047,0.008880615
8048,0.0067138597
8049,0.0041198656
8050,0.001953125
8051,0.0011901855
8052,-0.0008544922
8053,-0.00198365
8054,-0.0016784742
8055,0.0019225888
8056,0.003479015
8057,0.004730232
8058,0.005706776
8059,0.0069274902
8060,0.009643555
8061,0.012603775
8062,0.015625011
8063,0.018218987
8064,0.01934816
8065,0.022094734
8066,0.022613533
8067,0.020202622
8068,0.01751709
8069,0.013793975
8070,0.013244629
8071,0.011596665
8072,0.013000473
8073,0.0119629055
8074,0.0107117
8075,0.010986343
8076,0.010101333
8077,0.009704605
8078,0.009338379
8079,0.010986328
8080,0.012420654
8081,0.010284424
8082,0.007751465
8083,0.004608169
8084,-0.0007019043
8085,-0.008941665
8086,-0.015563965
8087,-0.022125259
8088,-0.031066895
8089,-0.041748073
8090,-0.049163837
8091,-0.052246094
8092,-0.054534927
8093,-0.056854248
8094,-0.055816654
8095,-0.055541985
8096,-0.05334472
8097,-0.0491333
8098,-0.044158928
8099,-0.03860472
8100,-0.034118652
8101,-0.026611328
8102,-0.019775376
8103,-0.014434814
8104,-0.008178711
8105,0.00027466565
8106,0.0075378492
8107,0.011932366
8108,0.015136711
8109,0.015625007
8110,0.015380859
8111,0.014190644
8112,0.014343243
8113,0.014190666
8114,0.013427772
8115,0.01712035
8116,0.022033673
8117,0.025421126
8118,0.0251465
8119,0.02239991
8120,0.02026366
8121,0.017852783
8122,0.0127563495
8123,0.00909424
8124,0.009277345
8125,0.014465332
8126,0.018585201
8127,0.021026626
8128,0.022949226
8129,0.023040764
8130,0.019165032
8131,0.010986321
8132,0.0018310845
8133,-0.0053710938
8134,-0.011535652
8135,-0.018554695
8136,-0.023773193
8137,-0.025329577
8138,-0.022705084
8139,-0.019927982
8140,-0.017700193
8141,-0.012786863
8142,-0.00866699
8143,-0.0031433105
8144,0.0024414076
8145,0.0057067904
8146,0.009613037
8147,0.008026123
8148,0.0074157715
8149,0.004852297
8150,0.004364013
8151,0.0027771
8152,-0.002746582
8153,-0.005737306
8154,-0.010223391
8155,-0.012481689
8156,-0.014343262
8157,-0.013183594
8158,-0.00796509
8159,-0.0031738319
8160,0.0015563946
8161,0.0066833487
8162,0.013366698
8163,0.014984129
8164,0.011138914
8165,0.006500244
8166,0.005065917
8167,0.0039672866
8168,-0.0036010738
8169,-0.0076904306
8170,-0.009124758
8171,-0.008911137
8172,-0.011138918
8173,-0.013793938
8174,-0.015838612
8175,-0.014678948
8176,-0.013244614
8177,-0.011383053
8178,-0.009399425
8179,-0.010437034
8180,-0.011749294
8181,-0.018249512
8182,-0.024383552
8183,-0.027648933
8184,-0.026947021
8185,-0.03356935
8186,-0.027770966
8187,-0.012023911
8188,-0.026824951
8189,-0.040863022
8190,-0.04345703
8191,-0.023345977
8192,-0.02072142
8193,-0.039733887
8194,-0.037200958
8195,-0.028686523
8196,-0.016815186
8197,-0.012145996
8198,-0.0013733357
8199,0.011566162
8200,0.02752684
8201,0.040557846
8202,0.04916376
8203,0.056365967
8204,0.05709836
8205,0.05450439
8206,0.050109856
8207,0.04055785
8208,0.029266372
8209,0.017486583
8210,0.010314971
8211,0.004882805
8212,-0.0004882738
8213,-0.003906235
8214,-0.00476072
8215,-0.0031738393
8216,-0.0029297099
8217,-0.0020752102
8218,-0.0029601976
8219,-0.004089359
8220,-0.003356956
8221,-0.0009765774
8222,0.0014037937
8223,0.0053100586
8224,0.013366692
8225,0.023864754
8226,0.031799316
8227,0.03738403
8228,0.04382324
8229,0.050262455
8230,0.051544175
8231,0.047698975
8232,0.039459236
8233,0.031524643
8234,0.0237732
8235,0.0154113695
8236,0.011688255
8237,0.007598877
8238,0.00491333
8239,9.158999e-05
8240,-0.002319336
8241,-0.0031738207
8242,-0.0057983324
8243,-0.0064392015
8244,-0.0055847317
8245,-0.0028381497
8246,0.0019226521
8247,0.0063171685
8248,0.011169434
8249,0.015747085
8250,0.018035918
8251,0.020446777
8252,0.019958481
8253,0.017517075
8254,0.012817383
8255,0.009857148
8256,0.0064086467
8257,0.0037231296
8258,-0.0024108738
8259,-0.0052185357
8260,-0.001586929
8261,0.0021057278
8262,0.0048828423
8263,0.004852295
8264,0.0050964206
8265,0.0016784817
8266,-0.003265351
8267,-0.009612992
8268,-0.016174331
8269,-0.024597168
8270,-0.029663056
8271,-0.030303925
8272,-0.027618382
8273,-0.025085457
8274,-0.021972634
8275,-0.017517086
8276,-0.0133667365
8277,-0.011322007
8278,-0.009735074
8279,-0.0077514574
8280,-0.005279571
8281,-0.0046387017
8282,-0.002868645
8283,0.0021057166
8284,0.0062866025
8285,0.0073852353
8286,0.005706776
8287,0.006713867
8288,0.008361798
8289,0.010681126
8290,0.009216301
8291,0.008361831
8292,0.0070495605
8293,0.0058898553
8294,0.0025024042
8295,-0.002044674
8296,-0.007110592
8297,-0.014068589
8298,-0.019378673
8299,-0.020660404
8300,-0.020263689
8301,-0.019622805
8302,-0.018371558
8303,-0.013031013
8304,-0.009124754
8305,-0.007812499
8306,-0.008972172
8307,-0.009460447
8308,-0.01040649
8309,-0.012084961
8310,-0.012115479
8311,-0.01229858
8312,-0.009033203
8313,-0.008056641
8314,-0.006866453
8315,-0.0075683594
8316,-0.006652834
8317,-0.0031433105
8318,-0.0014343262
8319,-0.00024414435
8320,0.0018615685
8321,0.0030212365
8322,0.005554201
8323,0.0027160626
8324,0.0018310547
8325,-0.00018310547
8326,-0.0015563983
8327,-0.0036621094
8328,-0.0087890625
8329,-0.008819576
8330,-0.007110592
8331,-0.0029907227
8332,-0.0008850079
8333,0.0015869159
8334,0.0045471247
8335,0.007965092
8336,0.014404299
8337,0.016113283
8338,0.014648438
8339,0.007965091
8340,0.0046081557
8341,0.0025939925
8342,9.1550406e-05
8343,-0.0015563951
8344,-0.0035400395
8345,-0.003356934
8346,-0.0037231431
8347,-0.0025329567
8348,-0.0017700205
8349,-0.00271607
8350,-0.007171631
8351,-0.010620115
8352,-0.010192867
8353,-0.013336167
8354,-0.018981911
8355,-0.021759037
8356,-0.020172141
8357,-0.018463131
8358,-0.018371567
8359,-0.017089859
8360,-0.01367189
8361,-0.009613015
8362,-0.0037536472
8363,-0.0009155199
8364,0.0016784631
8365,0.0051574893
8366,0.0093078725
8367,0.011199981
8368,0.010803245
8369,0.010986332
8370,0.009704556
8371,0.0066833533
8372,0.0032653883
8373,0.0029602125
8374,0.0027465783
8375,0.0013427809
8376,0.00018311664
8377,0.0012512021
8378,0.0043029897
8379,0.0038452186
8380,0.002532959
8381,0.0014037825
8382,0.001525864
8383,-6.103143e-05
8384,-0.0011901706
8385,-9.1560185e-05
8386,0.0027770884
8387,0.010620115
8388,0.017181398
8389,0.022705087
8390,0.023925772
8391,0.025238035
8392,0.02548218
8393,0.02267456
8394,0.017028809
8395,0.010803223
8396,0.005493162
8397,0.0021362267
8398,0.00030517392
8399,-0.0018310528
8400,-0.002258297
8401,-0.0019226037
8402,-0.0011596661
8403,-0.0009765625
8404,0.00030517578
8405,0.0031433105
8406,0.0031433105
8407,0.004119877
8408,0.0070495605
8409,0.008331284
8410,0.002960192
8411,-0.0056457464
8412,-0.013885491
8413,-0.01913452
8414,-0.026550302
8415,-0.03414916
8416,-0.0380249
8417,-0.037506126
8418,-0.03207397
8419,-0.029235817
8420,-0.024902314
8421,-0.019958511
8422,-0.016632095
8423,-0.015106164
8424,-0.014404289
8425,-0.012512207
8426,-0.011657715
8427,-0.01077266
8428,-0.009948701
8429,-0.0073547363
8430,-0.0066223443
8431,-0.009674057
8432,-0.010162368
8433,-0.010955811
8434,-0.010406494
8435,-0.011047319
8436,-0.00982666
8437,-0.0018615872
8438,0.005279526
8439,0.009887695
8440,0.012786895
8441,0.014312752
8442,0.016967773
8443,0.016723625
8444,0.015350327
8445,0.01651001
8446,0.018798817
8447,0.020935059
8448,0.022369396
8449,0.022460941
8450,0.021575928
8451,0.018157937
8452,0.013397209
8453,0.0075378492
8454,0.0052490346
8455,0.004150387
8456,0.005645752
8457,0.005889887
8458,0.006286621
8459,0.0063781813
8460,0.0044555627
8461,0.0018005334
8462,0.0007934533
8463,0.0031433087
8464,0.0076293913
8465,0.01184082
8466,0.014953611
8467,0.017852787
8468,0.018157959
8469,0.013885494
8470,0.007232665
8471,0.00039672863
8472,-0.0057373033
8473,-0.009124757
8474,-0.011383055
8475,-0.012054443
8476,-0.010986329
8477,-0.005645752
8478,-0.00045776297
8479,0.0027160642
8480,0.008087156
8481,0.015747065
8482,0.025024429
8483,0.028472904
8484,0.03436278
8485,0.04354857
8486,0.05279538
8487,0.057769775
8488,0.05480957
8489,0.049377456
8490,0.04373169
8491,0.034301743
8492,0.023376435
8493,0.014526337
8494,0.010223389
8495,0.005645752
8496,0.0019225925
8497,0.0019225925
8498,0.0058288574
8499,0.008422852
8500,0.006530732
8501,0.004730195
8502,-0.00045777857
8503,-0.0016174167
8504,-0.003997773
8505,-0.008331269
8506,-0.014160126
8507,-0.01858519
8508,-0.018371597
8509,-0.020385772
8510,-0.022674575
8511,-0.026214585
8512,-0.025726303
8513,-0.024932876
8514,-0.025756843
8515,-0.025299087
8516,-0.024993896
8517,-0.024780288
8518,-0.025329601
8519,-0.026702877
8520,-0.02935792
8521,-0.03121949
8522,-0.033355713
8523,-0.032318108
8524,-0.030670164
8525,-0.029296875
8526,-0.0281372
8527,-0.027038556
8528,-0.02523804
8529,-0.022399928
8530,-0.019409172
8531,-0.016540505
8532,-0.011596665
8533,-0.00650027
8534,-0.0006713979
8535,0.006561298
8536,0.012573238
8537,0.016387932
8538,0.019561762
8539,0.023864767
8540,0.028289787
8541,0.0331421
8542,0.038574237
8543,0.043121316
8544,0.0463562
8545,0.0464783
8546,0.048828155
8547,0.047973633
8548,0.045440674
8549,0.039856
8550,0.030181915
8551,0.014892563
8552,0.0035095215
8553,-0.0024108738
8554,-0.011138901
8555,-0.02120974
8556,-0.031982455
8557,-0.038177483
8558,-0.046417244
8559,-0.056579575
8560,-0.061096206
8561,-0.06304933
8562,-0.06643676
8563,-0.07339479
8564,-0.08068849
8565,-0.08251953
8566,-0.08459474
8567,-0.09918216
8568,-0.125824
8569,-0.15829462
8570,-0.19152817
8571,-0.22341919
8572,-0.24136364
8573,-0.23104858
8574,-0.19049066
8575,-0.13241571
8576,-0.07134986
8577,-0.014373541
8578,0.039581478
8579,0.09005743
8580,0.13363668
8581,0.16430664
8582,0.1838988
8583,0.19421369
8584,0.19989012
8585,0.20538329
8586,0.21340929
8587,0.22659303
8588,0.24243167
8589,0.25802624
8590,0.26992798
8591,0.27038568
8592,0.26458734
8593,0.249237
8594,0.21951324
8595,0.18325818
8596,0.1464541
8597,0.11886603
8598,0.094818056
8599,0.0852052
8600,0.101227164
8601,0.11389184
8602,0.11148059
8603,0.08505213
8604,0.044402957
8605,0.0045166016
8606,-0.0441283
8607,-0.104797244
8608,-0.16149902
8609,-0.20449853
8610,-0.22009301
8611,-0.20910645
8612,-0.16744971
8613,-0.08648676
8614,-0.0056763887
8615,0.06484991
8616,0.11480725
8617,0.139099
8618,0.12664795
8619,0.07751453
8620,-0.0070189238
8621,-0.11984253
8622,-0.24676512
8623,-0.37033078
8624,-0.47320575
8625,-0.54809576
8626,-0.58886725
8627,-0.57830787
8628,-0.52017206
8629,-0.42868042
8630,-0.3154601
8631,-0.19332874
8632,-0.067504644
8633,0.045684755
8634,0.14297491
8635,0.22320563
8636,0.2847594
8637,0.31594843
8638,0.32025152
8639,0.3085631
8640,0.28295904
8641,0.24670404
8642,0.19873047
8643,0.14492796
8644,0.08465576
8645,0.017852768
8646,-0.045837417
8647,-0.106536895
8648,-0.16000354
8649,-0.20291138
8650,-0.22796637
8651,-0.23193353
8652,-0.21621722
8653,-0.18160999
8654,-0.13507068
8655,-0.07928449
8656,-0.0184021
8657,0.04147333
8658,0.0943912
8659,0.1339418
8660,0.15963727
8661,0.1717528
8662,0.17471313
8663,0.16619882
8664,0.14932245
8665,0.12603755
8666,0.10183717
8667,0.077758804
8668,0.055175796
8669,0.033843994
8670,0.014923096
8671,-0.0039978176
8672,-0.021453865
8673,-0.03771971
8674,-0.05307007
8675,-0.06448364
8676,-0.07211305
8677,-0.06958008
8678,-0.062805176
8679,-0.049865752
8680,-0.030456573
8681,-0.009307876
8682,0.015624985
8683,0.03582762
8684,0.049957216
8685,0.05822754
8686,0.06045533
8687,0.061065696
8688,0.05233764
8689,0.040527314
8690,0.028594993
8691,0.015625007
8692,0.002807632
8693,-0.009491004
8694,-0.016662627
8695,-0.01882933
8696,-0.018035918
8697,-0.014343277
8698,-0.008117706
8699,-0.001373291
8700,0.0057372972
8701,0.010498032
8702,0.014892586
8703,0.01690673
8704,0.017547622
8705,0.015380867
8706,0.011688225
8707,0.008850105
8708,0.009185813
8709,0.012847923
8710,0.016174326
8711,0.02178955
8712,0.027771004
8713,0.034271248
8714,0.038726814
8715,0.043029785
8716,0.045959465
8717,0.046691917
8718,0.047088653
8719,0.048675567
8720,0.050079316
8721,0.050842255
8722,0.052581787
8723,0.05538939
8724,0.0569458
8725,0.057373017
8726,0.059539765
8727,0.059265107
8728,0.05911252
8729,0.06024164
8730,0.05899036
8731,0.055877566
8732,0.049102634
8733,0.042419583
8734,0.03375253
8735,0.026031196
8736,0.021697909
8737,0.017364532
8738,0.011474907
8739,0.004608035
8740,0.00018289685
8741,-0.003631562
8742,-0.007385254
8743,-0.013427764
8744,-0.017822444
8745,-0.016693175
8746,-0.014373779
8747,-0.012054414
8748,-0.009612888
8749,-0.0070495605
8750,-0.006011784
8751,-0.007751465
8752,-0.011779785
8753,-0.017547399
8754,-0.024139434
8755,-0.029937625
8756,-0.033691525
8757,-0.039733857
8758,-0.044799745
8759,-0.044281006
8760,-0.047058105
8761,-0.047424316
8762,-0.047546357
8763,-0.04397583
8764,-0.039825425
8765,-0.03927611
8766,-0.038269043
8767,-0.039733887
8768,-0.03924562
8769,-0.0373535
8770,-0.038848873
8771,-0.041595463
8772,-0.042572007
8773,-0.040222183
8774,-0.042999253
8775,-0.04452516
8776,-0.044799805
8777,-0.045776375
8778,-0.046966545
8779,-0.047210693
8780,-0.04342652
8781,-0.03869632
8782,-0.033294678
8783,-0.025604233
8784,-0.018005371
8785,-0.012084991
8786,-0.007812545
8787,-0.005432144
8788,-0.0015868992
8789,0.0033874214
8790,0.006469682
8791,0.0056457147
8792,0.0063171387
8793,0.007202156
8794,0.009979233
8795,0.013366669
8796,0.016387925
8797,0.017517097
8798,0.014129639
8799,0.015167236
8800,0.015441902
8801,0.013702411
8802,0.009582508
8803,0.0071716085
8804,0.0075683594
8805,0.0058593675
8806,0.0044860877
8807,0.0014038011
8808,-0.0046692006
8809,-0.011199936
8810,-0.017578103
8811,-0.023712121
8812,-0.029663093
8813,-0.032257065
8814,-0.032226548
8815,-0.03149411
8816,-0.030578598
8817,-0.03137207
8818,-0.027313232
8819,-0.021820083
8820,-0.014160171
8821,-0.00976564
8822,-0.0048523247
8823,0.004425019
8824,0.013366669
8825,0.018066391
8826,0.021331757
8827,0.020996049
8828,0.020751923
8829,0.019592285
8830,0.015991211
8831,0.011932328
8832,0.008209184
8833,0.008514404
8834,0.008758582
8835,0.007995583
8836,0.009674028
8837,0.009490944
8838,0.008514442
8839,0.0050964355
8840,0.0
8841,-0.0049743652
8842,-0.009490982
8843,-0.009063721
8844,-0.0112609565
8845,-0.0114745945
8846,-0.0093688965
8847,-0.0075683445
8848,-0.005310014
8849,-0.003051713
8850,0.0028381199
8851,0.0055847242
8852,0.005065955
8853,0.0042114705
8854,0.006225601
8855,0.010864243
8856,0.015991196
8857,0.019073475
8858,0.018402092
8859,0.020019528
8860,0.020843484
8861,0.01730347
8862,0.012695294
8863,0.008666996
8864,0.0066528283
8865,0.002746597
8866,-0.0033874512
8867,-0.0059509464
8868,-0.00836182
8869,-0.009399399
8870,-0.010101311
8871,-0.012817375
8872,-0.014495835
8873,-0.017456055
8874,-0.019439727
8875,-0.020385757
8876,-0.021148667
8877,-0.020599365
8878,-0.020813018
8879,-0.015106201
8880,-0.007385239
8881,0.001892075
8882,0.010986291
8883,0.020812996
8884,0.030456558
8885,0.035736065
8886,0.036499016
8887,0.034301773
8888,0.031219495
8889,0.026245104
8890,0.021820068
8891,0.015380867
8892,0.010345453
8893,0.0067748986
8894,0.0043029804
8895,0.00491333
8896,0.0047302274
8897,0.004333499
8898,0.005981447
8899,0.0077819787
8900,0.009887698
8901,0.009246827
8902,0.005157469
8903,0.003692626
8904,0.003997802
8905,0.008361816
8906,0.010131836
8907,0.013214115
8908,0.018432617
8909,0.020507805
8910,0.017578121
8911,0.012969963
8912,0.012512192
8913,0.011810284
8914,0.009979226
8915,0.009094249
8916,0.008880638
8917,0.009613059
8918,0.008453362
8919,0.009246804
8920,0.011199951
8921,0.011535659
8922,0.011138909
8923,0.012054414
8924,0.016540527
8925,0.021423355
8926,0.021820083
8927,0.021331772
8928,0.022644028
8929,0.023254365
8930,0.020507798
8931,0.014221191
8932,0.011077866
8933,0.007995576
8934,0.0037536472
8935,-0.0030822456
8936,-0.008239746
8937,-0.010467529
8938,-0.01184082
8939,-0.013183579
8940,-0.016296372
8941,-0.017150879
8942,-0.020507835
8943,-0.023376457
8944,-0.027557362
8945,-0.032501195
8946,-0.05889894
8947,-0.071228035
8948,-0.032287598
8949,-0.0027465709
8950,0.007476799
8951,-0.0037536733
8952,0.008514412
8953,0.023559585
8954,0.010986332
8955,0.001739487
8956,-0.009704592
8957,-0.01733398
8958,-0.022857666
8959,-0.020935066
8960,-0.016967773
8961,-0.01086426
8962,-0.0013427753
8963,0.006072996
8964,0.01501466
8965,0.01782227
8966,0.018585183
8967,0.015991211
8968,0.013610836
8969,0.010314934
8970,0.004913319
8971,0.00015258044
8972,-0.0037231222
8973,-0.0052184984
8974,-0.007293701
8975,-0.009155262
8976,-0.0058898926
8977,-0.0014953613
8978,0.0005798228
8979,0.0019836389
8980,0.0019836389
8981,0.0052795373
8982,0.0052490197
8983,0.0014343299
8984,-0.00088499486
8985,-0.00054932386
8986,0.0019226
8987,-0.0011901818
8988,-0.004791256
8989,-0.005310051
8990,-0.0063476562
8991,-0.00942993
8992,-0.014831538
8993,-0.017517082
8994,-0.017395016
8995,-0.014099121
8996,-0.011871336
8997,-0.010742189
8998,-0.010345461
8999,-0.00982666
9000,-0.009124756
9001,-0.011627197
9002,-0.01431274
9003,-0.017883293
9004,-0.017517082
9005,-0.015167251
9006,-0.01110841
9007,-0.005889885
9008,0.0032043569
9009,0.012084963
9010,0.015930163
9011,0.017669681
9012,0.01681519
9013,0.013488766
9014,0.0077819843
9015,0.003417967
9016,9.155087e-05
9017,0.0010375986
9018,0.0021362305
9019,0.0063476544
9020,0.012695311
9021,0.017883299
9022,0.020599363
9023,0.020050056
9024,0.019317642
9025,0.01785278
9026,0.014465332
9027,0.012146
9028,0.00830077
9029,0.0041198693
9030,0.0010681152
9031,-0.0012817159
9032,-0.0043335073
9033,-0.007598892
9034,-0.0080871545
9035,-0.008056629
9036,-0.008392338
9037,-0.007049568
9038,-0.006866455
9039,-0.010223384
9040,-0.011474609
9041,-0.009857178
9042,-0.008728027
9043,-0.010864259
9044,-0.013946535
9045,-0.012512209
9046,-0.0126342755
9047,-0.01522827
9048,-0.018066417
9049,-0.019714348
9050,-0.020843484
9051,-0.022094708
9052,-0.022033665
9053,-0.019165039
9054,-0.017303482
9055,-0.014312744
9056,-0.011138909
9057,-0.00872802
9058,-0.0064087138
9059,-0.004119873
9060,-0.0032653958
9061,-0.0032654032
9062,-0.0033264384
9063,-0.0037231743
9064,-0.004486084
9065,-0.006164536
9066,-0.006652832
9067,-0.0072632134
9068,-0.009918228
9069,-0.008239716
9070,-0.0066222847
9071,-0.0032043606
9072,-0.0003967136
9073,0.0009460524
9074,0.0032654032
9075,0.0036315918
9076,0.006164536
9077,0.00869751
9078,0.0121154785
9079,0.016998328
9080,0.01983643
9081,0.02127076
9082,0.020935021
9083,0.02218628
9084,0.022430439
9085,0.019226087
9086,0.017028801
9087,0.01632689
9088,0.01849366
9089,0.018951416
9090,0.01907349
9091,0.019622805
9092,0.019165039
9093,0.015991207
9094,0.012420654
9095,0.0058898944
9096,0.0006713886
9097,-0.0031738319
9098,-0.0012207031
9099,-3.0515715e-05
9100,0.00036621094
9101,0.0018005371
9102,0.0054626465
9103,0.00894165
9104,0.012023937
9105,0.015472431
9106,0.019348137
9107,0.020385727
9108,0.015655503
9109,0.012054451
9110,0.009887692
9111,0.006103508
9112,0.00033570454
9113,-0.002624523
9114,-0.005157478
9115,-0.009674095
9116,-0.013793927
9117,-0.012695285
9118,-0.0125122145
9119,-0.014007565
9120,-0.015808115
9121,-0.016021714
9122,-0.016113278
9123,-0.015808113
9124,-0.0155029325
9125,-0.017272945
9126,-0.014099119
9127,-0.009063722
9128,-0.0036621103
9129,-0.0043945285
9130,-0.006317137
9131,-0.009887693
9132,-0.012542732
9133,-0.011260983
9134,-0.013824467
9135,-0.017608639
9136,-0.025756825
9137,-0.027832046
9138,-0.019592308
9139,-0.006683387
9140,0.005706802
9141,-0.015136689
9142,-0.06646727
9143,-0.091156036
9144,-0.08139041
9145,-0.10882571
9146,-0.18176287
9147,-0.24099728
9148,-0.23818952
9149,-0.16629034
9150,-0.03891015
9151,0.12887573
9152,0.26431292
9153,0.3734743
9154,0.4808959
9155,0.5596924
9156,0.54110724
9157,0.42645258
9158,0.27447492
9159,0.12765503
9160,0.016967833
9161,-0.07461548
9162,-0.13824451
9163,-0.16290295
9164,-0.13824469
9165,-0.073028505
9166,-0.0039977133
9167,0.042724878
9168,0.05471787
9169,0.032714814
9170,-0.009948611
9171,-0.066345245
9172,-0.128418
9173,-0.19137587
9174,-0.24407952
9175,-0.28106695
9176,-0.29571533
9177,-0.2843933
9178,-0.24969488
9179,-0.18963626
9180,-0.12484738
9181,-0.06362915
9182,-0.0129393935
9183,0.020874023
9184,0.034240782
9185,0.028411835
9186,0.012420654
9187,-0.006439179
9188,-0.025665283
9189,-0.03918454
9190,-0.045684785
9191,-0.046051115
9192,-0.040618926
9193,-0.029174745
9194,-0.018432558
9195,-0.010253757
9196,-0.004852563
9197,0.0017089844
9198,0.00830096
9199,0.014129698
9200,0.021362305
9201,0.02850318
9202,0.037841856
9203,0.048584044
9204,0.054870546
9205,0.059326127
9206,0.05966188
9207,0.058227524
9208,0.05316159
9209,0.044372544
9210,0.03710939
9211,0.030822754
9212,0.026031464
9213,0.024841294
9214,0.02438356
9215,0.025482222
9216,0.027862556
9217,0.024627686
9218,0.01779174
9219,0.0040283203
9220,-0.006988555
9221,0.0031128004
9222,0.04266358
9223,0.076690696
9224,0.09399413
9225,0.124511674
9226,0.16659549
9227,0.19989002
9228,0.19396967
9229,0.15982065
9230,0.12081915
9231,0.07775882
9232,0.047332644
9233,0.029144436
9234,0.015930027
9235,0.0032959282
9236,-0.0005493164
9237,-0.002014041
9238,-0.00579834
9239,-0.01864624
9240,-0.031219393
9241,-0.03451538
9242,-0.040588558
9243,-0.048095793
9244,-0.05053717
9245,-0.049438477
9246,-0.045562863
9247,-0.040161252
9248,-0.03652954
9249,-0.04025267
9250,-0.045043945
9251,-0.053100646
9252,-0.067138694
9253,-0.08474733
9254,-0.098968506
9255,-0.107391365
9256,-0.11132814
9257,-0.11425783
9258,-0.11300659
9259,-0.10760498
9260,-0.096343994
9261,-0.078826874
9262,-0.05490111
9263,-0.02810669
9264,-0.0022888035
9265,0.017242432
9266,0.033294663
9267,0.04562375
9268,0.05233763
9269,0.055389415
9270,0.05590819
9271,0.0580139
9272,0.061706543
9273,0.06494141
9274,0.065399185
9275,0.06637573
9276,0.06604002
9277,0.06454465
9278,0.055664062
9279,0.048797622
9280,0.043487534
9281,0.034362778
9282,0.022827148
9283,0.010070786
9284,-0.0033264458
9285,-0.016998336
9286,-0.031372078
9287,-0.04095457
9288,-0.04754638
9289,-0.053466804
9290,-0.055603042
9291,-0.057067864
9292,-0.055908192
9293,-0.05255127
9294,-0.051727302
9295,-0.04864502
9296,-0.046661384
9297,-0.043334976
9298,-0.041107148
9299,-0.038269028
9300,-0.034118637
9301,-0.028442398
9302,-0.023773208
9303,-0.01782225
9304,-0.012176499
9305,-0.008392319
9306,-0.005554199
9307,-0.004180923
9308,-0.0014038235
9309,0.001312241
9310,0.0027770698
9311,0.0036925972
9312,0.005126953
9313,0.0062561333
9314,0.00674437
9315,0.008514389
9316,0.010620117
9317,0.010803252
9318,0.008026138
9319,0.0069274604
9320,0.0074768215
9321,0.008087143
9322,0.008117676
9323,0.009094238
9324,0.011810333
9325,0.014709495
9326,0.02035521
9327,0.024749745
9328,0.031005856
9329,0.03466797
9330,0.032531746
9331,0.029663071
9332,0.02767944
9333,0.026275637
9334,0.022216797
9335,0.019317627
9336,0.017669678
9337,0.014282227
9338,0.011871336
9339,0.009979246
9340,0.008392334
9341,0.0024108905
9342,0.00024414435
9343,-0.00051879697
9344,-0.003021242
9345,-0.0078430185
9346,-0.012359616
9347,-0.014831541
9348,-0.01580811
9349,-0.017486574
9350,-0.017913816
9351,-0.016815182
9352,-0.015594497
9353,-0.013824463
9354,-0.01153563
9355,-0.011688225
9356,-0.01181031
9357,-0.012359649
9358,-0.009979229
9359,-0.008056641
9360,-0.007843025
9361,-0.0038146824
9362,0.00012207776
9363,0.0036926456
9364,0.0051574484
9365,0.007080093
9366,0.010009788
9367,0.010345455
9368,0.011322008
9369,0.011138909
9370,0.011291513
9371,0.013214111
9372,0.013214108
9373,0.014678953
9374,0.013061526
9375,0.014739991
9376,0.015319825
9377,0.015808105
9378,0.014221195
9379,0.010131836
9380,0.005218506
9381,0.00015258696
9382,-0.0031738272
9383,-0.0050048814
9384,-0.0072631855
9385,-0.010375977
9386,-0.010894774
9387,-0.007537842
9388,-0.003845215
9389,-0.0010375981
9390,0.00033569522
9391,0.0065307617
9392,0.008575436
9393,0.010498043
9394,0.009979242
9395,0.0132141225
9396,0.016906738
9397,0.017181374
9398,0.015411355
9399,0.014099121
9400,0.015167274
9401,0.017425533
9402,0.018951386
9403,0.019958459
9404,0.018585198
9405,0.0154418945
9406,0.011657715
9407,0.008270264
9408,0.00982666
9409,0.010498017
9410,0.014984146
9411,0.016693115
9412,0.021423355
9413,0.02456665
9414,0.021575913
9415,0.01556395
9416,0.0071410686
9417,-0.0016784817
9418,-0.014770523
9419,-0.025970489
9420,-0.031127967
9421,-0.033233672
9422,-0.03594971
9423,-0.035125732
9424,-0.030029297
9425,-0.027404763
9426,-0.024353035
9427,-0.02139281
9428,-0.0168152
9429,-0.016632067
9430,-0.0178833
9431,-0.017120365
9432,-0.01663208
9433,-0.01528931
9434,-0.01824951
9435,-0.019989017
9436,-0.02062989
9437,-0.020477287
9438,-0.022827152
9439,-0.026458759
9440,-0.026336685
9441,-0.026977539
9442,-0.028442398
9443,-0.028839141
9444,-0.026123062
9445,-0.024993911
9446,-0.02218628
9447,-0.01922609
9448,-0.014099121
9449,-0.010559097
9450,-0.0071105957
9451,-0.00021360815
9452,0.0054626614
9453,0.008270249
9454,0.010375947
9455,0.0104674995
9456,0.0115356445
9457,0.010284424
9458,0.0078124925
9459,0.0071716085
9460,0.0035094768
9461,0.0029296726
9462,0.0019836575
9463,0.0021362603
9464,-0.00061036646
9465,-0.0033569783
9466,-0.005767837
9467,-0.006134033
9468,-0.006652847
9469,-0.0050048977
9470,-0.00012208521
9471,0.0055236667
9472,0.012634277
9473,0.01834108
9474,0.024322525
9475,0.02978513
9476,0.034515385
9477,0.03750612
9478,0.03631594
9479,0.0328369
9480,0.028594973
9481,0.026092533
9482,0.024566652
9483,0.019744873
9484,0.016174316
9485,0.009796143
9486,0.0061035138
9487,0.0047302227
9488,0.0027771015
9489,0.0013122577
9490,0.0010681152
9491,0.0045471154
9492,0.010375969
9493,0.012542713
9494,0.012420669
9495,0.0099487305
9496,0.0059509054
9497,0.0018310398
9498,-0.0031738356
9499,-0.006500207
9500,-0.005096443
9501,0.0017089546
9502,0.007171616
9503,0.011993431
9504,0.017639168
9505,0.019592278
9506,0.020080574
9507,0.01660157
9508,0.01751709
9509,0.016845718
9510,0.012908958
9511,0.008789085
9512,0.0074157715
9513,0.010101303
9514,0.011291519
9515,0.015960708
9516,0.022552535
9517,0.029449493
9518,0.03353882
9519,0.03262329
9520,0.028778106
9521,0.022155762
9522,0.013519272
9523,0.003936723
9524,-0.006225556
9525,-0.014800996
9526,-0.022491425
9527,-0.028137192
9528,-0.031677216
9529,-0.031341538
9530,-0.02926635
9531,-0.029357918
9532,-0.027832016
9533,-0.023803718
9534,-0.019195568
9535,-0.018096898
9536,-0.019439675
9537,-0.019195545
9538,-0.016449
9539,-0.014709495
9540,-0.011413567
9541,-0.01077269
9542,-0.012634274
9543,-0.014373785
9544,-0.013031019
9545,-0.013916005
9546,-0.014312744
9547,-0.013824467
9548,-0.010284422
9549,-0.008331299
9550,-0.008819582
9551,-0.007873536
9552,-0.0048217773
9553,-0.0014343257
9554,0.0006408701
9555,0.0006713867
9556,-0.002746584
9557,-0.004089355
9558,-0.0048217745
9559,-0.0020141602
9560,-0.0004882831
9561,-0.0009460468
9562,0.0009765634
9563,0.0026855478
9564,0.003906249
9565,0.0039367685
9566,0.0047302237
9567,0.0044555664
9568,0.0035095213
9569,0.0016479492
9570,-0.00088500953
9571,-0.0011291499
9572,-0.0022277834
9573,-0.00030517625
9574,0.00027465855
9575,0.00039672805
9576,0.003723146
9577,0.005523682
9578,0.006011961
9579,0.0030517573
9580,-3.0517112e-05
9581,-0.0021667466
9582,-0.004608156
9583,-0.008941653
9584,-0.013671873
9585,-0.01605224
9586,-0.018219002
9587,-0.021301266
9588,-0.02267455
9589,-0.023742687
9590,-0.02175903
9591,-0.022186272
9592,-0.021270737
9593,-0.021392807
9594,-0.021301255
9595,-0.015899628
9596,-0.013000503
9597,-0.010803238
9598,-0.011138916
9599,-0.0060730055
9600,-0.0010681301
9601,0.0009765476
9602,0.0046997294
9603,0.0115967095
9604,0.019836433
9605,0.024353009
9606,0.024230953
9607,0.029785166
9608,0.03961183
9609,0.040069573
9610,0.03573608
9611,0.028442385
9612,0.025573738
9613,0.022338869
9614,0.01428223
9615,0.009460451
9616,0.0031738281
9617,0.002105713
9618,0.005065918
9619,0.008911125
9620,0.01107787
9621,0.010772701
9622,0.011871334
9623,0.011108398
9624,0.008087162
9625,0.0026245192
9626,-0.0020141453
9627,-0.009613035
9628,-0.019439703
9629,-0.027404785
9630,-0.03128051
9631,-0.035705574
9632,-0.039794922
9633,-0.04092408
9634,-0.04135132
9635,-0.03799437
9636,-0.03866575
9637,-0.034576386
9638,-0.026519775
9639,-0.024963379
9640,-0.019104004
9641,-0.018035889
9642,-0.009368911
9643,-0.0036010891
9644,-0.0018921047
9645,0.003326401
9646,0.008422852
9647,0.013336174
9648,0.017425545
9649,0.020202644
9650,0.022125259
9651,0.023864776
9652,0.02478028
9653,0.027771004
9654,0.030090341
9655,0.03375244
9656,0.035064705
9657,0.037628174
9658,0.036071777
9659,0.03298951
9660,0.028869629
9661,0.024780262
9662,0.019042969
9663,0.0119934045
9664,0.00869751
9665,0.0050048865
9666,0.0031432882
9667,-0.00070189685
9668,-0.0014038011
9669,-0.0020446628
9670,-0.0049743615
9671,-0.004333485
9672,-0.0033569112
9673,-0.001312226
9674,-0.0038452297
9675,-0.0052185133
9676,-0.007232664
9677,-0.01013184
9678,-0.013214109
9679,-0.015808113
9680,-0.01550293
9681,-0.016113278
9682,-0.015655514
9683,-0.016510013
9684,-0.018310549
9685,-0.016967773
9686,-0.016052254
9687,-0.013244621
9688,-0.010192856
9689,-0.004638672
9690,-0.0021057203
9691,-0.0027160607
9692,-0.0036010556
9693,-0.003601078
9694,-0.0038147047
9695,-0.0046081766
9696,-0.006500244
9697,-0.005065929
9698,-0.0037841871
9699,-0.0006408952
9700,0.0016479455
9701,0.0066528264
9702,0.013336189
9703,0.017547602
9704,0.022277834
9705,0.025177008
9706,0.028137207
9707,0.02807618
9708,0.029052738
9709,0.02899168
9710,0.026214596
9711,0.020782474
9712,0.01577757
9713,0.011413559
9714,0.0045776293
9715,-0.0032653622
9716,-0.009735096
9717,-0.016235352
9718,-0.020477273
9719,-0.025848404
9720,-0.026092518
9721,-0.028564453
9722,-0.02920533
9723,-0.025299072
9724,-0.023742668
9725,-0.021026604
9726,-0.019775383
9727,-0.014404289
9728,-0.009735107
9729,-0.007446304
9730,-0.0007629581
9731,0.0028686523
9732,0.0062255934
9733,0.006591793
9734,0.008300774
9735,0.009307858
9736,0.0070190486
9737,0.007324215
9738,0.007965084
9739,0.010803229
9740,0.01489258
9741,0.015563961
9742,0.018798834
9743,0.021789549
9744,0.02563475
9745,0.027313232
9746,0.025665287
9747,0.026733402
9748,0.02426146
9749,0.02279663
9750,0.021118172
9751,0.017242424
9752,0.012695335
9753,0.009399414
9754,0.007904038
9755,0.0029601827
9756,-0.0032653734
9757,-0.0064086467
9758,-0.009368885
9759,-0.012786843
9760,-0.018219005
9761,-0.019592289
9762,-0.020904537
9763,-0.021209719
9764,-0.020812994
9765,-0.019775407
9766,-0.017700195
9767,-0.015686035
9768,-0.013793942
9769,-0.012359617
9770,-0.010925297
9771,-0.007843016
9772,-0.0052490225
9773,-0.0042419443
9774,-0.0029907231
9775,-0.00021362305
9776,0.0039367676
9777,0.007598877
9778,0.010131834
9779,0.011657717
9780,0.013641354
9781,0.01586913
9782,0.01779174
9783,0.0182495
9784,0.018951427
9785,0.021240234
9786,0.021118142
9787,0.01959227
9788,0.018707275
9789,0.017913833
9790,0.016265847
9791,0.014862038
9792,0.01153563
9793,0.0029907227
9794,-0.008087166
9795,-0.017913807
9796,-0.021392863
9797,-0.023284942
9798,-0.029540988
9799,-0.038421623
9800,-0.047851562
9801,-0.05276488
9802,-0.05709837
9803,-0.06823731
9804,-0.08068848
9805,-0.090484604
9806,-0.09680179
9807,-0.104278535
9808,-0.11782843
9809,-0.13848883
9810,-0.16479474
9811,-0.18972766
9812,-0.2046814
9813,-0.2078247
9814,-0.19714338
9815,-0.16848725
9816,-0.12460339
9817,-0.07315099
9818,-0.024353087
9819,0.018707097
9820,0.0579834
9821,0.09500101
9822,0.12854004
9823,0.1604616
9824,0.18582153
9825,0.20635985
9826,0.22460921
9827,0.24322523
9828,0.26119995
9829,0.2764281
9830,0.28897104
9831,0.30059817
9832,0.30545023
9833,0.30267334
9834,0.3010865
9835,0.28396624
9836,0.25900257
9837,0.21963477
9838,0.18307507
9839,0.1609801
9840,0.1376952
9841,0.11556983
9842,0.07940686
9843,0.051727533
9844,0.03289807
9845,0.005859375
9846,-0.027191281
9847,-0.06478882
9848,-0.10397321
9849,-0.15667701
9850,-0.2217713
9851,-0.2846682
9852,-0.34204102
9853,-0.38906854
9854,-0.41989124
9855,-0.42950457
9856,-0.40222162
9857,-0.35040265
9858,-0.26330578
9859,-0.14929211
9860,-0.014709502
9861,0.10870373
9862,0.2080078
9863,0.27847278
9864,0.31295782
9865,0.30319208
9866,0.24765003
9867,0.15682983
9868,0.031463727
9869,-0.09609977
9870,-0.2170716
9871,-0.3396607
9872,-0.43362415
9873,-0.48272705
9874,-0.4686587
9875,-0.40823388
9876,-0.3111267
9877,-0.18182361
9878,-0.046753287
9879,0.085388005
9880,0.20443732
9881,0.30191064
9882,0.36892688
9883,0.40704334
9884,0.41168225
9885,0.38928232
9886,0.33990487
9887,0.2691039
9888,0.18157941
9889,0.08648676
9890,-0.005248919
9891,-0.09234616
9892,-0.16351332
9893,-0.21755983
9894,-0.24768065
9895,-0.25686646
9896,-0.2490235
9897,-0.22201535
9898,-0.17828351
9899,-0.12319952
9900,-0.059173703
9901,0.006133914
9902,0.068969786
9903,0.1223451
9904,0.15869129
9905,0.17626953
9906,0.17428589
9907,0.15399168
9908,0.11965944
9909,0.074462906
9910,0.023834229
9911,-0.024444573
9912,-0.0716858
9913,-0.11331175
9914,-0.14929199
9915,-0.17126462
9916,-0.18273923
9917,-0.18502817
9918,-0.1764833
9919,-0.15521252
9920,-0.11730954
9921,-0.07192996
9922,-0.018310755
9923,0.039398164
9924,0.09790033
9925,0.14974992
9926,0.18759152
9927,0.20971684
9928,0.21533206
9929,0.20846558
9930,0.18902588
9931,0.15808104
9932,0.12094116
9933,0.07943727
9934,0.043243393
9935,0.007263154
9936,-0.02481082
9937,-0.05032349
9938,-0.07217407
9939,-0.08847048
9940,-0.09658816
9941,-0.09902957
9942,-0.09228514
9943,-0.081726074
9944,-0.064941436
9945,-0.04617314
9946,-0.030273452
9947,-0.0101623535
9948,0.008422822
9949,0.024505585
9950,0.035003655
9951,0.042022727
9952,0.045196533
9953,0.045654282
9954,0.0418396
9955,0.038208015
9956,0.030975334
9957,0.025207516
9958,0.022003178
9959,0.020233143
9960,0.021575928
9961,0.021636982
9962,0.022949234
9963,0.024444602
9964,0.024047859
9965,0.02322387
9966,0.0211792
9967,0.020813018
9968,0.024047866
9969,0.026489258
9970,0.02746582
9971,0.029266357
9972,0.032104477
9973,0.03326416
9974,0.03201294
9975,0.032897934
9976,0.03497313
9977,0.0340271
9978,0.030975342
9979,0.028442413
9980,0.026550323
9981,0.018676758
9982,0.0065612793
9983,-0.003753662
9984,-0.010986298
9985,-0.015655518
9986,-0.02136232
9987,-0.025146514
9988,-0.027923599
9989,-0.030975357
9990,-0.032073975
9991,-0.029907227
9992,-0.029174805
9993,-0.02911374
9994,-0.028320298
9995,-0.024658158
9996,-0.020965561
9997,-0.020507798
9998,-0.019958481
9999,-0.018859833
10000,-0.018188458
10001,-0.016418472
10002,-0.012756385
10003,-0.008087143
10004,-0.006164521
10005,-0.0037231445
10006,-0.005157452
10007,-0.0074157827
10008,-0.009521481
10009,-0.009887669
10010,-0.009002667
10011,-0.013366681
10012,-0.014373794
10013,-0.015289301
10014,-0.015869137
10015,-0.015838627
10016,-0.018920902
10017,-0.02078247
10018,-0.023101807
10019,-0.023681646
10020,-0.021514881
10021,-0.018249512
10022,-0.012603771
10023,-0.008239746
10024,-0.0053710938
10025,-0.0010681022
10026,0.005706778
10027,0.011657714
10028,0.016754154
10029,0.018859863
10030,0.02362061
10031,0.026702879
10032,0.02374268
10033,0.018981948
10034,0.013336185
10035,0.0075683556
10036,0.0011901818
10037,-0.0024414007
10038,-0.003936762
10039,-0.0064087007
10040,-0.007598879
10041,-0.00830078
10042,-0.009429928
10043,-0.010650634
10044,-0.012054445
10045,-0.013641359
10046,-0.016082764
10047,-0.013977051
10048,-0.008483888
10049,-0.0033874502
10050,0.00018310372
10051,0.008056641
10052,0.017547606
10053,0.02624512
10054,0.02981567
10055,0.033905018
10056,0.03778076
10057,0.037292473
10058,0.030273423
10059,0.020751938
10060,0.011779785
10061,0.0032043383
10062,-0.006591812
10063,-0.013366684
10064,-0.015960682
10065,-0.019836407
10066,-0.023651117
10067,-0.028778076
10068,-0.02947998
10069,-0.031921394
10070,-0.03781127
10071,-0.041656505
10072,-0.042846672
10073,-0.04263304
10074,-0.04388427
10075,-0.04223632
10076,-0.03836058
10077,-0.03781125
10078,-0.039215088
10079,-0.037750244
10080,-0.036224365
10081,-0.03860475
10082,-0.04403688
10083,-0.04574585
10084,-0.04525757
10085,-0.042999268
10086,-0.04132083
10087,-0.03668219
10088,-0.03176883
10089,-0.025238037
10090,-0.018127441
10091,-0.009277374
10092,-0.00091558695
10093,0.0066833496
10094,0.014373779
10095,0.021850586
10096,0.02999875
10097,0.0352173
10098,0.03677371
10099,0.035736084
10100,0.036193833
10101,0.039703384
10102,0.040985122
10103,0.039459243
10104,0.042968757
10105,0.04458619
10106,0.043029785
10107,0.0357666
10108,0.027923606
10109,0.021606445
10110,0.011657707
10111,0.0054626167
10112,0.00064086914
10113,-0.0010681152
10114,-0.0009765476
10115,0.0028686412
10116,0.008605942
10117,0.014282208
10118,0.018157974
10119,0.025299072
10120,0.032409657
10121,0.03695678
10122,0.040008552
10123,0.039276134
10124,0.035675053
10125,0.033111557
10126,0.030029267
10127,0.02767945
10128,0.024017334
10129,0.02401732
10130,0.024261475
10131,0.022796646
10132,0.021301314
10133,0.021850586
10134,0.02255249
10135,0.02053833
10136,0.017608672
10137,0.014099151
10138,0.0126953125
10139,0.012847915
10140,0.010040283
10141,0.0046081543
10142,-0.0010680854
10143,-0.005737275
10144,-0.008758515
10145,-0.011413574
10146,-0.012451157
10147,-0.011962876
10148,-0.010345459
10149,-0.008422852
10150,-0.0093688965
10151,-0.009307906
10152,-0.010375962
10153,-0.0097350925
10154,-0.010864243
10155,-0.012908921
10156,-0.012115486
10157,-0.0120849535
10158,-0.010162361
10159,-0.009216279
10160,-0.006957978
10161,-0.006805457
10162,-0.007202193
10163,-0.005126983
10164,-6.105751e-05
10165,0.0041503683
10166,0.0043945014
10167,0.0039978027
10168,-0.0004272163
10169,-0.0042724498
10170,-0.011474628
10171,-0.017242432
10172,-0.021636955
10173,-0.024841309
10174,-0.022918714
10175,-0.01940917
10176,-0.015655525
10177,-0.009002687
10178,-0.0040588398
10179,0.0029601995
10180,0.0087585505
10181,0.01507568
10182,0.017639145
10183,0.017639168
10184,0.01574707
10185,0.015075687
10186,0.011657696
10187,0.007385254
10188,0.003295906
10189,-0.00036622956
10190,-6.106123e-05
10191,-0.00012205541
10192,-0.00039673597
10193,-0.003082279
10194,-0.0022277758
10195,6.103888e-05
10196,0.002166748
10197,0.002502419
10198,0.0014953837
10199,-0.00076293945
10200,-0.001525905
10201,-0.0039672963
10202,-0.0072937123
10203,-0.008941662
10204,-0.010620117
10205,-0.0132751465
10206,-0.016113274
10207,-0.015441896
10208,-0.016143804
10209,-0.021179182
10210,-0.023712164
10211,-0.0234375
10212,-0.024536138
10213,-0.026824951
10214,-0.028015122
10215,-0.02673338
10216,-0.030212406
10217,-0.031799324
10218,-0.03204345
10219,-0.03167726
10220,-0.032989517
10221,-0.031585738
10222,-0.027893096
10223,-0.022094741
10224,-0.012878433
10225,-0.0039978027
10226,0.0053710938
10227,0.012634262
10228,0.018981926
10229,0.02426146
10230,0.026031494
10231,0.026947007
10232,0.026550297
10233,0.025024425
10234,0.020751953
10235,0.017394993
10236,0.016326893
10237,0.01309206
10238,0.009338371
10239,0.0048522875
10240,0.005432129
10241,0.0022277832
10242,-0.002532959
10243,-0.0046691746
10244,-0.0050964206
10245,-0.004577663
10246,-0.0014953837
10247,0.0022583269
10248,0.004669212
10249,0.0079040285
10250,0.01092528
10251,0.01632691
10252,0.015289323
10253,0.016235348
10254,0.016845692
10255,0.019683838
10256,0.0189209
10257,0.014892576
10258,0.009948727
10259,0.0061340313
10260,0.0026245117
10261,-0.0047302237
10262,-0.0073547363
10263,-0.0061645526
10264,-0.0058288593
10265,-0.0048828116
10266,-0.0005493127
10267,0.0069274902
10268,0.013732905
10269,0.014678959
10270,0.016723637
10271,0.01351928
10272,0.006195061
10273,-0.0028076172
10274,-0.010253904
10275,-0.014648439
10276,-0.018890388
10277,-0.020538332
10278,-0.020019531
10279,-0.019378664
10280,-0.013793945
10281,-0.008544924
10282,-0.006561281
10283,-0.0053710938
10284,-0.004486082
10285,-0.0006408673
10286,-0.0028076153
10287,-0.004547123
10288,-0.003021244
10289,-0.000579834
10290,3.0515715e-05
10291,0.00012206845
10292,-0.0013732947
10293,-0.0026550181
10294,-0.005798336
10295,-0.008941665
10296,-0.010162372
10297,-0.01327515
10298,-0.012939442
10299,-0.007659938
10300,6.1027706e-05
10301,0.004547123
10302,0.00735477
10303,0.011810293
10304,0.014892571
10305,0.013732918
10306,0.011718761
10307,0.010955804
10308,0.0100097675
10309,0.0070495633
10310,0.00628662
10311,0.0029602032
10312,-0.00027465634
10313,-0.0034484826
10314,-0.0071411133
10315,-0.007385254
10316,-0.008056641
10317,-0.007659912
10318,-0.005584717
10319,-0.00317383
10320,0.0011901855
10321,0.0040283203
10322,0.0054931613
10323,0.008789062
10324,0.007843013
10325,0.007873535
10326,0.004852292
10327,0.0034790044
10328,0.0050354023
10329,0.0055236807
10330,0.0066833473
10331,0.007995606
10332,0.0138855
10333,0.019775383
10334,0.021240238
10335,0.022918712
10336,0.026641823
10337,0.032073975
10338,0.03591919
10339,0.033996582
10340,0.03094481
10341,0.027130112
10342,0.022796646
10343,0.0177612
10344,0.008789077
10345,0.002532959
10346,-0.0005493015
10347,-0.001159668
10348,-0.0020751804
10349,-0.004272446
10350,-0.0033569485
10351,-0.004760742
10352,-0.010101274
10353,-0.016387932
10354,-0.020324707
10355,-0.023559578
10356,-0.028625462
10357,-0.03482053
10358,-0.038024925
10359,-0.037353516
10360,-0.034271244
10361,-0.03240966
10362,-0.031005863
10363,-0.025085453
10364,-0.01776123
10365,-0.0121154785
10366,-0.009765636
10367,-0.0079956055
10368,-0.0073852316
10369,-0.006072983
10370,-0.003326416
10371,-0.0038757585
10372,-0.0038147122
10373,-0.003906261
10374,-0.0025634877
10375,-0.0020751953
10376,-0.005035389
10377,-0.0065612867
10378,-0.0079956055
10379,-0.00909422
10380,-0.009551987
10381,-0.010742195
10382,-0.009613074
10383,-0.0076904
10384,-0.0035400242
10385,0.0025939718
10386,0.0060424656
10387,0.0016784891
10388,-0.00045775995
10389,0.005920384
10390,0.01171875
10391,0.0005798489
10392,-0.034362763
10393,-0.051025376
10394,-0.003997773
10395,0.029876709
10396,-0.053924635
10397,-0.17074579
10398,-0.23410028
10399,-0.19244397
10400,-0.10150164
10401,-0.010467604
10402,0.11999528
10403,0.2225647
10404,0.33547968
10405,0.43554673
10406,0.47930908
10407,0.43743896
10408,0.31134045
10409,0.14947522
10410,0.015258729
10411,-0.06265247
10412,-0.106018186
10413,-0.11480701
10414,-0.08947751
10415,-0.017578155
10416,0.060149908
10417,0.10369867
10418,0.10351586
10419,0.06124884
10420,-0.006866604
10421,-0.08419809
10422,-0.156494
10423,-0.22119129
10424,-0.27331555
10425,-0.30572504
10426,-0.3136596
10427,-0.29248047
10428,-0.2487793
10429,-0.18289179
10430,-0.1152038
10431,-0.049835175
10432,0.0010681152
10433,0.034851074
10434,0.047729522
10435,0.039886564
10436,0.022613555
10437,0.0013122559
10438,-0.01574713
10439,-0.030151397
10440,-0.039154023
10441,-0.04550165
10442,-0.045410216
10443,-0.041931152
10444,-0.03768912
10445,-0.03567502
10446,-0.03692624
10447,-0.040863276
10448,-0.045348883
10449,-0.045043886
10450,-0.0452272
10451,-0.05291763
10452,-0.06698623
10453,-0.07003793
10454,-0.050110012
10455,0.008483887
10456,0.07171646
10457,0.10910046
10458,0.13998409
10459,0.17395025
10460,0.21432494
10461,0.22192393
10462,0.2051086
10463,0.1944885
10464,0.1819763
10465,0.1670532
10466,0.14999387
10467,0.13171393
10468,0.120514125
10469,0.10958871
10470,0.09652701
10471,0.08886704
10472,0.076049745
10473,0.060424954
10474,0.040771395
10475,0.023650944
10476,0.011657834
10477,0.00021365285
10478,-0.011840552
10479,-0.021392852
10480,-0.03189066
10481,-0.04751578
10482,-0.061401516
10483,-0.07531732
10484,-0.093933076
10485,-0.11804201
10486,-0.1388856
10487,-0.15185547
10488,-0.16049196
10489,-0.16653442
10490,-0.1657715
10491,-0.1574707
10492,-0.14303589
10493,-0.12084961
10494,-0.096069336
10495,-0.072021484
10496,-0.04852298
10497,-0.027069122
10498,-0.008056641
10499,0.0059509575
10500,0.02090457
10501,0.03576657
10502,0.0513916
10503,0.06335449
10504,0.07174687
10505,0.080444366
10506,0.08532716
10507,0.08609009
10508,0.08215332
10509,0.08059694
10510,0.078552246
10511,0.07241819
10512,0.06185913
10513,0.053527832
10514,0.043609634
10515,0.029388443
10516,0.013214111
10517,-0.0020141602
10518,-0.015350327
10519,-0.029510487
10520,-0.043945286
10521,-0.05349733
10522,-0.060119614
10523,-0.0625
10524,-0.062408455
10525,-0.061615005
10526,-0.056671157
10527,-0.050048813
10528,-0.041290253
10529,-0.033721894
10530,-0.027191132
10531,-0.020751983
10532,-0.016754165
10533,-0.014373764
10534,-0.013763398
10535,-0.011627182
10536,-0.010742158
10537,-0.007446289
10538,-0.0031738132
10539,0.0048217773
10540,0.01379393
10541,0.019592278
10542,0.023986794
10543,0.025787376
10544,0.027587872
10545,0.027954057
10546,0.028900113
10547,0.029510494
10548,0.029144317
10549,0.028594967
10550,0.029571533
10551,0.033905026
10552,0.036712658
10553,0.037048344
10554,0.037048336
10555,0.040161118
10556,0.045989998
10557,0.048065186
10558,0.047546387
10559,0.046112075
10560,0.04339598
10561,0.037139878
10562,0.028137177
10563,0.01940915
10564,0.012145966
10565,0.0056152195
10566,0.003326416
10567,0.00091554224
10568,-0.0026244968
10569,-0.0077514797
10570,-0.013366714
10571,-0.019226074
10572,-0.026824951
10573,-0.032287627
10574,-0.03344731
10575,-0.0328064
10576,-0.029724095
10577,-0.02435302
10578,-0.020568881
10579,-0.016204871
10580,-0.01123045
10581,-0.007232651
10582,-0.00735474
10583,-0.009002693
10584,-0.008605946
10585,-0.008331295
10586,-0.009002682
10587,-0.011505129
10588,-0.012573235
10589,-0.014343256
10590,-0.01593018
10591,-0.017456055
10592,-0.020233158
10593,-0.02139282
10594,-0.024292
10595,-0.02801514
10596,-0.027374279
10597,-0.027252208
10598,-0.029846184
10599,-0.03085325
10600,-0.029266335
10601,-0.024749748
10602,-0.02218625
10603,-0.019348145
10604,-0.017242417
10605,-0.017120346
10606,-0.015930176
10607,-0.01354982
10608,-0.009429917
10609,-0.005310014
10610,0.0026855618
10611,0.010253884
10612,0.016876213
10613,0.022430435
10614,0.027984638
10615,0.031127907
10616,0.032348633
10617,0.033630386
10618,0.033630386
10619,0.034271225
10620,0.031341534
10621,0.030212421
10622,0.026519775
10623,0.019958494
10624,0.014648438
10625,0.008972169
10626,0.004089354
10627,-0.0039672833
10628,-0.009582516
10629,-0.012237548
10630,-0.011993412
10631,-0.010314945
10632,-0.00909424
10633,-0.005218506
10634,-0.0010070824
10635,0.0041198716
10636,0.008361817
10637,0.009185795
10638,0.00994873
10639,0.010375978
10640,0.012207033
10641,0.012786865
10642,0.0132751465
10643,0.0133666955
10644,0.012420636
10645,0.0063171275
10646,0.002166748
10647,0.0016479567
10648,-0.004089365
10649,-0.011230475
10650,-0.015380854
10651,-0.011016842
10652,-0.003204342
10653,-0.00027465634
10654,0.004119873
10655,0.010467529
10656,0.018188465
10657,0.023071289
10658,0.021942139
10659,0.021545414
10660,0.0215149
10661,0.019409142
10662,0.015106216
10663,0.0108947605
10664,0.007904045
10665,0.0015563965
10666,-0.0016174465
10667,-0.008605957
10668,-0.009368893
10669,-0.0071410984
10670,-0.0018310584
10671,-0.003051784
10672,-0.014923122
10673,-0.005004879
10674,-0.009857189
10675,-0.0008850284
10676,-0.007842995
10677,0.002624508
10678,0.006835915
10679,0.0063170977
10680,0.010833755
10681,0.012878433
10682,0.015472375
10683,0.010375954
10684,0.0062865913
10685,0.0012512282
10686,-0.0013122335
10687,-0.004028298
10688,-0.0068969913
10689,-0.006744422
10690,-0.004882809
10691,-0.004241906
10692,-0.0075988695
10693,-0.01208498
10694,-0.016235352
10695,-0.020324692
10696,-0.023773182
10697,-0.026641857
10698,-0.026214592
10699,-0.024780273
10700,-0.020965578
10701,-0.01873779
10702,-0.018005366
10703,-0.017791752
10704,-0.016723651
10705,-0.016021729
10706,-0.01687621
10707,-0.018280037
10708,-0.017517123
10709,-0.015228283
10710,-0.01361084
10711,-0.011810295
10712,-0.009735115
10713,-0.006469749
10714,-0.004119903
10715,-0.0026855692
10716,0.000946071
10717,0.0057373345
10718,0.011322025
10719,0.015319809
10720,0.019409165
10721,0.022705093
10722,0.02221681
10723,0.015869133
10724,0.008972159
10725,0.0040283184
10726,-0.0005187914
10727,-0.003295904
10728,-0.0065612774
10729,-0.005676251
10730,-0.0038146898
10731,-0.002471935
10732,-0.0060119852
10733,-0.008941643
10734,-0.010436982
10735,-0.0120849535
10736,-0.016296387
10737,-0.01831054
10738,-0.016845696
10739,-0.0195923
10740,-0.020690933
10741,-0.021392852
10742,-0.017669708
10743,-0.014892593
10744,-0.011169419
10745,-0.007354751
10746,-0.0028381348
10747,0.0039977953
10748,0.010040298
10749,0.011505149
10750,0.01068116
10751,0.008850105
10752,0.0071105585
10753,0.004577644
10754,0.0018616095
10755,0.0018920824
10756,0.00045774877
10757,9.1560185e-05
10758,-0.00018309802
10759,0.0014953539
10760,0.006317124
10761,0.01110838
10762,0.01596069
10763,0.019866921
10764,0.022277832
10765,0.022064202
10766,0.021759024
10767,0.021331793
10768,0.019012451
10769,0.01809693
10770,0.017456057
10771,0.019409182
10772,0.018554686
10773,0.020294202
10774,0.025024418
10775,0.029357888
10776,0.029998776
10777,0.026702896
10778,0.022064224
10779,0.015380837
10780,0.0053405613
10781,-0.004241951
10782,-0.0124206655
10783,-0.019165048
10784,-0.024261469
10785,-0.026702873
10786,-0.025329597
10787,-0.022338867
10788,-0.020507809
10789,-0.017059326
10790,-0.011688233
10791,-0.008544919
10792,-0.0065307627
10793,-0.0058898944
10794,-0.0025329571
10795,0.00033569615
10796,-0.0010070773
10797,-0.00216675
10798,-0.00363159
10799,-0.006011963
10800,-0.0064086933
10801,-0.0055541974
10802,-0.0029296856
10803,3.0517578e-05
10804,0.0014648428
10805,0.006347657
10806,0.011413576
10807,0.015808104
10808,0.018280027
10809,0.01986694
10810,0.022308357
10811,0.020080578
10812,0.01922609
10813,0.018341064
10814,0.018157937
10815,0.017059326
10816,0.01736451
10817,0.01931765
10818,0.020050064
10819,0.021423332
10820,0.023559578
10821,0.02136232
10822,0.018249542
10823,0.015899688
10824,0.014373794
10825,0.010864273
10826,0.0042114556
10827,-0.0009765327
10828,-0.0053100437
10829,-0.0061950535
10830,-0.005493194
10831,-0.003540054
10832,-0.003173858
10833,-0.0033569336
10834,-0.001800552
10835,-0.0016479716
10836,-0.0009155497
10837,-0.0023803785
10838,-0.003326416
10839,-0.0069580153
10840,-0.011566177
10841,-0.01452639
10842,-0.017425537
10843,-0.017364483
10844,-0.018829342
10845,-0.019866973
10846,-0.017669685
10847,-0.013092026
10848,-0.007415753
10849,-0.005676288
10850,-0.0034790188
10851,0.00015257671
10852,0.0007324144
10853,0.00036622584
10854,-0.00039672852
10855,-0.0025634877
10856,-0.0043029822
10857,-0.0066223033
10858,-0.0070800744
10859,-0.007202156
10860,-0.006073002
10861,-0.0058898777
10862,-0.004974367
10863,-0.004608158
10864,-0.0046691876
10865,-0.007537842
10866,-0.008911133
10867,-0.007324218
10868,-0.0066833496
10869,-0.0059509296
10870,-0.005126954
10871,-9.1552734e-05
10872,0.0018310528
10873,0.0011901855
10874,0.0027770996
10875,0.005859373
10876,0.009094238
10877,0.0079956055
10878,0.008697502
10879,0.009063702
10880,0.006683346
10881,0.0027465858
10882,-0.0025329553
10883,-0.008087167
10884,-0.016693117
10885,-0.022644041
10886,-0.021301273
10887,-0.01724243
10888,-0.014953614
10889,-0.009460448
10890,-0.0043640137
10891,0.0017395015
10892,0.0009155255
10893,-0.0014953613
10894,-0.00289917
10895,-0.009490956
10896,-0.015258785
10897,-0.01934816
10898,-0.018371575
10899,-0.018188473
10900,-0.019927971
10901,-0.018188484
10902,-0.0150756985
10903,-0.010375962
10904,-0.008605935
10905,-0.0056762695
10906,-0.003692627
10907,-0.0018005371
10908,-0.0014648363
10909,-0.0040893555
10910,-0.0046386793
10911,-0.007904008
10912,-0.010986328
10913,-0.0135498345
10914,-0.015869126
10915,-0.013885483
10916,-0.012359604
10917,-0.008697525
10918,-0.0016174093
10919,0.004669212
10920,0.011505149
10921,0.013793938
10922,0.016174313
10923,0.021362308
10924,0.023529049
10925,0.025268566
10926,0.023925774
10927,0.020996105
10928,0.018585188
10929,0.015228279
10930,0.012786873
10931,0.007965082
10932,0.0031738244
10933,0.0033569317
10934,0.004760742
10935,0.0055541974
10936,0.0076904306
10937,0.0089416485
10938,0.008850097
10939,0.006103515
10940,0.002258297
10941,0.00036621094
10942,-0.00091552734
10943,-0.0040893536
10944,-0.0074157715
10945,-0.010040285
10946,-0.009399414
10947,-0.0073547363
10948,-0.00680542
10949,-0.0058898926
10950,0.004425049
10951,0.014373778
10952,0.010040281
10953,0.0022277813
10954,0.003570558
10955,0.012847903
10956,0.0061035175
10957,-0.008300781
10958,-0.0093688965
10959,-0.003692627
10960,-0.011657715
10961,-0.023254395
10962,-0.026245128
10963,-0.018280033
10964,-0.013915997
10965,-0.008697506
10966,0.0015258752
10967,0.012542719
10968,0.022338877
10969,0.02886964
10970,0.03256224
10971,0.031768806
10972,0.029144293
10973,0.026855465
10974,0.026702873
10975,0.024322502
10976,0.022735588
10977,0.020385753
10978,0.018585205
10979,0.017333984
10980,0.0138855055
10981,0.009307846
10982,0.0015258603
10983,-0.002777107
10984,-0.005462613
10985,-0.0058898516
10986,-0.009552032
10987,-0.009307902
10988,-0.00790406
10989,-0.0066528097
10990,-0.007507324
10991,-0.010803238
10992,-0.013641363
10993,-0.015533447
10994,-0.013610818
10995,-0.017608657
10996,-0.017242432
10997,-0.01855468
10998,-0.017059326
10999,-0.017578129
11000,-0.017456055
11001,-0.012145996
11002,-0.010253908
11003,-0.007354738
11004,-0.0064697284
11005,-0.0043029804
11006,-0.0045776367
11007,-0.005584717
11008,-0.007904064
11009,-0.009399433
11010,-0.011810295
11011,-0.011962865
11012,-0.010742165
11013,-0.009338375
11014,-0.008178737
11015,-0.008117665
11016,-0.00534058
11017,-0.0061340183
11018,-0.0063476376
11019,-0.0056762546
11020,-0.00579834
11021,-0.008514427
11022,-0.011901848
11023,-0.006713845
11024,0.0015259162
11025,0.0013732612
11026,-0.0039673075
11027,-0.0069580153
11028,-0.011047348
11029,-0.015747055
11030,-0.021118179
11031,-0.0211792
11032,-0.017791763
11033,-0.014190644
11034,-0.008056641
11035,-0.002319336
11036,0.004974328
11037,0.011108376
11038,0.015625
11039,0.01794435
11040,0.0184021
11041,0.017486572
11042,0.017456029
11043,0.01898193
11044,0.01882936
11045,0.019012447
11046,0.01885987
11047,0.020263657
11048,0.019134535
11049,0.019775381
11050,0.023376472
11051,0.025543213
11052,0.026397707
11053,0.027404789
11054,0.028320298
11055,0.027740464
11056,0.028106704
11057,0.028472908
11058,0.028869621
11059,0.027038574
11060,0.024047852
11061,0.02255252
11062,0.019439682
11063,0.018829376
11064,0.0155944675
11065,0.012756348
11066,0.009765595
11067,0.01190187
11068,0.010498062
11069,0.008117676
11070,0.006103471
11071,0.0072021484
11072,0.0075683743
11073,0.0053710938
11074,0.0046081245
11075,0.0026245117
11076,0.0012817681
11077,-0.0018310398
11078,-0.005004868
11079,-0.008239731
11080,-0.011901826
11081,-0.01678466
11082,-0.020996079
11083,-0.027343728
11084,-0.030822743
11085,-0.033721916
11086,-0.0352173
11087,-0.037658684
11088,-0.040924072
11089,-0.04040526
11090,-0.040863045
11091,-0.042602543
11092,-0.041412354
11093,-0.036987305
11094,-0.032226555
11095,-0.03015139
11096,-0.027069084
11097,-0.023773171
11098,-0.01849366
11099,-0.011047393
11100,-0.0026550293
11101,0.003326431
11102,0.010223374
11103,0.019378632
11104,0.028503401
11105,0.036987334
11106,0.04061888
11107,0.044677738
11108,0.047332764
11109,0.05087282
11110,0.05056763
11111,0.043182366
11112,0.035278328
11113,0.02645877
11114,0.02368164
11115,0.019744858
11116,0.01562503
11117,0.008697532
11118,0.0025634617
11119,-0.0043945685
11120,-0.014953598
11121,-0.026458725
11122,-0.042022713
11123,-0.057952877
11124,-0.06616211
11125,-0.07052613
11126,-0.083801255
11127,-0.11508177
11128,-0.15573123
11129,-0.19143668
11130,-0.21777338
11131,-0.2279664
11132,-0.21737683
11133,-0.18283081
11134,-0.13211054
11135,-0.07461566
11136,-0.018402278
11137,0.034820437
11138,0.083893
11139,0.12609881
11140,0.16256702
11141,0.19137569
11142,0.20901485
11143,0.2164308
11144,0.2196655
11145,0.22222894
11146,0.2226257
11147,0.22048956
11148,0.21490484
11149,0.21316516
11150,0.21542346
11151,0.21582037
11152,0.2137757
11153,0.20458978
11154,0.18185419
11155,0.16345233
11156,0.14202905
11157,0.12725818
11158,0.114990234
11159,0.099090576
11160,0.0919497
11161,0.06704736
11162,0.032226443
11163,0.0068358183
11164,-0.022400022
11165,-0.076660216
11166,-0.14422613
11167,-0.2112124
11168,-0.26965332
11169,-0.33029175
11170,-0.3681031
11171,-0.3769226
11172,-0.39303583
11173,-0.41201782
11174,-0.4099731
11175,-0.35028067
11176,-0.23895282
11177,-0.11383057
11178,-0.004882753
11179,0.09069826
11180,0.1886596
11181,0.2644347
11182,0.28421032
11183,0.25601196
11184,0.1966247
11185,0.120269775
11186,0.028961191
11187,-0.06130983
11188,-0.1441345
11189,-0.21444711
11190,-0.24807742
11191,-0.25497448
11192,-0.25073242
11193,-0.23092628
11194,-0.17178336
11195,-0.0767515
11196,0.015686154
11197,0.10263063
11198,0.18594356
11199,0.26577747
11200,0.3138427
11201,0.33084106
11202,0.31530747
11203,0.26654056
11204,0.19772345
11205,0.116241395
11206,0.030517563
11207,-0.05688481
11208,-0.13964836
11209,-0.20037846
11210,-0.23568732
11211,-0.25164792
11212,-0.2512207
11213,-0.23440564
11214,-0.20013437
11215,-0.15625
11216,-0.108703524
11217,-0.058379978
11218,-0.009216428
11219,0.04208365
11220,0.08905026
11221,0.124633834
11222,0.14590454
11223,0.15170276
11224,0.14285275
11225,0.11584476
11226,0.07394411
11227,0.026916504
11228,-0.02319336
11229,-0.0680237
11230,-0.10223392
11231,-0.12588495
11232,-0.14013672
11233,-0.14367688
11234,-0.13189685
11235,-0.1109314
11236,-0.0851745
11237,-0.055908144
11238,-0.023712218
11239,0.009033233
11240,0.039123356
11241,0.06738287
11242,0.093444794
11243,0.11630237
11244,0.13388059
11245,0.14425668
11246,0.14880365
11247,0.14920041
11248,0.1419983
11249,0.12799074
11250,0.10864259
11251,0.08566282
11252,0.061920136
11253,0.032928452
11254,0.004394524
11255,-0.023162851
11256,-0.04626465
11257,-0.06329347
11258,-0.076751694
11259,-0.080017075
11260,-0.07830812
11261,-0.069946304
11262,-0.05877684
11263,-0.04208374
11264,-0.022308365
11265,-0.004272476
11266,0.013214096
11267,0.030212399
11268,0.0440979
11269,0.052520752
11270,0.052978516
11271,0.050781235
11272,0.047515884
11273,0.042358387
11274,0.03619384
11275,0.02752687
11276,0.02133179
11277,0.01699828
11278,0.015106197
11279,0.01840213
11280,0.026702888
11281,0.03393551
11282,0.036468506
11283,0.03558354
11284,0.030334458
11285,0.022552475
11286,0.012237519
11287,0.0031433553
11288,-0.0036010593
11289,-0.007446289
11290,-0.0097350925
11291,-0.012359634
11292,-0.010864235
11293,-0.008483894
11294,-0.0080261305
11295,-0.008850105
11296,-0.0050964355
11297,0.0017700344
11298,0.006439209
11299,0.007324204
11300,0.012115449
11301,0.013977021
11302,0.0136413425
11303,0.013061494
11304,0.012207016
11305,0.008666977
11306,0.0026550293
11307,-0.0011291802
11308,-0.002594009
11309,-0.0076293796
11310,-0.012145996
11311,-0.012512222
11312,-0.007873565
11313,-0.0028686821
11314,0.003326431
11315,0.0110168755
11316,0.017669693
11317,0.021118179
11318,0.020477295
11319,0.01971437
11320,0.01550293
11321,0.008026093
11322,0.0019530952
11323,-0.0006714165
11324,-0.0016784817
11325,-0.0039367825
11326,-0.0037231594
11327,0.0022277832
11328,0.007232666
11329,0.011352554
11330,0.01568605
11331,0.019714355
11332,0.023254395
11333,0.022644013
11334,0.021636903
11335,0.019226044
11336,0.014099121
11337,0.006774932
11338,0.00036622584
11339,-0.006347686
11340,-0.013122559
11341,-0.021545395
11342,-0.027191132
11343,-0.029479966
11344,-0.030273467
11345,-0.029449448
11346,-0.028503418
11347,-0.027130142
11348,-0.028350845
11349,-0.028869629
11350,-0.030395519
11351,-0.034118664
11352,-0.036621112
11353,-0.037139896
11354,-0.03622435
11355,-0.036315925
11356,-0.035644528
11357,-0.03137207
11358,-0.025970459
11359,-0.022796627
11360,-0.02044678
11361,-0.019439694
11362,-0.017639142
11363,-0.016326904
11364,-0.018432636
11365,-0.020629883
11366,-0.025482163
11367,-0.026824929
11368,-0.02636721
11369,-0.023925811
11370,-0.016967803
11371,-0.011230484
11372,-0.0063476562
11373,-0.0009460747
11374,0.0045471042
11375,0.01171878
11376,0.012146011
11377,0.013305638
11378,0.015075661
11379,0.01742556
11380,0.017852813
11381,0.013519257
11382,0.009887654
11383,0.005462669
11384,0.00094604865
11385,-0.0038757138
11386,-0.008789081
11387,-0.009399429
11388,-0.00970456
11389,-0.008117683
11390,-0.0047912598
11391,-0.0015869513
11392,3.0510128e-05
11393,-0.0021362528
11394,-0.0027771145
11395,-0.0039062724
11396,-0.0061035305
11397,-0.009429939
11398,-0.011749268
11399,-0.011779785
11400,-0.010467529
11401,-0.0064392313
11402,-0.0023193434
11403,0.0027770773
11404,0.006744355
11405,0.013671853
11406,0.020538334
11407,0.027771015
11408,0.03448485
11409,0.03948974
11410,0.039398186
11411,0.033111587
11412,0.026031496
11413,0.01708984
11414,0.006958007
11415,-0.0077514695
11416,-0.021789547
11417,-0.028045647
11418,-0.032104485
11419,-0.03427124
11420,-0.032073982
11421,-0.028106675
11422,-0.017852776
11423,-0.01483155
11424,-0.012237549
11425,-0.0090027
11426,-0.0064697415
11427,-0.0061645806
11428,-0.00982666
11429,-0.013092011
11430,-0.015808105
11431,-0.01953125
11432,-0.022705063
11433,-0.02426143
11434,-0.026977524
11435,-0.029327393
11436,-0.029388443
11437,-0.026001006
11438,-0.024383575
11439,-0.019256592
11440,-0.012207016
11441,-0.0027465671
11442,0.003234893
11443,0.0074157715
11444,0.013854951
11445,0.020690903
11446,0.025756821
11447,0.02905275
11448,0.0317688
11449,0.03427121
11450,0.035766587
11451,0.035980217
11452,0.036590584
11453,0.03500366
11454,0.0352478
11455,0.034454346
11456,0.03280641
11457,0.027008042
11458,0.021148693
11459,0.01864624
11460,0.015258783
11461,0.010406491
11462,0.008026123
11463,0.0106506385
11464,0.015350344
11465,0.01867675
11466,0.021087632
11467,0.028076164
11468,0.032928467
11469,0.035858147
11470,0.037780754
11471,0.037750244
11472,0.034118667
11473,0.02804567
11474,0.022308365
11475,0.015960693
11476,0.012023896
11477,0.0068359375
11478,0.006439194
11479,0.0039978027
11480,0.0038757473
11481,0.004486099
11482,0.0017089695
11483,0.0012817234
11484,-0.0027160496
11485,-0.0082092285
11486,-0.012969971
11487,-0.016113266
11488,-0.016387895
11489,-0.01644896
11490,-0.013153091
11491,-0.0064086765
11492,0.00015258789
11493,0.0046691895
11494,0.0049438328
11495,0.0036010444
11496,0.0017089695
11497,-0.0035400614
11498,-0.013916016
11499,-0.022369385
11500,-0.02758791
11501,-0.027801517
11502,-0.02575684
11503,-0.021148663
11504,-0.019012429
11505,-0.021545425
11506,-0.024322506
11507,-0.025756847
11508,-0.027648918
11509,-0.032287594
11510,-0.03616334
11511,-0.037048355
11512,-0.030487053
11513,-0.025299057
11514,-0.019958504
11515,-0.015991222
11516,-0.0068054087
11517,0.0061950944
11518,0.014801038
11519,0.02233886
11520,0.026367199
11521,0.030731201
11522,0.02987671
11523,0.02893066
11524,0.026367182
11525,0.019042969
11526,0.010681154
11527,0.0022888212
11528,-0.0038146966
11529,-0.011993411
11530,-0.016723633
11531,-0.013641358
11532,-0.008483886
11533,-0.004547118
11534,-0.0017089853
11535,0.00015258789
11536,0.0025329585
11537,-0.00015258696
11538,-0.00036621094
11539,-0.00088501023
11540,3.0517345e-05
11541,-0.0010986332
11542,-0.0011901858
11543,0.004272462
11544,0.008148193
11545,0.007232665
11546,0.0043029776
11547,0.002288817
11548,0.0003967291
11549,-0.0038452158
11550,-0.005218506
11551,-0.0043029794
11552,-0.0018005376
11553,-0.0020141597
11554,-0.00021362351
11555,0.0036315923
11556,0.0041198735
11557,0.0022582998
11558,-0.0031127923
11559,-0.005249022
11560,-0.0076904306
11561,-0.012268068
11562,-0.015075684
11563,-0.017150879
11564,-0.016357414
11565,-0.014801022
11566,-0.01257325
11567,-0.011505131
11568,-0.010589588
11569,-0.009826645
11570,-0.0061340444
11571,-0.005981464
11572,-0.0054016076
11573,-0.0043029785
11574,-0.0013122745
11575,-0.0011596829
11576,-0.0011291355
11577,0.0019531325
11578,0.0057373047
11579,0.0045471117
11580,0.0016174391
11581,0.0036316067
11582,0.008361809
11583,0.011962883
11584,0.011444084
11585,0.011871351
11586,0.012939446
11587,0.012939439
11588,0.013946541
11589,0.011932377
11590,0.011352537
11591,0.010681153
11592,0.011230465
11593,0.010986325
11594,0.0074768066
11595,0.002227785
11596,-0.0018615716
11597,-0.0057678223
11598,-0.0068359366
11599,-0.005432127
11600,-0.0021362302
11601,-0.0010070811
11602,0.00021362398
11603,0.0030517569
11604,0.0069885254
11605,0.010375978
11606,0.012908932
11607,0.0145568885
11608,0.015899677
11609,0.01818848
11610,0.019683827
11611,0.018798832
11612,0.015808128
11613,0.01586916
11614,0.01660157
11615,0.01739505
11616,0.018859878
11617,0.021636963
11618,0.022155762
11619,0.020904541
11620,0.016754135
11621,0.013031006
11622,0.007873565
11623,0.00012204051
11624,-0.0070190653
11625,-0.014465325
11626,-0.018066391
11627,-0.019866947
11628,-0.023315437
11629,-0.026062038
11630,-0.02856445
11631,-0.028747575
11632,-0.026977532
11633,-0.028472908
11634,-0.027923588
11635,-0.027343743
11636,-0.023529049
11637,-0.018920898
11638,-0.017333986
11639,-0.017974857
11640,-0.016601581
11641,-0.014404304
11642,-0.013580304
11643,-0.015197739
11644,-0.015533444
11645,-0.012420651
11646,-0.012481656
11647,-0.010528561
11648,-0.009277355
11649,-0.0053710938
11650,-0.00302127
11651,-0.00033570454
11652,0.0037841834
11653,0.004272487
11654,0.0032043308
11655,0.0021057054
11656,0.0037841983
11657,0.006103527
11658,0.008026119
11659,0.008758564
11660,0.010864273
11661,0.013580326
11662,0.015228253
11663,0.013549808
11664,0.009735113
11665,0.004974356
11666,-6.103143e-05
11667,-0.002960205
11668,-0.0030822754
11669,0.0
11670,0.0032043457
11671,0.007507325
11672,0.011718751
11673,0.014709473
11674,0.015777588
11675,0.015930176
11676,0.0152282715
11677,0.010894774
11678,0.0065307627
11679,0.0017089853
11680,0.0005798312
11681,0.00070190337
11682,0.0016784668
11683,0.0025634784
11684,0.0035095215
11685,0.006958008
11686,0.010772705
11687,0.012329109
11688,0.012237556
11689,0.012451157
11690,0.010223374
11691,0.0054016113
11692,-0.002349846
11693,-0.008941658
11694,-0.016448982
11695,-0.023925778
11696,-0.029205315
11697,-0.030944813
11698,-0.029418945
11699,-0.028289806
11700,-0.026397698
11701,-0.023010246
11702,-0.021148667
11703,-0.018859878
11704,-0.015411392
11705,-0.010314949
11706,-0.006957993
11707,-0.007934555
11708,-0.0071716234
11709,-0.0025940016
11710,0.00015258789
11711,0.0016174391
11712,0.005432114
11713,0.013824452
11714,0.022705067
11715,0.026428223
11716,0.029693592
11717,0.011627197
11718,-0.04504396
11719,-0.08483887
11720,-0.055358842
11721,-0.06713864
11722,-0.16012579
11723,-0.24047852
11724,-0.24523914
11725,-0.14123538
11726,-0.0071412027
11727,0.142456
11728,0.27447522
11729,0.36346442
11730,0.46524033
11731,0.52069086
11732,0.4613039
11733,0.3268739
11734,0.1939696
11735,0.10217279
11736,0.022644132
11737,-0.06249997
11738,-0.117126465
11739,-0.114990234
11740,-0.071655154
11741,-0.023132443
11742,0.009582609
11743,0.016907066
11744,-0.0052185655
11745,-0.052978694
11746,-0.11373913
11747,-0.17288207
11748,-0.2247314
11749,-0.26354992
11750,-0.28659058
11751,-0.2920532
11752,-0.27954105
11753,-0.2473146
11754,-0.20156866
11755,-0.1541748
11756,-0.10202032
11757,-0.051086456
11758,-0.009368926
11759,0.017608821
11760,0.032775998
11761,0.04034424
11762,0.03793347
11763,0.032287538
11764,0.022796929
11765,0.0033873916
11766,-0.030822843
11767,-0.0683898
11768,-0.09115583
11769,-0.060058504
11770,0.009582341
11771,0.05758661
11772,0.08877583
11773,0.12326048
11774,0.16516104
11775,0.17523196
11776,0.160492
11777,0.1483154
11778,0.13613892
11779,0.09985353
11780,0.056457512
11781,0.017364508
11782,-0.015716573
11783,-0.04241944
11784,-0.06439209
11785,-0.06781006
11786,-0.05429077
11787,-0.029785156
11788,0.012237541
11789,0.06698612
11790,0.117614746
11791,0.14694214
11792,0.15679929
11793,0.15258786
11794,0.13531494
11795,0.11135864
11796,0.08526623
11797,0.059539855
11798,0.034332335
11799,0.016967773
11800,0.0054320097
11801,-0.010284424
11802,-0.03527838
11803,-0.060760483
11804,-0.08367923
11805,-0.10144047
11806,-0.11688233
11807,-0.124694824
11808,-0.123229966
11809,-0.11108397
11810,-0.09329225
11811,-0.07119754
11812,-0.046386726
11813,-0.02273559
11814,-0.0015258761
11815,0.013427727
11816,0.025970452
11817,0.034576423
11818,0.037811294
11819,0.038757324
11820,0.038543694
11821,0.038574226
11822,0.03500367
11823,0.03012085
11824,0.026733413
11825,0.025543243
11826,0.02432251
11827,0.023101777
11828,0.019561738
11829,0.013092056
11830,0.0060425103
11831,-0.0012817383
11832,-0.012237534
11833,-0.028503425
11834,-0.04327392
11835,-0.055480957
11836,-0.06277464
11837,-0.06848142
11838,-0.06719972
11839,-0.06414798
11840,-0.058105476
11841,-0.051818825
11842,-0.047271714
11843,-0.045135498
11844,-0.044097885
11845,-0.045104966
11846,-0.047058105
11847,-0.047210664
11848,-0.046813935
11849,-0.04446411
11850,-0.041931152
11851,-0.036193848
11852,-0.028198212
11853,-0.016967803
11854,-0.006500274
11855,0.0011901855
11856,0.0039367974
11857,0.005126983
11858,0.0044555366
11859,0.0033874214
11860,0.0058288276
11861,0.011932418
11862,0.020202637
11863,0.03012085
11864,0.044921875
11865,0.05798342
11866,0.06741336
11867,0.06933592
11868,0.07073976
11869,0.06982423
11870,0.065734856
11871,0.058898926
11872,0.052368153
11873,0.04910278
11874,0.044494648
11875,0.039489746
11876,0.036804207
11877,0.036590576
11878,0.035430923
11879,0.032043442
11880,0.031036317
11881,0.029937759
11882,0.0274048
11883,0.022582993
11884,0.015930176
11885,0.011108413
11886,0.0057678074
11887,0.0029296875
11888,0.00036624074
11889,-0.0038146973
11890,-0.005065948
11891,-0.005493194
11892,-0.003906265
11893,-0.0067443997
11894,-0.010284454
11895,-0.010986328
11896,-0.009948716
11897,-0.009826645
11898,-0.0105896145
11899,-0.009857178
11900,-0.010589585
11901,-0.013275132
11902,-0.017272942
11903,-0.019042965
11904,-0.022705037
11905,-0.026062004
11906,-0.028839093
11907,-0.029235836
11908,-0.02825928
11909,-0.028869623
11910,-0.029357908
11911,-0.029296884
11912,-0.029418953
11913,-0.025573723
11914,-0.022308338
11915,-0.020721436
11916,-0.021545406
11917,-0.023895275
11918,-0.02420044
11919,-0.026855469
11920,-0.02465821
11921,-0.02252198
11922,-0.017272972
11923,-0.010528572
11924,-0.0014038011
11925,0.0065002292
11926,0.0063476264
11927,0.00674437
11928,0.004821822
11929,0.005340591
11930,0.005279526
11931,0.0011596456
11932,-0.00097657
11933,-0.001617454
11934,0.002105698
11935,0.00393676
11936,0.0019531325
11937,0.0040893406
11938,0.0074157417
11939,0.011718724
11940,0.017730724
11941,0.021331795
11942,0.025146484
11943,0.026855461
11944,0.029357912
11945,0.030853277
11946,0.029388428
11947,0.025421146
11948,0.018585201
11949,0.016204823
11950,0.015258774
11951,0.016540535
11952,0.015838634
11953,0.015655506
11954,0.015045159
11955,0.015380867
11956,0.017089859
11957,0.015563935
11958,0.011352539
11959,0.0059204176
11960,0.0025024787
11961,-0.0018005371
11962,-0.00491333
11963,-0.0031738207
11964,0.00030515343
11965,0.004486099
11966,0.0044555888
11967,0.0036316141
11968,-0.00030515343
11969,-0.0019531474
11970,-0.003967274
11971,-0.008392315
11972,-0.011108395
11973,-0.017425563
11974,-0.019866966
11975,-0.021881089
11976,-0.021667479
11977,-0.020446789
11978,-0.019195557
11979,-0.018524162
11980,-0.015869137
11981,-0.012725828
11982,-0.009429933
11983,-0.004058837
11984,-0.0025939941
11985,0.0026550288
11986,0.0021667476
11987,-0.0022277837
11988,-0.0068359384
11989,-0.009368897
11990,-0.008605955
11991,-0.00830078
11992,-0.0025634784
11993,0.007263183
11994,0.016082762
11995,0.01953125
11996,0.019104004
11997,0.016204834
11998,0.009613039
11999,0.0016784687
12000,-0.0072936993
12001,-0.012054443
12002,-0.013824462
12003,-0.012420652
12004,-0.014190673
12005,-0.017669676
12006,-0.018341059
12007,-0.01693727
12008,-0.015014652
12009,-0.014282212
12010,-0.009857167
12011,-0.0065307617
12012,-0.0031128116
12013,-0.0032043196
12014,-0.0027465858
12015,-0.005432144
12016,-0.008758575
12017,-0.012878414
12018,-0.016296357
12019,-0.017639168
12020,-0.01580812
12021,-0.010467544
12022,-0.00683593
12023,-0.0034179613
12024,-0.0015258417
12025,0.0026855506
12026,0.009887695
12027,0.015014637
12028,0.017242447
12029,0.01864624
12030,0.021942135
12031,0.025146471
12032,0.025665289
12033,0.023071282
12034,0.019470215
12035,0.016967777
12036,0.01446533
12037,0.010406492
12038,0.004425049
12039,-3.0516167e-05
12040,-0.003845214
12041,-0.0065002446
12042,-0.010986327
12043,-0.013916012
12044,-0.013916021
12045,-0.015777577
12046,-0.015838623
12047,-0.016387932
12048,-0.012084957
12049,-0.006774906
12050,-0.005401589
12051,-0.0009155292
12052,0.001586929
12053,0.0050964206
12054,0.004699707
12055,0.0010376126
12056,-0.0010070726
12057,-0.0046692006
12058,-0.0024719238
12059,0.00018310547
12060,0.0034179576
12061,0.0033569261
12062,3.0521303e-05
12063,-0.0013732687
12064,-0.0021057054
12065,-0.0021667443
12066,-0.0050354004
12067,-0.006469708
12068,-0.0076293834
12069,-0.0062561
12070,-0.0052185096
12071,-0.0059509464
12072,-0.0045471266
12073,-0.0040588677
12074,-0.00289917
12075,-0.0049743652
12076,-0.0036315955
12077,-0.00033568963
12078,0.0028381199
12079,0.0056762546
12080,0.006378159
12081,0.008117672
12082,0.0076294355
12083,0.0068359375
12084,0.0043334775
12085,0.0020141453
12086,0.001342807
12087,0.0026550516
12088,0.0031432956
12089,0.003967274
12090,0.007904055
12091,0.012695316
12092,0.017669676
12093,0.022888174
12094,0.029205324
12095,0.03579713
12096,0.037261967
12097,0.034210213
12098,0.03546144
12099,0.03790286
12100,0.0413208
12101,0.037994355
12102,0.032043472
12103,0.02865602
12104,0.024780288
12105,0.021881074
12106,0.01449585
12107,0.009185821
12108,0.0041503906
12109,-0.0014953464
12110,-0.0074158013
12111,-0.011932373
12112,-0.014282227
12113,-0.01852417
12114,-0.022277877
12115,-0.028778113
12116,-0.03079224
12117,-0.03341677
12118,-0.03479006
12119,-0.037719727
12120,-0.03579711
12121,-0.028961174
12122,-0.022064209
12123,-0.017150871
12124,-0.015228268
12125,-0.008972167
12126,-0.0041198716
12127,0.0017700223
12128,0.005187989
12129,0.0113830585
12130,0.01708984
12131,0.015686017
12132,0.010528557
12133,0.005828865
12134,0.0043945387
12135,0.0015563928
12136,-0.0018310621
12137,-0.0041809008
12138,-0.005157469
12139,-0.004486082
12140,-0.0004272461
12141,0.0012512207
12142,0.002532959
12143,0.0002746582
12144,0.002380371
12145,0.004272461
12146,0.004150402
12147,0.0036316141
12148,0.0017089881
12149,0.0005187914
12150,-0.0025024489
12151,-0.0031127892
12152,-0.0056152306
12153,-0.008880623
12154,-0.014770512
12155,-0.01928711
12156,-0.019958496
12157,-0.018798828
12158,-0.016693113
12159,-0.015045166
12160,-0.011322023
12161,-0.003753662
12162,0.00241089
12163,0.007507328
12164,0.013031005
12165,0.017211918
12166,0.019104006
12167,0.017913824
12168,0.016326897
12169,0.020507805
12170,0.022583008
12171,0.021453861
12172,0.018676758
12173,0.018341042
12174,0.02053833
12175,0.019287117
12176,0.017517112
12177,0.017303482
12178,0.018585205
12179,0.016113281
12180,0.008209258
12181,-0.0015564039
12182,-0.007507354
12183,-0.01327518
12184,-0.018524155
12185,-0.02468869
12186,-0.028839119
12187,-0.031433105
12188,-0.031005844
12189,-0.026611328
12190,-0.025726318
12191,-0.027282719
12192,-0.02902222
12193,-0.025756832
12194,-0.022064202
12195,-0.020446762
12196,-0.018585205
12197,-0.015533447
12198,-0.010192871
12199,-0.0069580153
12200,-0.0036315694
12201,-0.0024108812
12202,-0.0012511984
12203,-0.0030212365
12204,-0.0037841685
12205,-0.004425034
12206,-0.0071105845
12207,-0.010528576
12208,-0.013000503
12209,-0.013153076
12210,-0.011108391
12211,-0.0097045675
12212,-0.008636475
12213,-0.004882805
12214,-0.0030212477
12215,-0.000671424
12216,-0.0017395094
12217,-0.0031433105
12218,-0.0007934794
12219,0.00097655505
12220,0.0052490085
12221,0.009155236
12222,0.014007572
12223,0.01788332
12224,0.016876206
12225,0.017303463
12226,0.016571049
12227,0.013519309
12228,0.010681152
12229,0.0055847205
12230,0.004638683
12231,0.0012512207
12232,0.001373291
12233,0.007293701
12234,0.011413563
12235,0.015808096
12236,0.013946535
12237,0.015167233
12238,0.0124816885
12239,0.011596682
12240,0.010528563
12241,0.006988524
12242,0.00067138695
12243,-0.0044250484
12244,-0.006408692
12245,-0.007080083
12246,-0.0076904306
12247,-0.009552
12248,-0.010650631
12249,-0.011535643
12250,-0.0081176795
12251,-0.008758545
12252,-0.010742184
12253,-0.013488762
12254,-0.01324464
12255,-0.0099182315
12256,-0.008697506
12257,-0.0073547326
12258,-0.0106506385
12259,-0.011230491
12260,-0.0131225735
12261,-0.016571067
12262,-0.01776123
12263,-0.015380859
12264,-0.009857178
12265,-0.003753662
12266,0.0021972358
12267,0.007019054
12268,0.0075073093
12269,0.005554192
12270,0.003875725
12271,3.053248e-05
12272,-0.0041808784
12273,-0.007293746
12274,-0.007659927
12275,-0.0068359077
12276,-0.00485228
12277,-0.001220718
12278,0.003753662
12279,0.0046081766
12280,0.006835971
12281,0.012817387
12282,0.016906753
12283,0.018127427
12284,0.02096556
12285,0.026031502
12286,0.030975342
12287,0.032745343
12288,0.03643799
12289,0.039947506
12290,0.039123528
12291,0.03845214
12292,0.037811287
12293,0.03759768
12294,0.03408812
12295,0.026458725
12296,0.01831054
12297,0.012420669
12298,0.006988518
12299,0.0004882589
12300,-0.0049438626
12301,-0.0051879883
12302,-0.0048217624
12303,-0.0046691746
12304,-0.005310081
12305,-0.0076294094
12306,-0.00970459
12307,-0.012756318
12308,-0.013366699
12309,-0.016357455
12310,-0.01779177
12311,-0.014556877
12312,-0.010223381
12313,-0.0067138635
12314,-0.006317135
12315,-0.003082279
12316,-0.0024108887
12317,-0.0039062575
12318,-0.005249001
12319,-0.0037536547
12320,0.002044689
12321,0.004821755
12322,0.0050048716
12323,0.0014953725
12324,0.0017700419
12325,0.005462639
12326,0.008056644
12327,0.010009762
12328,0.009796146
12329,0.0074463077
12330,0.001953125
12331,-0.0031738542
12332,-0.0078125
12333,-0.015197754
12334,-0.022064198
12335,-0.029266369
12336,-0.029876716
12337,-0.02792357
12338,-0.022521973
12339,-0.018127443
12340,-0.012268066
12341,-0.0006713872
12342,0.0061645512
12343,0.0078125
12344,0.00930786
12345,0.011322025
12346,0.0113220215
12347,0.008880615
12348,0.005065918
12349,0.002349859
12350,-0.0015563909
12351,-0.002655032
12352,-0.0021362267
12353,-0.0026245099
12354,-0.0037231436
12355,-0.0043945312
12356,-0.0021972647
12357,-0.0018615709
12358,-0.0032958991
12359,-0.0047302246
12360,-0.004425049
12361,-0.0010986328
12362,-0.0036010738
12363,-0.0054321284
12364,-0.005065917
12365,-0.0029296875
12366,0.0018005368
12367,0.0032043448
12368,0.00653076
12369,0.00680542
12370,0.0055236835
12371,0.0010375985
12372,-0.0039672856
12373,-0.008972171
12374,-0.013244629
12375,-0.015777586
12376,-0.018493645
12377,-0.017242424
12378,-0.01593019
12379,-0.01303101
12380,-0.00918578
12381,-0.002990719
12382,0.006072987
12383,0.010742178
12384,0.01623536
12385,0.020263676
12386,0.025176998
12387,0.02893066
12388,0.02798461
12389,0.028503422
12390,0.027954124
12391,0.025360126
12392,0.021728527
12393,0.014465332
12394,0.004852291
12395,-0.0045165867
12396,-0.012786865
12397,-0.015411383
12398,-0.020660415
12399,-0.020996094
12400,-0.017242424
12401,-0.013549812
12402,-0.013275152
12403,-0.015411377
12404,-0.013366697
12405,-0.012420652
12406,-0.010925293
12407,-0.010345457
12408,-0.009246824
12409,-0.00500488
12410,-0.00012207218
12411,0.007232663
12412,0.010284426
12413,0.011932375
12414,0.01608276
12415,0.016326904
12416,0.01022339
12417,-0.0033264155
12418,-0.012481688
12419,-0.020080576
12420,-0.028839108
12421,-0.035675038
12422,-0.036560036
12423,-0.031555176
12424,-0.023468047
12425,-0.014617905
12426,-0.0057678334
12427,0.003509529
12428,0.008850101
12429,0.013763428
12430,0.015106205
12431,0.0144958235
12432,0.014434814
12433,0.013671897
12434,0.01364135
12435,0.009368885
12436,0.0041809175
12437,0.00344849
12438,0.004608158
12439,0.004669193
12440,0.0045166044
12441,0.004180911
12442,0.008605959
12443,0.013580322
12444,0.016021732
12445,0.012939455
12446,0.0063476562
12447,0.0021362293
12448,0.0014343264
12449,-0.0009155278
12450,-0.0033874516
12451,-0.012054448
12452,-0.019470213
12453,-0.023864731
12454,-0.025817856
12455,-0.026031502
12456,-0.03045655
12457,-0.028930672
12458,-0.024993889
12459,-0.01776123
12460,-0.013336174
12461,-0.007385254
12462,-0.002838172
12463,-0.00027466565
12464,-0.00027466565
12465,-3.052503e-05
12466,0.0015258417
12467,0.003082268
12468,0.007202171
12469,0.01174926
12470,0.015106186
12471,0.012603756
12472,0.010070819
12473,0.010009773
12474,0.01119994
12475,0.013275158
12476,0.012451172
12477,0.013366699
12478,0.014984123
12479,0.015106204
12480,0.01501465
12481,0.012359616
12482,0.010162354
12483,0.0057373056
12484,0.0021972638
12485,-0.0008850116
12486,-0.0025634747
12487,-0.0035095233
12488,-0.0016784677
12489,0.00015258603
12490,0.004638673
12491,0.009918212
12492,0.01321411
12493,0.0144958515
12494,0.017364498
12495,0.02120971
12496,0.018646248
12497,0.01110841
12498,0.0037841722
12499,-0.0031738374
12500,-0.007812498
12501,-0.009674066
12502,-0.01000977
12503,-0.009460452
12504,-0.008026118
12505,-0.0015563965
12506,0.0024108905
12507,0.0067443866
12508,0.009460449
12509,0.010223392
12510,0.011627201
12511,0.0035705585
12512,-0.0026550293
12513,-0.008697513
12514,-0.013488767
12515,-0.015899658
12516,-0.017974852
12517,-0.012390139
12518,-0.007110595
12519,-0.0052795415
12520,-0.004882813
12521,-0.0068359356
12522,-0.007110594
12523,-0.0041503906
12524,-0.0024108905
12525,-0.0034179706
12526,-0.00537109
12527,-0.0008850107
12528,0.0055236826
12529,0.008911131
12530,0.010253907
12531,0.013275147
12532,0.01586914
12533,0.0178833
12534,0.01702881
12535,0.016143812
12536,0.013702396
12537,0.012420658
12538,0.011230458
12539,0.008789066
12540,0.006896995
12541,0.003112793
12542,0.0020447038
12543,0.00012205914
12544,-9.1560185e-05
12545,-9.1567636e-05
12546,-0.0021057203
12547,-0.003875725
12548,-0.005462669
12549,-0.0046692006
12550,-0.0019836314
12551,-0.0024413988
12552,-0.002868656
12553,0.00085450336
12554,0.00497438
12555,0.007995587
12556,0.007934544
12557,0.008544937
12558,0.008972183
12559,0.0074767917
12560,0.0069274716
12561,0.005035404
12562,0.0020752326
12563,-0.0029601827
12564,-0.007904053
12565,-0.0125122145
12566,-0.016113274
12567,-0.01577759
12568,-0.014160151
12569,-0.010345459
12570,-0.008911138
12571,-0.005004883
12572,-0.0045471173
12573,-0.0011901837
12574,0.002746582
12575,0.00582885
12576,0.0074768215
12577,0.0041504055
12578,0.0035705566
12579,0.0024413913
12580,0.003356941
12581,0.0025940165
12582,0.0014343243
12583,0.00024413876
12584,-0.0025940016
12585,-0.0039977934
12586,-0.004821781
12587,-0.0035705548
12588,-0.004272463
12589,-0.004913334
12590,-0.0045776386
12591,-0.004760744
12592,-0.0035095215
12593,-0.0023498517
12594,-0.0015869122
12595,-0.0006408654
12596,0.00216675
12597,0.00637817
12598,0.00726318
12599,0.008850105
12600,0.011749264
12601,0.01687621
12602,0.01739503
12603,0.015747074
12604,0.018249512
12605,0.020904519
12606,0.023773178
12607,0.022735588
12608,0.024597153
12609,0.02658081
12610,0.023895249
12611,0.018585205
12612,0.012237534
12613,0.008239776
12614,0.003967285
12615,-0.0021057278
12616,-0.0061340034
12617,-0.008972198
12618,-0.011627205
12619,-0.015350349
12620,-0.017486542
12621,-0.021087654
12622,-0.022979766
12623,-0.025329597
12624,-0.024566635
12625,-0.024475109
12626,-0.024292003
12627,-0.021057136
12628,-0.018035876
12629,-0.014251716
12630,-0.013885501
12631,-0.013458247
12632,-0.014587402
12633,-0.01602173
12634,-0.019744866
12635,-0.025024429
12636,-0.026733402
12637,-0.02893066
12638,-0.027404785
12639,-0.02529908
12640,-0.023010284
12641,-0.019683823
12642,-0.015563957
12643,-0.010864243
12644,-0.010437019
12645,-0.008178711
12646,-0.004089348
12647,-0.001525864
12648,-0.0047912523
12649,-0.0061035007
12650,-0.0072936714
12651,-0.009185791
12652,-0.015014663
12653,-0.016784683
12654,-0.014556885
12655,-0.014221191
12656,-0.012908965
12657,-0.012725815
12658,-0.008605957
12659,-0.0075683594
12660,-0.006134048
12661,-0.0069274902
12662,-0.0070495456
12663,-0.0064086616
12664,-0.0053405464
12665,-0.0004272461
12666,-6.106496e-05
12667,0.005371079
12668,0.0069274902
12669,0.0071105957
12670,0.007842973
12671,0.0068359077
12672,0.008483857
12673,0.0051574707
12674,0.0062865913
12675,0.012695305
12676,0.01864627
12677,0.021667473
12678,0.019927993
12679,0.018463172
12680,0.014343262
12681,0.013092011
12682,0.010223422
12683,0.008972205
12684,0.0051574633
12685,0.005737286
12686,0.008483905
12687,0.009613059
12688,0.012451168
12689,0.014251683
12690,0.019012462
12691,0.021331787
12692,0.024017334
12693,0.026641838
12694,0.027404787
12695,0.026855467
12696,0.024230957
12697,0.022491463
12698,0.02056884
12699,0.018646218
12700,0.018310517
12701,0.018493664
12702,0.017608669
12703,0.016113281
12704,0.012481682
12705,0.009246826
12706,0.0029297024
12707,-0.003478989
12708,-0.00579834
12709,-0.008544948
12710,-0.008850098
12711,-0.0115356445
12712,-0.014495827
12713,-0.015075695
12714,-0.015777605
12715,-0.011779774
12716,-0.0077209324
12717,-0.003540028
12718,0.0018920824
12719,0.0046081617
12720,0.008117691
12721,0.008636463
12722,0.008789055
12723,0.003662113
12724,-0.004608132
12725,-0.012481699
12726,-0.015777599
12727,-0.015472407
12728,-0.016693104
12729,-0.013000495
12730,-0.011016848
12731,-0.0054626437
12732,-0.0010070791
12733,0.0053100567
12734,0.008422852
12735,0.004119875
12736,0.0008850079
12737,-0.0006103497
12738,-0.0017395029
12739,-0.0065612784
12740,-0.008270266
12741,-0.005767823
12742,-0.008026121
12743,-0.017242432
12744,-0.018676756
12745,-0.007843016
12746,-0.0025329571
12747,-0.0038757287
12748,-0.007446287
12749,0.002441409
12750,0.00857544
12751,0.0055236826
12752,0.004638673
12753,0.006347657
12754,0.012786869
12755,0.011932373
12756,0.009674069
12757,0.010070797
12758,0.011810301
12759,0.013214108
12760,0.011688232
12761,0.009338383
12762,0.005401615
12763,0.0019226037
12764,-0.0002746582
12765,0.0015869141
12766,0.0034790002
12767,0.0038146824
12768,0.004425034
12769,0.005950924
12770,0.00686647
12771,0.0050964355
12772,0.0067138486
12773,0.0067443624
12774,0.005950924
12775,0.0007934794
12776,-0.00436401
12777,-0.0092468355
12778,-0.015319826
12779,-0.020446766
12780,-0.028289787
12781,-0.031555176
12782,-0.030059818
12783,-0.024841303
12784,-0.020599363
12785,-0.019012444
12786,-0.015289318
12787,-0.010803226
12788,-0.006378155
12789,-0.0043335184
12790,-0.005401619
12791,-0.0069274902
12792,-0.004760716
12793,-0.0046386644
12794,-0.004760731
12795,-0.007446278
12796,-0.007354751
12797,-0.0044250824
12798,-0.001342766
12799,-0.00018308312
12800,0.0004577674
12801,0.002563484
12802,0.005096428
12803,0.0076904334
12804,0.00833131
12805,0.0106506385
12806,0.0115356445
12807,0.011840802
12808,0.013427751
12809,0.01638793
12810,0.020874023
12811,0.02297974
12812,0.022338869
12813,0.0189209
12814,0.020202637
12815,0.019836422
12816,0.016326915
12817,0.010406498
12818,0.0075988546
12819,0.008636482
12820,0.0107727125
12821,0.010467533
12822,0.008270245
12823,0.009094231
12824,0.01126102
12825,0.010162342
12826,0.0036620945
12827,-0.0021667555
12828,-0.006225582
12829,-0.012207035
12830,-0.017028823
12831,-0.016204828
12832,-0.01272583
12833,-0.011901857
12834,-0.013275144
12835,-0.016021729
12836,-0.01940918
12837,-0.020263672
12838,-0.02218628
12839,-0.02078247
12840,-0.01727295
12841,-0.012298586
12842,-0.0058898963
12843,-0.001953125
12844,0.0034179725
12845,0.006958008
12846,0.008178707
12847,0.009948729
12848,0.014221193
12849,0.01876831
12850,0.01937866
12851,0.016784668
12852,0.014678955
12853,0.015228268
12854,0.0126342885
12855,0.010040298
12856,0.008758545
12857,0.00778196
12858,0.007659901
12859,0.003906261
12860,-6.103888e-05
12861,-0.0045471154
12862,-0.009490976
12863,-0.011779776
12864,-0.01525879
12865,-0.017120361
12866,-0.019622803
12867,-0.021362305
12868,-0.020324705
12869,-0.016326906
12870,-0.011779789
12871,-0.007293701
12872,-0.002990719
12873,0.002471923
12874,0.0032958966
12875,0.0023498535
12876,0.004394536
12877,0.008026123
12878,0.010528562
12879,0.011138918
12880,0.011657719
12881,0.01400757
12882,0.013183596
12883,0.012451176
12884,0.01184082
12885,0.013122547
12886,0.013244629
12887,0.012451172
12888,0.008819576
12889,0.007232651
12890,0.0057678074
12891,0.0046997108
12892,0.0051879883
12893,0.0069580004
12894,0.008483883
12895,0.009368882
12896,0.008117683
12897,0.0076904222
12898,0.0060730167
12899,0.003906224
12900,0.0016784593
12901,-0.0017089993
12902,-0.004577622
12903,-0.0054626614
12904,-0.006622318
12905,-0.0102539025
12906,-0.014648452
12907,-0.01919555
12908,-0.021179207
12909,-0.0210266
12910,-0.018707283
12911,-0.013854981
12912,-0.012481688
12913,-0.007873536
12914,-0.00628662
12915,-0.0041809073
12916,-0.0043029794
12917,-0.003906251
12918,-0.0040893545
12919,-0.007659914
12920,-0.007934571
12921,-0.009185789
12922,-0.01031494
12923,-0.013214117
12924,-0.01480102
12925,-0.015045177
12926,-0.014434818
12927,-0.015106179
12928,-0.015808113
12929,-0.018249508
12930,-0.0166931
12931,-0.013061479
12932,-0.010925263
12933,-0.009552039
12934,-0.0055847205
12935,0.0021362118
12936,0.003997784
12937,0.004455548
12938,0.0025024526
12939,0.0042724684
12940,0.0055237077
12941,0.0062255897
12942,0.007934578
12943,0.0072937272
12944,0.008056663
12945,0.0042724647
12946,-0.00018310547
12947,-0.0028991885
12948,-0.0060119554
12949,-0.008911148
12950,-0.009765606
12951,-0.004547134
12952,-0.00021362677
12953,0.0018920936
12954,0.0046081655
12955,0.0084839165
12956,0.009521488
12957,0.00732423
12958,0.0036316067
12959,0.0005187988
12960,-0.0028381608
12961,-0.0046997145
12962,-0.006927494
12963,-0.010711677
12964,-0.010131836
12965,-0.010437012
12966,-0.009490974
12967,-0.011199944
12968,-0.015106201
12969,-0.016571008
12970,-0.018188477
12971,-0.0168152
12972,-0.016204849
12973,-0.015716583
12974,-0.013031036
12975,-0.0078125
12976,-0.004333496
12977,-0.0019531548
12978,0.0005492866
12979,0.007446304
12980,0.013671897
12981,0.01684568
12982,0.019988999
12983,0.024139382
12984,0.0303955
12985,0.031799294
12986,0.032104492
12987,0.031433105
12988,0.030700691
12989,0.03137207
12990,0.032012954
12991,0.032897953
12992,0.032653805
12993,0.033966076
12994,0.034820568
12995,0.03747557
12996,0.03790284
12997,0.038879395
12998,0.03750612
12999,0.03402707
13000,0.031219482
13001,0.028350815
13002,0.023956284
13003,0.018157959
13004,0.012695327
13005,0.008392349
13006,0.003692612
13007,-0.0029297024
13008,-0.009826675
13009,-0.013366684
13010,-0.018463105
13011,-0.022308365
13012,-0.024719238
13013,-0.021118157
13014,-0.014251672
13015,-0.0100402385
13016,-0.006011978
13017,-0.0020446926
13018,0.0030822754
13019,0.003662154
13020,0.0011291653
13021,-0.0039062873
13022,-0.008178733
13023,-0.014953595
13024,-0.023986813
13025,-0.029724136
13026,-0.03033448
13027,-0.028320298
13028,-0.028900156
13029,-0.028442377
13030,-0.024047852
13031,-0.017944336
13032,-0.011566163
13033,-0.0069885254
13034,-0.0043334994
13035,-0.0035400386
13036,-0.00616455
13037,-0.0073852562
13038,-0.008758545
13039,-0.010284424
13040,-0.013671877
13041,-0.014801025
13042,-0.013580322
13043,-0.009490967
13044,-0.0045776386
13045,0.0010986291
13046,0.00842285
13047,0.013732908
13048,0.01928711
13049,0.023010254
13050,0.021972653
13051,0.020538338
13052,0.019836433
13053,0.01983641
13054,0.019439682
13055,0.01766967
13056,0.01672364
13057,0.0152282715
13058,0.009857167
13059,0.005249027
13060,0.00070189685
13061,-0.0021056905
13062,-0.006195076
13063,-0.011871342
13064,-0.015594501
13065,-0.017822258
13066,-0.020477287
13067,-0.026092537
13068,-0.031250007
13069,-0.035430893
13070,-0.03649902
13071,-0.037597675
13072,-0.037292473
13073,-0.03555297
13074,-0.03103637
13075,-0.026763909
13076,-0.021972634
13077,-0.016906723
13078,-0.011962898
13079,-0.0086364895
13080,-0.006805405
13081,-0.0015258491
13082,0.0021057278
13083,0.0036315918
13084,0.00082396716
13085,0.0011596829
13086,0.0057372972
13087,0.011108384
13088,0.017242458
13089,0.022033691
13090,0.024963368
13091,0.02456664
13092,0.021728538
13093,0.01895143
13094,0.016418444
13095,0.014953626
13096,0.015747063
13097,0.02227783
13098,0.03103638
13099,0.038665783
13100,0.040313724
13101,0.040374763
13102,0.040191643
13103,0.036437966
13104,0.033447266
13105,0.031829834
13106,0.031280503
13107,0.025817841
13108,0.01745607
13109,0.0104370415
13110,0.004363999
13111,-0.0067138895
13112,-0.019531243
13113,-0.028808568
13114,-0.03576659
13115,-0.038574222
13116,-0.043243416
13117,-0.0418396
13118,-0.042205803
13119,-0.04159546
13120,-0.0376587
13121,-0.035217293
13122,-0.030364998
13123,-0.02557372
13124,-0.018707272
13125,-0.013946548
13126,-0.010070808
13127,-0.0034484789
13128,0.0033569671
13129,0.005035408
13130,0.005096413
13131,0.008728016
13132,0.010742199
13133,0.014495857
13134,0.012969967
13135,0.014038076
13136,0.013336185
13137,0.015411384
13138,0.016815186
13139,0.01184082
13140,0.006011964
13141,0.004364014
13142,0.0058898916
13143,0.00567627
13144,0.0052490253
13145,0.010620119
13146,0.015106203
13147,0.013763428
13148,0.009246826
13149,0.0059814453
13150,0.003692627
13151,-0.0017700188
13152,-0.015350345
13153,-0.029571524
13154,-0.04199217
13155,-0.050445564
13156,-0.05551149
13157,-0.059753418
13158,-0.062927246
13159,-0.06845094
13160,-0.08905029
13161,-0.12954712
13162,-0.18389887
13163,-0.23898298
13164,-0.27420032
13165,-0.28186023
13166,-0.26080322
13167,-0.22253418
13168,-0.17767358
13169,-0.1232301
13170,-0.0632323
13171,-0.0009765625
13172,0.05722022
13173,0.1192624
13174,0.19534314
13175,0.2680971
13176,0.31646717
13177,0.3494872
13178,0.38076776
13179,0.40966818
13180,0.42779547
13181,0.42254645
13182,0.4094544
13183,0.398773
13184,0.3703611
13185,0.31631446
13186,0.26245117
13187,0.21688843
13188,0.16781616
13189,0.10971081
13190,0.066619754
13191,0.049713135
13192,0.01852429
13193,-0.01602149
13194,-0.053985476
13195,-0.09829718
13196,-0.14447004
13197,-0.2020266
13198,-0.26101696
13199,-0.31259152
13200,-0.35430884
13201,-0.40197766
13202,-0.45886242
13203,-0.47064197
13204,-0.4370116
13205,-0.36196896
13206,-0.25683615
13207,-0.1313783
13208,0.014556959
13209,0.15417495
13210,0.2793578
13211,0.3696593
13212,0.4194642
13213,0.42620873
13214,0.40249622
13215,0.32186872
13216,0.17102057
13217,0.0140992105
13218,-0.12661748
13219,-0.28973413
13220,-0.46618667
13221,-0.5657654
13222,-0.56121826
13223,-0.5118408
13224,-0.43893445
13225,-0.30447382
13226,-0.1142883
13227,0.060302645
13228,0.21298212
13229,0.32904047
13230,0.40386975
13231,0.43783557
13232,0.42337048
13233,0.3727417
13234,0.29928586
13235,0.2086792
13236,0.10711667
13237,0.0031435192
13238,-0.096557714
13239,-0.187622
13240,-0.2666932
13241,-0.32662958
13242,-0.36227423
13243,-0.37536633
13244,-0.36215204
13245,-0.32324207
13246,-0.25930792
13247,-0.17886347
13248,-0.09396374
13249,-0.009735137
13250,0.062561184
13251,0.11981189
13252,0.15823355
13253,0.17727655
13254,0.17633072
13255,0.1555177
13256,0.12753284
13257,0.09173587
13258,0.05694583
13259,0.020477235
13260,-0.03164673
13261,-0.06381214
13262,-0.0966796
13263,-0.11810312
13264,-0.12881482
13265,-0.12634271
13266,-0.096466064
13267,-0.06704712
13268,-0.024353027
13269,0.025024444
13270,0.072143584
13271,0.11645493
13272,0.15554808
13273,0.1862793
13274,0.20169064
13275,0.20578
13276,0.1983032
13277,0.18133548
13278,0.15335084
13279,0.11758424
13280,0.07955931
13281,0.03692627
13282,-0.006591767
13283,-0.043365464
13284,-0.064880386
13285,-0.073761
13286,-0.07540892
13287,-0.0658264
13288,-0.049499504
13289,-0.024871832
13290,0.0021972563
13291,0.024688723
13292,0.041656516
13293,0.05099486
13294,0.059844963
13295,0.06674194
13296,0.067169175
13297,0.061523423
13298,0.054016113
13299,0.04257202
13300,0.034454346
13301,0.027923614
13302,0.027832046
13303,0.02734375
13304,0.025512695
13305,0.022033721
13306,0.019683897
13307,0.0149231255
13308,0.0074768066
13309,-0.00015258789
13310,-0.008850068
13311,-0.012512162
13312,-0.015075669
13313,-0.015594497
13314,-0.015106216
13315,-0.0121154785
13316,-0.0065002292
13317,-0.0044555366
13318,-0.0040893406
13319,-0.0045776367
13320,-0.00491333
13321,-0.006286636
13322,-0.006225601
13323,-0.0029296875
13324,0.0014648587
13325,0.007934585
13326,0.014984131
13327,0.020263702
13328,0.022064239
13329,0.020568818
13330,0.01953122
13331,0.0155029
13332,0.008453369
13333,0.0008239746
13334,-0.0029907525
13335,-0.0071411133
13336,-0.013244644
13337,-0.018920869
13338,-0.022582978
13339,-0.026916504
13340,-0.034423843
13341,-0.041961655
13342,-0.04818721
13343,-0.052673317
13344,-0.05230717
13345,-0.04647825
13346,-0.03924559
13347,-0.03286745
13348,-0.024139427
13349,-0.01547239
13350,-0.009551998
13351,-0.0063781813
13352,-0.005920414
13353,-0.0077514574
13354,-0.014251711
13355,-0.018920904
13356,-0.021728512
13357,-0.0220337
13358,-0.0206604
13359,-0.018249512
13360,-0.016174316
13361,-0.015289305
13362,-0.011199953
13363,-0.010986328
13364,-0.0119323805
13365,-0.017059322
13366,-0.018127441
13367,-0.016998302
13368,-0.011535637
13369,-0.009124756
13370,-0.00534055
13371,-0.009277362
13372,-0.012542732
13373,-0.011413559
13374,-0.01730346
13375,-0.016937256
13376,-0.027618453
13377,-0.028411865
13378,-0.028167725
13379,-0.024749786
13380,-0.020263717
13381,-0.020141616
13382,-0.015655488
13383,-0.010742173
13384,-0.007080078
13385,-0.0058899075
13386,-0.0056152195
13387,-0.0069885105
13388,-0.0066833645
13389,-0.0071106255
13390,-0.00302127
13391,-0.002227813
13392,-0.0010071099
13393,-0.002746582
13394,-0.0054931343
13395,-0.009094238
13396,-0.01260376
13397,-0.015380859
13398,-0.0121154785
13399,-0.008331269
13400,-0.0058288425
13401,-0.0019225925
13402,0.005126983
13403,0.014648467
13404,0.025848389
13405,0.033355683
13406,0.041259788
13407,0.04705812
13408,0.046936028
13409,0.047241207
13410,0.04272464
13411,0.0415039
13412,0.038482673
13413,0.029815674
13414,0.024169933
13415,0.020507809
13416,0.016601559
13417,0.01196289
13418,0.0039062481
13419,-0.00021362305
13420,-0.001953125
13421,-0.0042419415
13422,-0.006805416
13423,-0.011871336
13424,-0.01403809
13425,-0.017761245
13426,-0.022735618
13427,-0.02389526
13428,-0.020324685
13429,-0.016509999
13430,-0.015350364
13431,-0.015960708
13432,-0.01364135
13433,-0.011291511
13434,-0.009429939
13435,-0.005981475
13436,-0.005645752
13437,-0.00036622584
13438,0.0072326623
13439,0.013458256
13440,0.016815186
13441,0.015716564
13442,0.015441872
13443,0.0130310245
13444,0.009094227
13445,0.008758571
13446,0.009155262
13447,0.011322031
13448,0.013854979
13449,0.017089851
13450,0.02362061
13451,0.02777099
13452,0.030792246
13453,0.031463627
13454,0.028106678
13455,0.021820057
13456,0.012054447
13457,0.0048522986
13458,0.0015258752
13459,-0.001342766
13460,-0.0009155087
13461,0.0028076097
13462,0.009887699
13463,0.01626587
13464,0.022827134
13465,0.027404778
13466,0.028778046
13467,0.025115952
13468,0.019683838
13469,0.013031006
13470,0.004272431
13471,-0.0043640286
13472,-0.008972153
13473,-0.011230461
13474,-0.015014671
13475,-0.020050049
13476,-0.022003144
13477,-0.0228577
13478,-0.019470207
13479,-0.018310536
13480,-0.009857152
13481,0.004486069
13482,0.010223392
13483,0.018463127
13484,0.018951409
13485,0.02545163
13486,0.020996094
13487,0.01177977
13488,0.0029907003
13489,-0.009094261
13490,-0.018188477
13491,-0.025238004
13492,-0.02874754
13493,-0.028961197
13494,-0.027374277
13495,-0.021087633
13496,-0.01638794
13497,-0.013214117
13498,-0.005554201
13499,0.0009765625
13500,0.008636475
13501,0.013885483
13502,0.01663208
13503,0.0164795
13504,0.012695309
13505,0.008575458
13506,0.0061340258
13507,0.0042724535
13508,0.008575425
13509,0.015686035
13510,0.024658203
13511,0.031921387
13512,0.033721924
13513,0.031677276
13514,0.023468032
13515,0.013519302
13516,0.0002136156
13517,-0.012573227
13518,-0.025207486
13519,-0.033142045
13520,-0.03585818
13521,-0.036254883
13522,-0.031585686
13523,-0.02438353
13524,-0.013854966
13525,-0.009277359
13526,-0.0068969727
13527,-0.0063171405
13528,-0.007507326
13529,-0.010009766
13530,-0.013702393
13531,-0.013519287
13532,-0.010101319
13533,-0.004577635
13534,-0.00018310733
13535,0.004364012
13536,0.013275154
13537,0.021423347
13538,0.02645874
13539,0.029296868
13540,0.029327378
13541,0.027923599
13542,0.020172127
13543,0.008728009
13544,-0.007019054
13545,-0.019989014
13546,-0.028991662
13547,-0.036010742
13548,-0.0375061
13549,-0.03128051
13550,-0.018920897
13551,-0.010864258
13552,-0.0059814453
13553,-0.001495362
13554,-0.000183105
13555,-0.004547118
13556,-0.010681154
13557,-0.012725832
13558,-0.011749268
13559,-0.01071167
13560,-0.009918213
13561,-0.0058898907
13562,-0.0019226074
13563,-0.0006713886
13564,-0.0009765625
13565,-0.0029907227
13566,-0.0016479492
13567,-0.0030212402
13568,-0.004638672
13569,-0.0023193378
13570,0.0039672833
13571,0.010101317
13572,0.015258789
13573,0.022521976
13574,0.028167713
13575,0.031646717
13576,0.030334469
13577,0.031646725
13578,0.03002932
13579,0.025604255
13580,0.020080559
13581,0.013397217
13582,0.008758552
13583,0.001342807
13584,-0.008728009
13585,-0.01638794
13586,-0.02105713
13587,-0.023742683
13588,-0.027404796
13589,-0.028717041
13590,-0.024139408
13591,-0.023498546
13592,-0.023162847
13593,-0.024871819
13594,-0.024597172
13595,-0.024169918
13596,-0.028961156
13597,-0.030151382
13598,-0.03250123
13599,-0.032257088
13600,-0.03250119
13601,-0.029296845
13602,-0.022888198
13603,-0.019805923
13604,-0.017181382
13605,-0.01657106
13606,-0.014007553
13607,-0.011260971
13608,-0.00970459
13609,-0.010192886
13610,-0.013214126
13611,-0.015045181
13612,-0.014160186
13613,-0.012023941
13614,-0.0086364895
13615,-0.00030520558
13616,0.008514389
13617,0.019439712
13618,0.02539064
13619,0.028564453
13620,0.029998787
13621,0.026977532
13622,0.019439705
13623,0.010894768
13624,0.006103508
13625,0.004577622
13626,0.0010070428
13627,-0.0021362454
13628,-0.0018310621
13629,0.0011597052
13630,0.0075378343
13631,0.015808094
13632,0.022125266
13633,0.025451671
13634,0.0246582
13635,0.02273558
13636,0.02114869
13637,0.019500732
13638,0.017242428
13639,0.015289305
13640,0.017913813
13641,0.021636967
13642,0.02539063
13643,0.02709961
13644,0.029785141
13645,0.0300598
13646,0.026519787
13647,0.02407837
13648,0.023223858
13649,0.021514893
13650,0.015380882
13651,0.0091857985
13652,0.007080063
13653,0.007598892
13654,0.0060120076
13655,0.0013733134
13656,-0.0020141527
13657,-0.004180886
13658,-0.008850083
13659,-0.015655525
13660,-0.022003178
13661,-0.022033675
13662,-0.020874025
13663,-0.02188112
13664,-0.02456665
13665,-0.02993774
13666,-0.032165535
13667,-0.0335083
13668,-0.032592766
13669,-0.030456536
13670,-0.025665287
13671,-0.016784672
13672,-0.005920388
13673,0.0028076172
13674,0.008270264
13675,0.011840811
13676,0.017303474
13677,0.02316285
13678,0.024688713
13679,0.026153564
13680,0.024902347
13681,0.02365112
13682,0.021392822
13683,0.020080574
13684,0.018615719
13685,0.014678944
13686,0.012390122
13687,0.0102233775
13688,0.0050659142
13689,0.0007018782
13690,-0.003204342
13691,-0.005126942
13692,-0.0058288462
13693,-0.004882805
13694,0.0003357008
13695,0.00488282
13696,0.0106506385
13697,0.012023922
13698,0.013549775
13699,0.0143737495
13700,0.013977058
13701,0.012542762
13702,0.010955818
13703,0.011108376
13704,0.008239761
13705,0.0054321587
13706,-0.0003967136
13707,-0.0043640435
13708,-0.006958008
13709,-0.007629391
13710,-0.009826664
13711,-0.01626588
13712,-0.019042965
13713,-0.018249504
13714,-0.017486587
13715,-0.017211905
13716,-0.017822267
13717,-0.016784675
13718,-0.015472397
13719,-0.017639158
13720,-0.019592287
13721,-0.022827152
13722,-0.021667484
13723,-0.020141594
13724,-0.019958496
13725,-0.016662598
13726,-0.011688232
13727,-0.004669193
13728,-0.001220692
13729,0.0012206957
13730,0.003143318
13731,0.0057372954
13732,0.009002687
13733,0.009429932
13734,0.010192873
13735,0.0072631836
13736,0.0031432994
13737,-0.004241945
13738,-0.012786858
13739,-0.013549797
13740,-0.012573238
13741,-0.012084968
13742,-0.010894772
13743,-0.0067748986
13744,-0.002136238
13745,-0.0018310547
13746,-0.00238036
13747,-0.0023803636
13748,-0.002716057
13749,-0.0049743652
13750,-0.0027465746
13751,-0.00039673597
13752,-0.0009765513
13753,-0.0005187951
13754,0.0028381273
13755,0.00891114
13756,0.0113525465
13757,0.017700195
13758,0.0093689
13759,-0.015533444
13760,-0.042633057
13761,-0.031188965
13762,-0.017700166
13763,-0.10754402
13764,-0.2143555
13765,-0.2526855
13766,-0.18591315
13767,-0.068847716
13768,0.062683016
13769,0.21392834
13770,0.3414917
13771,0.43145728
13772,0.50372314
13773,0.5264895
13774,0.46463025
13775,0.3298036
13776,0.17297375
13777,0.03939843
13778,-0.06781
13779,-0.16696194
13780,-0.24429324
13781,-0.26916498
13782,-0.23367313
13783,-0.15341195
13784,-0.061706632
13785,0.0056763887
13786,0.029723912
13787,0.0151976645
13788,-0.0231933
13789,-0.075744495
13790,-0.13446046
13791,-0.18936166
13792,-0.22634882
13793,-0.23989859
13794,-0.22616577
13795,-0.18872067
13796,-0.13827515
13797,-0.08670041
13798,-0.040008485
13799,-0.0035094768
13800,0.02160643
13801,0.032470703
13802,0.031341568
13803,0.022766128
13804,0.008514404
13805,-0.0038146973
13806,-0.013458252
13807,-0.020965576
13808,-0.025146455
13809,-0.026733369
13810,-0.02355954
13811,-0.017944306
13812,-0.0140686035
13813,-0.019683808
13814,-0.03604132
13815,-0.049560457
13816,-0.054382324
13817,-0.055480957
13818,-0.032287598
13819,0.020110965
13820,0.07037352
13821,0.11251816
13822,0.13839719
13823,0.14382927
13824,0.14004509
13825,0.13964841
13826,0.14205933
13827,0.12664798
13828,0.10064699
13829,0.10070801
13830,0.099609375
13831,0.08154297
13832,0.056884766
13833,0.032714874
13834,0.009857208
13835,-0.017089844
13836,-0.034606934
13837,-0.04272461
13838,-0.03662108
13839,-0.027313247
13840,-0.01751709
13841,-0.0055236965
13842,0.0039672554
13843,0.0017089695
13844,-0.018096909
13845,-0.047943115
13846,-0.07907107
13847,-0.11010743
13848,-0.13705443
13849,-0.15295412
13850,-0.15524289
13851,-0.14511102
13852,-0.1236572
13853,-0.09277347
13854,-0.05670166
13855,-0.022644043
13856,0.008453399
13857,0.031524673
13858,0.048217833
13859,0.05407712
13860,0.05688475
13861,0.060974106
13862,0.062347405
13863,0.055633545
13864,0.043945283
13865,0.03515622
13866,0.030761681
13867,0.026702873
13868,0.022583015
13869,0.022674546
13870,0.022521965
13871,0.027008064
13872,0.030303955
13873,0.03469848
13874,0.039978027
13875,0.037475575
13876,0.03823853
13877,0.03060913
13878,0.022308338
13879,0.010467522
13880,-0.0011291504
13881,-0.004852293
13882,-0.011230476
13883,-0.014404301
13884,-0.019073477
13885,-0.022216797
13886,-0.028503427
13887,-0.035919186
13888,-0.04159544
13889,-0.0437622
13890,-0.043701157
13891,-0.0423584
13892,-0.03955078
13893,-0.035186782
13894,-0.029907227
13895,-0.02603145
13896,-0.023406997
13897,-0.02084352
13898,-0.016418472
13899,-0.012756363
13900,-0.00592041
13901,-0.0020751953
13902,0.00497438
13903,0.012145981
13904,0.019195527
13905,0.026611298
13906,0.03262326
13907,0.039672844
13908,0.0470886
13909,0.055175766
13910,0.060394295
13911,0.06436157
13912,0.067657456
13913,0.07080078
13914,0.06863403
13915,0.06613156
13916,0.06652829
13917,0.06369017
13918,0.05709839
13919,0.04965207
13920,0.046173066
13921,0.03982544
13922,0.030517578
13923,0.024047881
13924,0.018432617
13925,0.013763428
13926,0.0060424805
13927,0.0019836724
13928,-0.0019225478
13929,-0.008270264
13930,-0.013977051
13931,-0.01693727
13932,-0.017028779
13933,-0.018554688
13934,-0.020629898
13935,-0.021087646
13936,-0.021850586
13937,-0.018676758
13938,-0.017791763
13939,-0.018920913
13940,-0.019226074
13941,-0.017517075
13942,-0.014495835
13943,-0.016387925
13944,-0.012237534
13945,-0.010314941
13946,-0.012420639
13947,-0.012756348
13948,-0.011413544
13949,-0.011016831
13950,-0.018402115
13951,-0.02560427
13952,-0.029724136
13953,-0.034484856
13954,-0.037139893
13955,-0.041687027
13956,-0.04284668
13957,-0.04168701
13958,-0.036193848
13959,-0.033203132
13960,-0.031646725
13961,-0.027435295
13962,-0.023193352
13963,-0.020111091
13964,-0.020385765
13965,-0.018920891
13966,-0.01724241
13967,-0.017059319
13968,-0.015808135
13969,-0.013244659
13970,-0.011810318
13971,-0.010406494
13972,-0.008178711
13973,-0.0012207106
13974,0.004150398
13975,0.008331314
13976,0.01376345
13977,0.01663208
13978,0.017883323
13979,0.015991218
13980,0.016967732
13981,0.020538311
13982,0.017791748
13983,0.009185828
13984,0.0023498535
13985,-0.0015564151
13986,-0.0030517615
13987,-0.011566147
13988,-0.015625
13989,-0.01837159
13990,-0.019378692
13991,-0.022003144
13992,-0.020935044
13993,-0.019805893
13994,-0.016876236
13995,-0.012573212
13996,-0.004730195
13997,0.0015258491
13998,0.007019028
13999,0.012298599
14000,0.017852776
14001,0.024291992
14002,0.030120857
14003,0.035308853
14004,0.04028319
14005,0.042907722
14006,0.043914795
14007,0.041900616
14008,0.039154053
14009,0.03424073
14010,0.02316285
14011,0.010803219
14012,-0.00067139044
14013,-0.012634268
14014,-0.021789558
14015,-0.024353027
14016,-0.01849365
14017,-0.008758549
14018,0.00042724796
14019,0.0043334924
14020,0.007385254
14021,0.012390155
14022,0.019195557
14023,0.023925781
14024,0.027435292
14025,0.028930664
14026,0.027313232
14027,0.022247292
14028,0.017852806
14029,0.013824478
14030,0.009490967
14031,0.0058593377
14032,0.0044250265
14033,0.0022888184
14034,0.0017090216
14035,-0.00076293945
14036,-0.0073852614
14037,-0.012908954
14038,-0.020172097
14039,-0.025146484
14040,-0.032348625
14041,-0.03759767
14042,-0.040924057
14043,-0.041198738
14044,-0.039093025
14045,-0.03228759
14046,-0.026824936
14047,-0.021881107
14048,-0.016601577
14049,-0.010467544
14050,-0.007141106
14051,-0.007415779
14052,-0.010772709
14053,-0.011199959
14054,-0.01010133
14055,-0.0065918155
14056,-0.002868671
14057,-0.0019836128
14058,-0.00076292455
14059,-0.00036621094
14060,0.0010680929
14061,0.002502434
14062,0.0030822605
14063,0.0044860914
14064,0.0052184984
14065,0.002563458
14066,-0.0029602125
14067,-0.009155292
14068,-0.013702393
14069,-0.018890426
14070,-0.019714348
14071,-0.019134521
14072,-0.0144958645
14073,-0.007995635
14074,-0.0012207106
14075,0.008026168
14076,0.015075672
14077,0.023956265
14078,0.031005837
14079,0.031341568
14080,0.029541014
14081,0.024597162
14082,0.01968383
14083,0.0125732515
14084,0.0034484956
14085,-0.0033874623
14086,-0.009277344
14087,-0.01159668
14088,-0.01632692
14089,-0.019927975
14090,-0.022216797
14091,-0.019287102
14092,-0.012237564
14093,-0.0074462965
14094,-0.0021056905
14095,0.0027160533
14096,0.00625607
14097,0.0075073317
14098,0.0062866434
14099,0.0061645433
14100,0.00381466
14101,-0.002166763
14102,-0.0050353855
14103,-0.007080052
14104,-0.008056637
14105,-0.010345444
14106,-0.011718728
14107,-0.013580292
14108,-0.014251664
14109,-0.008911133
14110,-0.00299073
14111,0.003662128
14112,0.009521503
14113,0.018402081
14114,0.026519734
14115,0.030395513
14116,0.030517587
14117,0.029113764
14118,0.025482167
14119,0.021850592
14120,0.016571045
14121,0.012786868
14122,0.011413572
14123,0.011596678
14124,0.0134887695
14125,0.010589603
14126,0.0071716327
14127,0.0026550312
14128,0.003387453
14129,0.0033569317
14130,0.0006713867
14131,0.00021362677
14132,-0.0036315918
14133,-0.0044860877
14134,-0.003021242
14135,0.00045776553
14136,0.002807619
14137,0.0024414062
14138,0.0027770996
14139,0.0052795373
14140,0.008148182
14141,0.009490963
14142,0.010101307
14143,0.0080261305
14144,0.007110581
14145,0.00772094
14146,0.0086059645
14147,0.00970456
14148,0.009429939
14149,0.009979226
14150,0.013305649
14151,0.017639153
14152,0.019927971
14153,0.018981963
14154,0.015289307
14155,0.012390137
14156,0.0044861063
14157,-0.0020141527
14158,-0.009033188
14159,-0.010345459
14160,-0.011352517
14161,-0.010742173
14162,-0.004730232
14163,0.00057979673
14164,0.009979263
14165,0.012481682
14166,0.012817353
14167,0.012390122
14168,0.012115508
14169,0.012054473
14170,0.010070801
14171,0.010894746
14172,0.010498062
14173,0.0073852837
14174,0.0050964504
14175,0.0032043308
14176,0.00015255809
14177,-0.0028076172
14178,-0.0055847466
14179,-0.008636482
14180,-0.014099136
14181,-0.016143814
14182,-0.016235381
14183,-0.016876232
14184,-0.02111813
14185,-0.024047855
14186,-0.02511597
14187,-0.023773193
14188,-0.02325438
14189,-0.022125255
14190,-0.019897465
14191,-0.017333977
14192,-0.01593018
14193,-0.015106205
14194,-0.014343262
14195,-0.011199951
14196,-0.009124757
14197,-0.004211426
14198,0.0
14199,0.0007324205
14200,0.0010375977
14201,0.002410892
14202,0.007873537
14203,0.009613035
14204,0.0074157715
14205,0.0060119666
14206,0.004547123
14207,0.004974367
14208,0.0018310528
14209,-0.00045776553
14210,0.0003662072
14211,0.004486082
14212,0.009399414
14213,0.006591797
14214,0.0043029785
14215,0.004058838
14216,0.0049743652
14217,0.0052490234
14218,0.00036621094
14219,-0.0012207031
14220,-0.0036621094
14221,-0.0058898907
14222,-0.008666988
14223,-0.01358032
14224,-0.014526367
14225,-0.012939453
14226,-0.009918211
14227,-0.00665283
14228,-0.0040893564
14229,-0.00073242234
14230,-0.00064086926
14231,-0.0005187988
14232,0.00024414086
14233,0.0014953614
14234,0.00073242246
14235,-0.0022277837
14236,-0.003723145
14237,-0.0069274902
14238,-0.008239744
14239,-0.009124756
14240,-0.009124756
14241,-0.00869751
14242,-0.007720949
14243,-0.0046691913
14244,-0.0019836426
14245,-0.0010070782
14246,-0.0007629413
14247,-0.0039672796
14248,-0.006134048
14249,-0.007385269
14250,-0.0050659142
14251,-0.0027160607
14252,-0.0027770996
14253,-0.00091554597
14254,0.0007324256
14255,0.0049133357
14256,0.005493166
14257,0.0029907227
14258,0.0011291467
14259,0.0
14260,-0.0008544922
14261,-0.001159668
14262,0.002014162
14263,0.004760746
14264,0.0043640174
14265,0.0005798284
14266,-0.002960205
14267,-0.007415753
14268,-0.01519775
14269,-0.01947023
14270,-0.023925789
14271,-0.024230957
14272,-0.02459716
14273,-0.022766128
14274,-0.019866943
14275,-0.021911621
14276,-0.02279666
14277,-0.023223892
14278,-0.022308394
14279,-0.023284927
14280,-0.0263367
14281,-0.02770999
14282,-0.025482208
14283,-0.02374269
14284,-0.02261354
14285,-0.020172134
14286,-0.017120376
14287,-0.0107421875
14288,-0.004577622
14289,0.00018309057
14290,0.003997773
14291,0.0072021335
14292,0.012664795
14293,0.015716553
14294,0.016387954
14295,0.016906753
14296,0.01953125
14297,0.02154541
14298,0.02047728
14299,0.023284905
14300,0.02465821
14301,0.029144287
14302,0.03164673
14303,0.033935554
14304,0.037170414
14305,0.035552982
14306,0.03219603
14307,0.02737428
14308,0.023315437
14309,0.021240223
14310,0.017669678
14311,0.015686039
14312,0.015014645
14313,0.016174315
14314,0.016265871
14315,0.015197752
14316,0.014129639
14317,0.012786871
14318,0.01098633
14319,0.00723264
14320,0.005859375
14321,0.004577663
14322,0.0050354116
14323,0.0057067573
14324,0.0058288537
14325,0.0069275238
14326,0.006988518
14327,0.008117653
14328,0.0062865913
14329,0.0032348707
14330,0.002716057
14331,0.0002746731
14332,-0.0016479492
14333,-0.0025329888
14334,-0.003234867
14335,-0.0019836202
14336,0.00042727217
14337,0.0043945126
14338,0.0073242188
14339,0.0077209882
14340,0.010101348
14341,0.011383049
14342,0.012847893
14343,0.015014671
14344,0.019195579
14345,0.022094697
14346,0.02142334
14347,0.019500762
14348,0.01669313
14349,0.015350342
14350,0.0130004585
14351,0.007537842
14352,0.0043945312
14353,0.0027770996
14354,0.004180923
14355,0.006011948
14356,0.0063476413
14357,0.005950898
14358,0.002807632
14359,0.0014343262
14360,-0.0022888333
14361,-0.0074768215
14362,-0.013641357
14363,-0.016357452
14364,-0.018585227
14365,-0.021209732
14366,-0.025207497
14367,-0.028808605
14368,-0.031951908
14369,-0.03475952
14370,-0.033599846
14371,-0.032165527
14372,-0.032501217
14373,-0.031707756
14374,-0.02993775
14375,-0.024505612
14376,-0.022949234
14377,-0.022094738
14378,-0.019531235
14379,-0.01776123
14380,-0.014434829
14381,-0.010070831
14382,-0.0039367564
14383,0.0026245303
14384,0.008666985
14385,0.015167223
14386,0.018615719
14387,0.020599376
14388,0.021789549
14389,0.02377319
14390,0.026275642
14391,0.026275624
14392,0.025756832
14393,0.01782228
14394,0.009765629
14395,0.005493149
14396,0.0042419136
14397,0.0020141527
14398,-0.0019531138
14399,-0.004608143
14400,-0.0035095327
14401,-0.004913328
14402,-0.0076294
14403,-0.009063709
14404,-0.01171875
14405,-0.012939457
14406,-0.014129637
14407,-0.015289307
14408,-0.016815187
14409,-0.016937256
14410,-0.017272951
14411,-0.014801018
14412,-0.014007576
14413,-0.014923103
14414,-0.016998265
14415,-0.02035522
14416,-0.020202637
14417,-0.020721473
14418,-0.019683853
14419,-0.016021691
14420,-0.010284439
14421,-0.0068054274
14422,-0.0059814677
14423,-0.0030212551
14424,0.0011596903
14425,0.0026855543
14426,0.0013122782
14427,-0.00027465075
14428,-0.00027463585
14429,-0.0014953688
14430,-0.0043945312
14431,-0.0059203953
14432,-0.004608132
14433,-0.0010681227
14434,0.0025329366
14435,0.0067443997
14436,0.011413578
14437,0.016906768
14438,0.019683823
14439,0.022949215
14440,0.025115957
14441,0.025573738
14442,0.023040783
14443,0.021301255
14444,0.019500732
14445,0.014831545
14446,0.010925292
14447,0.0067443843
14448,0.00668335
14449,0.0067749023
14450,0.0061035156
14451,0.0072021484
14452,0.0082092285
14453,0.0064086933
14454,0.0018310547
14455,-0.0028076204
14456,-0.0047912607
14457,-0.0051879873
14458,-0.006866454
14459,-0.0039978055
14460,-0.0014038114
14461,0.00088500883
14462,0.0052185077
14463,0.010375978
14464,0.014923092
14465,0.012481693
14466,0.010650646
14467,0.010009769
14468,0.009033207
14469,0.00790406
14470,0.0038451888
14471,0.0013122596
14472,-0.0039672814
14473,-0.006896971
14474,-0.0071105957
14475,-0.0072937123
14476,-0.0055541843
14477,-0.0047302265
14478,0.00012205541
14479,0.0048828274
14480,0.010040287
14481,0.0153198205
14482,0.015441902
14483,0.0130920485
14484,0.0080261305
14485,0.0033874325
14486,-0.0022582896
14487,-0.007141102
14488,-0.0099487305
14489,-0.012146
14490,-0.012420651
14491,-0.010559082
14492,-0.009490965
14493,-0.008605955
14494,-0.008209227
14495,-0.008850095
14496,-0.011901855
14497,-0.014801028
14498,-0.014129638
14499,-0.015075682
14500,-0.017120363
14501,-0.017852783
14502,-0.015808105
14503,-0.009674072
14504,-0.003753664
14505,0.0023498535
14506,0.0030517578
14507,0.0060424767
14508,0.0059204083
14509,0.0044555664
14510,0.0014038086
14511,-0.0049743652
14512,-0.0092773475
14513,-0.01239014
14514,-0.012451161
14515,-0.01031493
14516,-0.0059204176
14517,-0.0008239858
14518,0.0026550256
14519,0.0037231557
14520,0.006286619
14521,0.010833731
14522,0.011840818
14523,0.012146
14524,0.010375973
14525,0.010711668
14526,0.008544924
14527,0.002807621
14528,-0.0047302227
14529,-0.009857174
14530,-0.012115467
14531,-0.014587399
14532,-0.015991226
14533,-0.0132141225
14534,-0.007659912
14535,-0.0014037974
14536,0.0065612774
14537,0.015502928
14538,0.023284914
14539,0.024444584
14540,0.0239563
14541,0.022338867
14542,0.01950073
14543,0.018676765
14544,0.01626587
14545,0.015594482
14546,0.014068611
14547,0.012512218
14548,0.009948757
14549,0.0056457296
14550,0.0071411096
14551,0.005981434
14552,0.003814701
14553,0.0010070838
14554,-0.00030519068
14555,0.00064086914
14556,-0.0009155497
14557,-0.0036010668
14558,-0.009094238
14559,-0.014434822
14560,-0.016693117
14561,-0.016723637
14562,-0.018157953
14563,-0.018127436
14564,-0.021453854
14565,-0.021759035
14566,-0.021179203
14567,-0.019958489
14568,-0.0202942
14569,-0.019927986
14570,-0.016235348
14571,-0.012298595
14572,-0.008026123
14573,-0.0052490532
14574,-0.0028686374
14575,-0.00024412572
14576,0.0021057017
14577,0.005889889
14578,0.01083374
14579,0.01608278
14580,0.01956177
14581,0.02120971
14582,0.019226084
14583,0.019104008
14584,0.016418457
14585,0.015319826
14586,0.013641359
14587,0.011016848
14588,0.011566158
14589,0.011505142
14590,0.010009777
14591,0.003326416
14592,-0.003082281
14593,-0.004943844
14594,-0.0044860747
14595,-0.008239755
14596,-0.008361824
14597,-0.0075378427
14598,-0.0023498535
14599,-0.0014648419
14600,-0.002960207
14601,0.00045775995
14602,-0.002105711
14603,-0.003051756
14604,-0.0040893536
14605,0.0017700177
14606,0.009307865
14607,0.013427734
14608,0.018951412
14609,0.020813003
14610,0.017120373
14611,0.01062014
14612,0.0072936974
14613,0.0049743615
14614,-0.0019530989
14615,-0.010101315
14616,-0.01678466
14617,-0.019958517
14618,-0.021209711
14619,-0.017944332
14620,-0.0105896015
14621,-0.0028076172
14622,0.0024414044
14623,0.006866455
14624,0.011383057
14625,0.014495857
14626,0.013854988
14627,0.01281736
14628,0.010620117
14629,0.0084533915
14630,0.0054931715
14631,0.0032043383
14632,0.0025024265
14633,-0.0015563816
14634,-0.007843018
14635,-0.01141358
14636,-0.011901848
14637,-0.008422859
14638,-0.005432125
14639,0.0021057017
14640,0.008972168
14641,0.013732925
14642,0.013336182
14643,0.010070808
14644,0.0076904334
14645,0.0047302507
14646,-6.1027706e-05
14647,-0.008117676
14648,-0.015930168
14649,-0.021057133
14650,-0.026367195
14651,-0.0256958
14652,-0.019836431
14653,-0.013336186
14654,-0.007141114
14655,-0.005004883
14656,-0.001159668
14657,-0.0032348633
14658,-0.0068969727
14659,-0.010070801
14660,-0.010284424
14661,-0.009033207
14662,-0.011474602
14663,-0.012176517
14664,-0.019073483
14665,-0.026550293
14666,-0.021087646
14667,-0.014373768
14668,-0.020935073
14669,0.008270286
14670,0.13974
14671,0.24731448
14672,0.21368411
14673,0.09579468
14674,0.04788208
14675,0.06079103
14676,-0.0012511984
14677,-0.11389155
14678,-0.22003177
14679,-0.26049802
14680,-0.29043588
14681,-0.29299927
14682,-0.26690668
14683,-0.20355234
14684,-0.11856082
14685,-0.031921446
14686,0.054382473
14687,0.12615964
14688,0.17105101
14689,0.19177254
14690,0.19036871
14691,0.17071533
14692,0.138916
14693,0.10562135
14694,0.072296135
14695,0.04486084
14696,0.026397705
14697,0.015106179
14698,0.009033211
14699,0.008453362
14700,0.013244659
14701,0.01736448
14702,0.018005356
14703,0.013977073
14704,0.006347686
14705,-0.004577607
14706,-0.017150898
14707,-0.030242924
14708,-0.043487534
14709,-0.054290768
14710,-0.062683105
14711,-0.066375725
14712,-0.064544685
14713,-0.05511477
14714,-0.038574226
14715,-0.020507812
14716,-0.0044555515
14717,0.0122680515
14718,0.032012925
14719,0.04498291
14720,0.044769287
14721,0.04669189
14722,0.06854249
14723,0.074798584
14724,0.065460175
14725,0.051208496
14726,0.035552993
14727,0.02053836
14728,0.0053405836
14729,-0.008453365
14730,-0.026367154
14731,-0.035980217
14732,-0.026672356
14733,-0.010437012
14734,-0.01077272
14735,-0.008361828
14736,-0.0013732649
14737,0.006622337
14738,0.010650642
14739,0.012756348
14740,0.010406531
14741,0.008575439
14742,0.002685532
14743,-0.006500259
14744,-0.018432625
14745,-0.025115954
14746,-0.022735605
14747,-0.037628174
14748,-0.06344606
14749,-0.074920654
14750,-0.07208252
14751,-0.06814572
14752,-0.08062743
14753,-0.08312987
14754,-0.073913574
14755,-0.06536862
14756,-0.0568237
14757,-0.049926758
14758,-0.034423828
14759,-0.017456055
14760,-0.002166748
14761,0.008880585
14762,0.016052246
14763,0.022460952
14764,0.02468872
14765,0.027008027
14766,0.028350845
14767,0.027465835
14768,0.026916519
14769,0.027862549
14770,0.030944824
14771,0.037597634
14772,0.04159548
14773,0.0440979
14774,0.043457024
14775,0.045928948
14776,0.04760743
14777,0.04730227
14778,0.04367064
14779,0.037567146
14780,0.030029304
14781,0.024047846
14782,0.016662592
14783,0.008331297
14784,0.004333498
14785,0.0035095233
14786,0.006958004
14787,0.009063721
14788,0.010711689
14789,0.012786858
14790,0.013397206
14791,0.014373783
14792,0.014465325
14793,0.01467897
14794,0.015777566
14795,0.016540542
14796,0.0139160305
14797,0.011474617
14798,0.006225623
14799,0.0036010668
14800,0.001312241
14801,0.0025329515
14802,0.0034484863
14803,0.00021362305
14804,-0.0029296875
14805,-0.0062255636
14806,-0.006134033
14807,-0.006652817
14808,-0.0068359226
14809,-0.007476814
14810,-0.006378196
14811,-0.0022583306
14812,0.0016784817
14813,0.0023193508
14814,0.0012206957
14815,0.00097652525
14816,0.0013122112
14817,0.00097657
14818,0.0010986105
14819,0.0045471117
14820,0.007537842
14821,0.009185813
14822,0.0077209696
14823,0.008941658
14824,0.009887725
14825,0.0068664774
14826,0.0011291578
14827,-0.008361816
14828,-0.014923107
14829,-0.020751957
14830,-0.021820072
14831,-0.023956291
14832,-0.025238022
14833,-0.022491468
14834,-0.020233154
14835,-0.015289314
14836,-0.012329085
14837,-0.0058288556
14838,0.00015258789
14839,0.003967285
14840,0.0047302246
14841,0.003051756
14842,-0.0021972694
14843,-0.007751466
14844,-0.014739991
14845,-0.023406986
14846,-0.027984628
14847,-0.031066895
14848,-0.029540997
14849,-0.024780273
14850,-0.020172134
14851,-0.01257325
14852,-0.007385224
14853,0.001586929
14854,0.011901842
14855,0.021453852
14856,0.026885988
14857,0.03259276
14858,0.039581276
14859,0.043731697
14860,0.043243423
14861,0.039367683
14862,0.037841797
14863,0.033447288
14864,0.025085472
14865,0.01461795
14866,0.0022888184
14867,-0.0103454515
14868,-0.024383534
14869,-0.032287586
14870,-0.036499023
14871,-0.039184585
14872,-0.040496834
14873,-0.038055412
14874,-0.028778084
14875,-0.018585205
14876,-0.008514402
14877,-0.00036621117
14878,0.007904054
14879,0.01321411
14880,0.015625
14881,0.015045166
14882,0.014373779
14883,0.013183594
14884,0.0075378437
14885,0.0025024414
14886,-0.0020446815
14887,-0.0032959022
14888,-0.0016784687
14889,0.00030517392
14890,0.0010681134
14891,-9.1552734e-05
14892,6.1035156e-05
14893,0.0038146973
14894,0.0035400372
14895,0.0020751934
14896,3.0517578e-05
14897,-0.003387452
14898,-0.0073547373
14899,-0.013977051
14900,-0.014923094
14901,-0.017425537
14902,-0.019683834
14903,-0.022399914
14904,-0.02255249
14905,-0.019531235
14906,-0.015747055
14907,-0.011291504
14908,-0.014953628
14909,-0.01867675
14910,-0.019439697
14911,-0.01632689
14912,-0.012847908
14913,-0.0110168755
14914,-0.009246856
14915,-0.007415764
14916,-0.002990678
14917,0.0003967136
14918,0.0010070577
14919,0.004058849
14920,0.0059509426
14921,0.013366718
14922,0.022308357
14923,0.016448963
14924,0.011047374
14925,0.011932369
14926,0.019317642
14927,0.01870728
14928,0.015533432
14929,0.017028803
14930,0.015655521
14931,0.0050964355
14932,0.007446289
14933,0.018127443
14934,0.020812985
14935,0.0196228
14936,0.017913815
14937,0.018829338
14938,0.015289303
14939,0.006958008
14940,-0.0018005371
14941,-0.008636478
14942,-0.017700197
14943,-0.027008059
14944,-0.038818374
14945,-0.049255367
14946,-0.051605202
14947,-0.04598999
14948,-0.04360965
14949,-0.03561402
14950,-0.015075646
14951,0.0119323805
14952,0.028808586
14953,0.03994751
14954,0.051666267
14955,0.061492924
14956,0.059234634
14957,0.052093517
14958,0.04541015
14959,0.031555172
14960,0.017395023
14961,0.002899155
14962,-0.0068054274
14963,-0.016723625
14964,-0.025909413
14965,-0.033203125
14966,-0.039855972
14967,-0.034423813
14968,-0.026794434
14969,-0.031127933
14970,-0.040405273
14971,-0.0480652
14972,-0.040802002
14973,-0.025817879
14974,-0.0144348
14975,-0.014099143
14976,-0.015075706
14977,-0.009826645
14978,0.008300774
14979,0.016387917
14980,0.0194702
14981,0.014373779
14982,0.010559116
14983,0.0057678334
14984,0.010620102
14985,0.011993393
14986,0.014709469
14987,0.014801044
14988,0.0137329325
14989,0.012145981
14990,0.012023918
14991,0.0104065
14992,0.008728035
14993,0.010772701
14994,0.017211914
14995,0.023010254
14996,0.026092533
14997,0.028228752
14998,0.030792221
14999,0.028808605
15000,0.022369388
15001,0.016143784
15002,0.009155247
15003,-0.0012512393
15004,-0.011169406
15005,-0.015411383
15006,-0.013519291
15007,-0.012207033
15008,-0.015289301
15009,-0.017944332
15010,-0.016113281
15011,-0.012023924
15012,-0.008300781
15013,-0.0055847196
15014,-0.0037841783
15015,0.00070190337
15016,0.0037841797
15017,0.007934569
15018,0.011108398
15019,0.010009764
15020,0.007598877
15021,0.003173831
15022,-0.00073242
15023,-0.004913333
15024,-0.008728029
15025,-0.010131833
15026,-0.007598877
15027,-0.00506592
15028,-0.0011596675
15029,0.0025024419
15030,0.0061340295
15031,0.007598877
15032,0.008087162
15033,0.0075988807
15034,0.0071716327
15035,0.007904053
15036,0.0068969727
15037,0.009979241
15038,0.015258785
15039,0.019134533
15040,0.020019531
15041,0.018341068
15042,0.015106197
15043,0.011657707
15044,0.010528579
15045,0.008697495
15046,0.0072936863
15047,0.0022277609
15048,-0.0012817383
15049,0.0006408915
15050,-0.0021972843
15051,-0.0036621243
15052,-0.007110592
15053,-0.007324215
15054,-0.0073852465
15055,-0.007934578
15056,-0.010314915
15057,-0.007507339
15058,-0.006805405
15059,-0.0087585375
15060,-0.012420669
15061,-0.015045157
15062,-0.012481697
15063,-0.01113891
15064,-0.009399412
15065,-0.009094237
15066,-0.008850098
15067,-0.008911135
15068,-0.006072997
15069,-0.002624508
15070,-0.005706787
15071,-0.0061035156
15072,-0.0069580087
15073,-0.008605957
15074,-0.012359621
15075,-0.0161438
15076,-0.016784675
15077,-0.019714348
15078,-0.02331543
15079,-0.02398682
15080,-0.023254402
15081,-0.018890403
15082,-0.015686013
15083,-0.010375962
15084,-0.0049133003
15085,0.0028075874
15086,0.008941628
15087,0.0099792555
15088,0.009948745
15089,0.006958008
15090,0.0069580004
15091,0.0038757175
15092,0.0072326586
15093,0.014160164
15094,0.020416267
15095,0.020904556
15096,0.02365111
15097,0.027679449
15098,0.032836914
15099,0.034545895
15100,0.03222657
15101,0.029937737
15102,0.028259255
15103,0.030700676
15104,0.0357361
15105,0.03533937
15106,0.03125
15107,0.027984649
15108,0.024536133
15109,0.025299057
15110,0.022888184
15111,0.020141616
15112,0.009490967
15113,0.00088500977
15114,-0.0027771145
15115,-0.000579834
15116,6.1020255e-05
15117,-0.027160674
15118,-0.04898072
15119,-0.06765748
15120,-0.079650864
15121,-0.079834
15122,-0.07815555
15123,-0.09631346
15124,-0.12661748
15125,-0.17449948
15126,-0.22094727
15127,-0.28073114
15128,-0.3262328
15129,-0.323761
15130,-0.2960813
15131,-0.25149536
15132,-0.19479382
15133,-0.12344384
15134,-0.04422009
15135,0.037536502
15136,0.115630984
15137,0.18957531
15138,0.26614395
15139,0.33798206
15140,0.38482654
15141,0.40789807
15142,0.41876224
15143,0.42486554
15144,0.41430652
15145,0.3798828
15146,0.33248895
15147,0.2839048
15148,0.24453723
15149,0.18988037
15150,0.14678991
15151,0.06829822
15152,0.026397467
15153,0.29736316
15154,0.46960437
15155,0.24884021
15156,-0.114715695
15157,-0.20449841
15158,-0.04483044
15159,0.036193848
15160,-0.04675305
15161,-0.19314563
15162,-0.37988293
15163,-0.5094298
15164,-0.4088136
15165,-0.40121448
15166,-0.44888297
15167,-0.56466675
15168,-0.55697644
15169,-0.51309216
15170,-0.38650507
15171,-0.2854916
15172,-0.17150861
15173,-0.0718689
15174,0.021820009
15175,0.15216076
15176,0.28100586
15177,0.3648377
15178,0.40362537
15179,0.42315674
15180,0.4129029
15181,0.3509217
15182,0.2757262
15183,0.18698111
15184,0.04034424
15185,-0.12347403
15186,-0.23739627
15187,-0.27886972
15188,-0.2936096
15189,-0.28240964
15190,-0.20159912
15191,-0.07650757
15192,0.057159424
15193,0.1747436
15194,0.27062988
15195,0.33169565
15196,0.35534674
15197,0.33129877
15198,0.26409888
15199,0.17218035
15200,0.07620266
15201,-0.019744873
15202,-0.10543838
15203,-0.18389904
15204,-0.23953235
15205,-0.2784118
15206,-0.29812634
15207,-0.30609134
15208,-0.30407724
15209,-0.28839108
15210,-0.2588499
15211,-0.21374512
15212,-0.15948504
15213,-0.099853605
15214,-0.040649086
15215,0.011749297
15216,0.052764714
15217,0.074676394
15218,0.08200079
15219,0.075042605
15220,0.059936285
15221,0.042816103
15222,0.02343744
15223,0.0062559545
15224,-0.009490758
15225,-0.021484256
15226,-0.029357731
15227,-0.039855957
15228,-0.05053726
15229,-0.058135897
15230,-0.06372067
15231,-0.06234753
15232,-0.057617277
15233,-0.04397601
15234,-0.02569583
15235,-0.0022584498
15236,0.026428282
15237,0.05743444
15238,0.089416444
15239,0.11730945
15240,0.14166255
15241,0.15951549
15242,0.16680905
15243,0.16387932
15244,0.15405273
15245,0.13262941
15246,0.10195921
15247,0.06283568
15248,0.028442392
15249,-0.00076293945
15250,-0.023132335
15251,-0.0447693
15252,-0.05294799
15253,-0.048400864
15254,-0.03173829
15255,-0.010162346
15256,0.012390159
15257,0.04031373
15258,0.06289672
15259,0.07821654
15260,0.08328247
15261,0.0831909
15262,0.07739259
15263,0.06732181
15264,0.050750747
15265,0.03314206
15266,0.01620482
15267,0.0046081394
15268,-0.0008239895
15269,-0.0010375977
15270,0.004119858
15271,0.010284409
15272,0.018127441
15273,0.022674575
15274,0.023101836
15275,0.019500747
15276,0.010864243
15277,0.0065612793
15278,0.0027160645
15279,6.1035156e-05
15280,-0.00036621094
15281,0.0024413913
15282,0.009918213
15283,0.01651001
15284,0.025238037
15285,0.034240723
15286,0.039611816
15287,0.041870117
15288,0.038604766
15289,0.032470733
15290,0.026519805
15291,0.018737793
15292,0.008941621
15293,-0.0024108887
15294,-0.009552002
15295,-0.00894165
15296,-0.007659912
15297,-0.008300811
15298,-0.007965118
15299,-0.0038146973
15300,0.0022583008
15301,0.0032958984
15302,0.0026245117
15303,0.0031433105
15304,0.0009765923
15305,-0.0062560737
15306,-0.018035889
15307,-0.026184082
15308,-0.036285385
15309,-0.04641719
15310,-0.05599974
15311,-0.064270005
15312,-0.066711426
15313,-0.06704709
15314,-0.062957734
15315,-0.060028054
15316,-0.058654808
15317,-0.054779068
15318,-0.049835205
15319,-0.044860847
15320,-0.042785656
15321,-0.039855957
15322,-0.03768922
15323,-0.03616332
15324,-0.03292846
15325,-0.0296631
15326,-0.026489258
15327,-0.023620598
15328,-0.018920884
15329,-0.013092056
15330,-0.008789055
15331,-0.0022887662
15332,0.003509514
15333,0.00872799
15334,0.010650627
15335,0.013000499
15336,0.015045188
15337,0.014892571
15338,0.014801037
15339,0.015594486
15340,0.015441924
15341,0.012146004
15342,0.009368893
15343,0.007019054
15344,0.0017700344
15345,-0.0032348707
15346,-0.005706802
15347,-0.001892075
15348,-0.0008544773
15349,-0.0021667741
15350,0.00018311664
15351,0.0027771033
15352,0.006652821
15353,0.010040268
15354,0.008270264
15355,0.0070801005
15356,0.00286863
15357,0.0021056905
15358,0.0022278018
15359,-0.00021361187
15360,0.00033569336
15361,-0.00091554597
15362,-0.00064088404
15363,-0.0011291355
15364,-0.00061033666
15365,0.00015259907
15366,-0.00021362677
15367,0.00021361932
15368,0.0009765439
15369,-0.0008239895
15370,-0.0032958947
15371,-0.0073547363
15372,-0.009033218
15373,-0.011444081
15374,-0.014709473
15375,-0.016601562
15376,-0.02035524
15377,-0.02432251
15378,-0.029510513
15379,-0.032775894
15380,-0.03390503
15381,-0.03540039
15382,-0.03570558
15383,-0.03463748
15384,-0.029754639
15385,-0.023773178
15386,-0.01626587
15387,-0.0064697266
15388,0.0034790188
15389,0.013092041
15390,0.018310517
15391,0.022644043
15392,0.02261354
15393,0.020965576
15394,0.016571
15395,0.011962846
15396,0.008880645
15397,0.009582505
15398,0.012359597
15399,0.015533447
15400,0.015838638
15401,0.018829338
15402,0.021209717
15403,0.017944336
15404,0.013366684
15405,0.009613037
15406,0.01171875
15407,0.011169456
15408,0.00991822
15409,0.009613059
15410,0.011566162
15411,0.014007583
15412,0.015808105
15413,0.017486572
15414,0.016723625
15415,0.014373773
15416,0.01370239
15417,0.014526359
15418,0.013397212
15419,0.010894775
15420,0.009460451
15421,0.015594484
15422,0.018493652
15423,0.017150879
15424,0.013671871
15425,0.0147705
15426,0.020477284
15427,0.022644047
15428,0.01968386
15429,0.016510017
15430,0.013214126
15431,0.011138909
15432,0.008697517
15433,0.008209243
15434,0.010223433
15435,0.009704605
15436,0.008972168
15437,0.007507324
15438,0.0065918043
15439,0.0058288723
15440,0.005615212
15441,0.0054931343
15442,0.003326401
15443,0.0008544773
15444,0.0016174018
15445,0.00286863
15446,-0.0014648288
15447,-0.008422844
15448,-0.016204834
15449,-0.020721413
15450,-0.026031464
15451,-0.03179931
15452,-0.036346458
15453,-0.035522446
15454,-0.027801506
15455,-0.017822273
15456,-0.006713869
15457,0.0035095084
15458,0.014343258
15459,0.025146488
15460,0.02908324
15461,0.03753662
15462,0.03097532
15463,0.048706055
15464,-0.056091316
15465,-0.03900145
15466,0.1549988
15467,0.14227295
15468,-0.0025024265
15469,-0.20593262
15470,-0.076751694
15471,0.018920898
15472,-0.028930651
15473,-0.08193971
15474,-0.07846069
15475,-0.05410766
15476,-0.052520752
15477,-0.047943115
15478,-0.05444336
15479,-0.03137207
15480,-0.011627212
15481,0.018035885
15482,0.038421627
15483,0.055267334
15484,0.054412827
15485,0.050567627
15486,0.04638672
15487,0.043975838
15488,0.03884889
15489,0.030853264
15490,0.021453861
15491,0.0132141
15492,0.008666977
15493,0.0029296875
15494,-0.0023193248
15495,-0.007629376
15496,-0.010131851
15497,-0.014953621
15498,-0.018859847
15499,-0.016571037
15500,-0.010498047
15501,-0.0065307654
15502,-0.005340578
15503,-0.0011596698
15504,0.007263189
15505,0.010528561
15506,0.009582497
15507,0.010345459
15508,0.010375991
15509,0.008453388
15510,0.005859375
15511,0.0064391904
15512,0.007537842
15513,0.008361813
15514,0.014221199
15515,0.022064239
15516,0.02746585
15517,0.030609146
15518,0.03610231
15519,0.040069595
15520,0.038513184
15521,0.03201294
15522,0.023956299
15523,0.014312729
15524,0.0056152195
15525,-0.004486099
15526,-0.012207001
15527,-0.01977542
15528,-0.029937766
15529,-0.037170425
15530,-0.040496796
15531,-0.043212883
15532,-0.047637954
15533,-0.048919685
15534,-0.045379624
15535,-0.04165649
15536,-0.041076656
15537,-0.036529537
15538,-0.029937737
15539,-0.023040771
15540,-0.015380863
15541,-0.009368882
15542,-0.0027770847
15543,0.0011596791
15544,0.004974369
15545,0.005035393
15546,0.0037231445
15547,0.0032653883
15548,0.002471909
15549,0.0006713867
15550,-0.0010986179
15551,-0.002349835
15552,-0.0032653771
15553,-0.007965095
15554,-0.014587406
15555,-0.01733398
15556,-0.018066406
15557,-0.016204834
15558,-0.01452636
15559,-0.01196292
15560,-0.005340591
15561,-3.0502677e-05
15562,0.0030212477
15563,0.005065918
15564,0.0057678036
15565,0.007995583
15566,0.0062866434
15567,0.0069274977
15568,0.0105896
15569,0.016540501
15570,0.017303456
15571,0.015960706
15572,0.01589966
15573,0.017089833
15574,0.017730713
15575,0.013854987
15576,0.008026123
15577,0.0030822773
15578,0.00015258975
15579,-0.0010375977
15580,-0.00317383
15581,-0.008300772
15582,-0.011688236
15583,-0.01428223
15584,-0.018707268
15585,-0.023071289
15586,-0.02859497
15587,-0.02655033
15588,-0.022979736
15589,-0.019592263
15590,-0.015228279
15591,-0.0100097805
15592,-2.2351742e-08
15593,0.0068969876
15594,0.013214115
15595,0.017700195
15596,0.020294167
15597,0.019592315
15598,0.016143814
15599,0.010711692
15600,0.0018920675
15601,-0.0064697377
15602,-0.011901844
15603,-0.013183586
15604,-0.015869133
15605,-0.014923096
15606,-0.0129394755
15607,-0.0079956055
15608,-0.0041504055
15609,0.0030212104
15610,0.008972146
15611,0.012878418
15612,0.014129676
15613,0.01681517
15614,0.020355206
15615,0.018920917
15616,0.016021736
15617,0.011077896
15618,0.009887673
15619,0.007598888
15620,0.0033569336
15621,-0.0017700344
15622,-0.005065918
15623,-0.005554192
15624,-0.0038452148
15625,-0.0021667406
15626,-0.00021362677
15627,0.00027469173
15628,-0.0006408654
15629,0.0010070726
15630,-0.0004577674
15631,-0.0059814304
15632,-0.013854962
15633,-0.017700192
15634,-0.013000485
15635,-0.009735111
15636,-0.007965077
15637,-0.0061340295
15638,-0.0021972694
15639,0.004608173
15640,0.012298569
15641,0.018524157
15642,0.02142334
15643,0.020294202
15644,0.021026628
15645,0.021026593
15646,0.021881107
15647,0.019409183
15648,0.016662598
15649,0.015075684
15650,0.015136717
15651,0.014251705
15652,0.010650635
15653,0.008087158
15654,0.006378174
15655,0.0049743615
15656,0.0026245192
15657,0.0043945424
15658,0.009033196
15659,0.011047352
15660,0.014160141
15661,0.018432617
15662,0.023712143
15663,0.028411835
15664,0.028137177
15665,0.027465805
15666,0.024414077
15667,0.020965576
15668,0.018646225
15669,0.012817353
15670,0.004119858
15671,-0.005096413
15672,-0.0138855055
15673,-0.017974876
15674,-0.019134544
15675,-0.015991196
15676,-0.013671905
15677,-0.012084961
15678,-0.00894165
15679,-0.0042419583
15680,0.0014037937
15681,0.0037536696
15682,0.003936775
15683,0.0049438253
15684,0.008941628
15685,0.012115493
15686,0.0109253
15687,0.005615212
15688,0.002105698
15689,-0.0011596903
15690,-0.007598877
15691,-0.013702378
15692,-0.018188491
15693,-0.019439697
15694,-0.017700188
15695,-0.016479474
15696,-0.01602171
15697,-0.018218994
15698,-0.018249504
15699,-0.015502922
15700,-0.015808107
15701,-0.017883297
15702,-0.01876831
15703,-0.01977539
15704,-0.023132324
15705,-0.019317625
15706,-0.014831545
15707,-0.010223391
15708,-0.00753784
15709,-0.0008544903
15710,0.010955811
15711,0.014770506
15712,0.018035889
15713,0.019256594
15714,0.019439697
15715,0.01727295
15716,0.012451172
15717,0.0064086914
15718,-0.001159668
15719,-0.0109558115
15720,-0.02035522
15721,-0.03164673
15722,-0.039154064
15723,-0.03656008
15724,-0.031188957
15725,-0.025207505
15726,-0.017303485
15727,-0.021087646
15728,-0.048736572
15729,-0.06561281
15730,-0.037811294
15731,-0.06073007
15732,-0.14871207
15733,-0.22686774
15734,-0.20245367
15735,-0.07400501
15736,0.077819794
15737,0.23547369
15738,0.34219342
15739,0.4277954
15740,0.49481213
15741,0.5132752
15742,0.41662586
15743,0.25930762
15744,0.12246716
15745,0.0362857
15746,-0.050354153
15747,-0.15896615
15748,-0.24761951
15749,-0.2767942
15750,-0.24661262
15751,-0.19509904
15752,-0.1422118
15753,-0.09448241
15754,-0.0638123
15755,-0.048034698
15756,-0.053619385
15757,-0.07736205
15758,-0.10961912
15759,-0.14013672
15760,-0.15838625
15761,-0.16287231
15762,-0.1486206
15763,-0.12350461
15764,-0.091155976
15765,-0.05819702
15766,-0.030426025
15767,-0.01184082
15768,-0.004760742
15769,-0.0030517578
15770,-0.007385254
15771,-0.012969971
15772,-0.015563995
15773,-0.01184085
15774,-0.0028686523
15775,0.009429932
15776,0.021728516
15777,0.028167695
15778,0.031799316
15779,0.02859497
15780,0.024291992
15781,0.020996094
15782,0.02154541
15783,0.026000977
15784,0.027557388
15785,0.030303955
15786,0.03137207
15787,0.03182985
15788,0.025817856
15789,0.0079345405
15790,-0.01770024
15791,-0.034179717
15792,-0.037628174
15793,-0.027862549
15794,-0.008117676
15795,0.01782222
15796,0.05621338
15797,0.09066774
15798,0.1168213
15799,0.12442019
15800,0.13214113
15801,0.15576175
15802,0.17324832
15803,0.18035883
15804,0.16809064
15805,0.15261847
15806,0.13534552
15807,0.10647577
15808,0.07159436
15809,0.025543302
15810,-0.018249363
15811,-0.053375363
15812,-0.07858282
15813,-0.09484851
15814,-0.10427861
15815,-0.10604864
15816,-0.10400394
15817,-0.09939574
15818,-0.095550515
15819,-0.08703614
15820,-0.07254027
15821,-0.056457512
15822,-0.045867924
15823,-0.042816166
15824,-0.04446411
15825,-0.04797362
15826,-0.055725113
15827,-0.065979004
15828,-0.07601926
15829,-0.08386229
15830,-0.08932495
15831,-0.088897705
15832,-0.080841094
15833,-0.06726077
15834,-0.051330596
15835,-0.028533965
15836,-0.00036621094
15837,0.029052705
15838,0.056030273
15839,0.07363887
15840,0.085998535
15841,0.08734132
15842,0.08569336
15843,0.081604004
15844,0.07437132
15845,0.06655885
15846,0.05749511
15847,0.047790516
15848,0.04019165
15849,0.03753663
15850,0.039031975
15851,0.041625954
15852,0.043243393
15853,0.044128433
15854,0.042511016
15855,0.038055435
15856,0.029571503
15857,0.013885468
15858,-0.0039367527
15859,-0.018646196
15860,-0.03143308
15861,-0.042358387
15862,-0.049316406
15863,-0.050018296
15864,-0.047241196
15865,-0.04214478
15866,-0.034484867
15867,-0.028839117
15868,-0.026458742
15869,-0.02490234
15870,-0.019927979
15871,-0.015502935
15872,-0.012390142
15873,-0.010742173
15874,-0.0069579966
15875,-0.0010681152
15876,0.0011596605
15877,0.0021057166
15878,0.0032043569
15879,0.0062561017
15880,0.008483885
15881,0.0075683575
15882,0.0068359375
15883,0.006225587
15884,0.004852291
15885,0.005004881
15886,0.006744384
15887,0.010772705
15888,0.014404297
15889,0.018920898
15890,0.023559563
15891,0.024902333
15892,0.021514896
15893,0.01715089
15894,0.015319824
15895,0.012786869
15896,0.008300755
15897,0.0028686486
15898,-0.0002136305
15899,-0.0007934347
15900,0.0027465783
15901,0.0028686523
15902,0.00067139044
15903,-0.00021359697
15904,0.0032653995
15905,0.005920373
15906,0.0057067573
15907,0.0045471154
15908,0.006256111
15909,0.0045165718
15910,-0.00015260652
15911,-0.00289917
15912,-0.005157482
15913,-0.0065612644
15914,-0.011444084
15915,-0.014404293
15916,-0.014343284
15917,-0.015075687
15918,-0.015624987
15919,-0.017883305
15920,-0.017608652
15921,-0.016082756
15922,-0.011505123
15923,-0.009155275
15924,-0.007232668
15925,-0.005920409
15926,-0.0029907222
15927,-0.0033264162
15928,-0.0058898907
15929,-0.009216307
15930,-0.012420654
15931,-0.016143806
15932,-0.01751709
15933,-0.016876217
15934,-0.013732918
15935,-0.009826664
15936,0.00033568963
15937,0.010894788
15938,0.014495851
15939,0.017120361
15940,0.01889038
15941,0.02197266
15942,0.019897467
15943,0.015411377
15944,0.009216305
15945,0.00030517345
15946,-0.007965086
15947,-0.012451167
15948,-0.017913816
15949,-0.022552498
15950,-0.02389526
15951,-0.020904537
15952,-0.019561775
15953,-0.01565551
15954,-0.011993408
15955,-0.006164536
15956,-0.0054016076
15957,-0.00527953
15958,-0.0028991625
15959,0.00070189685
15960,0.0036316141
15961,0.006561294
15962,0.0075073205
15963,0.008026114
15964,0.008483872
15965,0.008972168
15966,0.010375969
15967,0.009399418
15968,0.008758539
15969,0.007904055
15970,0.0083618155
15971,0.0073242188
15972,0.005798339
15973,0.006500244
15974,0.007019042
15975,0.008026122
15976,0.0077819824
15977,0.0072021466
15978,0.006225584
15979,0.0030822763
15980,0.0011901865
15981,-0.0009460454
15982,-0.0029907245
15983,-0.0049133296
15984,-0.0049743615
15985,-0.0033569331
15986,-0.00076294225
15987,-0.0013427746
15988,0.00018310768
15989,0.0045471196
15990,0.010131833
15991,0.010406492
15992,0.008758545
15993,0.007507326
15994,0.005279541
15995,0.0011291485
15996,0.00064086914
15997,0.0033264142
15998,0.0030517578
15999,0.002532959
16000,0.0038452148
16001,0.00680542
16002,0.0057678223
16003,0.0044555664
16004,0.0055236854
16005,0.007476788
16006,0.009735111
16007,0.010681156
16008,0.012359619
16009,0.011779796
16010,0.0060424656
16011,-0.0014953576
16012,-0.0068054423
16013,-0.008514406
16014,-0.010681141
16015,-0.014099125
16016,-0.012664797
16017,-0.0116271945
16018,-0.012573241
16019,-0.013885495
16020,-0.0133667
16021,-0.010620115
16022,-0.009399413
16023,-0.00765991
16024,-0.0058898944
16025,-0.002014162
16026,0.00213623
16027,0.0039672856
16028,0.0028686523
16029,-0.0010375995
16030,-0.0062561044
16031,-0.013092045
16032,-0.015747055
16033,-0.018493649
16034,-0.020660412
16035,-0.021209724
16036,-0.018310543
16037,-0.011962872
16038,-0.009582527
16039,-0.00927734
16040,-0.010742221
16041,-0.0097961575
16042,-0.0070495754
16043,-0.0072021633
16044,-0.006744407
16045,-0.00592041
16046,-0.003814645
16047,-0.0036315694
16048,-0.0044250563
16049,-0.005889915
16050,-0.0083923265
16051,-0.007324204
16052,-0.0032959133
16053,-0.0015564114
16054,-0.0025329515
16055,-0.00018306822
16056,0.0057372972
16057,0.008026101
16058,0.0075683296
16059,0.0054016113
16060,0.0048828274
16061,0.0061034933
16062,0.007415749
16063,0.010589607
16064,0.015411407
16065,0.020538308
16066,0.025054924
16067,0.031066902
16068,0.039245613
16069,0.0401306
16070,0.03787232
16071,0.039398212
16072,0.047058098
16073,0.07815549
16074,0.087066635
16075,0.017395042
16076,-0.06298827
16077,-0.08715823
16078,-0.06356813
16079,-0.054290757
16080,-0.066101074
16081,-0.035949707
16082,0.0134277195
16083,0.047729507
16084,0.078918435
16085,0.091735825
16086,0.09875487
16087,0.09866336
16088,0.08767703
16089,0.07611084
16090,0.055908173
16091,0.036315918
16092,0.014526427
16093,-0.008148178
16094,-0.026702866
16095,-0.045898467
16096,-0.059722885
16097,-0.070587166
16098,-0.074707
16099,-0.073181145
16100,-0.06677246
16101,-0.056335464
16102,-0.0437622
16103,-0.03115844
16104,-0.018524168
16105,-0.0065918025
16106,-0.00064086914
16107,0.0008239746
16108,0.000640871
16109,-0.0010070754
16110,-0.0038757315
16111,-0.007507324
16112,-0.011749266
16113,-0.01495361
16114,-0.017669678
16115,-0.01953125
16116,-0.016723633
16117,-0.013153076
16118,-0.0049743634
16119,-0.0010986328
16120,0.0031738244
16121,0.0085754385
16122,0.01348877
16123,0.015167238
16124,0.012817381
16125,0.01071167
16126,0.007812502
16127,0.005096435
16128,0.005065916
16129,0.006378173
16130,0.0036621103
16131,-0.00027465867
16132,-0.0038452153
16133,-0.003387452
16134,-0.002288819
16135,-0.0014648447
16136,0.0018920898
16137,0.0053405743
16138,0.008544922
16139,0.010040285
16140,0.0074157715
16141,0.005554199
16142,0.0014648438
16143,-0.004058835
16144,-0.008728028
16145,-0.010406495
16146,-0.011566163
16147,-0.013763424
16148,-0.018218994
16149,-0.017395021
16150,-0.013549805
16151,-0.010955811
16152,-0.0075683594
16153,-0.005706787
16154,-0.003692627
16155,-0.0032653771
16156,-0.007446293
16157,-0.009826675
16158,-0.014160149
16159,-0.017089836
16160,-0.017700188
16161,-0.017150879
16162,-0.014038093
16163,-0.009613045
16164,-0.006439194
16165,-0.00094602257
16166,0.002746582
16167,0.006500222
16168,0.0104064755
16169,0.010772716
16170,0.013244625
16171,0.012756333
16172,0.012817372
16173,0.006866459
16174,0.00045778602
16175,-0.002563484
16176,-0.0035400353
16177,-0.0053710938
16178,-0.00543214
16179,-0.0036010668
16180,-0.0007934682
16181,0.0024719015
16182,0.004028298
16183,0.008789055
16184,0.009399429
16185,0.010681145
16186,0.011230461
16187,0.013336182
16188,0.017852787
16189,0.019866947
16190,0.018096924
16191,0.0138855
16192,0.008636475
16193,0.003692627
16194,-0.00253296
16195,-0.010070799
16196,-0.015686033
16197,-0.017028812
16198,-0.017852798
16199,-0.016540535
16200,-0.0155944675
16201,-0.0121154785
16202,-0.006500274
16203,-0.0029907413
16204,-0.0011291429
16205,-0.00064085796
16206,0.0014343075
16207,0.0046691857
16208,0.007415775
16209,0.008392347
16210,0.010223383
16211,0.010070806
16212,0.010986328
16213,0.007690427
16214,0.0069274902
16215,0.0074768066
16216,0.008911136
16217,0.010620115
16218,0.010498045
16219,0.013244628
16220,0.013305666
16221,0.010833742
16222,0.009216307
16223,0.008239742
16224,0.008270262
16225,0.005371092
16226,0.0008544903
16227,-0.0032653827
16228,-0.0053710993
16229,-0.0058593787
16230,-0.0050964374
16231,-0.0038757287
16232,-0.0021972656
16233,0.001739502
16234,0.0062561035
16235,0.0068054236
16236,0.0076904334
16237,0.005554199
16238,0.0068969764
16239,0.009582516
16240,0.009826668
16241,0.0068359375
16242,0.0040588193
16243,0.0039672665
16244,0.004211422
16245,0.0036315992
16246,0.00079344586
16247,0.00012207031
16248,-0.0043334886
16249,-0.0054626316
16250,-0.0040283427
16251,-0.00067139044
16252,0.0063782074
16253,0.013946559
16254,0.021453843
16255,0.024932817
16256,0.025451653
16257,0.023376495
16258,0.0192566
16259,0.012634218
16260,0.0064391717
16261,0.0013122633
16262,-0.0041198507
16263,-0.009246819
16264,-0.014709473
16265,-0.016632088
16266,-0.020721447
16267,-0.025512684
16268,-0.028137192
16269,-0.026245125
16270,-0.024169922
16271,-0.021087643
16272,-0.016021729
16273,-0.008087157
16274,-0.005279539
16275,-0.0054626456
16276,-0.0051879883
16277,-0.0033264165
16278,-0.0011291499
16279,-0.0018310528
16280,-0.0029296875
16281,-0.003692627
16282,-0.0019836442
16283,-0.0034484863
16284,-0.007507325
16285,-0.009826658
16286,-0.008026123
16287,-0.0071105976
16288,-0.0076904297
16289,-0.0064086933
16290,-0.007995607
16291,-0.012786873
16292,-0.01846312
16293,-0.015380859
16294,-0.011505149
16295,-0.010437015
16296,-0.008575425
16297,-0.0036620907
16298,0.004699696
16299,0.0072631985
16300,0.008087166
16301,0.0065612905
16302,0.006530747
16303,0.008178715
16304,0.007537851
16305,0.00628661
16306,0.006469721
16307,0.009735108
16308,0.012786866
16309,0.013549803
16310,0.011901857
16311,0.0071411123
16312,0.0012817383
16313,-0.002471923
16314,-0.0037231455
16315,-0.00491333
16316,-0.0027465816
16317,0.001342773
16318,0.004913331
16319,0.0069580073
16320,0.008819584
16321,0.01132202
16322,0.009002685
16323,0.006225588
16324,0.0015869159
16325,-0.00326538
16326,-0.007812502
16327,-0.011596676
16328,-0.010833737
16329,-0.0082092285
16330,-0.003723145
16331,-0.00015258741
16332,0.003631595
16333,0.009185791
16334,0.014831541
16335,0.016967772
16336,0.019287113
16337,0.021820072
16338,0.023010258
16339,0.021453846
16340,0.018127434
16341,0.01354982
16342,0.006256096
16343,-0.0011291467
16344,-0.008697521
16345,-0.014465325
16346,-0.020416267
16347,-0.022003174
16348,-0.02285767
16349,-0.02163696
16350,-0.016082762
16351,-0.011932375
16352,-0.008483887
16353,-0.00869751
16354,-0.008239748
16355,-0.008056641
16356,-0.012603754
16357,-0.01483155
16358,-0.01770021
16359,-0.018005367
16360,-0.016296368
16361,-0.0126953125
16362,-0.0062866397
16363,-0.0015258901
16364,0.0030212477
16365,0.00689698
16366,0.008422855
16367,0.008148197
16368,0.0076599196
16369,0.004852291
16370,-3.0536205e-05
16371,-0.0053405836
16372,-0.007446289
16373,-0.009857178
16374,-0.01461792
16375,-0.021331765
16376,-0.027557366
16377,-0.03204345
16378,-0.037841782
16379,-0.041168213
16380,-0.040527344
16381,-0.03930667
16382,-0.039306656
16383,-0.035797134
16384,-0.023223877
16385,-0.010223359
16386,-0.005157441
16387,-0.0027465671
16388,-0.00030519068
16389,9.153783e-05
16390,-0.0028686523
16391,-0.0017700195
16392,0.004913345
16393,0.012084991
16394,0.020019546
16395,0.028747544
16396,0.038635224
16397,0.043975838
16398,0.046966583
16399,0.0463257
16400,0.04589843
16401,0.045349106
16402,0.046264656
16403,0.04974366
16404,0.05114747
16405,0.05139161
16406,0.047912575
16407,0.043609627
16408,0.03308106
16409,0.0123596005
16410,-0.00988771
16411,-0.026123052
16412,-0.025848374
16413,-0.020141605
16414,-0.011291508
16415,-0.0045165755
16416,0.008239739
16417,0.024078354
16418,0.035247803
16419,0.041686997
16420,0.045166016
16421,0.04956056
16422,0.04760745
16423,0.040802017
16424,0.031768784
16425,0.023712143
16426,0.014892563
16427,0.0019225925
16428,-0.014099121
16429,-0.026275635
16430,-0.033813447
16431,-0.035369866
16432,-0.03356933
16433,-0.026214592
16434,-0.015899636
16435,-0.004272446
16436,0.00881958
16437,0.017456055
16438,0.022766128
16439,0.022460938
16440,0.02343747
16441,0.022277802
16442,0.020050049
16443,0.016937256
16444,0.013183579
16445,0.008270249
16446,0.0018615574
16447,-0.0035705417
16448,-0.013275117
16449,-0.026061997
16450,-0.032318145
16451,-0.028381348
16452,-0.019958451
16453,-0.0112609565
16454,-0.0023193508
16455,0.007171586
16456,0.009796143
16457,0.008636475
16458,0.0045165718
16459,0.00015255809
16460,-0.0051574856
16461,-0.008697525
16462,-0.012298629
16463,-0.023162872
16464,-0.032623276
16465,-0.035522446
16466,-0.034729004
16467,-0.029235855
16468,-0.024078358
16469,-0.013061538
16470,-0.002960194
16471,0.006134048
16472,0.015533432
16473,0.016540546
16474,0.011566136
16475,0.0034179613
16476,-0.003326416
16477,-0.009124763
16478,-0.01644896
16479,-0.022979744
16480,-0.028289804
16481,-0.03164673
16482,-0.03616334
16483,-0.0395813
16484,-0.040222157
16485,-0.040588394
16486,-0.047607422
16487,-0.05966185
16488,-0.06872554
16489,-0.07681276
16490,-0.07913211
16491,-0.076049775
16492,-0.06274411
16493,-0.046691895
16494,-0.031433135
16495,-0.016296357
16496,-0.000823915
16497,0.019012436
16498,0.035064697
16499,0.045898467
16500,0.043792754
16501,0.041168213
16502,0.040679872
16503,0.04113768
16504,0.03768921
16505,0.033813454
16506,0.02960208
16507,0.026580788
16508,0.024108872
16509,0.021789528
16510,0.019287113
16511,0.0141907
16512,0.013916012
16513,0.017852783
16514,0.02221679
16515,0.025054941
16516,0.029052742
16517,0.033233635
16518,0.034240723
16519,0.028228763
16520,0.017486572
16521,0.0068664555
16522,-0.004058837
16523,-0.011535642
16524,-0.016418455
16525,-0.017883303
16526,-0.012725832
16527,-0.004699705
16528,0.003173829
16529,0.008239746
16530,0.010253905
16531,0.010192872
16532,0.008422852
16533,0.005462646
16534,0.0036315932
16535,0.0014953632
16536,-0.0013732924
16537,-0.0018615731
16538,-0.0023193345
16539,-0.00033569272
16540,-0.0007324221
16541,-0.0043945312
16542,-0.00897217
16543,-0.011566164
16544,-0.011871338
16545,-0.010375978
16546,-0.010742191
16547,-0.007019045
16548,-0.004486082
16549,-3.0521303e-05
16550,0.004364009
16551,0.008239743
16552,0.011352543
16553,0.010742186
16554,0.015045162
16555,0.015563963
16556,0.014801029
16557,0.014282225
16558,0.014282234
16559,0.016143806
16560,0.014617916
16561,0.018249512
16562,0.021331776
16563,0.02105714
16564,0.01837159
16565,0.01568605
16566,0.015502952
16567,0.013885498
16568,0.0131530985
16569,0.013336197
16570,0.014678985
16571,0.014373794
16572,0.010986321
16573,0.0056457594
16574,0.0010375828
16575,-0.0067749172
16576,-0.016143799
16577,-0.02926635
16578,-0.040924057
16579,-0.048584
16580,-0.053497344
16581,-0.057189923
16582,-0.060607895
16583,-0.054321274
16584,-0.040557854
16585,-0.028472915
16586,-0.02084352
16587,-0.013977073
16588,-0.004852295
16589,0.0016174242
16590,0.0026855394
16591,0.0043335073
16592,0.0040893853
16593,0.0025024563
16594,0.00012205541
16595,-0.001586929
16596,-0.00076292455
16597,-0.0029907376
16598,-0.005981475
16599,-0.008941665
16600,-0.010559037
16601,-0.016113266
16602,-0.024627686
16603,-0.029388428
16604,-0.026672319
16605,-0.019866943
16606,-0.009338394
16607,0.00021362305
16608,0.011016868
16609,0.018096946
16610,0.019683816
16611,0.016540512
16612,0.009765632
16613,0.0056762546
16614,0.00045777857
16615,-0.0061340183
16616,-0.01077272
16617,-0.009246856
16618,-0.0050964803
16619,0.0043029934
16620,0.016265891
16621,0.028747562
16622,0.037628166
16623,0.041168198
16624,0.042236343
16625,0.042083748
16626,0.041625977
16627,0.03848265
16628,0.0324707
16629,0.029205319
16630,0.027282704
16631,0.022857659
16632,0.016784683
16633,0.014190689
16634,0.015594471
16635,0.016509995
16636,0.016693115
16637,0.016326934
16638,0.02154541
16639,0.025573745
16640,0.02822876
16641,0.02603148
16642,0.023529068
16643,0.01876831
16644,0.00592044
16645,-0.010772698
16646,-0.024017341
16647,-0.026306182
16648,-0.023284912
16649,-0.019805886
16650,-0.019500732
16651,-0.01626587
16652,-0.007904068
16653,0.00024413317
16654,0.0062561035
16655,0.007202156
16656,0.0103149265
16657,0.013732888
16658,0.018279985
16659,0.019683838
16660,0.018890396
16661,0.014404327
16662,0.007812485
16663,0.0027770847
16664,-0.0032043308
16665,-0.009307861
16666,-0.01547242
16667,-0.019989021
16668,-0.024322487
16669,-0.029052734
16670,-0.03350831
16671,-0.03451539
16672,-0.035186753
16673,-0.038299568
16674,-0.035339348
16675,-0.026153564
16676,-0.012725833
16677,-0.0061340313
16678,-0.0039978027
16679,6.103562e-05
16680,0.0021972647
16681,0.0014343263
16682,-0.0024108882
16683,-0.004089355
16684,-0.0018005376
16685,-0.0008544917
16686,-0.002288816
16687,-0.0067749005
16688,-0.009948729
16689,-0.012420656
16690,-0.017974842
16691,-0.024139393
16692,-0.029327385
16693,-0.02761842
16694,-0.02227784
16695,-0.01358033
16696,-0.003753651
16697,0.007446289
16698,0.01705931
16699,0.023895277
16700,0.0272827
16701,0.027160656
16702,0.023071282
16703,0.019409182
16704,0.01705933
16705,0.016082764
16706,0.015411379
16707,0.017242428
16708,0.018463127
16709,0.020843498
16710,0.018493649
16711,0.014129635
16712,0.009948749
16713,0.0057983436
16714,0.0010070875
16715,-0.0073547363
16716,-0.0126648005
16717,-0.013824454
16718,-0.011566166
16719,-0.010131836
16720,-0.008605966
16721,-0.008575448
16722,-0.007690428
16723,-0.005401606
16724,-0.0050354004
16725,-0.0066833496
16726,-0.008911135
16727,-0.009826659
16728,-0.009826659
16729,-0.01010132
16730,-0.009185793
16731,-0.00643921
16732,-0.0030212402
16733,0.0047912598
16734,0.017272945
16735,0.028350838
16736,0.035736077
16737,0.038360596
16738,0.041290313
16739,0.040252686
16740,0.03778076
16741,0.037384033
16742,0.032623306
16743,0.012084961
16744,-0.001007095
16745,0.00030520558
16746,0.005187981
16747,-0.017425537
16748,-0.04089357
16749,-0.05810546
16750,-0.01867675
16751,-0.0016479343
16752,0.044830322
16753,0.1199341
16754,0.05126953
16755,-0.038238533
16756,-0.15289305
16757,-0.12997437
16758,-0.107940674
16759,-0.0625
16760,-0.07626341
16761,-0.10543826
16762,-0.15179446
16763,-0.08822629
16764,-0.014312714
16765,-0.019500732
16766,-0.035491973
16767,-0.057281464
16768,-0.03112784
16769,-0.008300751
16770,0.036804214
16771,0.050201446
16772,0.0504151
16773,0.047027618
16774,0.062561005
16775,0.08306884
16776,0.09552003
16777,0.10034181
16778,0.096008316
16779,0.08993534
16780,0.09097291
16781,0.090026855
16782,0.080718994
16783,0.06707764
16784,0.05172731
16785,0.03567505
16786,0.016662613
16787,-0.00064085424
16788,-0.02056884
16789,-0.04144289
16790,-0.060394302
16791,-0.07205199
16792,-0.08383177
16793,-0.090820305
16794,-0.09271243
16795,-0.090148956
16796,-0.089965835
16797,-0.08502197
16798,-0.073455825
16799,-0.057617188
16800,-0.03811647
16801,-0.020599365
16802,-0.0007934272
16803,0.011138916
16804,0.021972656
16805,0.02816774
16806,0.033447295
16807,0.035339385
16808,0.038330063
16809,0.03717043
16810,0.034545895
16811,0.034271233
16812,0.03454592
16813,0.03509523
16814,0.032562237
16815,0.033325188
16816,0.03582764
16817,0.03451537
16818,0.030364996
16819,0.022247318
16820,0.015014645
16821,0.0056762714
16822,-0.0045776404
16823,-0.011199941
16824,-0.014984138
16825,-0.014312744
16826,-0.013275144
16827,-0.0076904288
16828,0.0018310575
16829,0.0073547326
16830,0.011077879
16831,0.010101322
16832,0.010253906
16833,0.010284424
16834,0.005126953
16835,0.0024108924
16836,-0.0040283203
16837,-0.007995604
16838,-0.011138913
16839,-0.011230468
16840,-0.010223389
16841,-0.013671875
16842,-0.009765623
16843,-0.0036621084
16844,0.0030517569
16845,0.0039367676
16846,0.005554199
16847,0.008056641
16848,0.0067749023
16849,0.0065612793
16850,0.0045166016
16851,0.0023803692
16852,-0.0023498554
16853,-0.0026550274
16854,-0.001831051
16855,-0.0019836398
16856,-0.0025329618
16857,0.00018310174
16858,0.00024414156
16859,-0.0062561
16860,-0.013549803
16861,-0.016693117
16862,-0.016784668
16863,-0.018615719
16864,-0.020904534
16865,-0.018066403
16866,-0.011566162
16867,-0.0043029785
16868,0.0010070838
16869,0.0036926307
16870,0.006713867
16871,0.0075683594
16872,0.0058288556
16873,0.0069274865
16874,0.009582517
16875,0.012268066
16876,0.010528566
16877,0.005157472
16878,0.0031738281
16879,-0.00027465634
16880,-0.007598875
16881,-0.014343254
16882,-0.016174324
16883,-0.010589607
16884,-0.002746582
16885,0.0032653864
16886,0.008941662
16887,0.0127258245
16888,0.016113281
16889,0.015625004
16890,0.012695313
16891,0.013793947
16892,0.01785278
16893,0.020965565
16894,0.023040771
16895,0.027984634
16896,0.030059814
16897,0.025634743
16898,0.015869118
16899,0.0074158013
16900,0.003295906
16901,-0.0027160682
16902,-0.007934559
16903,-0.014160145
16904,-0.017272945
16905,-0.01791384
16906,-0.015136715
16907,-0.010162335
16908,-0.0033874698
16909,-0.0010070801
16910,0.00045777112
16911,0.0028991662
16912,0.0070800707
16913,0.013366699
16914,0.016052261
16915,0.018859878
16916,0.0192566
16917,0.019958489
16918,0.01779174
16919,0.0122070685
16920,0.00891114
16921,0.003875725
16922,-0.0013427809
16923,-0.00677491
16924,-0.008300766
16925,-0.0061645433
16926,-0.005676277
16927,-0.0053405687
16928,-0.0031738207
16929,0.0010986626
16930,0.00030515343
16931,-0.0027160943
16932,-0.005065918
16933,-0.0054321215
16934,-0.004241936
16935,-0.0070800856
16936,-0.009460464
16937,-0.012146004
16938,-0.014648445
16939,-0.01638793
16940,-0.018676758
16941,-0.018798836
16942,-0.017150879
16943,-0.014251704
16944,-0.013519284
16945,-0.0132751465
16946,-0.0128479
16947,-0.011352537
16948,-0.006469728
16949,-0.0041198754
16950,-0.0039062495
16951,-0.0038452116
16952,-0.003173829
16953,-0.0018310584
16954,-0.0055236816
16955,-0.010314941
16956,-0.013092045
16957,-0.014068589
16958,-0.011596672
16959,-0.008575439
16960,-0.008056626
16961,-0.0073852576
16962,-0.009063717
16963,-0.0068664663
16964,-0.003723126
16965,-0.0005493164
16966,0.003936764
16967,0.006591808
16968,0.012084963
16969,0.01303101
16970,0.013671858
16971,0.012512216
16972,0.008422852
16973,-0.001098631
16974,-0.0081176795
16975,-0.00933839
16976,-0.00592041
16977,-0.0024413988
16978,-0.0024719164
16979,-0.0017395094
16980,-0.0048523024
16981,-0.007965084
16982,-0.011047345
16983,-0.011413574
16984,-0.0072326697
16985,-0.0047607273
16986,-0.0022277758
16987,0.0022277944
16988,0.007019032
16989,0.011199959
16990,0.013916021
16991,0.013366688
16992,0.012420654
16993,0.009521481
16994,0.0090332
16995,0.007904049
16996,0.005798337
16997,0.008483886
16998,0.012725827
16999,0.016082762
17000,0.01461792
17001,0.01159668
17002,0.010192871
17003,0.0054016113
17004,-0.002471928
17005,-0.014587399
17006,-0.024993908
17007,-0.03323365
17008,-0.040130623
17009,-0.045166023
17010,-0.045684792
17011,-0.041992188
17012,-0.03482054
17013,-0.027984604
17014,-0.023315415
17015,-0.020935044
17016,-0.018341064
17017,-0.010772675
17018,-0.0007018596
17019,0.0058899224
17020,0.0072021782
17021,0.010101318
17022,0.017211929
17023,0.023468062
17024,0.025665324
17025,0.02612305
17026,0.025878854
17027,0.027587894
17028,0.028289806
17029,0.030242933
17030,0.028564436
17031,0.025268553
17032,0.023010258
17033,0.020233158
17034,0.015808102
17035,0.008697507
17036,0.004486085
17037,0.001403809
17038,-0.0007629384
17039,-0.0023193369
17040,-0.0015563967
17041,-0.0011596668
17042,-9.313226e-10
17043,0.0034790048
17044,0.0072631855
17045,0.009674072
17046,0.005493166
17047,0.0039062537
17048,0.0035400428
17049,0.0043945294
17050,0.0046081524
17051,0.006805416
17052,0.010711674
17053,0.013702411
17054,0.015533444
17055,0.018646218
17056,0.019195527
17057,0.013824463
17058,0.007263206
17059,0.004882805
17060,0.0046996884
17061,-0.00027466565
17062,-0.004791267
17063,-0.0058288537
17064,0.00064086914
17065,0.006042458
17066,0.008026123
17067,0.0052184835
17068,0.0015869029
17069,-0.0031738244
17070,-0.006927483
17071,-0.011199933
17072,-0.011566151
17073,-0.0071105957
17074,-0.0040893704
17075,0.00021363422
17076,0.0021362416
17077,0.0052490234
17078,0.006469719
17079,0.0061035007
17080,0.004180927
17081,-0.0009460263
17082,0.001953125
17083,0.0007629283
17084,0.00045777112
17085,-0.0043944977
17086,-0.009490967
17087,-0.016143791
17088,-0.02694704
17089,-0.03482056
17090,-0.066680916
17091,-0.1219787
17092,-0.18197638
17093,-0.23489398
17094,-0.26245108
17095,-0.2765196
17096,-0.27230835
17097,-0.24908465
17098,-0.20336926
17099,-0.12881458
17100,-0.04245001
17101,0.043701023
17102,0.12832645
17103,0.210724
17104,0.2901001
17105,0.36074823
17106,0.41616797
17107,0.4470217
17108,0.45129395
17109,0.4351194
17110,0.4000852
17111,0.34616077
17112,0.2730713
17113,0.19226062
17114,0.11239636
17115,0.035827756
17116,-0.017944574
17117,-0.05026257
17118,-0.07629377
17119,-0.08782941
17120,-0.06484985
17121,-0.025512815
17122,-0.011505008
17123,-0.02166748
17124,-0.011566222
17125,0.0023804903
17126,-0.015686274
17127,-0.06759632
17128,-0.14523327
17129,-0.19799796
17130,-0.23370358
17131,-0.25610358
17132,-0.26541138
17133,-0.2817688
17134,-0.25512698
17135,-0.21142577
17136,-0.19216919
17137,-0.16015622
17138,-0.13449103
17139,-0.09692392
17140,-0.087127656
17141,-0.11566141
17142,-0.12561038
17143,-0.13711554
17144,-0.13836664
17145,-0.1348573
17146,-0.10116559
17147,-0.034729034
17148,0.051910758
17149,0.12915048
17150,0.18688957
17151,0.23007204
17152,0.24768077
17153,0.2575379
17154,0.24548334
17155,0.21575923
17156,0.17593387
17157,0.11514284
17158,0.04989626
17159,-0.03613281
17160,-0.10632321
17161,-0.14831544
17162,-0.21746823
17163,-0.2507323
17164,-0.21414188
17165,-0.12222302
17166,-0.02816774
17167,0.029632665
17168,0.11535644
17169,0.1911315
17170,0.23724361
17171,0.25784305
17172,0.24734494
17173,0.21844482
17174,0.17187512
17175,0.12258905
17176,0.07031241
17177,0.021026641
17178,-0.021636963
17179,-0.055877626
17180,-0.07882701
17181,-0.095214784
17182,-0.10937497
17183,-0.119201645
17184,-0.12118532
17185,-0.12316896
17186,-0.1220703
17187,-0.117706284
17188,-0.106597915
17189,-0.09127809
17190,-0.0807495
17191,-0.06945801
17192,-0.061828613
17193,-0.056030244
17194,-0.054016083
17195,-0.05441284
17196,-0.05242923
17197,-0.05026242
17198,-0.046295166
17199,-0.040130645
17200,-0.03298953
17201,-0.02581793
17202,-0.015350312
17203,-0.003936678
17204,0.0028993487
17205,0.0046386123
17206,0.004669249
17207,0.0033264756
17208,0.00018307567
17209,-0.0019836724
17210,0.0020445883
17211,0.008483976
17212,0.020965517
17213,0.040130645
17214,0.060333267
17215,0.08212285
17216,0.100677535
17217,0.11950682
17218,0.13064575
17219,0.13397217
17220,0.1321716
17221,0.12213132
17222,0.10546874
17223,0.083343506
17224,0.0614319
17225,0.040710464
17226,0.022552475
17227,0.010345444
17228,0.0043030083
17229,0.0037842095
17230,0.0025634468
17231,0.0009765476
17232,-0.0011291653
17233,-0.0027160197
17234,-0.0024108589
17235,-0.003112793
17236,-0.00497438
17237,-0.0046081394
17238,-0.0019836128
17239,0.004669234
17240,0.008728027
17241,0.008911133
17242,0.006927505
17243,0.004272446
17244,0.005584717
17245,0.0060119927
17246,0.007019043
17247,0.0064086914
17248,0.008453399
17249,0.011718765
17250,0.012786865
17251,0.00775145
17252,-0.0026245266
17253,-0.0117798
17254,-0.019134521
17255,-0.024414033
17256,-0.027130112
17257,-0.029388428
17258,-0.030487098
17259,-0.026031472
17260,-0.01770015
17261,-0.0116882175
17262,-0.0070191026
17263,-0.00067137927
17264,0.0057678446
17265,0.009613037
17266,0.011993378
17267,0.0144348
17268,0.014160126
17269,0.009185776
17270,0.0036315843
17271,-0.0077209473
17272,-0.020996116
17273,-0.033599872
17274,-0.042541496
17275,-0.047058098
17276,-0.046112068
17277,-0.039031982
17278,-0.031860355
17279,-0.022369387
17280,-0.010498044
17281,0.003692627
17282,0.0133666955
17283,0.016906742
17284,0.015625004
17285,0.013305664
17286,0.009307865
17287,0.006134033
17288,0.0013427828
17289,-0.0036621168
17290,-0.009735106
17291,-0.017150879
17292,-0.02218628
17293,-0.023468018
17294,-0.020080568
17295,-0.015136719
17296,-0.009216307
17297,-0.0034179688
17298,0.004394532
17299,0.0141906785
17300,0.02545166
17301,0.030426014
17302,0.03222655
17303,0.032409675
17304,0.033416778
17305,0.033203125
17306,0.028533936
17307,0.025024436
17308,0.023864761
17309,0.022186294
17310,0.016174331
17311,0.0056152195
17312,-0.0063781664
17313,-0.016143799
17314,-0.024871819
17315,-0.030609123
17316,-0.030853283
17317,-0.029357906
17318,-0.02529908
17319,-0.019897461
17320,-0.010803215
17321,-0.003295906
17322,0.0011291355
17323,0.0018005185
17324,0.000671383
17325,-0.004577622
17326,-0.006408686
17327,-0.003753664
17328,-0.0013732947
17329,-0.0037231352
17330,-0.008666988
17331,-0.010620121
17332,-0.015502931
17333,-0.020996092
17334,-0.028717048
17335,-0.03567505
17336,-0.040374756
17337,-0.04510498
17338,-0.04672242
17339,-0.04537964
17340,-0.041748047
17341,-0.037445083
17342,-0.032775864
17343,-0.026000991
17344,-0.016357407
17345,-0.010284409
17346,-0.003417939
17347,0.0036010891
17348,0.010375962
17349,0.01461795
17350,0.01739505
17351,0.01751709
17352,0.01461792
17353,0.008972213
17354,0.0024109185
17355,-0.004638657
17356,-0.013885483
17357,-0.017944321
17358,-0.015686005
17359,-0.00970456
17360,-0.0026550144
17361,0.0026550293
17362,0.006591782
17363,0.009033203
17364,0.008544922
17365,0.0055236816
17366,0.00018310547
17367,-0.0075989068
17368,-0.01083374
17369,-0.00970456
17370,-0.0055541694
17371,0.0015869439
17372,0.00985717
17373,0.02059938
17374,0.0274048
17375,0.032897945
17376,0.035888646
17377,0.034301758
17378,0.027526885
17379,0.021270774
17380,0.019287102
17381,0.018280014
17382,0.018127458
17383,0.018829355
17384,0.022399904
17385,0.02670288
17386,0.023681639
17387,0.020996096
17388,0.016937252
17389,0.014984129
17390,0.010620115
17391,0.004943846
17392,0.0035705566
17393,0.0031433105
17394,0.004730232
17395,0.006195076
17396,0.009643555
17397,0.011871319
17398,0.012512203
17399,0.012176521
17400,0.011413585
17401,0.006988529
17402,-0.00024415925
17403,-0.007080082
17404,-0.010467544
17405,-0.017395
17406,-0.024139412
17407,-0.02575684
17408,-0.02243042
17409,-0.018280027
17410,-0.014282225
17411,-0.005859376
17412,0.0032348614
17413,0.0077819806
17414,0.009399414
17415,0.009704594
17416,0.011566158
17417,0.011535641
17418,0.008453373
17419,0.006713871
17420,0.0043945312
17421,0.004943844
17422,0.0039978027
17423,0.0032959022
17424,0.0020141602
17425,-0.00064086914
17426,-0.0028076172
17427,-0.0040893573
17428,-0.004547121
17429,-0.006561281
17430,-0.0077819843
17431,-0.009399416
17432,-0.0055236854
17433,-0.0019836426
17434,0.0026245136
17435,0.007232666
17436,0.0075988825
17437,0.009765631
17438,0.0077209584
17439,0.0064697377
17440,0.0024414062
17441,-0.0010375977
17442,-0.0032958984
17443,-0.005279539
17444,-0.0036315937
17445,0.0010681078
17446,0.006073009
17447,0.010009777
17448,0.013305653
17449,0.014526378
17450,0.015869156
17451,0.017120391
17452,0.016876213
17453,0.014495842
17454,0.012298599
17455,0.012939438
17456,0.014801018
17457,0.018341087
17458,0.019683883
17459,0.017120376
17460,0.012451157
17461,0.0067748874
17462,-0.0014037937
17463,-0.012481652
17464,-0.021759018
17465,-0.025360107
17466,-0.022705108
17467,-0.02084351
17468,-0.017700184
17469,-0.01452636
17470,-0.0072631985
17471,-0.0034484938
17472,-0.0034789927
17473,-0.003387414
17474,-0.0050048865
17475,-0.0071716458
17476,-0.009460434
17477,-0.0068359263
17478,-0.0038452037
17479,-0.004486084
17480,-0.008514397
17481,-0.008483879
17482,-0.0074768253
17483,-0.00933837
17484,-0.01281738
17485,-0.015167236
17486,-0.013305664
17487,-0.012786865
17488,-0.013031002
17489,-0.013336178
17490,-0.014831547
17491,-0.017425533
17492,-0.01678466
17493,-0.015960697
17494,-0.01458741
17495,-0.013977051
17496,-0.012908913
17497,-0.010131851
17498,-0.0118713565
17499,-0.012664795
17500,-0.0108947605
17501,-0.008331291
17502,-0.006225601
17503,-0.00292968
17504,0.001770027
17505,0.005981479
17506,0.006866444
17507,0.0024718903
17508,-0.0013427772
17509,-0.006317124
17510,-0.00857541
17511,-0.011749268
17512,-0.01361087
17513,-0.011413567
17514,-0.0088805705
17515,-0.0039672777
17516,-0.0006713867
17517,0.0032653809
17518,0.006256126
17519,0.010070793
17520,0.012390144
17521,0.012634277
17522,0.010681175
17523,0.0072631836
17524,0.0048828013
17525,0.0048217922
17526,0.0058288574
17527,0.0073242337
17528,0.008666981
17529,0.009246834
17530,0.016937252
17531,0.020172123
17532,0.018219005
17533,0.013946524
17534,0.003692625
17535,-0.0032958984
17536,-0.015106201
17537,-0.017974842
17538,-0.01779173
17539,-0.016143788
17540,-0.008850109
17541,-6.1048195e-05
17542,0.008544929
17543,0.013610847
17544,0.018432617
17545,0.022216782
17546,0.023315432
17547,0.020019539
17548,0.01513672
17549,0.008331299
17550,0.0034790044
17551,-0.00021362293
17552,-0.0012207034
17553,-0.000793456
17554,-0.002166748
17555,-0.0023803718
17556,-0.002288817
17557,-0.002746582
17558,-0.0031433129
17559,-0.0049438477
17560,-0.0049743643
17561,-0.0058898926
17562,-0.0068359394
17563,-0.007690428
17564,-0.008972168
17565,-0.007873535
17566,-0.007171631
17567,-0.007995602
17568,-0.007110592
17569,-0.004272461
17570,0.0008239746
17571,0.0022888165
17572,0.001800539
17573,0.004974367
17574,0.008300781
17575,0.011352536
17576,0.011566159
17577,0.0126953125
17578,0.012969973
17579,0.011047361
17580,0.008728027
17581,0.005126954
17582,0.0019226077
17583,-0.0029296884
17584,-0.008758545
17585,-0.009887694
17586,-0.0068664555
17587,-0.00094604626
17588,0.0045471196
17589,0.007843019
17590,0.014007572
17591,0.018920898
17592,0.022857647
17593,0.025177006
17594,0.023345962
17595,0.020843498
17596,0.016906723
17597,0.011871316
17598,0.0049133413
17599,-0.0014038011
17600,-0.0034484752
17601,-0.005065929
17602,-0.0056762695
17603,-0.006622337
17604,-0.0027160458
17605,0.0040588416
17606,0.011535622
17607,0.015594453
17608,0.01541134
17609,0.0107727125
17610,0.0036316141
17611,-0.005737316
17612,-0.01144411
17613,-0.013977032
17614,-0.016357407
17615,-0.016693112
17616,-0.013977066
17617,-0.00839233
17618,-0.0048522837
17619,-0.0051269643
17620,-0.006286619
17621,-0.005737303
17622,-0.0013732947
17623,0.001373291
17624,0.0035400502
17625,0.002044689
17626,0.00018310547
17627,-0.0040893555
17628,-0.006927496
17629,-0.008544917
17630,-0.009918215
17631,-0.007293701
17632,-0.0035095215
17633,0.0
17634,0.0031433124
17635,0.0055236816
17636,0.006378174
17637,0.0032653827
17638,0.0013732947
17639,-0.00061035156
17640,-0.0016784705
17641,-0.00317383
17642,-0.006713867
17643,-0.0073242183
17644,-0.009002687
17645,-0.0064697284
17646,-0.009765627
17647,-0.0151367225
17648,-0.02032471
17649,-0.021759033
17650,-0.020477276
17651,-0.020660404
17652,-0.019561786
17653,-0.015869137
17654,-0.012145985
17655,-0.009124748
17656,-0.005310096
17657,-0.0017089881
17658,-0.0010070615
17659,-0.00061036274
17660,0.0014038049
17661,0.005432125
17662,0.010528576
17663,0.016113274
17664,0.020019535
17665,0.023895271
17666,0.024780266
17667,0.026641844
17668,0.027038574
17669,0.024291992
17670,0.018188477
17671,0.009674072
17672,0.0063171387
17673,0.0026245136
17674,-0.00030517392
17675,-0.003387453
17676,-0.0050048865
17677,-0.0072021484
17678,-0.008697505
17679,-0.007751463
17680,-0.009185792
17681,-0.007720949
17682,-0.0072021466
17683,-0.0041809077
17684,-0.0014953609
17685,-0.000946044
17686,0.0026550274
17687,0.004364012
17688,0.0080566425
17689,0.0065612793
17690,0.0058288574
17691,0.003021242
17692,-0.0010375972
17693,-0.0044860835
17694,-0.008697512
17695,-0.012695311
17696,-0.017150875
17697,-0.017547606
17698,-0.018280035
17699,-0.016723633
17700,-0.01290893
17701,-0.009765618
17702,-0.008331284
17703,-0.010833755
17704,-0.011810295
17705,-0.012084961
17706,-0.0072631836
17707,-0.008514389
17708,-0.013580337
17709,-0.020538315
17710,-0.048370376
17711,-0.09555054
17712,-0.099823
17713,-0.046691865
17714,-0.11062613
17715,-0.25051862
17716,-0.3144226
17717,-0.2338562
17718,-0.054290682
17719,0.10122684
17720,0.2734375
17721,0.4310302
17722,0.536072
17723,0.61904913
17724,0.6230775
17725,0.52285755
17726,0.34817505
17727,0.15774536
17728,0.018859804
17729,-0.10495001
17730,-0.23876965
17731,-0.35226429
17732,-0.39038098
17733,-0.35089117
17734,-0.27566522
17735,-0.19030762
17736,-0.10629273
17737,-0.045593254
17738,-0.019165022
17739,-0.033477798
17740,-0.07833862
17741,-0.12432861
17742,-0.13394165
17743,-0.120025635
17744,-0.09851071
17745,-0.079833955
17746,-0.057250977
17747,-0.030212402
17748,-0.00296022
17749,0.0324402
17750,0.06335451
17751,0.076049834
17752,0.075714126
17753,0.0786743
17754,0.08023071
17755,0.076110855
17756,0.06671144
17757,0.059692368
17758,0.04882812
17759,0.03479005
17760,0.018005375
17761,0.005584711
17762,-0.0084839035
17763,-0.017211908
17764,-0.018798823
17765,-0.023895275
17766,-0.033355713
17767,-0.042205803
17768,-0.04635621
17769,-0.052825935
17770,-0.06030275
17771,-0.06500246
17772,-0.067047104
17773,-0.065277085
17774,-0.058013916
17775,-0.04156494
17776,-0.024902344
17777,-0.008239746
17778,0.0061950684
17779,0.01644899
17780,0.02374269
17781,0.027160645
17782,0.029571533
17783,0.03381347
17784,0.041412346
17785,0.04827879
17786,0.05532837
17787,0.062438965
17788,0.07562256
17789,0.08801268
17790,0.09539794
17791,0.09716797
17792,0.09335327
17793,0.08264163
17794,0.062438995
17795,0.03686525
17796,0.009094238
17797,-0.017150886
17798,-0.038970925
17799,-0.057067856
17800,-0.06726076
17801,-0.06985474
17802,-0.065094
17803,-0.055206276
17804,-0.04080201
17805,-0.023498537
17806,-0.008636469
17807,-0.0010375967
17808,0.0017395057
17809,0.00604248
17810,0.009887695
17811,0.011352541
17812,0.010284422
17813,0.007385252
17814,0.0060729943
17815,0.004058834
17816,0.0015869122
17817,0.0019226074
17818,0.0048217718
17819,0.011322012
17820,0.015014634
17821,0.015930172
17822,0.0154418945
17823,0.00988768
17824,0.0038146824
17825,-0.0036926344
17826,-0.00964354
17827,-0.013061523
17828,-0.011871345
17829,-0.0042724647
17830,0.0014648475
17831,0.0076599233
17832,0.012969982
17833,0.01684571
17834,0.018737778
17835,0.017486542
17836,0.015777595
17837,0.013275139
17838,0.009490967
17839,0.008666977
17840,0.007904045
17841,0.006896995
17842,0.0029602125
17843,-0.0029296651
17844,-0.009246837
17845,-0.016632076
17846,-0.023925759
17847,-0.029449487
17848,-0.033233643
17849,-0.03515626
17850,-0.032470696
17851,-0.026885986
17852,-0.017730717
17853,-0.012237549
17854,-0.009735109
17855,-0.005340581
17856,-0.0028381366
17857,-0.0007629432
17858,-0.0022888184
17859,-0.0035705566
17860,-0.0049438477
17861,-0.009216309
17862,-0.012542732
17863,-0.013397217
17864,-0.012145996
17865,-0.009735111
17866,-0.006774891
17867,-0.006835934
17868,-0.004913304
17869,-0.0017089918
17870,0.0036926083
17871,0.008361813
17872,0.009582523
17873,0.009613043
17874,0.0058593675
17875,0.0051269606
17876,0.0059204176
17877,0.009155272
17878,0.012969968
17879,0.017791748
17880,0.024017341
17881,0.02804564
17882,0.03051757
17883,0.032958984
17884,0.033386245
17885,0.03134156
17886,0.027465805
17887,0.02249147
17888,0.017944343
17889,0.011810333
17890,0.006042488
17891,0.00067137927
17892,-0.003356941
17893,-0.008789081
17894,-0.0119323805
17895,-0.015197758
17896,-0.017059322
17897,-0.017639186
17898,-0.02124026
17899,-0.021820076
17900,-0.020935046
17901,-0.019165043
17902,-0.015716564
17903,-0.014862055
17904,-0.010772701
17905,-0.011169431
17906,-0.0124206515
17907,-0.013427735
17908,-0.015441893
17909,-0.016662596
17910,-0.019958489
17911,-0.020996101
17912,-0.019866958
17913,-0.017974876
17914,-0.016082752
17915,-0.016387936
17916,-0.015441924
17917,-0.013000496
17918,-0.01281739
17919,-0.011352494
17920,-0.012115493
17921,-0.009155296
17922,-0.005554244
17923,-0.0027771145
17924,-0.00045774877
17925,0.0014648363
17926,0.005645767
17927,0.00881958
17928,0.010162368
17929,0.007507324
17930,0.00537112
17931,0.004760772
17932,0.005493153
17933,0.0050964393
17934,0.0023193695
17935,0.0026855767
17936,0.0039367676
17937,0.0083618015
17938,0.0083923265
17939,0.008056622
17940,0.010223363
17941,0.01339723
17942,0.016021727
17943,0.013702385
17944,0.012847893
17945,0.009033212
17946,0.004455574
17947,-0.0026550405
17948,-0.0120239295
17949,-0.018615704
17950,-0.022064213
17951,-0.023071304
17952,-0.021484375
17953,-0.020751923
17954,-0.01455687
17955,-0.010314956
17956,-0.0019836426
17957,0.009338379
17958,0.011444081
17959,0.008911118
17960,0.005767811
17961,0.0031127743
17962,0.0029906929
17963,-0.00195314
17964,-0.0025634728
17965,-0.0040893406
17966,-0.0050048977
17967,-0.004333526
17968,-0.009429917
17969,-0.011169411
17970,-0.008911118
17971,-0.0031128302
17972,-0.0015564412
17973,-0.0013427734
17974,0.0057067685
17975,0.015533444
17976,0.025329607
17977,0.0345459
17978,0.03918457
17979,0.041290283
17980,0.035675064
17981,0.02545166
17982,0.014099115
17983,0.003753664
17984,0.002166749
17985,-0.0005493192
17986,0.00018310267
17987,0.0033569317
17988,0.011596672
17989,0.017486572
17990,0.018646244
17991,0.016632065
17992,0.018859845
17993,0.022338875
17994,0.024810813
17995,0.021484375
17996,0.016174309
17997,0.012084976
17998,0.008117713
17999,0.002166748
18000,-0.0046692304
18001,-0.0070495494
18002,-0.010162327
18003,-0.016876183
18004,-0.023437515
18005,-0.0279236
18006,-0.029174797
18007,-0.029449463
18008,-0.025909422
18009,-0.019775402
18010,-0.014434822
18011,-0.0108947735
18012,-0.00842285
18013,-0.008483887
18014,-0.011108393
18015,-0.015563969
18016,-0.017272968
18017,-0.017456073
18018,-0.016052235
18019,-0.013336178
18020,-0.010498058
18021,-0.0044860914
18022,-6.105006e-05
18023,0.008361829
18024,0.016632076
18025,0.023712168
18026,0.03137207
18027,0.03445433
18028,0.03982543
18029,0.037658706
18030,0.036010753
18031,0.030975327
18032,0.027343735
18033,0.022644058
18034,0.017730758
18035,0.015472442
18036,0.010742202
18037,0.009887718
18038,0.0069885254
18039,0.0065002367
18040,0.0018921196
18041,-0.0031432956
18042,-0.0041504055
18043,-0.007293701
18044,-0.008575451
18045,-0.0141296275
18046,-0.021575931
18047,-0.029815674
18048,-0.033721924
18049,-0.033355724
18050,-0.034606926
18051,-0.03555298
18052,-0.034149174
18053,-0.023712154
18054,-0.013549805
18055,0.00018310314
18056,0.0134887695
18057,0.022735586
18058,0.028717045
18059,0.028594982
18060,0.028778091
18061,0.022766106
18062,0.011657696
18063,-0.0015563816
18064,-0.0124816885
18065,-0.021972647
18066,-0.033325218
18067,-0.041778553
18068,-0.04638672
18069,-0.040374774
18070,-0.037506104
18071,-0.034515366
18072,-0.028106704
18073,-0.022888213
18074,-0.012969986
18075,-0.013732873
18076,-0.0046081394
18077,0.008483879
18078,0.018432591
18079,0.029144268
18080,0.031372085
18081,0.036895752
18082,0.038543694
18083,0.037078846
18084,0.036529545
18085,0.028564464
18086,0.02566528
18087,0.019897442
18088,0.015441883
18089,0.006683346
18090,0.0028076358
18091,0.0007019043
18092,0.0023193434
18093,0.0015869327
18094,0.0011901818
18095,0.00485228
18096,0.009918191
18097,0.012603745
18098,0.010040287
18099,0.010406498
18100,0.013824455
18101,0.017059334
18102,0.015350372
18103,0.013702437
18104,0.015472412
18105,0.018676698
18106,0.018096924
18107,0.014038086
18108,0.01455687
18109,0.016357392
18110,0.013214111
18111,0.0038757622
18112,-0.0029602349
18113,-0.00503543
18114,-0.0068054125
18115,-0.008056633
18116,-0.009796143
18117,-0.010284424
18118,-0.011749305
18119,-0.016235352
18120,-0.022613514
18121,-0.03253172
18122,-0.039581314
18123,-0.044494636
18124,-0.048675515
18125,-0.04782105
18126,-0.041992195
18127,-0.03454591
18128,-0.029113777
18129,-0.024993878
18130,-0.018829338
18131,-0.01742554
18132,-0.016571082
18133,-0.015441902
18134,-0.014099121
18135,-0.017730698
18136,-0.020660415
18137,-0.015502945
18138,-0.009368911
18139,-0.0033569634
18140,0.0020751879
18141,0.013366677
18142,0.024810776
18143,0.03155516
18144,0.034423813
18145,0.035797127
18146,0.03494264
18147,0.036102273
18148,0.038696297
18149,0.04376222
18150,0.04901123
18151,0.059783928
18152,0.068237305
18153,0.07025148
18154,0.059234604
18155,0.03875734
18156,0.0119018555
18157,-0.017395012
18158,-0.04391479
18159,-0.066162094
18160,-0.081634514
18161,-0.091583274
18162,-0.09304809
18163,-0.08685302
18164,-0.07394409
18165,-0.058166474
18166,-0.04302977
18167,-0.027130112
18168,-0.013061523
18169,-0.0038452
18170,0.00021365285
18171,0.002746582
18172,0.00015258789
18173,-0.001739502
18174,-0.002685517
18175,0.00088500977
18176,0.005645737
18177,0.008422852
18178,0.011108398
18179,0.013336197
18180,0.016571
18181,0.016204812
18182,0.013092019
18183,0.010955818
18184,0.014129624
18185,0.017730683
18186,0.019348122
18187,0.018676735
18188,0.017578144
18189,0.011047374
18190,-0.0025024451
18191,-0.016876202
18192,-0.027709946
18193,-0.03189084
18194,-0.034118667
18195,-0.033081055
18196,-0.02722168
18197,-0.018157974
18198,-0.009033218
18199,-0.0024108589
18200,0.001770027
18201,0.008148156
18202,0.016967744
18203,0.027954139
18204,0.035522472
18205,0.0385742
18206,0.04025267
18207,0.041198745
18208,0.039001487
18209,0.035095207
18210,0.030944824
18211,0.028320324
18212,0.024963371
18213,0.021362301
18214,0.018402103
18215,0.014099117
18216,0.007934593
18217,0.0021362305
18218,-0.0047302227
18219,-0.014831554
18220,-0.022979748
18221,-0.027709953
18222,-0.028411875
18223,-0.027374271
18224,-0.024230959
18225,-0.01965332
18226,-0.011810301
18227,-0.002166748
18228,0.0058288565
18229,0.009674073
18230,0.011657714
18231,0.014434816
18232,0.016418457
18233,0.021423338
18234,0.025360119
18235,0.026916493
18236,0.024780266
18237,0.023132324
18238,0.020507798
18239,0.014862079
18240,0.010589596
18241,0.01184082
18242,0.011657707
18243,0.012451179
18244,0.011322036
18245,0.008422852
18246,0.004974395
18247,0.000915505
18248,-0.0008544773
18249,-0.0064086914
18250,-0.01605222
18251,-0.021789517
18252,-0.024047859
18253,-0.021789556
18254,-0.022155762
18255,-0.024536137
18256,-0.023071282
18257,-0.01660156
18258,-0.003723152
18259,0.0118408315
18260,0.025817867
18261,0.036682107
18262,0.045196526
18263,0.054626465
18264,0.06161499
18265,0.06005855
18266,0.049957275
18267,0.03768924
18268,0.027862579
18269,0.018035889
18270,0.008666962
18271,-0.00033570826
18272,-0.0018920898
18273,-0.0018615574
18274,-0.0016174167
18275,-0.0038452
18276,-0.008514389
18277,-0.01159668
18278,-0.010833725
18279,-0.007751465
18280,-0.009674072
18281,-0.014007539
18282,-0.016174316
18283,-0.014892563
18284,-0.016082779
18285,-0.019561768
18286,-0.02529905
18287,-0.032653816
18288,-0.040679913
18289,-0.04852296
18290,-0.054138184
18291,-0.057067864
18292,-0.05661011
18293,-0.05438234
18294,-0.057067886
18295,-0.052947998
18296,-0.053344727
18297,-0.049926773
18298,-0.043884292
18299,-0.033233613
18300,-0.025421128
18301,-0.027862564
18302,-0.02746582
18303,-0.022216782
18304,-0.012939453
18305,-0.0078125
18306,-0.0050354153
18307,-0.0032653958
18308,-0.0018310696
18309,-0.0020447075
18310,-0.003387466
18311,-0.005065903
18312,-0.0011901557
18313,0.0053711087
18314,0.018127441
18315,0.030334458
18316,0.041931167
18317,0.04977419
18318,0.05639647
18319,0.06088257
18320,0.05914305
18321,0.054168716
18322,0.044799797
18323,0.034362793
18324,0.023315433
18325,0.012176514
18326,0.002410892
18327,-0.00543213
18328,-0.00881958
18329,-0.0082092285
18330,-0.007598875
18331,-0.0052490244
18332,-0.002227785
18333,0.001342775
18334,0.002227784
18335,0.0001831064
18336,-0.0014343262
18337,-0.0005493155
18338,-0.0020446796
18339,-0.0071411133
18340,-0.015594477
18341,-0.021209713
18342,-0.023284912
18343,-0.023345958
18344,-0.0227356
18345,-0.022827126
18346,-0.022247285
18347,-0.018432595
18348,-0.009155288
18349,-0.0022888333
18350,0.0009765849
18351,0.00027469546
18352,-0.003936775
18353,-0.008148231
18354,-0.017425545
18355,-0.025482163
18356,-0.032348603
18357,-0.035125718
18358,-0.030792221
18359,-0.02615358
18360,-0.018432632
18361,-0.011474609
18362,-0.0043029785
18363,0.0004272312
18364,0.005523652
18365,0.012023911
18366,0.015197754
18367,0.020446792
18368,0.026794426
18369,0.033294648
18370,0.03588867
18371,0.04238892
18372,0.051147476
18373,0.05734252
18374,0.060791
18375,0.06097411
18376,0.060791
18377,0.056854233
18378,0.05072023
18379,0.04138185
18380,0.029571518
18381,0.020202607
18382,0.014404297
18383,0.011505172
18384,0.012451202
18385,0.013366699
18386,0.014953598
18387,0.01568602
18388,0.013366699
18389,0.0077209473
18390,-0.0029297024
18391,-0.016510017
18392,-0.028869644
18393,-0.039215107
18394,-0.04534915
18395,-0.049926758
18396,-0.048034646
18397,-0.041381843
18398,-0.033477794
18399,-0.026062004
18400,-0.017608639
18401,-0.006134033
18402,0.00012206752
18403,0.005432127
18404,0.007659914
18405,0.0092773475
18406,0.008728029
18407,0.005493164
18408,0.001525877
18409,-0.0010376014
18410,-0.0022583026
18411,-0.0025024395
18412,-0.0018310528
18413,-0.0002136305
18414,0.0063476674
18415,0.012634277
18416,0.021026611
18417,0.028106693
18418,0.029388428
18419,0.029754668
18420,0.02563475
18421,0.020965591
18422,0.013183616
18423,0.0060730055
18424,0.00048826635
18425,-0.002258353
18426,0.0012512058
18427,0.00894168
18428,0.013580352
18429,0.012542754
18430,0.010467544
18431,0.008239776
18432,0.0066833943
18433,0.0037841946
18434,0.0005798191
18435,-0.0019225925
18436,-0.0034179538
18437,-0.0057067946
18438,-0.0067749396
18439,-0.0058899
18440,-0.0050658956
18441,-0.006195061
18442,-0.010314919
18443,-0.012023911
18444,-0.009826653
18445,-0.011810303
18446,-0.013641354
18447,-0.017211877
18448,-0.016906712
18449,-0.018402118
18450,-0.020782493
18451,-0.021209702
18452,-0.02081298
18453,-0.017578129
18454,-0.01739502
18455,-0.01739502
18456,-0.01876831
18457,-0.018402098
18458,-0.017242432
18459,-0.016052246
18460,-0.010070801
18461,-0.004760742
18462,0.0013122563
18463,0.0042114244
18464,0.0073242188
18465,0.009033203
18466,0.008453369
18467,0.0057373033
18468,0.0026855469
18469,-0.00048827985
18470,-0.0033264146
18471,-0.0064086905
18472,-0.010955812
18473,-0.011291506
18474,-0.009765625
18475,-0.006011963
18476,-0.0035705585
18477,-0.0018005408
18478,0.0009155236
18479,-0.0005188007
18480,-0.0028991736
18481,-0.009826653
18482,-0.016052257
18483,-0.02230835
18484,-0.024597168
18485,-0.026184112
18486,-0.027862571
18487,-0.028198265
18488,-0.026367173
18489,-0.026580825
18490,-0.025909439
18491,-0.01940918
18492,-0.012329087
18493,-0.0060424656
18494,-0.0047912747
18495,-0.0063171685
18496,-0.009246841
18497,-0.012756348
18498,-0.01354982
18499,-0.011688232
18500,-0.0062865913
18501,0.0009765923
18502,0.007171631
18503,0.012451157
18504,0.014434829
18505,0.015655518
18506,0.011383072
18507,0.007843003
18508,-0.0014343113
18509,-0.009796172
18510,-0.015167251
18511,-0.019958496
18512,-0.018280014
18513,-0.0134277195
18514,-0.00289917
18515,0.005432114
18516,0.015289307
18517,0.024963401
18518,0.03161621
18519,0.032409683
18520,0.033508286
18521,0.03533936
18522,0.035552964
18523,0.030761732
18524,0.024963394
18525,0.018341068
18526,-0.0017394908
18527,0.015686035
18528,0.037506104
18529,0.024688717
