0,-0.18673706
1,-0.36184686
2,-0.4942931
3,-0.6958923
4,-0.86846924
5,-1.0617065
6,-1.0626525
7,-0.97955334
8,-0.8748474
9,-0.62381005
10,-0.4920349
11,-0.29620367
12,-0.10266101
13,0.11294556
14,0.33657825
15,0.57891846
16,0.8258971
17,1.0432739
18,1.2395627
19,1.4021912
20,1.4611815
21,1.5018615
22,1.5049438
23,1.294037
24,1.0945435
25,0.81686413
26,0.49218774
27,0.16918942
28,-0.15621933
29,-0.42730725
30,-0.6620787
31,-0.7958983
32,-0.87243646
33,-0.80242914
34,-0.7560425
35,-0.5051577
36,-0.28741437
37,-0.0821839
38,0.17773438
39,0.27731338
40,0.4051208
41,0.4358215
42,0.40817264
43,0.32391357
44,0.1901855
45,0.022033766
46,-0.15682995
47,-0.3438719
48,-0.50048846
49,-0.6087342
50,-0.669281
51,-0.66583264
52,-0.6297607
53,-0.55667114
54,-0.45922852
55,-0.36627197
56,-0.2073364
57,-0.098480135
58,0.020172238
59,0.16641235
60,0.2372436
61,0.31780994
62,0.33825684
63,0.36322016
64,0.34335315
65,0.340271
66,0.3065491
67,0.29064947
68,0.250641
69,0.21640009
70,0.20523071
71,0.13745123
72,0.14984144
73,0.1192323
74,0.103881896
75,0.09603882
76,0.056579664
77,0.011352479
78,-0.04647833
79,-0.11251828
80,-0.18048108
81,-0.26306146
82,-0.31265265
83,-0.38220215
84,-0.42514038
85,-0.3988341
86,-0.44934088
87,-0.41827393
88,-0.387024
89,-0.3716432
90,-0.32241827
91,-0.3118592
92,-0.27273554
93,-0.25830087
94,-0.20965579
95,-0.20379645
96,-0.14440894
97,-0.16864035
98,-0.12911987
99,-0.11294529
100,-0.14343259
101,-0.076446235
102,-0.110321105
103,-0.05657953
104,-0.012268178
105,0.03286736
106,0.093444765
107,0.13848862
108,0.18948355
109,0.22674552
110,0.26254275
111,0.28787223
112,0.3105469
113,0.32037354
114,0.32806396
115,0.3125611
116,0.28549197
117,0.2602539
118,0.22427368
119,0.20492554
120,0.18109131
121,0.1590576
122,0.13650514
123,0.10284424
124,0.0647583
125,0.013305679
126,-0.04257202
127,-0.09829712
128,-0.14492798
129,-0.1734314
130,-0.20074463
131,-0.22055054
132,-0.23251343
133,-0.23678589
134,-0.23461913
135,-0.21459962
136,-0.18261717
137,-0.14288332
138,-0.09353638
139,-0.041809082
140,0.0009765774
141,0.016418435
142,0.03512574
143,0.05401609
144,0.06753541
145,0.07913207
146,0.08822632
147,0.09072876
148,0.087188736
149,0.08032225
150,0.06991579
151,0.062438935
152,0.06332398
153,0.06613156
154,0.06442264
155,0.061584473
156,0.050598145
157,0.04074098
158,0.034820557
159,0.037384033
160,0.04321289
161,0.055267334
162,0.066711426
163,0.07519534
164,0.08554083
165,0.10470581
166,0.12332162
167,0.14361578
168,0.16329962
169,0.18127435
170,0.19265741
171,0.20751947
172,0.22018433
173,0.22723389
174,0.24221802
175,0.2499086
176,0.2535401
177,0.23577881
178,0.20968622
179,0.1671753
180,0.123901516
181,0.077301085
182,0.022338942
183,-0.035247862
184,-0.08322142
185,-0.12207049
186,-0.16320807
187,-0.19000256
188,-0.2149353
189,-0.23141472
190,-0.24014275
191,-0.24148552
192,-0.23312372
193,-0.21698
194,-0.19207762
195,-0.16088867
196,-0.12878416
197,-0.096832275
198,-0.06393431
199,-0.03466797
200,-0.0076904
201,0.028930657
202,0.050811782
203,0.06936644
204,0.08773805
205,0.09365843
206,0.09368898
207,0.08032225
208,0.0595093
209,0.02142331
210,-0.00982663
211,-0.018188477
212,-0.04403688
213,-0.08673099
214,-0.12731934
215,-0.17068483
216,-0.217865
217,-0.2359619
218,-0.2381592
219,-0.23437501
220,-0.20565796
221,-0.16555786
222,-0.12258911
223,-0.112487815
224,-0.0809326
225,-0.024536125
226,0.015228279
227,0.066894494
228,0.09979248
229,0.10031128
230,0.09585571
231,0.09756468
232,0.07931514
233,0.06225586
234,0.05889891
235,0.048828125
236,0.03451538
237,0.012298584
238,-0.008453369
239,-0.031311005
240,-0.049102783
241,-0.06100464
242,-0.07977295
243,-0.10763551
244,-0.121917725
245,-0.13323976
246,-0.14657593
247,-0.14315794
248,-0.09747315
249,-0.056060784
250,-0.058227524
251,-0.02651975
252,-0.0019531175
253,0.011566192
254,0.046112046
255,0.08169557
256,0.13043211
257,0.16427614
258,0.1864319
259,0.21322629
260,0.19650267
261,0.17465211
262,0.22348022
263,0.2328491
264,0.2077942
265,0.1873169
266,0.17370604
267,0.1664734
268,0.084289566
269,0.012420643
270,0.0073547084
271,0.003051769
272,-0.0027770922
273,-0.048431385
274,-0.111083984
275,-0.12649533
276,-0.13363649
277,-0.115570076
278,-0.06137088
279,-0.08804323
280,-0.072814964
281,-0.06677245
282,-0.11553955
283,-0.16491699
284,-0.21209717
285,-0.12805174
286,-0.07513428
287,-0.023101822
288,0.054229748
289,0.059509292
290,-0.025115967
291,0.00097656064
292,0.12335204
293,0.1282959
294,0.10797118
295,0.11602785
296,0.13619995
297,0.064208984
298,0.010131851
299,-0.04556272
300,-0.111572266
301,-0.016693115
302,0.06390381
303,0.06823731
304,-0.0066223145
305,-0.059967034
306,-0.07855225
307,-0.112976074
308,-0.10556029
309,-0.11355591
310,-0.13031006
311,-0.10668944
312,-0.058135986
313,-0.05883789
314,-0.035522476
315,0.014984116
316,0.043579116
317,0.08343507
318,0.06881715
319,0.0014343336
320,-0.06469727
321,-0.09594728
322,-0.08782959
323,-0.08334352
324,-0.04669191
325,-0.023590058
326,-0.018188477
327,0.006591797
328,0.032501206
329,0.05117798
330,0.06021115
331,0.054443352
332,0.021270752
333,-0.03451535
334,-0.07318116
335,-0.08554076
336,-0.0829163
337,-0.062011704
338,-0.037414566
339,-0.015319794
340,-0.0014648587
341,0.020446777
342,0.039611816
343,0.07376087
344,0.13220209
345,0.19729608
346,0.2573852
347,0.30310065
348,0.33120733
349,0.33917245
350,0.3280335
351,0.3121034
352,0.2868958
353,0.24804701
354,0.19775397
355,0.1340943
356,0.055816725
357,-0.026306227
358,-0.0994873
359,-0.15618914
360,-0.19113171
361,-0.21023567
362,-0.20791635
363,-0.19729611
364,-0.17544556
365,-0.14855953
366,-0.12136839
367,-0.09756468
368,-0.07507323
369,-0.049835183
370,-0.025939919
371,-0.010040302
372,-0.030181874
373,-0.0451355
374,-0.052459717
375,-0.05438231
376,-0.053009044
377,-0.043151855
378,-0.022247307
379,-0.0060424805
380,0.008361816
381,0.0058288723
382,-0.0022583008
383,-0.022979721
384,-0.035095185
385,-0.0609131
386,-0.100311264
387,-0.14312746
388,-0.18792726
389,-0.21304321
390,-0.21563722
391,-0.18545534
392,-0.14874269
393,-0.09097294
394,-0.02416993
395,0.045043938
396,0.10162354
397,0.14340211
398,0.17019653
399,0.17630005
400,0.17791751
401,0.16418457
402,0.16610716
403,0.16238403
404,0.17114258
405,0.178009
406,0.1638794
407,0.14483641
408,0.112609856
409,0.076416016
410,0.028747559
411,-0.027191162
412,-0.09613037
413,-0.16577151
414,-0.23077391
415,-0.29022217
416,-0.33325195
417,-0.35339355
418,-0.34649658
419,-0.3059082
420,-0.24505615
421,-0.17605594
422,-0.1060791
423,-0.036865264
424,0.03710936
425,0.09918213
426,0.15957642
427,0.2104797
428,0.2416687
429,0.27438354
430,0.30108643
431,0.31192017
432,0.30438232
433,0.28155518
434,0.25048828
435,0.21578978
436,0.16220091
437,0.09542844
438,0.020690888
439,-0.04901123
440,-0.08908081
441,-0.12298587
442,-0.13647461
443,-0.12646489
444,-0.09790042
445,-0.04360959
446,0.02243048
447,0.08798224
448,0.15191641
449,0.20886236
450,0.25176996
451,0.28436285
452,0.2796936
453,0.2530213
454,0.21496582
455,0.15344241
456,0.07516478
457,-0.01913461
458,-0.13647465
459,-0.23327644
460,-0.28579706
461,-0.33215335
462,-0.36126703
463,-0.37991333
464,-0.37332153
465,-0.34069824
466,-0.29681396
467,-0.24246217
468,-0.1817627
469,-0.11129761
470,-0.034301773
471,0.02154541
472,0.043212883
473,0.064025894
474,0.08007815
475,0.09298708
476,0.10757443
477,0.10617067
478,0.08300781
479,0.05935671
480,0.030914314
481,-0.00976564
482,-0.040039062
483,-0.06478883
484,-0.08126831
485,-0.08517455
486,-0.07980347
487,-0.06835939
488,-0.045684822
489,-0.018402092
490,0.0134887695
491,0.046508804
492,0.077056885
493,0.10797121
494,0.124298096
495,0.13916016
496,0.14157104
497,0.1393738
498,0.124694824
499,0.11273193
500,0.0837097
501,0.02468872
502,-0.017425537
503,-0.095336854
504,-0.1950379
505,-0.24890131
506,-0.18109119
507,0.009368777
508,0.25765997
509,0.44958496
510,0.5597229
511,0.63235474
512,0.62527466
513,0.58221436
514,0.4894104
515,0.4232483
516,0.40359503
517,0.33169562
518,0.20483398
519,-0.018493652
520,-0.30117822
521,-0.53775024
522,-0.7090758
523,-0.83120716
524,-0.9086915
525,-1.0160216
526,-1.1766359
527,-1.3460388
528,-1.5121765
529,-1.615387
530,-1.5852966
531,-1.3743591
532,-0.9573363
533,-0.44808972
534,0.071777225
535,0.5090941
536,0.7848203
537,0.9284363
538,0.9644774
539,0.9323732
540,0.8778684
541,0.84408593
542,0.8176573
543,0.80413836
544,0.7969054
545,0.78793347
546,0.77737427
547,0.7355958
548,0.6681825
549,0.54595953
550,0.37756336
551,0.19219965
552,0.0040893555
553,-0.15219122
554,-0.26492292
555,-0.28353888
556,-0.23263544
557,-0.132904
558,0.019104064
559,0.17062375
560,0.3032837
561,0.40725696
562,0.46691903
563,0.48052984
564,0.44781494
565,0.37393188
566,0.27059913
567,0.13735989
568,-0.021514952
569,-0.16522211
570,-0.32730106
571,-0.48480222
572,-0.613617
573,-0.7307128
574,-0.80728143
575,-0.8460388
576,-0.8439027
577,-0.8043213
578,-0.71121216
579,-0.56979364
580,-0.42419434
581,-0.31231672
582,-0.1987915
583,-0.07119727
584,0.031646825
585,0.115295455
586,0.18041995
587,0.23211661
588,0.26794434
589,0.30191025
590,0.31427002
591,0.29858387
592,0.29446405
593,0.29110718
594,0.27160645
595,0.22756957
596,0.16693115
597,0.092559785
598,0.022308342
599,-0.036132798
600,-0.088317886
601,-0.13446042
602,-0.16790773
603,-0.17764282
604,-0.17752074
605,-0.15930177
606,-0.12164303
607,-0.07458494
608,-0.018432602
609,0.035583526
610,0.08929443
611,0.13262938
612,0.15621948
613,0.16845703
614,0.17532349
615,0.17953491
616,0.18746947
617,0.1899414
618,0.19223021
619,0.19970703
620,0.20358276
621,0.21170044
622,0.20950317
623,0.18804932
624,0.15405275
625,0.104156494
626,0.03634645
627,-0.038940415
628,-0.122344986
629,-0.20046994
630,-0.24945068
631,-0.2878418
632,-0.30245972
633,-0.30404663
634,-0.29238892
635,-0.26104736
636,-0.22091675
637,-0.1727295
638,-0.12881473
639,-0.08099364
640,-0.041473374
641,-0.0032348633
642,0.020019501
643,0.028503425
644,0.034606926
645,0.033905037
646,0.030334488
647,0.027404826
648,0.029357899
649,0.026214637
650,0.027313255
651,0.018981934
652,0.014587387
653,0.014373781
654,0.013885487
655,0.023407005
656,0.03253174
657,0.04159546
658,0.02804564
659,0.020507812
660,0.0374756
661,0.06680299
662,0.08639525
663,0.091552764
664,0.091552734
665,0.10333252
666,0.12054445
667,0.11224365
668,0.100372314
669,0.09628299
670,0.11541748
671,0.13931274
672,0.12802127
673,0.10241699
674,0.083740234
675,0.07232666
676,0.07431027
677,0.065826416
678,0.054107636
679,0.056274414
680,0.05529785
681,0.052490234
682,0.040985078
683,0.017974883
684,0.0018005371
685,0.007354766
686,0.031463683
687,0.04019168
688,0.04467778
689,0.04043579
690,0.025176957
691,0.016906753
692,0.005615175
693,0.0039367676
694,0.0023803487
695,-0.0010681041
696,-0.003814729
697,-0.020629883
698,-0.054595977
699,-0.07556152
700,-0.093566865
701,-0.11087035
702,-0.11453244
703,-0.12335204
704,-0.12347412
705,-0.119384736
706,-0.12304686
707,-0.120452866
708,-0.11633301
709,-0.10385133
710,-0.0987549
711,-0.09951781
712,-0.10845947
713,-0.12472533
714,-0.12677003
715,-0.13085939
716,-0.12127687
717,-0.10845946
718,-0.083160385
719,-0.06518552
720,-0.05947876
721,-0.045074463
722,-0.027099624
723,-0.015228286
724,-0.0061035156
725,0.010894775
726,0.014709443
727,0.014984146
728,0.022399887
729,0.02740477
730,0.033142075
731,0.04266359
732,0.0462036
733,0.04470828
734,0.035858154
735,0.025695816
736,0.01556392
737,0.003692612
738,-0.0027465671
739,-0.006805435
740,-0.014831543
741,-0.019989021
742,-0.018951423
743,-0.0119629055
744,-0.005981423
745,-0.0027160496
746,-0.0038452
747,-0.0050658956
748,-0.008087188
749,-0.0006103441
750,0.010711644
751,0.016876236
752,0.025573738
753,0.032714814
754,0.0354309
755,0.027618393
756,0.01885987
757,0.012115503
758,0.007232682
759,0.011383088
760,0.01629641
761,0.013031039
762,0.017639186
763,0.015625015
764,0.013366677
765,0.016265854
766,0.022521973
767,0.031036377
768,0.041931167
769,0.055969194
770,0.06555174
771,0.07772827
772,0.08715819
773,0.10061647
774,0.11419678
775,0.122680634
776,0.13598633
777,0.14172362
778,0.14035034
779,0.13912965
780,0.12997438
781,0.11569217
782,0.09567264
783,0.07049559
784,0.04711914
785,0.017120346
786,-0.005340608
787,-0.030242905
788,-0.059570342
789,-0.08184812
790,-0.10128785
791,-0.11859134
792,-0.13900758
793,-0.14169312
794,-0.14605711
795,-0.14334103
796,-0.13366696
797,-0.1225891
798,-0.11419676
799,-0.09762575
800,-0.07705687
801,-0.071838394
802,-0.051300053
803,-0.036773697
804,-0.0027770922
805,-0.00061036274
806,0.0023803562
807,0.019958496
808,0.010345433
809,0.02218629
810,0.01260373
811,0.015594527
812,0.0058593675
813,0.009979233
814,-0.0032959133
815,-0.010498092
816,-0.02645874
817,-0.03936769
818,-0.027709961
819,-0.045349114
820,-0.031951915
821,-0.038909905
822,-0.033538844
823,-0.024139427
824,-0.022949256
825,-0.015899653
826,-0.017852789
827,-0.014221192
828,-0.0061645433
829,0.0014037788
830,0.011352539
831,0.020935073
832,0.030609123
833,0.037414566
834,0.041015625
835,0.054870605
836,0.06542967
837,0.078552246
838,0.092102036
839,0.09420776
840,0.10101314
841,0.10449217
842,0.1026001
843,0.094268784
844,0.089538574
845,0.08383177
846,0.07052615
847,0.055877686
848,0.044097915
849,0.03048706
850,0.020599365
851,0.016632095
852,0.004669234
853,-0.009979233
854,-0.020141602
855,-0.020538345
856,-0.026550278
857,-0.025482193
858,-0.01663205
859,-0.010528572
860,-0.0010986626
861,0.0073242188
862,0.007904045
863,0.010742225
864,0.01071164
865,0.0072326735
866,0.007812489
867,-0.0022888333
868,-0.004058823
869,-0.007293703
870,-0.014526352
871,-0.015655518
872,-0.02066034
873,-0.018188477
874,-0.019958481
875,-0.024780259
876,-0.025146484
877,-0.035919175
878,-0.047241226
879,-0.06002806
880,-0.074646026
881,-0.08343509
882,-0.09121707
883,-0.09957887
884,-0.10821535
885,-0.10653688
886,-0.095581055
887,-0.08584595
888,-0.07244873
889,-0.057556137
890,-0.05178833
891,-0.049865708
892,-0.049774155
893,-0.059539795
894,-0.06249997
895,-0.06329349
896,-0.06207277
897,-0.053436294
898,-0.047485344
899,-0.03512574
900,-0.030548103
901,-0.015808113
902,0.002532944
903,0.021118166
904,0.041809067
905,0.058166504
906,0.07098387
907,0.0797119
908,0.093383804
909,0.08828732
910,0.09207153
911,0.08465574
912,0.08071899
913,0.083374016
914,0.0742798
915,0.07247926
916,0.061431885
917,0.055633552
918,0.040649414
919,0.0385437
920,0.02432251
921,0.015472412
922,0.008636475
923,-0.002441408
924,0.00091553107
925,-0.01550293
926,-0.010314941
927,-0.014556883
928,-0.012481688
929,-0.002197262
930,0.0065307617
931,0.0126953125
932,0.013397209
933,0.01312257
934,0.003082268
935,-0.005279541
936,-0.009521477
937,-0.008697517
938,-0.002197273
939,0.006805405
940,0.011779774
941,0.02078247
942,0.021972671
943,0.028045662
944,0.030609146
945,0.031280503
946,0.035675064
947,0.033447266
948,0.028655998
949,0.023620628
950,0.016937263
951,0.011596672
952,0.01654052
953,0.015960686
954,0.016082726
955,0.016174316
956,0.014007561
957,0.0155639835
958,0.0077209435
959,0.0028686598
960,0.0013732985
961,-0.0028686672
962,-0.0071716215
963,-0.009429947
964,-0.014312744
965,-0.016265884
966,-0.010772698
967,-0.018737808
968,-0.022064209
969,-0.021820083
970,-0.026123036
971,-0.02447509
972,-0.026519787
973,-0.030975316
974,-0.033569336
975,-0.03997802
976,-0.045867927
977,-0.049926773
978,-0.060974132
979,-0.06323244
980,-0.06488037
981,-0.06738282
982,-0.06454468
983,-0.059753418
984,-0.055969223
985,-0.04275512
986,-0.029754635
987,-0.020385731
988,-0.0018005408
989,0.013092063
990,0.026123047
991,0.035430893
992,0.043945305
993,0.05630493
994,0.06719971
995,0.07458496
996,0.08126831
997,0.08398439
998,0.08230592
999,0.082489
1000,0.07614137
1001,0.07235718
1002,0.06472775
1003,0.060424812
1004,0.056213364
1005,0.03948973
1006,0.029724129
1007,0.014526367
1008,0.0072632134
1009,-0.002319336
1010,-0.0093078315
1011,-0.015411362
1012,-0.01675412
1013,-0.017852798
1014,-0.010345444
1015,0.0006713718
1016,0.0074157566
1017,0.028656013
1018,0.035766594
1019,0.04971312
1020,0.05798339
1021,0.06289674
1022,0.06808473
1023,0.062988296
1024,0.053161643
1025,0.029541008
1026,0.0009765923
1027,-0.03231813
1028,-0.062805176
1029,-0.09313966
1030,-0.11645509
1031,-0.13375856
1032,-0.14773558
1033,-0.15957642
1034,-0.17044066
1035,-0.17083742
1036,-0.168396
1037,-0.15878296
1038,-0.14855957
1039,-0.13531493
1040,-0.117370605
1041,-0.09786987
1042,-0.08020021
1043,-0.05917357
1044,-0.042785645
1045,-0.018737793
1046,0.0040893406
1047,0.019287094
1048,0.033264197
1049,0.045318596
1050,0.054840103
1051,0.060272202
1052,0.06817627
1053,0.06668092
1054,0.0686035
1055,0.064514175
1056,0.065216035
1057,0.064758316
1058,0.059143066
1059,0.059936546
1060,0.0546875
1061,0.052307136
1062,0.05245971
1063,0.048950203
1064,0.045959476
1065,0.045928963
1066,0.045288086
1067,0.042785645
1068,0.042755127
1069,0.038787834
1070,0.034484867
1071,0.025817879
1072,0.014068611
1073,0.0014648512
1074,-0.021789558
1075,-0.037933353
1076,-0.05493164
1077,-0.06616211
1078,-0.0713501
1079,-0.06915283
1080,-0.06689453
1081,-0.059783936
1082,-0.047210705
1083,-0.0357361
1084,-0.017211907
1085,-0.0017700084
1086,0.02313234
1087,0.03778076
1088,0.051239014
1089,0.065185554
1090,0.06912231
1091,0.07202147
1092,0.07165529
1093,0.07391356
1094,0.07244872
1095,0.07360839
1096,0.07424925
1097,0.070678696
1098,0.06326291
1099,0.056060813
1100,0.04809569
1101,0.035125732
1102,0.029174805
1103,0.022277832
1104,0.014282234
1105,0.011016831
1106,0.005523688
1107,-0.0015564262
1108,-0.007690423
1109,-0.011840828
1110,-0.018218994
1111,-0.027221702
1112,-0.032623313
1113,-0.04138184
1114,-0.053894084
1115,-0.06399537
1116,-0.07144167
1117,-0.076416016
1118,-0.07894897
1119,-0.08047484
1120,-0.07470702
1121,-0.07095337
1122,-0.06198121
1123,-0.05563356
1124,-0.05029297
1125,-0.040832534
1126,-0.036163323
1127,-0.028686494
1128,-0.024383552
1129,-0.022003151
1130,-0.021698035
1131,-0.020111099
1132,-0.021362297
1133,-0.022857659
1134,-0.024536133
1135,-0.027069077
1136,-0.023315433
1137,-0.019256607
1138,-0.014068618
1139,-0.0051880144
1140,-0.003143333
1141,0.009155281
1142,0.018005379
1143,0.022918724
1144,0.036315925
1145,0.036254875
1146,0.04266359
1147,0.041015618
1148,0.035705574
1149,0.02755738
1150,0.01361084
1151,0.0016479641
1152,-0.010528572
1153,-0.020202644
1154,-0.034088135
1155,-0.037292495
1156,-0.043487545
1157,-0.040344253
1158,-0.03286743
1159,-0.027587906
1160,-0.015655518
1161,-0.0054931547
1162,0.007659903
1163,0.019805938
1164,0.029205345
1165,0.037261978
1166,0.046905518
1167,0.052032504
1168,0.056976337
1169,0.060302734
1170,0.06420897
1171,0.068237305
1172,0.07281495
1173,0.07461546
1174,0.07266236
1175,0.07196045
1176,0.066528335
1177,0.0625
1178,0.05313112
1179,0.046447746
1180,0.037078857
1181,0.023498539
1182,0.014404293
1183,0.0015869346
1184,-0.010772714
1185,-0.021942131
1186,-0.030853279
1187,-0.0390625
1188,-0.0453491
1189,-0.049102798
1190,-0.05181884
1191,-0.052246094
1192,-0.050781243
1193,-0.048889175
1194,-0.046112068
1195,-0.041076653
1196,-0.038421616
1197,-0.033142105
1198,-0.031860366
1199,-0.032135025
1200,-0.035095222
1201,-0.040863022
1202,-0.044067368
1203,-0.050170884
1204,-0.05480955
1205,-0.054382317
1206,-0.05206299
1207,-0.05230713
1208,-0.046783462
1209,-0.042968757
1210,-0.03274536
1211,-0.019683845
1212,-0.0015563965
1213,0.01702879
1214,0.03155516
1215,0.044586174
1216,0.052825913
1217,0.058502227
1218,0.06106569
1219,0.0635376
1220,0.067047164
1221,0.074920654
1222,0.082489
1223,0.09121704
1224,0.098297104
1225,0.10632326
1226,0.11520387
1227,0.12603761
1228,0.13339233
1229,0.13430786
1230,0.12979126
1231,0.121917725
1232,0.10729979
1233,0.08477783
1234,0.062286407
1235,0.038085945
1236,0.015289299
1237,-0.0051879883
1238,-0.024780296
1239,-0.04528808
1240,-0.06307985
1241,-0.07727048
1242,-0.088409424
1243,-0.096282944
1244,-0.09893797
1245,-0.095428474
1246,-0.08657837
1247,-0.07489014
1248,-0.060760505
1249,-0.045684814
1250,-0.034179658
1251,-0.02108765
1252,-0.009979222
1253,-0.0016174316
1254,0.0041809045
1255,0.009368889
1256,0.013092011
1257,0.011444092
1258,0.007843013
1259,0.00033570128
1260,-0.0040283054
1261,-0.010406475
1262,-0.013305661
1263,-0.014617918
1264,-0.016540525
1265,-0.015686046
1266,-0.02023314
1267,-0.024017345
1268,-0.028167717
1269,-0.031311035
1270,-0.030212399
1271,-0.028472897
1272,-0.030120857
1273,-0.032287583
1274,-0.03674317
1275,-0.04083252
1276,-0.04534913
1277,-0.044982903
1278,-0.04269409
1279,-0.039154053
1280,-0.03497316
1281,-0.029174805
1282,-0.02368164
1283,-0.02374269
1284,-0.016937226
1285,-0.013366722
1286,-0.009002678
1287,-0.0069274753
1288,-0.011169434
1289,-0.018127441
1290,-0.030242927
1291,-0.035827644
1292,-0.04467772
1293,-0.04669191
1294,-0.05108644
1295,-0.04733278
1296,-0.042236358
1297,-0.0371399
1298,-0.024810784
1299,-0.016052261
1300,0.003692612
1301,0.023376465
1302,0.05227661
1303,0.08178714
1304,0.110321015
1305,0.14001465
1306,0.16744995
1307,0.19229123
1308,0.2094116
1309,0.22293091
1310,0.22512819
1311,0.21881102
1312,0.2034607
1313,0.17974854
1314,0.1482849
1315,0.107360825
1316,0.06759642
1317,0.023040768
1318,-0.019470237
1319,-0.05984497
1320,-0.099914595
1321,-0.13595586
1322,-0.16607668
1323,-0.18817137
1324,-0.20556639
1325,-0.21575926
1326,-0.21994017
1327,-0.21298218
1328,-0.20526122
1329,-0.19091797
1330,-0.16949463
1331,-0.14828491
1332,-0.122802734
1333,-0.09445189
1334,-0.06738281
1335,-0.040985107
1336,-0.02059938
1337,-0.0033874437
1338,0.013000503
1339,0.020141631
1340,0.027557403
1341,0.031768806
1342,0.03375247
1343,0.038146973
1344,0.0435486
1345,0.04449463
1346,0.048614502
1347,0.04989624
1348,0.052917495
1349,0.05923464
1350,0.06393434
1351,0.06958009
1352,0.07302859
1353,0.07336427
1354,0.07135011
1355,0.06829833
1356,0.05630493
1357,0.045867912
1358,0.03588867
1359,0.022338865
1360,0.009521483
1361,-0.004333494
1362,-0.015869142
1363,-0.02304077
1364,-0.029663086
1365,-0.03366089
1366,-0.03274536
1367,-0.031341553
1368,-0.022735596
1369,-0.013519288
1370,-0.0068359384
1371,0.004699706
1372,0.009643556
1373,0.01611328
1374,0.017425537
1375,0.014404295
1376,0.011505127
1377,0.005706788
1378,0.0025024423
1379,-4.656613e-10
1380,-0.002319336
1381,-0.0049438495
1382,-0.0014648475
1383,-0.0019836407
1384,-3.0520343e-05
1385,0.0020446796
1386,0.0033569336
1387,0.009613037
1388,0.013000491
1389,0.019561768
1390,0.024505617
1391,0.024139404
1392,0.026428223
1393,0.025695808
1394,0.022369377
1395,0.016967773
1396,0.008697495
1397,-0.0035095215
1398,-0.017730728
1399,-0.034393325
1400,-0.057189927
1401,-0.07266235
1402,-0.08496094
1403,-0.09063719
1404,-0.091003425
1405,-0.087402344
1406,-0.07739259
1407,-0.06622316
1408,-0.052398697
1409,-0.03814698
1410,-0.023651145
1411,-0.011322029
1412,0.0017394722
1413,0.011566155
1414,0.01547242
1415,0.017974839
1416,0.01730348
1417,0.01596071
1418,0.017272957
1419,0.016937273
1420,0.020507803
1421,0.021453843
1422,0.024963371
1423,0.029418934
1424,0.031707752
1425,0.037445053
1426,0.042175278
1427,0.047271743
1428,0.04907228
1429,0.052886963
1430,0.05447389
1431,0.056488022
1432,0.057189927
1433,0.0580139
1434,0.061035156
1435,0.06466675
1436,0.072052
1437,0.07781984
1438,0.08175656
1439,0.085998535
1440,0.09011841
1441,0.09002687
1442,0.08981326
1443,0.08407594
1444,0.07656863
1445,0.06808472
1446,0.052062973
1447,0.034637436
1448,0.016418442
1449,-0.003906265
1450,-0.018371582
1451,-0.02926635
1452,-0.039367676
1453,-0.041992195
1454,-0.044738784
1455,-0.0415039
1456,-0.0378723
1457,-0.03521727
1458,-0.03012082
1459,-0.029235823
1460,-0.030975327
1461,-0.034118637
1462,-0.040954605
1463,-0.049926758
1464,-0.05615237
1465,-0.0663147
1466,-0.07507323
1467,-0.08187866
1468,-0.08825682
1469,-0.08819579
1470,-0.08255005
1471,-0.072814934
1472,-0.05770874
1473,-0.040405273
1474,-0.026336666
1475,-0.013458245
1476,-0.0046081496
1477,0.0061340393
1478,0.014129631
1479,0.020385735
1480,0.024322502
1481,0.023468008
1482,0.01806641
1483,0.011871336
1484,0.003692627
1485,-0.0035705548
1486,-0.006134033
1487,-0.003997801
1488,0.0013427734
1489,0.0067443885
1490,0.015014648
1491,0.020812988
1492,0.025054934
1493,0.029479982
1494,0.034851074
1495,0.037384033
1496,0.03894043
1497,0.0357666
1498,0.03250122
1499,0.025756838
1500,0.016723633
1501,0.0093994085
1502,-0.0007324107
1503,-0.008697499
1504,-0.015258789
1505,-0.019927979
1506,-0.0262146
1507,-0.031066895
1508,-0.038085952
1509,-0.04266358
1510,-0.04653929
1511,-0.05249022
1512,-0.05358886
1513,-0.061431877
1514,-0.06463622
1515,-0.06481935
1516,-0.06054686
1517,-0.06323244
1518,-0.060180645
1519,-0.05810547
1520,-0.050353996
1521,-0.03677368
1522,-0.026000982
1523,-0.0065918043
1524,0.005615223
1525,0.024536133
1526,0.04171756
1527,0.053619407
1528,0.06411745
1529,0.07772829
1530,0.08383178
1531,0.08798216
1532,0.08880615
1533,0.082427986
1534,0.07546997
1535,0.064514175
1536,0.058990486
1537,0.053649932
1538,0.047271714
1539,0.04324341
1540,0.03967286
1541,0.034759495
1542,0.030639663
1543,0.031768788
1544,0.027801506
1545,0.025238007
1546,0.022705073
1547,0.014251698
1548,0.0045776516
1549,-0.007690437
1550,-0.020111054
1551,-0.03359984
1552,-0.043273933
1553,-0.05239868
1554,-0.0619507
1555,-0.072570816
1556,-0.08325195
1557,-0.08944702
1558,-0.096191406
1559,-0.095703095
1560,-0.091033936
1561,-0.08651732
1562,-0.07827759
1563,-0.07003784
1564,-0.06536862
1565,-0.060394302
1566,-0.05447389
1567,-0.048187286
1568,-0.040771514
1569,-0.031463638
1570,-0.022216782
1571,-0.012695357
1572,0.0005493313
1573,0.010192856
1574,0.017852798
1575,0.023132354
1576,0.025695786
1577,0.025939956
1578,0.02172853
1579,0.013885498
1580,0.0037231445
1581,-0.0121154785
1582,-0.023071319
1583,-0.034576416
1584,-0.044464126
1585,-0.046936043
1586,-0.04620362
1587,-0.03549197
1588,-0.025268571
1589,-0.009063737
1590,0.0072936853
1591,0.024017317
1592,0.03713989
1593,0.049652074
1594,0.061096184
1595,0.06784057
1596,0.07373046
1597,0.072509795
1598,0.07885741
1599,0.07922363
1600,0.08224489
1601,0.08724974
1602,0.08996582
1603,0.099914566
1604,0.10729979
1605,0.11029054
1606,0.11123657
1607,0.108184785
1608,0.10070802
1609,0.092224106
1610,0.07812501
1611,0.06588748
1612,0.047882073
1613,0.02941896
1614,0.011047363
1615,-0.010040287
1616,-0.02825927
1617,-0.044311523
1618,-0.059570316
1619,-0.06869507
1620,-0.07739261
1621,-0.08398437
1622,-0.08264162
1623,-0.077606246
1624,-0.06875608
1625,-0.057739258
1626,-0.044036858
1627,-0.023529053
1628,-0.0027465671
1629,0.01745607
1630,0.041137695
1631,0.059143066
1632,0.0793457
1633,0.09472656
1634,0.104400635
1635,0.111907974
1636,0.11810301
1637,0.12164305
1638,0.118835434
1639,0.11114502
1640,0.09786987
1641,0.080139145
1642,0.059692413
1643,0.041290272
1644,0.020080563
1645,-0.0010375958
1646,-0.021209717
1647,-0.03793335
1648,-0.054443352
1649,-0.06994628
1650,-0.077911384
1651,-0.09078978
1652,-0.10040286
1653,-0.108673126
1654,-0.11898805
1655,-0.12606813
1656,-0.13479614
1657,-0.13876341
1658,-0.14422606
1659,-0.14703368
1660,-0.14587404
1661,-0.14706422
1662,-0.14138795
1663,-0.13064574
1664,-0.12191771
1665,-0.11297606
1666,-0.097717315
1667,-0.08798218
1668,-0.07211304
1669,-0.058715835
1670,-0.04367067
1671,-0.02941893
1672,-0.019012451
1673,-0.007415764
1674,-0.00088499486
1675,0.008422844
1676,0.0202026
1677,0.033691417
1678,0.03933716
1679,0.0497742
1680,0.052856445
1681,0.05694583
1682,0.06411743
1683,0.071319595
1684,0.07849121
1685,0.0821228
1686,0.09194943
1687,0.09655761
1688,0.10336304
1689,0.10632321
1690,0.107299805
1691,0.11199953
1692,0.105346665
1693,0.08996583
1694,0.06268312
1695,0.032348633
1696,0.016052231
1697,-0.0045471042
1698,-0.036956757
1699,-0.07888794
1700,-0.12936401
1701,-0.18511963
1702,-0.2338562
1703,-0.28167725
1704,-0.3088684
1705,-0.30712888
1706,-0.29299924
1707,-0.26928714
1708,-0.2556763
1709,-0.24432361
1710,-0.21237177
1711,-0.15368646
1712,-0.062164426
1713,0.07943714
1714,0.2607727
1715,0.4673462
1716,0.6798706
1717,0.8887024
1718,1.0832213
1719,1.253296
1720,1.40036
1721,1.5178832
1722,1.587677
1723,1.5845033
1724,1.4927064
1725,1.3055117
1726,1.0290835
1727,0.68884265
1728,0.29776
1729,-0.121521115
1730,-0.5374453
1731,-0.9342954
1732,-1.2994385
1733,-1.6213379
1734,-1.8989866
1735,-2.166748
1736,-2.3890076
1737,-2.5430298
1738,-2.6145325
1739,-2.6042175
1740,-2.5024414
1741,-2.3020022
1742,-2.0396118
1743,-1.7096254
1744,-1.3421023
1745,-0.9340818
1746,-0.5028384
1747,-0.04321274
1748,0.43774438
1749,0.8942567
1750,1.3103334
1751,1.6644288
1752,1.9427794
1753,2.133484
1754,2.243744
1755,2.2493896
1756,2.1563416
1757,1.9827572
1758,1.7414552
1759,1.4728087
1760,1.1885986
1761,0.90603626
1762,0.62734985
1763,0.3519287
1764,0.08261098
1765,-0.17269886
1766,-0.4048159
1767,-0.60946643
1768,-0.7675477
1769,-0.882019
1770,-0.9481811
1771,-0.9740904
1772,-0.96716297
1773,-0.9199524
1774,-0.8294371
1775,-0.6801147
1776,-0.47177118
1777,-0.20611584
1778,0.08956891
1779,0.40316778
1780,0.69104016
1781,0.92181396
1782,1.0787659
1783,1.1374207
1784,1.1073914
1785,0.98257446
1786,0.7904662
1787,0.53894037
1788,0.25143433
1789,-0.033233643
1790,-0.29922473
1791,-0.51431286
1792,-0.65860003
1793,-0.72290045
1794,-0.7025757
1795,-0.6162414
1796,-0.47302225
1797,-0.30087283
1798,-0.11352542
1799,0.07083142
1800,0.23413086
1801,0.35348502
1802,0.4238891
1803,0.43872064
1804,0.39767444
1805,0.31835932
1806,0.20199579
1807,0.064727716
1808,-0.08206173
1809,-0.21990973
1810,-0.34341416
1811,-0.438202
1812,-0.4863586
1813,-0.4787292
1814,-0.43728644
1815,-0.3638
1816,-0.27725217
1817,-0.19558719
1818,-0.11746214
1819,-0.04718019
1820,0.015014626
1821,0.060272213
1822,0.088867195
1823,0.09143066
1824,0.06472777
1825,0.024353012
1826,-0.007232651
1827,-0.025878891
1828,-0.020721436
1829,0.0064086914
1830,0.038696308
1831,0.07409668
1832,0.09881594
1833,0.110778786
1834,0.11758425
1835,0.1204834
1836,0.120086655
1837,0.10662845
1838,0.07659912
1839,0.04196161
1840,-0.002349943
1841,-0.052825928
1842,-0.08343494
1843,-0.13064563
1844,-0.18814081
1845,-0.22836304
1846,-0.2869262
1847,-0.33425897
1848,-0.38146973
1849,-0.41332996
1850,-0.43414295
1851,-0.43695077
1852,-0.42153922
1853,-0.37884542
1854,-0.31933603
1855,-0.25158715
1856,-0.1555481
1857,-0.086883456
1858,-0.0020752847
1859,0.06817636
1860,0.118652225
1861,0.1636048
1862,0.18795761
1863,0.20144671
1864,0.19027704
1865,0.15771489
1866,0.11462416
1867,0.07482898
1868,0.047912665
1869,0.030944735
1870,0.024597257
1871,0.026855446
1872,0.037933365
1873,0.06121826
1874,0.092102006
1875,0.13113399
1876,0.1697693
1877,0.21435547
1878,0.25070193
1879,0.27661133
1880,0.28912354
1881,0.28982544
1882,0.28909302
1883,0.28796387
1884,0.28979492
1885,0.2778015
1886,0.2539673
1887,0.20913696
1888,0.15490721
1889,0.08813474
1890,0.015106179
1891,-0.05798342
1892,-0.12741092
1893,-0.18386841
1894,-0.22439575
1895,-0.24700929
1896,-0.25534055
1897,-0.24057007
1898,-0.20944215
1899,-0.16177368
1900,-0.108856186
1901,-0.062622085
1902,-0.026550308
1903,-0.0024109036
1904,0.0018615723
1905,-0.0030822754
1906,-0.01599124
1907,-0.031890858
1908,-0.045196556
1909,-0.054595955
1910,-0.0552063
1911,-0.052612305
1912,-0.04815674
1913,-0.040649414
1914,-0.03005983
1915,-0.01477053
1916,0.011169434
1917,0.034088105
1918,0.058807388
1919,0.08270264
1920,0.10461426
1921,0.12597659
1922,0.14385986
1923,0.15585329
1924,0.16281126
1925,0.15695189
1926,0.13388063
1927,0.10671998
1928,0.07409667
1929,0.047363266
1930,0.019287094
1931,-0.0066833626
1932,-0.03363038
1933,-0.055664062
1934,-0.07315065
1935,-0.084716804
1936,-0.08880615
1937,-0.090789795
1938,-0.07641603
1939,-0.06311037
1940,-0.048156753
1941,-0.029846199
1942,-0.010040276
1943,0.014190674
1944,0.040252686
1945,0.06365968
1946,0.07971193
1947,0.09466551
1948,0.09927368
1949,0.10083006
1950,0.0937805
1951,0.0760193
1952,0.060180664
1953,0.042511016
1954,0.025146484
1955,0.009124756
1956,-0.004760742
1957,-0.015655503
1958,-0.028076142
1959,-0.040924057
1960,-0.047668442
1961,-0.051788315
1962,-0.042877182
1963,-0.02871707
1964,-0.010528564
1965,0.0074767917
1966,0.021911599
1967,0.034698486
1968,0.043548584
1969,0.04995726
1970,0.052062973
1971,0.04779053
1972,0.034606926
1973,0.01849366
1974,-0.0088806115
1975,-0.03668212
1976,-0.06448365
1977,-0.0958862
1978,-0.119781494
1979,-0.135437
1980,-0.14718625
1981,-0.14642334
1982,-0.13748169
1983,-0.119323745
1984,-0.10064694
1985,-0.08563231
1986,-0.06362915
1987,-0.048095707
1988,-0.03518677
1989,-0.024200464
1990,-0.014373785
1991,-0.006286636
1992,0.004302956
1993,0.0145569
1994,0.02047728
1995,0.026824959
1996,0.033721924
1997,0.042999245
1998,0.044830337
1999,0.045837402
2000,0.043395996
2001,0.038513206
2002,0.038330078
2003,0.039672844
2004,0.04260254
2005,0.044677734
2006,0.049591064
2007,0.055877686
2008,0.057739258
2009,0.059906006
2010,0.054992676
2011,0.046051025
2012,0.030639648
2013,0.011749268
2014,-0.0036621094
2015,-0.024963371
2016,-0.03680419
2017,-0.05059814
2018,-0.04525756
2019,-0.03842164
2020,-0.035614014
2021,-0.029205322
2022,-0.026916504
2023,-0.02328492
2024,-0.025512718
2025,-0.0317993
2026,-0.04656984
2027,-0.054168712
2028,-0.06903078
2029,-0.07910156
2030,-0.08538818
2031,-0.09005737
2032,-0.07369996
2033,-0.052581787
2034,-0.026947021
2035,0.0070800763
2036,0.03100588
2037,0.054809563
2038,0.07681275
2039,0.08441163
2040,0.094940186
2041,0.09262085
2042,0.0819702
2043,0.07342528
2044,0.05508422
2045,0.038330078
2046,0.02737427
2047,0.015838621
2048,0.009857178
2049,0.008605955
2050,0.0040893517
2051,-0.00036621094
2052,-0.0012206994
2053,-0.004913319
2054,-0.0025024489
2055,-0.0052795447
2056,-0.007171627
2057,-0.007873546
2058,-0.016754135
2059,-0.008697517
2060,-0.005523687
2061,0.004455559
2062,0.014770504
2063,0.019805908
2064,0.017944328
2065,0.009979263
2066,0.007629391
2067,0.0041503906
2068,0.0050353743
2069,0.005310055
2070,0.010681137
2071,0.0115051195
2072,0.015441902
2073,0.019500725
2074,0.02630616
2075,0.033966042
2076,0.037139896
2077,0.03759764
2078,0.027496342
2079,0.013916034
2080,-0.00061035156
2081,-0.015136719
2082,-0.030944824
2083,-0.04479982
2084,-0.05999757
2085,-0.070343025
2086,-0.07620241
2087,-0.074920654
2088,-0.066467285
2089,-0.057281505
2090,-0.042175297
2091,-0.023590099
2092,-0.012268078
2093,-0.0012207031
2094,0.0053405836
2095,0.0072631687
2096,0.008880615
2097,-0.0007018894
2098,-0.0037841797
2099,-0.014556862
2100,-0.021148667
2101,-0.025756814
2102,-0.0289917
2103,-0.028900132
2104,-0.029266328
2105,-0.02423098
2106,-0.02261354
2107,-0.021423362
2108,-0.020233177
2109,-0.01834108
2110,-0.018829353
2111,-0.020080581
2112,-0.024810836
2113,-0.026123032
2114,-0.029815674
2115,-0.03082275
2116,-0.027740493
2117,-0.028045662
2118,-0.023986802
2119,-0.0078124925
2120,0.00881958
2121,0.025817886
2122,0.041290253
2123,0.050903328
2124,0.06149292
2125,0.0671997
2126,0.06677246
2127,0.06832883
2128,0.061035156
2129,0.05364991
2130,0.041168217
2131,0.016754169
2132,-0.004302986
2133,-0.034149177
2134,-0.0541687
2135,-0.068664566
2136,-0.072631836
2137,-0.06954956
2138,-0.057952896
2139,-0.042358395
2140,-0.025939949
2141,-0.004638694
2142,0.013061523
2143,0.03750609
2144,0.05670166
2145,0.07751466
2146,0.09204103
2147,0.10455325
2148,0.11450194
2149,0.11694336
2150,0.11749266
2151,0.11779788
2152,0.115539536
2153,0.11578375
2154,0.11209108
2155,0.10485839
2156,0.09463501
2157,0.07632443
2158,0.05432129
2159,0.028686516
2160,0.0021057092
2161,-0.02993773
2162,-0.056793228
2163,-0.08367919
2164,-0.106536895
2165,-0.13046266
2166,-0.14709476
2167,-0.15875243
2168,-0.16348267
2169,-0.15957642
2170,-0.14895628
2171,-0.131073
2172,-0.11318973
2173,-0.0885315
2174,-0.06887816
2175,-0.048797604
2176,-0.02905272
2177,-0.009002693
2178,0.007812502
2179,0.021820059
2180,0.032623284
2181,0.037048355
2182,0.03793335
2183,0.031127956
2184,0.02987672
2185,0.025024414
2186,0.024414062
2187,0.028808579
2188,0.03250122
2189,0.039764404
2190,0.048980713
2191,0.06097412
2192,0.071502715
2193,0.08068847
2194,0.08847049
2195,0.098052986
2196,0.10034182
2197,0.10214232
2198,0.09719849
2199,0.08413696
2200,0.06759642
2201,0.047729477
2202,0.022674546
2203,-0.0063171387
2204,-0.031188982
2205,-0.055419892
2206,-0.071502686
2207,-0.083526604
2208,-0.09136961
2209,-0.09472656
2210,-0.0958557
2211,-0.08862305
2212,-0.07730101
2213,-0.056762695
2214,-0.032623295
2215,-0.005615237
2216,0.018554684
2217,0.03912353
2218,0.054138176
2219,0.058746334
2220,0.061553948
2221,0.05889892
2222,0.051727295
2223,0.043548588
2224,0.029083256
2225,0.0063781813
2226,-0.017761216
2227,-0.041503906
2228,-0.064025864
2229,-0.08038327
2230,-0.09213259
2231,-0.10205078
2232,-0.107055694
2233,-0.11285401
2234,-0.10925295
2235,-0.10128784
2236,-0.09030152
2237,-0.068969734
2238,-0.045196526
2239,-0.018127419
2240,0.00729372
2241,0.030914307
2242,0.053161643
2243,0.070709236
2244,0.086059585
2245,0.0970154
2246,0.09869385
2247,0.096130356
2248,0.09344481
2249,0.08746338
2250,0.080078125
2251,0.07284547
2252,0.06399535
2253,0.056793205
2254,0.04904172
2255,0.045928948
2256,0.04226681
2257,0.039764427
2258,0.04095459
2259,0.041870125
2260,0.038116485
2261,0.030578587
2262,0.021759074
2263,0.0117492825
2264,0.0026550516
2265,-0.0109253
2266,-0.023620632
2267,-0.039184578
2268,-0.04837036
2269,-0.047668487
2270,-0.043670647
2271,-0.04031372
2272,-0.042755127
2273,-0.052215546
2274,-0.07034303
2275,-0.094268814
2276,-0.113922134
2277,-0.097534224
2278,-0.044555634
2279,0.03894049
2280,0.11920166
2281,0.18356323
2282,0.24359131
2283,0.29858404
2284,0.31777954
2285,0.27441406
2286,0.20568849
2287,0.1603394
2288,0.16567992
2289,0.17221071
2290,0.1799927
2291,0.1837157
2292,0.15740955
2293,0.08331299
2294,-0.045501947
2295,-0.21923828
2296,-0.38735962
2297,-0.52947986
2298,-0.68991065
2299,-0.87994397
2300,-1.1097105
2301,-1.3198853
2302,-1.4362488
2303,-1.3857727
2304,-1.145111
2305,-0.75711066
2306,-0.2989502
2307,0.15240484
2308,0.5166318
2309,0.7486267
2310,0.87393177
2311,0.9118959
2312,0.9117432
2313,0.8984376
2314,0.8620913
2315,0.8026123
2316,0.72229004
2317,0.6257324
2318,0.52676386
2319,0.42776486
2320,0.33026123
2321,0.23468018
2322,0.14572126
2323,0.07321131
2324,0.02139306
2325,-0.004730463
2326,0.00073236227
2327,0.040618718
2328,0.11868298
2329,0.22052023
2330,0.3263857
2331,0.41213992
2332,0.47103882
2333,0.48452795
2334,0.44833374
2335,0.37100255
2336,0.25479117
2337,0.11544806
2338,-0.03942865
2339,-0.19934106
2340,-0.3622436
2341,-0.5145266
2342,-0.650879
2343,-0.7629088
2344,-0.8543092
2345,-0.91806024
2346,-0.95306385
2347,-0.95224005
2348,-0.9131167
2349,-0.8433534
2350,-0.7418822
2351,-0.6145019
2352,-0.47503668
2353,-0.33993542
2354,-0.20977785
2355,-0.08728039
2356,0.02948017
2357,0.14129637
2358,0.24124144
2359,0.33309942
2360,0.40878296
2361,0.47747815
2362,0.5286865
2363,0.5585937
2364,0.5753784
2365,0.5667114
2366,0.53891
2367,0.4888612
2368,0.41952515
2369,0.3352661
2370,0.246521
2371,0.15911865
2372,0.07913207
2373,0.0022582859
2374,-0.06433105
2375,-0.11941529
2376,-0.16394041
2377,-0.18966675
2378,-0.2046509
2379,-0.20062257
2380,-0.18328859
2381,-0.16122437
2382,-0.12805176
2383,-0.09710693
2384,-0.065826416
2385,-0.03964233
2386,-0.015472418
2387,0.009765644
2388,0.026977539
2389,0.038635276
2390,0.04483033
2391,0.052307144
2392,0.05682373
2393,0.060363766
2394,0.058807362
2395,0.05120849
2396,0.038940422
2397,0.022827152
2398,0.010101318
2399,-0.013244623
2400,-0.02963256
2401,-0.041961662
2402,-0.048797593
2403,-0.047668472
2404,-0.042968735
2405,-0.03384398
2406,-0.030456543
2407,-0.003753662
2408,0.025024414
2409,0.051605254
2410,0.07736206
2411,0.10714719
2412,0.13272095
2413,0.15606686
2414,0.17471313
2415,0.1851807
2416,0.19393921
2417,0.19348145
2418,0.19668582
2419,0.18667604
2420,0.17242432
2421,0.15652466
2422,0.12622069
2423,0.09793094
2424,0.062194817
2425,0.02017212
2426,-0.019714354
2427,-0.05734257
2428,-0.08914185
2429,-0.11993407
2430,-0.14459227
2431,-0.171936
2432,-0.19110103
2433,-0.20944214
2434,-0.21871947
2435,-0.2225342
2436,-0.21926878
2437,-0.20605467
2438,-0.1928711
2439,-0.16943358
2440,-0.14630127
2441,-0.11941528
2442,-0.09411621
2443,-0.06674194
2444,-0.04550171
2445,-0.022796646
2446,-0.003417924
2447,0.009033218
2448,0.01687622
2449,0.013671875
2450,0.011383049
2451,0.0029296726
2452,-0.007171616
2453,-0.018310517
2454,-0.017272934
2455,-0.008544929
2456,-0.002807632
2457,0.004943829
2458,0.014892552
2459,0.030303955
2460,0.041931137
2461,0.05456546
2462,0.06484985
2463,0.06585695
2464,0.061187737
2465,0.047637954
2466,0.028472885
2467,0.0002746433
2468,-0.021789521
2469,-0.04324343
2470,-0.061279297
2471,-0.070953384
2472,-0.07553103
2473,-0.07275388
2474,-0.0619507
2475,-0.04156491
2476,-0.022430435
2477,-0.0007019057
2478,0.019561768
2479,0.03668213
2480,0.05197142
2481,0.060821548
2482,0.06735229
2483,0.07385254
2484,0.072814934
2485,0.07305908
2486,0.07141112
2487,0.06973267
2488,0.07058715
2489,0.06811524
2490,0.065216064
2491,0.056732178
2492,0.041259762
2493,0.02490234
2494,0.0087585375
2495,-0.0061645657
2496,-0.020751942
2497,-0.029876716
2498,-0.04055785
2499,-0.047515854
2500,-0.05325316
2501,-0.05529785
2502,-0.052551262
2503,-0.044982895
2504,-0.030761719
2505,-0.021972641
2506,-0.009613052
2507,-0.004791245
2508,-0.0013733171
2509,0.0009460375
2510,-0.00024415553
2511,0.002838118
2512,0.004364012
2513,0.0034484789
2514,0.0028991792
2515,0.0036621038
2516,0.0026855702
2517,-0.001586929
2518,-0.0040893396
2519,-0.011962891
2520,-0.012573227
2521,-0.011840815
2522,-0.008300785
2523,-0.0016174428
2524,0.0033264086
2525,0.016937263
2526,0.026824959
2527,0.037811287
2528,0.049377434
2529,0.06399537
2530,0.07302855
2531,0.07836914
2532,0.07855223
2533,0.06924438
2534,0.062164336
2535,0.051055916
2536,0.042449936
2537,0.033477783
2538,0.025390629
2539,0.018432599
2540,0.014648441
2541,0.008697502
2542,0.0024109334
2543,0.0022583269
2544,0.0011901855
2545,-0.0034789853
2546,-0.008270286
2547,-0.01168824
2548,-0.01815796
2549,-0.020690927
2550,-0.020843508
2551,-0.01959227
2552,-0.01907349
2553,-0.016387936
2554,-0.01483155
2555,-0.015502958
2556,-0.019744877
2557,-0.01837159
2558,-0.026031487
2559,-0.03775023
2560,-0.04351805
2561,-0.053894036
2562,-0.05697631
2563,-0.05999756
2564,-0.06201172
2565,-0.058654785
2566,-0.055786133
2567,-0.047821037
2568,-0.037048347
2569,-0.025512703
2570,-0.006439194
2571,0.014831543
2572,0.032073982
2573,0.04919433
2574,0.061157227
2575,0.07196044
2576,0.08102418
2577,0.084625244
2578,0.08334349
2579,0.078125
2580,0.06958006
2581,0.055419944
2582,0.041198716
2583,0.023925787
2584,0.013977053
2585,0.001708976
2586,-0.0050048605
2587,-0.01257325
2588,-0.017822258
2589,-0.021575943
2590,-0.025299061
2591,-0.025634777
2592,-0.029693611
2593,-0.031158455
2594,-0.037078865
2595,-0.04388428
2596,-0.052215584
2597,-0.06018065
2598,-0.06588746
2599,-0.06872557
2600,-0.0722046
2601,-0.07104492
2602,-0.06622315
2603,-0.06048584
2604,-0.052154526
2605,-0.043853763
2606,-0.032958977
2607,-0.019073486
2608,-0.005401602
2609,0.0066223033
2610,0.019012464
2611,0.028106686
2612,0.038848884
2613,0.04321291
2614,0.047393788
2615,0.050445568
2616,0.050872795
2617,0.055297837
2618,0.05728148
2619,0.05493164
2620,0.04888916
2621,0.042785645
2622,0.03082275
2623,0.021392833
2624,0.011047371
2625,0.0045165904
2626,-0.0020446852
2627,-0.00924683
2628,-0.0110778995
2629,-0.015136693
2630,-0.014373779
2631,-0.010406509
2632,-0.0068664327
2633,0.0077209324
2634,0.018890373
2635,0.02957154
2636,0.041534424
2637,0.0489197
2638,0.05670166
2639,0.059326172
2640,0.06173706
2641,0.054962136
2642,0.04745482
2643,0.03402712
2644,0.023101792
2645,0.004119884
2646,-0.014923088
2647,-0.027282745
2648,-0.049224846
2649,-0.06112671
2650,-0.07705691
2651,-0.088470474
2652,-0.0982666
2653,-0.102813736
2654,-0.09890747
2655,-0.094512925
2656,-0.08612062
2657,-0.076934814
2658,-0.06613161
2659,-0.062683076
2660,-0.05499267
2661,-0.051605232
2662,-0.0477295
2663,-0.04031372
2664,-0.035675067
2665,-0.025299087
2666,-0.022766113
2667,-0.017181423
2668,-0.012023926
2669,-0.007598877
2670,0.0015869122
2671,0.015563963
2672,0.029022202
2673,0.04348754
2674,0.060119633
2675,0.069854714
2676,0.08190917
2677,0.08792115
2678,0.09271238
2679,0.094421394
2680,0.09240721
2681,0.087524414
2682,0.074157715
2683,0.060180668
2684,0.04187011
2685,0.02288818
2686,0.0040283147
2687,-0.013641352
2688,-0.028350823
2689,-0.038330078
2690,-0.041839592
2691,-0.04330445
2692,-0.039398193
2693,-0.03265381
2694,-0.025604248
2695,-0.019500732
2696,-0.011596682
2697,-0.006439207
2698,-0.0016174316
2699,0.0034790114
2700,0.004760746
2701,0.007965088
2702,0.007141106
2703,0.008392334
2704,0.00982666
2705,0.013671868
2706,0.01937867
2707,0.025756821
2708,0.031463638
2709,0.035430893
2710,0.03994751
2711,0.042785645
2712,0.045806896
2713,0.049652107
2714,0.05389406
2715,0.05566407
2716,0.052337635
2717,0.0454712
2718,0.035797097
2719,0.021301277
2720,0.007873528
2721,-0.002868656
2722,-0.013580322
2723,-0.027771007
2724,-0.04074098
2725,-0.05523683
2726,-0.07235716
2727,-0.08200069
2728,-0.08880612
2729,-0.08901976
2730,-0.08850097
2731,-0.08251954
2732,-0.07962037
2733,-0.07836915
2734,-0.07235717
2735,-0.06585695
2736,-0.053344745
2737,-0.03860475
2738,-0.020599391
2739,-0.003601091
2740,0.010131838
2741,0.02001953
2742,0.030639663
2743,0.033691436
2744,0.03610231
2745,0.043243416
2746,0.046417236
2747,0.04678344
2748,0.04464721
2749,0.03775024
2750,0.030517578
2751,0.018493634
2752,0.008636486
2753,0.0016784649
2754,-0.009063715
2755,-0.015808104
2756,-0.021728516
2757,-0.027069094
2758,-0.03002929
2759,-0.029266357
2760,-0.02682495
2761,-0.019409182
2762,-0.010406502
2763,0.0011596791
2764,0.010681152
2765,0.017334
2766,0.026855469
2767,0.031829827
2768,0.040283203
2769,0.044860847
2770,0.048004143
2771,0.055358887
2772,0.06011963
2773,0.06387329
2774,0.067657486
2775,0.06829834
2776,0.06509401
2777,0.06317139
2778,0.06127932
2779,0.05917359
2780,0.05114746
2781,0.043121338
2782,0.035461426
2783,0.023895267
2784,0.009582508
2785,-0.0056762546
2786,-0.024017379
2787,-0.037994377
2788,-0.053375266
2789,-0.06878662
2790,-0.08169555
2791,-0.095916755
2792,-0.10290526
2793,-0.1071472
2794,-0.1064148
2795,-0.10137942
2796,-0.092041
2797,-0.07901
2798,-0.065338105
2799,-0.053283684
2800,-0.041625958
2801,-0.03283692
2802,-0.025238022
2803,-0.016265875
2804,-0.0057372972
2805,0.0045165922
2806,0.017639153
2807,0.026519783
2808,0.032470696
2809,0.035064705
2810,0.03381347
2811,0.034576423
2812,0.032745373
2813,0.036560073
2814,0.035308853
2815,0.035675034
2816,0.032257088
2817,0.02648925
2818,0.021331798
2819,0.017578125
2820,0.020355217
2821,0.025756843
2822,0.03509523
2823,0.041717537
2824,0.04946901
2825,0.05236817
2826,0.052703865
2827,0.051818863
2828,0.052856453
2829,0.052978516
2830,0.050659157
2831,0.04287721
2832,0.03829956
2833,0.029785149
2834,0.01919555
2835,0.009918207
2836,-0.0019225981
2837,-0.012634278
2838,-0.02041623
2839,-0.024871834
2840,-0.03143309
2841,-0.035125725
2842,-0.040801987
2843,-0.041961662
2844,-0.042114258
2845,-0.04315185
2846,-0.040924076
2847,-0.03860473
2848,-0.034851074
2849,-0.028594969
2850,-0.02215576
2851,-0.020263672
2852,-0.017822267
2853,-0.019500738
2854,-0.019195557
2855,-0.015716555
2856,-0.014312744
2857,-0.00979614
2858,-0.009918214
2859,-0.010131835
2860,-0.006286619
2861,-0.0032958968
2862,-0.00064086996
2863,0.00796509
2864,0.01513672
2865,0.022003176
2866,0.023956299
2867,0.020507809
2868,0.01574707
2869,0.0078124986
2870,0.0007019043
2871,-0.0054626474
2872,-0.013977053
2873,-0.022583008
2874,-0.029571533
2875,-0.03616333
2876,-0.03695679
2877,-0.035736088
2878,-0.025512688
2879,-0.015106209
2880,-0.003082268
2881,0.009735107
2882,0.022888169
2883,0.037200928
2884,0.049774155
2885,0.06295779
2886,0.073638916
2887,0.07998657
2888,0.086883545
2889,0.09060672
2890,0.089447014
2891,0.0864868
2892,0.07888796
2893,0.06887816
2894,0.05389405
2895,0.03912352
2896,0.018493645
2897,-0.0007934859
2898,-0.02148439
2899,-0.037078857
2900,-0.05523683
2901,-0.07244873
2902,-0.08010865
2903,-0.08694458
2904,-0.087585464
2905,-0.08483887
2906,-0.07733154
2907,-0.06903077
2908,-0.059326164
2909,-0.04901123
2910,-0.03466797
2911,-0.021759035
2912,-0.007537842
2913,0.0052490234
2914,0.011627188
2915,0.015655523
2916,0.0125427395
2917,0.0062560923
2918,-0.0031738263
2919,-0.013397217
2920,-0.023590088
2921,-0.030303953
2922,-0.037261963
2923,-0.03985595
2924,-0.03869628
2925,-0.035644535
2926,-0.025939936
2927,-0.010894779
2928,0.00582885
2929,0.025665283
2930,0.04635621
2931,0.06369019
2932,0.08001708
2933,0.08880616
2934,0.09655759
2935,0.09436035
2936,0.090972885
2937,0.08276368
2938,0.072296135
2939,0.058593757
2940,0.042358395
2941,0.030273415
2942,0.010955844
2943,-0.0038147047
2944,-0.02301021
2945,-0.038330078
2946,-0.053985596
2947,-0.06991579
2948,-0.0798645
2949,-0.09048462
2950,-0.09814456
2951,-0.10879515
2952,-0.114776626
2953,-0.12075804
2954,-0.12188722
2955,-0.11605835
2956,-0.1081543
2957,-0.09497072
2958,-0.08004758
2959,-0.065643325
2960,-0.053253204
2961,-0.045837417
2962,-0.037536606
2963,-0.027679443
2964,-0.019897461
2965,-0.012329072
2966,-0.006683372
2967,9.159744e-05
2968,0.008605942
2969,0.014953621
2970,0.024139374
2971,0.034790024
2972,0.044281006
2973,0.054138146
2974,0.062042236
2975,0.061035134
2976,0.057189938
2977,0.049957268
2978,0.04452514
2979,0.029083252
2980,0.01654052
2981,0.017028838
2982,0.00863648
2983,0.009826668
2984,0.0032653809
2985,0.0005493071
2986,-0.0040893666
2987,0.0011901818
2988,0.006469704
2989,0.014343254
2990,0.02371218
2991,0.035339355
2992,0.04830931
2993,0.04321289
2994,0.05618286
2995,0.05801393
2996,0.06896974
2997,0.08132936
2998,0.08795166
2999,0.093627945
3000,0.09152222
3001,0.09234616
3002,0.085510254
3003,0.08401491
3004,0.07873535
3005,0.07681273
3006,0.07150267
3007,0.06088258
3008,0.048828103
3009,0.03015139
3010,0.014434818
3011,-0.0036621094
3012,-0.020904526
3013,-0.037261933
3014,-0.05126953
3015,-0.063964844
3016,-0.07388304
3017,-0.078948975
3018,-0.082397446
3019,-0.07720947
3020,-0.066711426
3021,-0.055267338
3022,-0.04132081
3023,-0.026947008
3024,-0.017181408
3025,-0.009704583
3026,-0.0040283296
3027,0.0017700195
3028,0.006378174
3029,0.008941654
3030,0.008850105
3031,0.005523689
3032,-0.0018310659
3033,-0.011016838
3034,-0.02352906
3035,-0.038024914
3036,-0.049285877
3037,-0.06246948
3038,-0.06887818
3039,-0.0741272
3040,-0.07662964
3041,-0.075286865
3042,-0.06933594
3043,-0.059539795
3044,-0.0475769
3045,-0.03012085
3046,-0.010986336
3047,0.0075073615
3048,0.023071274
3049,0.03775023
3050,0.04827881
3051,0.0602417
3052,0.07104492
3053,0.07934572
3054,0.08776857
3055,0.09683229
3056,0.10501097
3057,0.10702515
3058,0.109191895
3059,0.10733031
3060,0.098815925
3061,0.08746339
3062,0.07592776
3063,0.06015013
3064,0.041076675
3065,0.023101809
3066,0.0027771015
3067,-0.016540498
3068,-0.039825425
3069,-0.056732148
3070,-0.06997681
3071,-0.08135985
3072,-0.08218385
3073,-0.079925545
3074,-0.07864379
3075,-0.07348634
3076,-0.06521606
3077,-0.056427017
3078,-0.04388427
3079,-0.031097421
3080,-0.01953125
3081,-0.008239745
3082,-0.0014953604
3083,0.0066833487
3084,0.009155272
3085,0.010284426
3086,0.0105896015
3087,0.006286621
3088,0.0012817383
3089,-0.008789064
3090,-0.017547607
3091,-0.026947021
3092,-0.03186035
3093,-0.03845215
3094,-0.038635246
3095,-0.034606934
3096,-0.024261475
3097,-0.01217651
3098,0.0048522986
3099,0.024139412
3100,0.04199217
3101,0.062103264
3102,0.07513427
3103,0.081848145
3104,0.08013915
3105,0.0715332
3106,0.0569763
3107,0.042175286
3108,0.019500732
3109,-0.0019836389
3110,-0.023742668
3111,-0.039520264
3112,-0.052642807
3113,-0.06610106
3114,-0.0720825
3115,-0.075744584
3116,-0.076080315
3117,-0.07977292
3118,-0.07659911
3119,-0.064239495
3120,-0.048309356
3121,-0.06356812
3122,-0.10488892
3123,-0.13702394
3124,-0.15188602
3125,-0.14343263
3126,-0.11596682
3127,-0.06997682
3128,-0.0065612793
3129,0.06387329
3130,0.13253784
3131,0.19879152
3132,0.25726318
3133,0.31829834
3134,0.37319946
3135,0.39398193
3136,0.3696289
3137,0.30029297
3138,0.19729614
3139,0.08990479
3140,-0.00964357
3141,-0.09594726
3142,-0.16210938
3143,-0.21237183
3144,-0.23843384
3145,-0.24502563
3146,-0.2338867
3147,-0.20861815
3148,-0.17471313
3149,-0.13687135
3150,-0.1044922
3151,-0.07098389
3152,-0.04452513
3153,-0.025115952
3154,-0.014068618
3155,-0.008880615
3156,-0.010498062
3157,-0.019897461
3158,-0.0357361
3159,-0.057830825
3160,-0.077362046
3161,-0.093109116
3162,-0.10308838
3163,-0.1048584
3164,-0.10424805
3165,-0.09405515
3166,-0.07553099
3167,-0.055450432
3168,-0.026001003
3169,3.0521303e-05
3170,0.02758785
3171,0.05239869
3172,0.06729123
3173,0.07476805
3174,0.079009995
3175,0.08099364
3176,0.08230591
3177,0.0782776
3178,0.068847656
3179,0.0556946
3180,0.03964234
3181,0.026306167
3182,0.021453857
3183,0.025695771
3184,0.034484863
3185,0.05059813
3186,0.06448361
3187,0.08151245
3188,0.09490968
3189,0.105834976
3190,0.12219237
3191,0.13766481
3192,0.15655518
3193,0.1675415
3194,0.1708679
3195,0.15591434
3196,0.12792966
3197,0.09100342
3198,0.04061891
3199,-0.020233184
3200,-0.09542847
3201,-0.16433717
3202,-0.2308655
3203,-0.29174805
3204,-0.34378052
3205,-0.375
3206,-0.35525513
3207,-0.29727173
3208,-0.21356201
3209,-0.117553696
3210,-0.022766128
3211,0.060821533
3212,0.12771603
3213,0.17514038
3214,0.18661499
3215,0.18261717
3216,0.15222166
3217,0.107788056
3218,0.04519651
3219,-0.019989025
3220,-0.06936646
3221,-0.10156251
3222,-0.09680174
3223,-0.07012939
3224,-0.033203155
3225,0.009033203
3226,0.057037354
3227,0.09616086
3228,0.13781738
3229,0.17272952
3230,0.20513916
3231,0.22784427
3232,0.24066162
3233,0.2484436
3234,0.24398804
3235,0.23556519
3236,0.21868896
3237,0.19436646
3238,0.16040036
3239,0.11865236
3240,0.072113015
3241,0.021850554
3242,-0.027465818
3243,-0.071014434
3244,-0.107940674
3245,-0.14041138
3246,-0.16699219
3247,-0.18667603
3248,-0.20211792
3249,-0.20983887
3250,-0.20529175
3251,-0.18963623
3252,-0.16513062
3253,-0.1390991
3254,-0.10968016
3255,-0.08071899
3256,-0.051147453
3257,-0.022338867
3258,0.0006103553
3259,0.02243042
3260,0.033325195
3261,0.041595463
3262,0.043945312
3263,0.04083252
3264,0.033813477
3265,0.026031492
3266,0.020782469
3267,0.006683342
3268,-0.00027466938
3269,-0.008056637
3270,-0.013519276
3271,-0.016143788
3272,-0.019775383
3273,-0.016082771
3274,-0.014465332
3275,-0.010833748
3276,-0.00082396716
3277,0.011169441
3278,0.023895264
3279,0.036895745
3280,0.04763794
3281,0.055572502
3282,0.060974114
3283,0.06213378
3284,0.06301879
3285,0.059326194
3286,0.050842315
3287,0.046600346
3288,0.03295899
3289,0.0164795
3290,0.004791282
3291,-0.012054458
3292,-0.022521973
3293,-0.028656006
3294,-0.029876709
3295,-0.024536133
3296,-0.022613533
3297,-0.01556395
3298,-0.007141128
3299,-0.005645737
3300,-0.0049743652
3301,-0.008148182
3302,-0.017669678
3303,-0.027526848
3304,-0.040588357
3305,-0.052978523
3306,-0.066741936
3307,-0.07849124
3308,-0.08346558
3309,-0.08288575
3310,-0.07992554
3311,-0.06796263
3312,-0.055206284
3313,-0.04260254
3314,-0.029449463
3315,-0.022705063
3316,-0.01657103
3317,-0.018615738
3318,-0.01870726
3319,-0.020111084
3320,-0.026947007
3321,-0.03225711
3322,-0.042999253
3323,-0.05386354
3324,-0.06375122
3325,-0.07318114
3326,-0.07553102
3327,-0.078613296
3328,-0.07507326
3329,-0.07186891
3330,-0.06637576
3331,-0.059417754
3332,-0.050689667
3333,-0.037139907
3334,-0.023498505
3335,-0.007202171
3336,0.009063743
3337,0.02529908
3338,0.040435806
3339,0.057739273
3340,0.07012941
3341,0.08306886
3342,0.09118652
3343,0.09317015
3344,0.08941649
3345,0.07583617
3346,0.05441284
3347,0.031311005
3348,0.005462691
3349,-0.019836433
3350,-0.038696244
3351,-0.054931626
3352,-0.063751236
3353,-0.069427505
3354,-0.06713868
3355,-0.058776826
3356,-0.044036835
3357,-0.02133177
3358,0.006286636
3359,0.030609142
3360,0.05401611
3361,0.07556152
3362,0.08935548
3363,0.10269165
3364,0.10745242
3365,0.10696415
3366,0.10369875
3367,0.09808351
3368,0.0892334
3369,0.07827759
3370,0.064758286
3371,0.05392456
3372,0.04302977
3373,0.0301819
3374,0.023468025
3375,0.016845688
3376,0.0130920485
3377,0.01632689
3378,0.018402085
3379,0.021514885
3380,0.02618409
3381,0.025268555
3382,0.023407012
3383,0.015167236
3384,0.0048828274
3385,-0.0029601976
3386,-0.016174316
3387,-0.022552505
3388,-0.0270691
3389,-0.033142105
3390,-0.03292846
3391,-0.033691406
3392,-0.029052734
3393,-0.02011107
3394,-0.007232696
3395,0.012298584
3396,0.03201294
3397,0.052215606
3398,0.07122803
3399,0.08709717
3400,0.10406494
3401,0.117492676
3402,0.12747192
3403,0.13635257
3404,0.14312741
3405,0.14453125
3406,0.14541626
3407,0.13714603
3408,0.121734574
3409,0.10546875
3410,0.08206172
3411,0.05523686
3412,0.024658188
3413,-0.006225556
3414,-0.03570556
3415,-0.06143187
3416,-0.08349611
3417,-0.101776086
3418,-0.11633302
3419,-0.12310791
3420,-0.12509155
3421,-0.12377927
3422,-0.1183777
3423,-0.111572236
3424,-0.100433365
3425,-0.08981322
3426,-0.07885745
3427,-0.06838988
3428,-0.05868531
3429,-0.045501694
3430,-0.03881836
3431,-0.029876702
3432,-0.02047731
3433,-0.014587402
3434,-0.015167214
3435,-0.02114869
3436,-0.028900146
3437,-0.04385376
3438,-0.05682373
3439,-0.072021484
3440,-0.083679184
3441,-0.09606933
3442,-0.104705796
3443,-0.1036682
3444,-0.100585945
3445,-0.09265135
3446,-0.078735374
3447,-0.059814468
3448,-0.03811646
3449,-0.014404312
3450,0.009399425
3451,0.033386234
3452,0.05529784
3453,0.07278443
3454,0.08215333
3455,0.09014893
3456,0.09210205
3457,0.09152222
3458,0.07659914
3459,0.05145265
3460,0.028930679
3461,0.017028809
3462,0.014007568
3463,-0.009033203
3464,-0.042663574
3465,-0.090545654
3466,-0.14526367
3467,-0.2043762
3468,-0.2713318
3469,-0.32894897
3470,-0.36010745
3471,-0.3635559
3472,-0.36718744
3473,-0.3701172
3474,-0.35739148
3475,-0.31088275
3476,-0.22186291
3477,-0.07946777
3478,0.11785877
3479,0.34951782
3480,0.56903076
3481,0.81134033
3482,1.0108336
3483,1.1735536
3484,1.3468935
3485,1.4556581
3486,1.5437623
3487,1.5653076
3488,1.5408629
3489,1.4001157
3490,1.1692196
3491,0.8361204
3492,0.4587096
3493,0.050201416
3494,-0.3633728
3495,-0.71920776
3496,-1.1039429
3497,-1.4291382
3498,-1.7497864
3499,-2.0473938
3500,-2.2810974
3501,-2.4773254
3502,-2.586304
3503,-2.6107788
3504,-2.5632021
3505,-2.4283752
3506,-2.2415466
3507,-1.9740906
3508,-1.6164852
3509,-1.1895142
3510,-0.720886
3511,-0.22097784
3512,0.28021252
3513,0.7702943
3514,1.2141418
3515,1.5778505
3516,1.8697509
3517,2.0679932
3518,2.1607356
3519,2.1695557
3520,2.107086
3521,2.010559
3522,1.9149475
3523,1.8013612
3524,1.6838684
3525,1.545929
3526,1.3647155
3527,1.1501466
3528,0.8965758
3529,0.5935062
3530,0.2596742
3531,-0.095336914
3532,-0.46701062
3533,-0.820343
3534,-1.1401976
3535,-1.4038696
3536,-1.5830381
3537,-1.6690978
3538,-1.6538695
3539,-1.5421753
3540,-1.3386536
3541,-1.058075
3542,-0.70666504
3543,-0.32098392
3544,0.08013934
3545,0.46771234
3546,0.8019408
3547,1.0689391
3548,1.241394
3549,1.3174438
3550,1.294708
3551,1.1798706
3552,0.99264514
3553,0.7513429
3554,0.4809267
3555,0.20550558
3556,-0.045318693
3557,-0.2601622
3558,-0.41818228
3559,-0.511719
3560,-0.5483397
3561,-0.5257571
3562,-0.459015
3563,-0.35989377
3564,-0.23876962
3565,-0.10202044
3566,0.02258277
3567,0.13162196
3568,0.21459937
3569,0.27358997
3570,0.30938745
3571,0.3226626
3572,0.32022116
3573,0.2941894
3574,0.25622594
3575,0.21148667
3576,0.16012576
3577,0.105133116
3578,0.066284075
3579,0.03829962
3580,0.010559075
3581,-0.021850765
3582,-0.074249536
3583,-0.13897708
3584,-0.21603394
3585,-0.29357892
3586,-0.36856067
3587,-0.44583118
3588,-0.51559436
3589,-0.57772833
3590,-0.631897
3591,-0.6652833
3592,-0.6684875
3593,-0.63479626
3594,-0.5613099
3595,-0.460907
3596,-0.34881604
3597,-0.24041751
3598,-0.13543707
3599,-0.038635194
3600,0.04321301
3601,0.11083996
3602,0.15698248
3603,0.18164074
3604,0.18933105
3605,0.18560794
3606,0.17102063
3607,0.15100107
3608,0.13015762
3609,0.10574344
3610,0.08175665
3611,0.046264708
3612,0.009277314
3613,-0.03564447
3614,-0.07647723
3615,-0.11013797
3616,-0.1443789
3617,-0.17358416
3618,-0.19909674
3619,-0.20687872
3620,-0.19464129
3621,-0.16909775
3622,-0.15313715
3623,-0.12973022
3624,-0.096862555
3625,-0.058654964
3626,-0.020873696
3627,0.010253862
3628,0.035461605
3629,0.059051603
3630,0.08087153
3631,0.09500119
3632,0.10345465
3633,0.106719896
3634,0.121826164
3635,0.13635267
3636,0.1483763
3637,0.1566468
3638,0.16165155
3639,0.17666626
3640,0.20236206
3641,0.2277832
3642,0.24859619
3643,0.27249143
3644,0.29125977
3645,0.30981448
3646,0.32250977
3647,0.32284546
3648,0.3086853
3649,0.27593994
3650,0.22952269
3651,0.16873167
3652,0.097412094
3653,0.026153546
3654,-0.044097885
3655,-0.11019896
3656,-0.16220094
3657,-0.21038821
3658,-0.24438477
3659,-0.25939944
3660,-0.2532959
3661,-0.22277832
3662,-0.18109131
3663,-0.13775635
3664,-0.095672615
3665,-0.059844967
3666,-0.031341568
3667,-0.0099487305
3668,-0.006378174
3669,-0.008880606
3670,-0.016296383
3671,-0.022216795
3672,-0.027160643
3673,-0.03121949
3674,-0.027465807
3675,-0.018676773
3676,-0.00048827752
3677,0.018890377
3678,0.041320797
3679,0.055267356
3680,0.06433103
3681,0.07601929
3682,0.07614136
3683,0.07440187
3684,0.0635376
3685,0.051788345
3686,0.03945923
3687,0.025451675
3688,0.01864624
3689,0.010528555
3690,0.0059509277
3691,0.00091551617
3692,6.104447e-05
3693,-0.0037536668
3694,-0.0032653846
3695,-0.009094241
3696,-0.010162363
3697,-0.009643563
3698,-0.0072936993
3699,-0.00030517578
3700,-0.01028442
3701,-0.020385742
3702,-0.035095215
3703,-0.051818848
3704,-0.0635376
3705,-0.07196044
3706,-0.07409669
3707,-0.06799318
3708,-0.053924546
3709,-0.036193833
3710,-0.018341057
3711,0.007873535
3712,0.04653932
3713,0.06515503
3714,0.0914917
3715,0.12963867
3716,0.1300049
3717,0.13619994
3718,0.12646483
3719,0.108734146
3720,0.08892822
3721,0.06454466
3722,0.04043579
3723,0.014007583
3724,-0.007232666
3725,-0.019134507
3726,-0.018371567
3727,-0.03372194
3728,-0.012878418
3729,-0.003326416
3730,0.012634307
3731,0.04379271
3732,0.052459717
3733,0.067138664
3734,0.071075454
3735,0.07379152
3736,0.06481933
3737,0.04864502
3738,0.025878875
3739,-0.00408934
3740,-0.037658706
3741,-0.068603516
3742,-0.092559814
3743,-0.11157228
3744,-0.12243651
3745,-0.123687744
3746,-0.118194565
3747,-0.114929214
3748,-0.09979246
3749,-0.08120727
3750,-0.06292723
3751,-0.042816155
3752,-0.023590086
3753,-0.010131838
3754,-0.00073242374
3755,0.00894165
3756,0.012176514
3757,0.01751709
3758,0.017059328
3759,0.014312742
3760,0.00482177
3761,-0.004425045
3762,-0.010589588
3763,-0.015075695
3764,-0.009277336
3765,-0.006744392
3766,-0.0028686523
3767,0.0011291429
3768,0.004119873
3769,0.0090027
3770,0.01577758
3771,0.023956314
3772,0.0319214
3773,0.03848265
3774,0.041381836
3775,0.04263304
3776,0.03549193
3777,0.038696274
3778,0.0463257
3779,0.054199174
3780,0.06524657
3781,0.07354735
3782,0.08282472
3783,0.08535768
3784,0.08242797
3785,0.07400514
3786,0.056976337
3787,0.03411866
3788,0.009460479
3789,-0.015258804
3790,-0.04336548
3791,-0.07135011
3792,-0.09780885
3793,-0.12649536
3794,-0.14892578
3795,-0.16400146
3796,-0.17306519
3797,-0.17687988
3798,-0.17062378
3799,-0.16558838
3800,-0.15725708
3801,-0.14526367
3802,-0.13366699
3803,-0.117767334
3804,-0.10644531
3805,-0.08618164
3806,-0.068725556
3807,-0.05438234
3808,-0.040740952
3809,-0.033660904
3810,-0.020172127
3811,-0.0074158087
3812,0.002532974
3813,0.01470945
3814,0.027923595
3815,0.039550774
3816,0.05480957
3817,0.07043457
3818,0.08288574
3819,0.089202896
3820,0.08923341
3821,0.09048462
3822,0.08840944
3823,0.08178709
3824,0.07946778
3825,0.072479226
3826,0.06451417
3827,0.06295778
3828,0.057922393
3829,0.056304947
3830,0.059967056
3831,0.061706543
3832,0.07202149
3833,0.08065796
3834,0.08822632
3835,0.09136962
3836,0.088836655
3837,0.08831786
3838,0.08520506
3839,0.07958983
3840,0.06417847
3841,0.041717533
3842,0.012298614
3843,-0.015350305
3844,-0.0415344
3845,-0.0651245
3846,-0.08068849
3847,-0.08938599
3848,-0.09051515
3849,-0.091217026
3850,-0.09344481
3851,-0.09683226
3852,-0.104095474
3853,-0.10815428
3854,-0.10818482
3855,-0.10415651
3856,-0.098175034
3857,-0.08816528
3858,-0.07272336
3859,-0.057006847
3860,-0.042938232
3861,-0.023651116
3862,-0.003265392
3863,0.018768325
3864,0.04284668
3865,0.059448257
3866,0.06845093
3867,0.06781009
3868,0.056610085
3869,0.04421997
3870,0.034118652
3871,0.025512682
3872,0.02383424
3873,0.021118164
3874,0.020416252
3875,0.01852417
3876,0.01940915
3877,0.023468025
3878,0.025848389
3879,0.028076157
3880,0.03048706
3881,0.032592773
3882,0.031768814
3883,0.036224365
3884,0.04284665
3885,0.06021118
3886,0.08074948
3887,0.104400635
3888,0.13031004
3889,0.15109253
3890,0.16976927
3891,0.18466188
3892,0.18984985
3893,0.18725584
3894,0.17318726
3895,0.14639279
3896,0.10983276
3897,0.056243896
3898,0.0010986328
3899,-0.06182863
3900,-0.12579349
3901,-0.1852417
3902,-0.24029544
3903,-0.28848267
3904,-0.32199097
3905,-0.3348999
3906,-0.331604
3907,-0.31069946
3908,-0.28085327
3909,-0.23495482
3910,-0.17822266
3911,-0.11630249
3912,-0.05160523
3913,0.009155259
3914,0.06573486
3915,0.11090088
3916,0.1433716
3917,0.15533444
3918,0.15359497
3919,0.1418457
3920,0.12286378
3921,0.101318344
3922,0.07562257
3923,0.046569817
3924,0.020721458
3925,-0.0025329366
3926,-0.0194702
3927,-0.027923599
3928,-0.033477783
3929,-0.032379135
3930,-0.02697755
3931,-0.02154541
3932,-0.017395016
3933,-0.017059349
3934,-0.023681656
3935,-0.027862549
3936,-0.03372194
3937,-0.035156243
3938,-0.028900158
3939,-0.021911614
3940,-0.0095825195
3941,0.007019043
3942,0.020507835
3943,0.03845215
3944,0.05670169
3945,0.07263183
3946,0.089660645
3947,0.09808351
3948,0.11010745
3949,0.11279297
3950,0.10629273
3951,0.101959236
3952,0.092773415
3953,0.08187869
3954,0.07232663
3955,0.06326293
3956,0.054443352
3957,0.044738755
3958,0.032775886
3959,0.017700173
3960,-0.0005493015
3961,-0.01919555
3962,-0.03396605
3963,-0.05093383
3964,-0.064422585
3965,-0.070251465
3966,-0.07559204
3967,-0.08230591
3968,-0.08633426
3969,-0.08792113
3970,-0.08950807
3971,-0.08123778
3972,-0.06985474
3973,-0.057373032
3974,-0.04522705
3975,-0.03848265
3976,-0.032165527
3977,-0.024658196
3978,-0.0215454
3979,-0.010955825
3980,-0.0043640025
3981,0.004211407
3982,0.015075684
3983,0.016021725
3984,0.02133178
3985,0.02600097
3986,0.03146361
3987,0.043090813
3988,0.054779068
3989,0.06240844
3990,0.06677245
3991,0.06903075
3992,0.06851194
3993,0.065277115
3994,0.0647583
3995,0.057708755
3996,0.04849244
3997,0.038696304
3998,0.026458733
3999,0.018341087
4000,0.012145981
4001,0.008087166
4002,0.008117661
4003,0.007720925
4004,0.009490997
4005,0.012725793
4006,0.012756325
4007,0.015106186
4008,0.018005386
4009,0.021179214
4010,0.024230972
4011,0.022277843
4012,0.016784646
4013,0.014190692
4014,0.0074768066
4015,0.00039674353
4016,-0.006042497
4017,-0.016662598
4018,-0.024841316
4019,-0.033843994
4020,-0.046386734
4021,-0.057617165
4022,-0.069366455
4023,-0.077636726
4024,-0.08258055
4025,-0.08569338
4026,-0.08596802
4027,-0.08294679
4028,-0.07867432
4029,-0.06884766
4030,-0.05810547
4031,-0.04638673
4032,-0.030029295
4033,-0.016357414
4034,0.005249016
4035,0.025695823
4036,0.04479979
4037,0.06921388
4038,0.081756584
4039,0.08166504
4040,0.066864006
4041,0.028961185
4042,-0.025909424
4043,-0.08178711
4044,-0.10299684
4045,-0.08355716
4046,-0.021392822
4047,0.07052613
4048,0.14202881
4049,0.18087767
4050,0.19760132
4051,0.15771484
4052,0.08578491
4053,0.093383774
4054,0.18667604
4055,0.29730228
4056,0.36267087
4057,0.3515625
4058,0.24621582
4059,0.07058716
4060,-0.11541748
4061,-0.2957152
4062,-0.459015
4063,-0.58105457
4064,-0.71307385
4065,-0.90621936
4066,-1.139496
4067,-1.3512268
4068,-1.4513855
4069,-1.3525696
4070,-1.0458374
4071,-0.61935425
4072,-0.16091919
4073,0.2696228
4074,0.6173705
4075,0.8437501
4076,0.976593
4077,1.0414735
4078,1.0633546
4079,1.079956
4080,1.0758665
4081,1.0342406
4082,0.9524231
4083,0.82406616
4084,0.66793823
4085,0.4874878
4086,0.2932436
4087,0.10113546
4088,-0.07916263
4089,-0.22756937
4090,-0.32757574
4091,-0.37063587
4092,-0.36093128
4093,-0.29971325
4094,-0.19967636
4095,-0.0724794
4096,0.06314069
4097,0.1880492
4098,0.29248047
4099,0.35873425
4100,0.3920288
4101,0.38928244
4102,0.35763532
4103,0.30178863
4104,0.21942112
4105,0.11209121
4106,-0.014953554
4107,-0.16058356
4108,-0.31948853
4109,-0.479187
4110,-0.62979114
4111,-0.7563783
4112,-0.85098255
4113,-0.89849854
4114,-0.89331055
4115,-0.82897943
4116,-0.712433
4117,-0.55383295
4118,-0.37670904
4119,-0.18933098
4120,-0.011138931
4121,0.15124524
4122,0.29440296
4123,0.40069586
4124,0.48025513
4125,0.5212707
4126,0.52752703
4127,0.49929804
4128,0.44305426
4129,0.3701477
4130,0.2896423
4131,0.20245363
4132,0.115417466
4133,0.030029312
4134,-0.058288574
4135,-0.13235474
4136,-0.19415283
4137,-0.24536133
4138,-0.2736206
4139,-0.28598022
4140,-0.28289795
4141,-0.26211548
4142,-0.23181152
4143,-0.18756105
4144,-0.14273071
4145,-0.09152222
4146,-0.040771484
4147,0.008728027
4148,0.057861328
4149,0.09979248
4150,0.13330078
4151,0.15359497
4152,0.1678772
4153,0.16885374
4154,0.16720581
4155,0.15686035
4156,0.13836671
4157,0.11825561
4158,0.09298707
4159,0.07095337
4160,0.046203606
4161,0.024292007
4162,0.015655503
4163,0.011077881
4164,0.009765625
4165,0.012512222
4166,0.013031006
4167,0.015411347
4168,0.01928711
4169,0.022521973
4170,0.030731201
4171,0.037902832
4172,0.04888925
4173,0.06448373
4174,0.081085145
4175,0.10128784
4176,0.12274176
4177,0.14208972
4178,0.16348258
4179,0.18444833
4180,0.19848633
4181,0.20819092
4182,0.21063226
4183,0.20758054
4184,0.19342035
4185,0.17312622
4186,0.14205936
4187,0.10678105
4188,0.06857298
4189,0.02667251
4190,-0.015563907
4191,-0.061187796
4192,-0.10513301
4193,-0.14721681
4194,-0.18258664
4195,-0.21325678
4196,-0.23629753
4197,-0.25286865
4198,-0.25912476
4199,-0.26293945
4200,-0.25772095
4201,-0.24694824
4202,-0.23349
4203,-0.21011353
4204,-0.18490602
4205,-0.15972902
4206,-0.13491818
4207,-0.11651611
4208,-0.10168457
4209,-0.087188706
4210,-0.07653807
4211,-0.06112671
4212,-0.051300034
4213,-0.041900605
4214,-0.035888687
4215,-0.028442398
4216,-0.022522002
4217,-0.014892593
4218,-0.002624534
4219,0.010467514
4220,0.024566676
4221,0.03698728
4222,0.0497742
4223,0.055297863
4224,0.061035145
4225,0.06628418
4226,0.07116699
4227,0.07247925
4228,0.07418822
4229,0.07513428
4230,0.07171628
4231,0.067779526
4232,0.06301878
4233,0.055664048
4234,0.050170902
4235,0.047393788
4236,0.040191658
4237,0.035949692
4238,0.031494133
4239,0.027526854
4240,0.024536125
4241,0.02294922
4242,0.01855469
4243,0.018920898
4244,0.020690924
4245,0.018798819
4246,0.015411375
4247,0.007720951
4248,0.002655033
4249,-0.0014648438
4250,-0.006866455
4251,-0.015930176
4252,-0.020904548
4253,-0.03115844
4254,-0.036010735
4255,-0.041534424
4256,-0.042877205
4257,-0.03424073
4258,-0.030578615
4259,-0.019134536
4260,-0.007659916
4261,0.0015563965
4262,0.010345455
4263,0.01934816
4264,0.022888191
4265,0.025115974
4266,0.024200443
4267,0.016723648
4268,0.0107727125
4269,-0.00289917
4270,-0.0100707915
4271,-0.014953621
4272,-0.018066404
4273,-0.016632093
4274,-0.018188478
4275,-0.013305659
4276,-0.0093383975
4277,-0.004211421
4278,0.0007324144
4279,0.006469736
4280,0.012329107
4281,0.0137939565
4282,0.018188488
4283,0.020874027
4284,0.023834232
4285,0.024108883
4286,0.027069084
4287,0.02471925
4288,0.024292
4289,0.024475105
4290,0.022186272
4291,0.024627686
4292,0.023559578
4293,0.028961167
4294,0.03277587
4295,0.04037474
4296,0.047973618
4297,0.052825917
4298,0.057891835
4299,0.06311036
4300,0.060485847
4301,0.0532532
4302,0.03848266
4303,0.022888213
4304,0.009552017
4305,-0.007049538
4306,-0.020141587
4307,-0.02996827
4308,-0.042633057
4309,-0.05154421
4310,-0.054443374
4311,-0.05679324
4312,-0.051422134
4313,-0.048156735
4314,-0.038696285
4315,-0.03256224
4316,-0.023712147
4317,-0.013580319
4318,-0.0015258826
4319,0.007659901
4320,0.019744877
4321,0.03186034
4322,0.038116448
4323,0.03970337
4324,0.03451537
4325,0.03060913
4326,0.022125248
4327,0.012969971
4328,0.0012207031
4329,-0.006469708
4330,-0.014160138
4331,-0.021942131
4332,-0.023498498
4333,-0.024810784
4334,-0.025573712
4335,-0.02215577
4336,-0.016448956
4337,-0.012420639
4338,-0.0052490532
4339,0.0002746731
4340,0.0053710863
4341,0.010772705
4342,0.013336167
4343,0.018493667
4344,0.019866921
4345,0.025604226
4346,0.034820564
4347,0.042663544
4348,0.047546394
4349,0.04852294
4350,0.048614517
4351,0.04217528
4352,0.034851085
4353,0.026580837
4354,0.01824953
4355,0.010467559
4356,0.0010681301
4357,-0.009094238
4358,-0.015228279
4359,-0.022216797
4360,-0.023895277
4361,-0.023498543
4362,-0.02432251
4363,-0.018157959
4364,-0.02059937
4365,-0.022491459
4366,-0.025115967
4367,-0.028381344
4368,-0.034240715
4369,-0.038238503
4370,-0.045593247
4371,-0.05297852
4372,-0.058532704
4373,-0.056732185
4374,-0.049835198
4375,-0.047790542
4376,-0.042022698
4377,-0.038330086
4378,-0.036926262
4379,-0.03668213
4380,-0.035888664
4381,-0.039184593
4382,-0.037933365
4383,-0.036560066
4384,-0.037567146
4385,-0.03942869
4386,-0.040252686
4387,-0.03634642
4388,-0.02380369
4389,-0.012420647
4390,0.0049438626
4391,0.025146483
4392,0.034179702
4393,0.0475464
4394,0.054931663
4395,0.056457527
4396,0.054809578
4397,0.050750718
4398,0.044158928
4399,0.039459247
4400,0.025695793
4401,0.019866943
4402,0.010925304
4403,0.00088500977
4404,0.0027160496
4405,-0.0047302023
4406,-0.0082092285
4407,-0.010711655
4408,-0.021331772
4409,-0.024963357
4410,-0.0272827
4411,-0.032714836
4412,-0.03860472
4413,-0.046295177
4414,-0.046569835
4415,-0.051269546
4416,-0.047271706
4417,-0.038635265
4418,-0.02951049
4419,-0.019500729
4420,-0.0057983603
4421,-0.0003662035
4422,0.008575441
4423,0.022399908
4424,0.02926637
4425,0.04214479
4426,0.043945335
4427,0.042968746
4428,0.036651608
4429,0.032165498
4430,0.029357903
4431,0.025146484
4432,0.024627708
4433,0.020843532
4434,0.012847906
4435,0.0012817495
4436,-0.0075378492
4437,-0.017608643
4438,-0.014526375
4439,-0.0079956055
4440,-0.0042419396
4441,-0.004119871
4442,-0.001159668
4443,-0.0060424907
4444,0.006347645
4445,0.0021057064
4446,0.00012207404
4447,0.024871834
4448,-0.012786856
4449,-0.013214098
4450,-0.01922607
4451,-0.016571036
4452,-0.009460449
4453,0.007019043
4454,0.023864752
4455,0.03527832
4456,0.03964234
4457,0.02029419
4458,0.0404663
4459,0.008331306
4460,0.039794914
4461,0.04241942
4462,0.023590088
4463,0.02996827
4464,-0.00082396716
4465,-0.008392334
4466,-0.009979233
4467,-0.0017090067
4468,0.013488755
4469,0.03573607
4470,0.04943849
4471,0.06179811
4472,0.0619507
4473,0.057067893
4474,0.051788315
4475,0.04660034
4476,0.045349132
4477,0.04330445
4478,0.042022698
4479,0.03689576
4480,0.029785164
4481,0.019195534
4482,0.010192871
4483,-0.0019226149
4484,-0.015014641
4485,-0.025115967
4486,-0.034973122
4487,-0.04373166
4488,-0.055877686
4489,-0.06604005
4490,-0.077941895
4491,-0.09045411
4492,-0.09899901
4493,-0.1010437
4494,-0.10437013
4495,-0.10488892
4496,-0.09948732
4497,-0.09457399
4498,-0.08612059
4499,-0.07382202
4500,-0.060211167
4501,-0.045379627
4502,-0.03125
4503,-0.015747063
4504,-0.0019836426
4505,0.015106201
4506,0.027282732
4507,0.030487053
4508,0.044769287
4509,0.054260246
4510,0.0601196
4511,0.066040024
4512,0.06918335
4513,0.06829833
4514,0.063140884
4515,0.055755608
4516,0.049194347
4517,0.03948974
4518,0.027374271
4519,0.023834243
4520,0.010925293
4521,0.008361809
4522,0.011138901
4523,0.011383042
4524,0.017333984
4525,0.028198242
4526,0.033569306
4527,0.040283218
4528,0.048675522
4529,0.053283677
4530,0.06524658
4531,0.0694275
4532,0.07443239
4533,0.0726929
4534,0.070800826
4535,0.059478756
4536,0.048858646
4537,0.034271225
4538,0.016357435
4539,0.0012512049
4540,-0.019714355
4541,-0.0345764
4542,-0.05035402
4543,-0.06427002
4544,-0.072753906
4545,-0.07724
4546,-0.08230594
4547,-0.078674294
4548,-0.07321167
4549,-0.0635376
4550,-0.04840088
4551,-0.0366211
4552,-0.026824966
4553,-0.01922607
4554,-0.014495842
4555,-0.015380867
4556,-0.010864262
4557,-0.011749271
4558,-0.012145992
4559,-0.008758552
4560,-0.017852794
4561,-0.025115967
4562,-0.028076183
4563,-0.029998768
4564,-0.031799328
4565,-0.032562245
4566,-0.025421143
4567,-0.017852772
4568,-0.016174313
4569,-0.015655525
4570,-0.012695298
4571,-0.012298588
4572,-0.008270241
4573,-0.0002136454
4574,-0.0010681227
4575,0.0034484938
4576,0.0006408617
4577,-0.0030822828
4578,-0.0051880106
4579,-0.01062011
4580,-0.011108398
4581,-0.013000444
4582,-0.010803252
4583,-0.014038071
4584,-0.017822266
4585,-0.011810288
4586,-0.006317146
4587,-0.0014648288
4588,0.0057067946
4589,0.011260986
4590,0.010253899
4591,0.009063713
4592,0.0019226
4593,-0.0071411207
4594,-0.01785276
4595,-0.02557373
4596,-0.029113784
4597,-0.040832505
4598,-0.04638672
4599,-0.048461907
4600,-0.0463562
4601,-0.04272459
4602,-0.033691395
4603,-0.024841294
4604,-0.011352556
4605,0.0050048847
4606,0.018524157
4607,0.03326416
4608,0.04229735
4609,0.05499266
4610,0.061279282
4611,0.06399536
4612,0.064697266
4613,0.061737068
4614,0.05444336
4615,0.041992188
4616,0.030944832
4617,0.018554695
4618,0.009277344
4619,0.0022888258
4620,0.00018311292
4621,0.0037231296
4622,0.013824463
4623,0.025939927
4624,0.04089357
4625,0.056610107
4626,0.07290651
4627,0.08477783
4628,0.09106447
4629,0.092987046
4630,0.090850845
4631,0.08462523
4632,0.0763855
4633,0.065826416
4634,0.051361054
4635,0.03738404
4636,0.020874009
4637,0.0071411207
4638,-0.0038147122
4639,-0.009582527
4640,-0.012939446
4641,-0.016754162
4642,-0.015625007
4643,-0.013854984
4644,-0.014007576
4645,-0.01461795
4646,-0.017639175
4647,-0.023040801
4648,-0.030303987
4649,-0.037200935
4650,-0.04815675
4651,-0.058654763
4652,-0.067108154
4653,-0.06982421
4654,-0.074005105
4655,-0.07482912
4656,-0.06655885
4657,-0.057311997
4658,-0.039581306
4659,-0.017364502
4660,0.007446289
4661,0.033813477
4662,0.056549072
4663,0.08142088
4664,0.10122681
4665,0.11727904
4666,0.12997437
4667,0.13696288
4668,0.13644412
4669,0.124999985
4670,0.10626221
4671,0.08074951
4672,0.05090329
4673,0.016418472
4674,-0.019226082
4675,-0.057617195
4676,-0.09564208
4677,-0.1272583
4678,-0.15176393
4679,-0.16821292
4680,-0.17001343
4681,-0.15884402
4682,-0.1394043
4683,-0.11563112
4684,-0.08569336
4685,-0.057434082
4686,-0.03326416
4687,-0.009033194
4688,0.009368904
4689,0.0262146
4690,0.03668214
4691,0.03942872
4692,0.04330445
4693,0.04141236
4694,0.03381347
4695,0.02645874
4696,0.016174324
4697,0.0023193285
4698,-0.013427749
4699,-0.028350838
4700,-0.04391478
4701,-0.056549072
4702,-0.06845091
4703,-0.07556151
4704,-0.07733155
4705,-0.07458494
4706,-0.062988274
4707,-0.05172729
4708,-0.03671263
4709,-0.015533425
4710,0.0011596773
4711,0.020690909
4712,0.03857421
4713,0.05093383
4714,0.05999756
4715,0.05889891
4716,0.058380146
4717,0.04962159
4718,0.040954594
4719,0.03317263
4720,0.02801513
4721,0.026123062
4722,0.020385735
4723,0.018402096
4724,0.010375962
4725,0.0070495605
4726,-0.0040283203
4727,-0.0050964504
4728,-0.007110603
4729,-0.013122551
4730,-0.015045151
4731,-0.0246277
4732,-0.028381355
4733,-0.03555297
4734,-0.039886452
4735,-0.049591042
4736,-0.04705809
4737,-0.04925534
4738,-0.0602417
4739,-0.039978005
4740,-0.05538942
4741,-0.056945816
4742,-0.03027343
4743,-0.026580818
4744,-0.0144042745
4745,-0.0013732971
4746,0.018432625
4747,0.03186036
4748,0.048034668
4749,0.05859375
4750,0.081939705
4751,0.07431032
4752,0.08294678
4753,0.09655763
4754,0.06454468
4755,0.064971924
4756,0.051696777
4757,0.03552246
4758,0.037475586
4759,0.029174803
4760,0.01928711
4761,0.012451179
4762,0.0022583082
4763,-0.009216309
4764,-0.022979744
4765,-0.035003666
4766,-0.04016114
4767,-0.0505066
4768,-0.05511473
4769,-0.056243904
4770,-0.053344723
4771,-0.045532227
4772,-0.03353882
4773,-0.024688732
4774,-0.009552002
4775,0.015197761
4776,6.1041676e-05
4777,-0.0003356738
4778,0.001190193
4779,0.0030212495
4780,0.004608143
4781,0.012817379
4782,0.019317627
4783,0.025329586
4784,0.03079224
4785,0.02545166
4786,0.0357666
4787,0.02355957
4788,0.037811268
4789,0.042388905
4790,0.039367676
4791,0.041625977
4792,0.034362793
4793,0.015380874
4794,0.0020446777
4795,-0.0018005408
4796,-0.007354744
4797,0.0040588304
4798,0.0054016225
4799,0.0138855055
4800,0.01828003
4801,0.013793938
4802,0.0147399865
4803,0.00921629
4804,0.005462665
4805,0.0032958947
4806,0.0022583082
4807,-0.0006408617
4808,-0.00958249
4809,-0.016479481
4810,-0.021575943
4811,-0.017272957
4812,-0.0045471042
4813,0.005310051
4814,0.017639138
4815,0.025665276
4816,0.033935517
4817,0.044830292
4818,0.053894043
4819,0.056457512
4820,0.053955063
4821,0.05358888
4822,0.039031997
4823,0.026641838
4824,0.004364012
4825,-0.008453369
4826,-0.02178955
4827,-0.030273445
4828,-0.030578608
4829,-0.04367066
4830,-0.04437258
4831,-0.052917488
4832,-0.0446167
4833,-0.0397339
4834,-0.023590082
4835,-0.011993414
4836,-0.010864262
4837,0.009857181
4838,-0.0031433105
4839,-0.0027160645
4840,-0.009124758
4841,-0.01889038
4842,-0.023773193
4843,-0.033233643
4844,-0.03366089
4845,-0.044677734
4846,-0.047180176
4847,-0.050048828
4848,-0.0328064
4849,-0.040191654
4850,-0.028930666
4851,-0.020721447
4852,-0.019653317
4853,-0.0049133264
4854,-0.0069885105
4855,0.0013733059
4856,0.0043029785
4857,0.015136704
4858,0.027648926
4859,0.03952028
4860,0.04928586
4861,0.060546875
4862,0.07342528
4863,0.08218385
4864,0.08547975
4865,0.089141846
4866,0.08743286
4867,0.086578354
4868,0.085510276
4869,0.07644656
4870,0.06546019
4871,0.051300038
4872,0.03717043
4873,0.027770996
4874,0.014862059
4875,0.0024719387
4876,-0.009429947
4877,-0.023101794
4878,-0.033660874
4879,-0.044708207
4880,-0.057769753
4881,-0.064636216
4882,-0.07235718
4883,-0.07232666
4884,-0.07577514
4885,-0.08529664
4886,-0.084716804
4887,-0.090972915
4888,-0.085815445
4889,-0.0852051
4890,-0.08099367
4891,-0.07455445
4892,-0.06607056
4893,-0.054656997
4894,-0.052429214
4895,-0.044494614
4896,-0.0391846
4897,-0.026794434
4898,-0.021820053
4899,-0.01345823
4900,-0.011993416
4901,-0.01632689
4902,-0.014648452
4903,-0.022369392
4904,-0.027191177
4905,-0.028350808
4906,-0.02658081
4907,-0.023315452
4908,-0.018768318
4909,-0.011199955
4910,-0.007415805
4911,-0.0014343299
4912,0.007171631
4913,0.016540525
4914,0.027618423
4915,0.034393325
4916,0.039123535
4917,0.037078843
4918,0.033477798
4919,0.03430174
4920,0.03701785
4921,0.04086301
4922,0.047210716
4923,0.05529784
4924,0.06390382
4925,0.07159426
4926,0.07757567
4927,0.08200074
4928,0.08355712
4929,0.08416748
4930,0.080993645
4931,0.07336426
4932,0.05947875
4933,0.047760013
4934,0.030822761
4935,0.012786865
4936,-0.004302986
4937,-0.019317657
4938,-0.03662108
4939,-0.055053696
4940,-0.06298827
4941,-0.076690674
4942,-0.08459473
4943,-0.09680176
4944,-0.10916138
4945,-0.11932373
4946,-0.122741684
4947,-0.12359619
4948,-0.11767575
4949,-0.10797119
4950,-0.099731445
4951,-0.079711944
4952,-0.064605705
4953,-0.044372544
4954,-0.027252182
4955,-0.0127868615
4956,0.0037231408
4957,0.018646223
4958,0.029937744
4959,0.04129027
4960,0.04919435
4961,0.053833008
4962,0.05801395
4963,0.060852062
4964,0.05862431
4965,0.057434067
4966,0.056701668
4967,0.056732178
4968,0.05828856
4969,0.05947876
4970,0.06411742
4971,0.066528305
4972,0.07305908
4973,0.078308105
4974,0.09103395
4975,0.09762573
4976,0.10568237
4977,0.114654526
4978,0.111907944
4979,0.11325073
4980,0.106719956
4981,0.09890747
4982,0.088317856
4983,0.07858278
4984,0.07318115
4985,0.06533815
4986,0.054962173
4987,0.045349136
4988,0.034729004
4989,0.02075196
4990,0.012115493
4991,0.0015869141
4992,-0.0056152567
4993,-0.017272972
4994,-0.03112796
4995,-0.04534912
4996,-0.058288604
4997,-0.06716919
4998,-0.07470703
4999,-0.07736205
5000,-0.07971189
5001,-0.082672104
5002,-0.08892823
5003,-0.09167481
5004,-0.0975647
5005,-0.10028072
5006,-0.10153197
5007,-0.10266113
5008,-0.10018922
5009,-0.097106926
5010,-0.091339104
5011,-0.083129875
5012,-0.06942748
5013,-0.051605217
5014,-0.0331726
5015,-0.011901861
5016,0.008880606
5017,0.023590075
5018,0.034667954
5019,0.04449463
5020,0.047943104
5021,0.048278816
5022,0.045135505
5023,0.04125976
5024,0.03942871
5025,0.03414917
5026,0.029571518
5027,0.02670291
5028,0.026153572
5029,0.028747566
5030,0.038909897
5031,0.047546387
5032,0.054840073
5033,0.059509255
5034,0.06958006
5035,0.07421874
5036,0.06604003
5037,0.06176757
5038,0.053894058
5039,0.042205803
5040,0.026763901
5041,0.008239757
5042,-0.014068585
5043,-0.03302002
5044,-0.050231934
5045,-0.06271362
5046,-0.07382204
5047,-0.085876495
5048,-0.08578494
5049,-0.08944704
5050,-0.09213255
5051,-0.0927124
5052,-0.09466551
5053,-0.092559814
5054,-0.09112549
5055,-0.088531494
5056,-0.084411606
5057,-0.08029174
5058,-0.07455444
5059,-0.06829834
5060,-0.062896766
5061,-0.050598137
5062,-0.035400417
5063,-0.017089859
5064,0.0027770996
5065,0.018615708
5066,0.035247818
5067,0.049316406
5068,0.060058594
5069,0.07211302
5070,0.07937622
5071,0.086792
5072,0.093200676
5073,0.09118652
5074,0.085601814
5075,0.06924438
5076,0.048492428
5077,0.029174767
5078,0.0072326586
5079,-0.012115493
5080,-0.02664183
5081,-0.040344246
5082,-0.04910277
5083,-0.05029297
5084,-0.04940799
5085,-0.0439758
5086,-0.036346458
5087,-0.025726326
5088,-0.012054473
5089,-0.004486084
5090,0.0053710938
5091,0.010498047
5092,0.007202156
5093,0.0036621094
5094,-0.0048827976
5095,-0.012512222
5096,-0.023712143
5097,-0.030609146
5098,-0.042938232
5099,-0.054687485
5100,-0.06393434
5101,-0.07250977
5102,-0.07754517
5103,-0.07940675
5104,-0.0689087
5105,-0.056335464
5106,-0.039093003
5107,-0.019744856
5108,0.00485231
5109,0.029449463
5110,0.051605206
5111,0.075683564
5112,0.092102036
5113,0.10845945
5114,0.1140747
5115,0.11120607
5116,0.10610963
5117,0.095520034
5118,0.08764649
5119,0.07452393
5120,0.06311037
5121,0.05187988
5122,0.04229738
5123,0.036315892
5124,0.028869629
5125,0.024993867
5126,0.019439682
5127,0.014434785
5128,0.009368904
5129,0.0006713867
5130,-0.0016784444
5131,-0.008605942
5132,-0.010009766
5133,-0.013122514
5134,-0.010406494
5135,-0.00585936
5136,0.00064085424
5137,0.014800981
5138,0.023895264
5139,0.042053223
5140,0.05444333
5141,0.0696716
5142,0.08129883
5143,0.08911133
5144,0.10348511
5145,0.112335205
5146,0.122161865
5147,0.12963867
5148,0.13702393
5149,0.14059447
5150,0.14205934
5151,0.13726804
5152,0.12582399
5153,0.107788056
5154,0.08035275
5155,0.049499482
5156,0.0085754115
5157,-0.03311159
5158,-0.076324455
5159,-0.118438736
5160,-0.15878296
5161,-0.19244385
5162,-0.2159424
5163,-0.2328186
5164,-0.24005128
5165,-0.23516846
5166,-0.22262572
5167,-0.20578004
5168,-0.1817932
5169,-0.15405273
5170,-0.123809814
5171,-0.09155272
5172,-0.059844963
5173,-0.02532959
5174,0.005126953
5175,0.03085326
5176,0.05426023
5177,0.07150269
5178,0.08328244
5179,0.09661865
5180,0.10296631
5181,0.10809325
5182,0.11065675
5183,0.10482787
5184,0.09414673
5185,0.07672118
5186,0.05413817
5187,0.02639772
5188,-0.0040893555
5189,-0.039978027
5190,-0.06744386
5191,-0.09909059
5192,-0.12756346
5193,-0.14636229
5194,-0.16595459
5195,-0.17364503
5196,-0.17184448
5197,-0.16082762
5198,-0.13806151
5199,-0.11041261
5200,-0.07797242
5201,-0.041961655
5202,-0.00796511
5203,0.017425556
5204,0.046783425
5205,0.068359345
5206,0.086944595
5207,0.10299681
5208,0.10858156
5209,0.10949706
5210,0.09777833
5211,0.08493042
5212,0.07104492
5213,0.06500247
5214,0.06265258
5215,0.05212404
5216,0.032867447
5217,0.004333511
5218,-0.036010727
5219,-0.08987427
5220,-0.13916014
5221,-0.18634036
5222,-0.2347412
5223,-0.2841492
5224,-0.32614142
5225,-0.35900885
5226,-0.36520392
5227,-0.32138062
5228,-0.22683716
5229,-0.06707752
5230,0.15554833
5231,0.4126892
5232,0.6724855
5233,0.92660534
5234,1.1564944
5235,1.3343812
5236,1.4434204
5237,1.4799194
5238,1.4270018
5239,1.2725525
5240,1.0158994
5241,0.67175275
5242,0.2848202
5243,-0.11505139
5244,-0.48983765
5245,-0.8320309
5246,-1.1308287
5247,-1.3575134
5248,-1.5359802
5249,-1.6790162
5250,-1.7773743
5251,-1.8190918
5252,-1.8010865
5253,-1.7204591
5254,-1.5989684
5255,-1.4243773
5256,-1.1870424
5257,-0.8985902
5258,-0.56256115
5259,-0.20318604
5260,0.17330943
5261,0.5455934
5262,0.8810121
5263,1.1555785
5264,1.3508911
5265,1.4531859
5266,1.4672545
5267,1.399597
5268,1.254303
5269,1.056732
5270,0.8227234
5271,0.5683289
5272,0.3104554
5273,0.05630505
5274,-0.18829334
5275,-0.40310663
5276,-0.58709717
5277,-0.7366333
5278,-0.83428943
5279,-0.88790905
5280,-0.8812866
5281,-0.8341676
5282,-0.7333069
5283,-0.595978
5284,-0.4354554
5285,-0.24960336
5286,-0.0546571
5287,0.15368664
5288,0.37554955
5289,0.59313965
5290,0.80511475
5291,1.0011597
5292,1.1502379
5293,1.256378
5294,1.2980956
5295,1.2821045
5296,1.2072753
5297,1.0782473
5298,0.9038085
5299,0.6914368
5300,0.45721442
5301,0.22189337
5302,0.010650635
5303,-0.16311634
5304,-0.27563483
5305,-0.32843024
5306,-0.3182677
5307,-0.25442523
5308,-0.1553042
5309,-0.038757563
5310,0.07067871
5311,0.16052258
5312,0.20156874
5313,0.1965943
5314,0.12591574
5315,-0.003692627
5316,-0.17556763
5317,-0.375885
5318,-0.57894933
5319,-0.77603114
5320,-0.9401244
5321,-1.0588684
5322,-1.1126404
5323,-1.0987244
5324,-1.0173645
5325,-0.8768616
5326,-0.6968689
5327,-0.49026483
5328,-0.2831115
5329,-0.093109
5330,0.07229635
5331,0.21585079
5332,0.3339538
5333,0.42178345
5334,0.47338867
5335,0.48864746
5336,0.48001105
5337,0.45336908
5338,0.41796875
5339,0.37451172
5340,0.32302856
5341,0.26153564
5342,0.1918945
5343,0.11984253
5344,0.049987778
5345,-0.018188432
5346,-0.06695557
5347,-0.1021118
5348,-0.13034059
5349,-0.147583
5350,-0.15924074
5351,-0.16616821
5352,-0.16567993
5353,-0.15481567
5354,-0.13479614
5355,-0.11318967
5356,-0.100860626
5357,-0.08685297
5358,-0.08364862
5359,-0.085754335
5360,-0.08984369
5361,-0.10662836
5362,-0.13003552
5363,-0.15798962
5364,-0.1911622
5365,-0.21743768
5366,-0.23577875
5367,-0.24548331
5368,-0.24316418
5369,-0.23126215
5370,-0.19973758
5371,-0.15795904
5372,-0.10852045
5373,-0.07058716
5374,-0.037017643
5375,-0.0076292157
5376,0.015441954
5377,0.036529526
5378,0.04971309
5379,0.06646723
5380,0.08331302
5381,0.11135867
5382,0.14431757
5383,0.1784974
5384,0.20767203
5385,0.2285462
5386,0.24694821
5387,0.25219727
5388,0.25454712
5389,0.24841309
5390,0.23223877
5391,0.2158203
5392,0.19009398
5393,0.1578064
5394,0.11508177
5395,0.07269287
5396,0.03970337
5397,0.01620484
5398,0.00021362491
5399,-0.010742193
5400,-0.022918696
5401,-0.03405762
5402,-0.043518066
5403,-0.06201171
5404,-0.07217407
5405,-0.06378173
5406,-0.048706055
5407,-0.041503906
5408,-0.040313713
5409,-0.03475952
5410,-0.021545403
5411,-0.009155281
5412,-0.0025634766
5413,0.0035095215
5414,0.00775145
5415,0.020568833
5416,0.03152466
5417,0.033721924
5418,0.04159546
5419,0.055847168
5420,0.077178925
5421,0.100494385
5422,0.121521026
5423,0.13510135
5424,0.14968872
5425,0.1619568
5426,0.16607668
5427,0.16400146
5428,0.14959715
5429,0.13156125
5430,0.10092163
5431,0.0640564
5432,0.022827148
5433,-0.020141602
5434,-0.06503299
5435,-0.107543945
5436,-0.14459229
5437,-0.17041013
5438,-0.17559811
5439,-0.17007443
5440,-0.14996336
5441,-0.12457274
5442,-0.09072874
5443,-0.058654796
5444,-0.02835083
5445,-0.010375977
5446,-0.0036926195
5447,-0.005950913
5448,-0.018951416
5449,-0.037017837
5450,-0.061859146
5451,-0.081878655
5452,-0.101379424
5453,-0.105285645
5454,-0.09939577
5455,-0.08755493
5456,-0.06661988
5457,-0.03985597
5458,-0.011413582
5459,0.013610829
5460,0.030670173
5461,0.042938247
5462,0.054229766
5463,0.063201904
5464,0.07186891
5465,0.071929924
5466,0.06265258
5467,0.055969246
5468,0.045440666
5469,0.029815674
5470,0.01675415
5471,0.00015258882
5472,-0.010772705
5473,-0.020050045
5474,-0.029602047
5475,-0.03472901
5476,-0.039245605
5477,-0.035217278
5478,-0.020446777
5479,-0.00485231
5480,0.014312744
5481,0.03549196
5482,0.05145262
5483,0.06481935
5484,0.07290648
5485,0.07266237
5486,0.06994629
5487,0.059997573
5488,0.052246094
5489,0.04888916
5490,0.04544066
5491,0.04837036
5492,0.04830934
5493,0.050994847
5494,0.050109863
5495,0.046386722
5496,0.03634642
5497,0.022186298
5498,0.0068359114
5499,-0.010528564
5500,-0.02685548
5501,-0.045654282
5502,-0.056732178
5503,-0.068939194
5504,-0.071319595
5505,-0.07437131
5506,-0.07336426
5507,-0.06347655
5508,-0.05545041
5509,-0.040710445
5510,-0.02960208
5511,-0.015228286
5512,-0.00503543
5513,0.012207031
5514,0.023437485
5515,0.04168699
5516,0.058074966
5517,0.06924436
5518,0.08688356
5519,0.08880612
5520,0.08947754
5521,0.0758667
5522,0.053924575
5523,0.028747573
5524,0.001220705
5525,-0.028503418
5526,-0.053558365
5527,-0.07891846
5528,-0.10342408
5529,-0.11367796
5530,-0.11944579
5531,-0.11209105
5532,-0.09411619
5533,-0.070922844
5534,-0.045867912
5535,-0.025878906
5536,-0.0035705576
5537,0.012969969
5538,0.027496338
5539,0.03994751
5540,0.046936035
5541,0.05215454
5542,0.052642822
5543,0.04635621
5544,0.03469849
5545,0.021270756
5546,0.008636475
5547,-0.0028381422
5548,-0.016998287
5549,-0.027252205
5550,-0.04244995
5551,-0.053405777
5552,-0.055358887
5553,-0.0626526
5554,-0.062469497
5555,-0.049743645
5556,-0.051696785
5557,-0.023071289
5558,-0.020324707
5559,-0.02816771
5560,-0.0042419583
5561,-0.015228257
5562,-0.011932373
5563,-0.017517075
5564,-0.019073471
5565,-0.02551268
5566,-0.022338867
5567,-0.037536636
5568,-0.03201297
5569,-0.04403685
5570,-0.04769899
5571,-0.021392852
5572,-0.045593247
5573,-0.030578628
5574,-0.036895752
5575,-0.044006348
5576,-0.03472901
5577,-0.033721916
5578,-0.030792255
5579,-0.025329597
5580,-0.015686017
5581,-0.0027160812
5582,0.010101302
5583,0.018249512
5584,0.030670151
5585,0.038482666
5586,0.051635712
5587,0.060028076
5588,0.069366455
5589,0.081878684
5590,0.0895691
5591,0.09829712
5592,0.10211182
5593,0.09771727
5594,0.08840944
5595,0.07852172
5596,0.06253052
5597,0.048248284
5598,0.028503425
5599,-0.0057983473
5600,-0.04916382
5601,-0.078063965
5602,-0.09286499
5603,-0.09866333
5604,-0.100189224
5605,-0.08938599
5606,-0.060272224
5607,-0.040313713
5608,-0.0046081487
5609,0.033111565
5610,0.060821533
5611,0.10061644
5612,0.12097168
5613,0.13201901
5614,0.117614746
5615,0.092498764
5616,0.059570305
5617,0.03005981
5618,-0.002227787
5619,-0.02517699
5620,-0.035858154
5621,-0.0635681
5622,-0.055175774
5623,-0.06591797
5624,-0.060638428
5625,-0.060028084
5626,-0.05960083
5627,-0.04833985
5628,-0.039276123
5629,-0.015502937
5630,-0.0016479492
5631,0.014465321
5632,0.015777588
5633,0.018493652
5634,0.0107421875
5635,0.0033569504
5636,-0.003326415
5637,-0.009490956
5638,-0.012268072
5639,-0.009704584
5640,-0.0062561044
5641,-0.008880608
5642,-0.0040893587
5643,-0.005615229
5644,-0.00015258417
5645,0.003509529
5646,0.0017700195
5647,0.0023193285
5648,-0.0025634766
5649,-0.0035705492
5650,-0.003540039
5651,0.0024414062
5652,0.010681167
5653,0.027740479
5654,0.052124053
5655,0.07873532
5656,0.103698745
5657,0.116424546
5658,0.12811281
5659,0.12832643
5660,0.12686156
5661,0.12008667
5662,0.105651826
5663,0.09451295
5664,0.07873535
5665,0.062316913
5666,0.040924042
5667,0.018859887
5668,-0.0027465671
5669,-0.022644043
5670,-0.040985107
5671,-0.0553589
5672,-0.07040408
5673,-0.083862305
5674,-0.092437744
5675,-0.10009764
5676,-0.10101319
5677,-0.097564705
5678,-0.09085082
5679,-0.08187868
5680,-0.07473755
5681,-0.065032974
5682,-0.058135994
5683,-0.051849365
5684,-0.043884277
5685,-0.037994385
5686,-0.03137207
5687,-0.026275633
5688,-0.017944334
5689,-0.014617918
5690,-0.0093688965
5691,-0.004272457
5692,0.0022277832
5693,0.014251694
5694,0.025299065
5695,0.036926277
5696,0.046112053
5697,0.048736557
5698,0.04446411
5699,0.0453186
5700,0.0376587
5701,0.029235862
5702,0.020843506
5703,0.013946559
5704,0.007385254
5705,0.00036622584
5706,-0.0012206957
5707,0.0031432807
5708,0.0072021484
5709,0.022003178
5710,0.04180907
5711,0.04754638
5712,0.059265114
5713,0.061584443
5714,0.060272217
5715,0.05252075
5716,0.043304443
5717,0.02392577
5718,6.105006e-05
5719,-0.02401729
5720,-0.050384507
5721,-0.07064821
5722,-0.086181626
5723,-0.09445189
5724,-0.10379027
5725,-0.10543822
5726,-0.10437012
5727,-0.09951781
5728,-0.09793091
5729,-0.088897705
5730,-0.08016966
5731,-0.07238771
5732,-0.06259155
5733,-0.06213376
5734,-0.055847183
5735,-0.05166626
5736,-0.04663089
5737,-0.04156495
5738,-0.033538833
5739,-0.02221679
5740,-0.01385501
5741,-0.0035094991
5742,0.006072987
5743,0.0133056715
5744,0.019409206
5745,0.028503418
5746,0.033538833
5747,0.036926284
5748,0.04034424
5749,0.043060318
5750,0.0462036
5751,0.047271736
5752,0.04562378
5753,0.04385374
5754,0.042907726
5755,0.04739381
5756,0.04830929
5757,0.0479431
5758,0.04733278
5759,0.04321289
5760,0.045257576
5761,0.046295173
5762,0.048339844
5763,0.05386351
5764,0.059692383
5765,0.064941406
5766,0.070007294
5767,0.06335451
5768,0.057556152
5769,0.05380252
5770,0.054229736
5771,0.05865477
5772,0.053955086
5773,0.046081543
5774,0.044189475
5775,0.029388435
5776,0.012664817
5777,0.00039672107
5778,-0.015655488
5779,-0.021209743
5780,-0.0385437
5781,-0.056488045
5782,-0.079193145
5783,-0.10235593
5784,-0.12698366
5785,-0.13348389
5786,-0.122802734
5787,-0.08572395
5788,0.0030517578
5789,0.09753427
5790,0.17520143
5791,0.23052983
5792,0.25637817
5793,0.23159793
5794,0.15823364
5795,0.098724395
5796,0.11206055
5797,0.17712408
5798,0.2420044
5799,0.30749512
5800,0.3306275
5801,0.28573614
5802,0.19049084
5803,0.053253174
5804,-0.08093262
5805,-0.20224011
5806,-0.32943726
5807,-0.49432385
5808,-0.72244287
5809,-0.97863775
5810,-1.2030337
5811,-1.3090515
5812,-1.2457886
5813,-1.0428773
5814,-0.7457887
5815,-0.4290465
5816,-0.15380841
5817,0.036560193
5818,0.14001483
5819,0.19277954
5820,0.25875866
5821,0.3412474
5822,0.461029
5823,0.5979918
5824,0.7017516
5825,0.7941894
5826,0.8417663
5827,0.8489988
5828,0.8206482
5829,0.7346496
5830,0.60446155
5831,0.45172113
5832,0.28027326
5833,0.12750244
5834,0.011504948
5835,-0.067596346
5836,-0.09313995
5837,-0.06036359
5838,0.0047912
5839,0.100250244
5840,0.20312497
5841,0.28991687
5842,0.35968038
5843,0.388794
5844,0.386902
5845,0.34881604
5846,0.27572626
5847,0.18206793
5848,0.07547009
5849,-0.04583761
5850,-0.17272955
5851,-0.30633554
5852,-0.4457094
5853,-0.56347644
5854,-0.6625674
5855,-0.73980725
5856,-0.77819836
5857,-0.7626344
5858,-0.737152
5859,-0.6723938
5860,-0.57546985
5861,-0.4768982
5862,-0.36868265
5863,-0.2648316
5864,-0.16625957
5865,-0.0810853
5866,0.0015869215
5867,0.071868934
5868,0.13796985
5869,0.18057263
5870,0.2316893
5871,0.25479114
5872,0.2704467
5873,0.29498285
5874,0.2929077
5875,0.29397583
5876,0.29278567
5877,0.2765503
5878,0.25292972
5879,0.21139526
5880,0.16668701
5881,0.11834717
5882,0.06549072
5883,0.032226566
5884,-0.020965576
5885,-0.058349617
5886,-0.0843811
5887,-0.10409549
5888,-0.09988402
5889,-0.0780945
5890,-0.03356932
5891,0.021270782
5892,0.087646484
5893,0.14480592
5894,0.18942262
5895,0.20925902
5896,0.20770264
5897,0.20202635
5898,0.17544556
5899,0.14508057
5900,0.10943605
5901,0.06640625
5902,0.022949226
5903,-0.017028831
5904,-0.058715813
5905,-0.08773802
5906,-0.10763548
5907,-0.12765501
5908,-0.13781735
5909,-0.15118408
5910,-0.1569519
5911,-0.16528322
5912,-0.16998294
5913,-0.16156006
5914,-0.15142825
5915,-0.13476562
5916,-0.11453246
5917,-0.096893325
5918,-0.088531494
5919,-0.07049559
5920,-0.056488022
5921,-0.036987305
5922,-0.0077819526
5923,0.01538083
5924,0.03723147
5925,0.057952903
5926,0.07388306
5927,0.07376103
5928,0.0762329
5929,0.07766725
5930,0.07833864
5931,0.07733154
5932,0.0763855
5933,0.07623288
5934,0.07473755
5935,0.074523926
5936,0.080017075
5937,0.079315156
5938,0.080718994
5939,0.09399414
5940,0.10211182
5941,0.10827635
5942,0.10845947
5943,0.102996826
5944,0.09918213
5945,0.085998565
5946,0.066040024
5947,0.052734368
5948,0.034179688
5949,0.018585198
5950,0.012298569
5951,-0.0039978176
5952,-0.018707288
5953,-0.03952028
5954,-0.060028076
5955,-0.07504274
5956,-0.08987427
5957,-0.098938
5958,-0.1030884
5959,-0.10565185
5960,-0.106109634
5961,-0.09915162
5962,-0.10375978
5963,-0.090698235
5964,-0.08132933
5965,-0.0736389
5966,-0.054931633
5967,-0.042053252
5968,-0.03387452
5969,-0.030883797
5970,-0.03552247
5971,-0.037567154
5972,-0.0345459
5973,-0.032806367
5974,-0.029296875
5975,-0.028533928
5976,-0.02465818
5977,-0.0187378
5978,-0.01766967
5979,-0.020507805
5980,-0.019714344
5981,-0.022888176
5982,-0.017272968
5983,-0.013122551
5984,-0.011199962
5985,-0.0076293945
5986,-0.0050354153
5987,0.0031432956
5988,0.012939446
5989,0.023864783
5990,0.03176881
5991,0.038269054
5992,0.042480465
5993,0.041595414
5994,0.033416733
5995,0.02590942
5996,0.01681519
5997,0.008880623
5998,0.0051879846
5999,0.004547119
6000,0.0028381348
6001,-0.0007629618
6002,-0.0010070987
6003,-0.003479004
6004,-0.00076295435
6005,0.0016174503
6006,0.002105698
6007,0.004333498
6008,0.0025939718
6009,0.003082281
6010,0.0016784631
6011,-0.0007324107
6012,-0.00045776367
6013,-0.00030517578
6014,0.0031128014
6015,0.009094232
6016,0.010864276
6017,0.011810295
6018,0.013458256
6019,0.011779785
6020,0.010711667
6021,0.0074768057
6022,0.011932373
6023,0.017822266
6024,0.023651123
6025,0.027740479
6026,0.029693605
6027,0.029815674
6028,0.028747559
6029,0.025970463
6030,0.01828003
6031,0.010284431
6032,0.0020141676
6033,-0.0039672777
6034,-0.014190685
6035,-0.022979729
6036,-0.031829827
6037,-0.042083755
6038,-0.046173096
6039,-0.05160524
6040,-0.05392456
6041,-0.057067886
6042,-0.057250977
6043,-0.05270387
6044,-0.044647224
6045,-0.034240715
6046,-0.021331761
6047,-0.006011948
6048,0.00894165
6049,0.03256227
6050,0.047851548
6051,0.06491089
6052,0.08181763
6053,0.093261704
6054,0.10348512
6055,0.10980223
6056,0.114868164
6057,0.117187515
6058,0.11883545
6059,0.116943344
6060,0.110748306
6061,0.10308838
6062,0.08929446
6063,0.0707092
6064,0.053466797
6065,0.0366821
6066,0.019470207
6067,0.006286606
6068,-0.008392321
6069,-0.02481082
6070,-0.041564927
6071,-0.059173584
6072,-0.06768799
6073,-0.078948975
6074,-0.084289536
6075,-0.08804323
6076,-0.09393311
6077,-0.0932312
6078,-0.093109116
6079,-0.090209976
6080,-0.08206175
6081,-0.06967163
6082,-0.0642395
6083,-0.05239868
6084,-0.042724613
6085,-0.036804207
6086,-0.026947036
6087,-0.023284918
6088,-0.016815184
6089,-0.016754158
6090,-0.011932374
6091,-0.010223393
6092,-0.009155281
6093,-0.0061340346
6094,-0.0041503906
6095,0.003295906
6096,0.007049557
6097,0.014617931
6098,0.01773072
6099,0.020965572
6100,0.026245117
6101,0.028442387
6102,0.031860348
6103,0.034179695
6104,0.042053226
6105,0.04953003
6106,0.058410652
6107,0.061279297
6108,0.06259156
6109,0.057373047
6110,0.051483165
6111,0.04577636
6112,0.034881588
6113,0.02233887
6114,0.004150383
6115,-0.01269532
6116,-0.036224373
6117,-0.054321304
6118,-0.06982422
6119,-0.08001709
6120,-0.08801271
6121,-0.09451294
6122,-0.09634398
6123,-0.096343994
6124,-0.09112547
6125,-0.08721926
6126,-0.07766724
6127,-0.06448366
6128,-0.058013916
6129,-0.04556272
6130,-0.03463745
6131,-0.025421157
6132,-0.013549801
6133,-0.003082279
6134,0.009857174
6135,0.020080578
6136,0.029418945
6137,0.035125732
6138,0.04183963
6139,0.04470824
6140,0.049041763
6141,0.049591042
6142,0.047210697
6143,0.047668442
6144,0.042419426
6145,0.039184563
6146,0.032592766
6147,0.024658205
6148,0.018066421
6149,0.010864275
6150,0.003417978
6151,-0.0016784631
6152,-0.0073547363
6153,-0.011779788
6154,-0.01571655
6155,-0.015930181
6156,-0.015014637
6157,-0.011718746
6158,-0.0033264086
6159,0.0035705417
6160,0.009490959
6161,0.017181404
6162,0.02853392
6163,0.038299546
6164,0.05026243
6165,0.05914305
6166,0.06625366
6167,0.07037354
6168,0.0709839
6169,0.06890869
6170,0.062225364
6171,0.057647742
6172,0.05371096
6173,0.046325713
6174,0.036499016
6175,0.026092537
6176,0.016906723
6177,0.005310029
6178,-0.0045776367
6179,-0.009338401
6180,-0.013488784
6181,-0.016876243
6182,-0.01770018
6183,-0.018829353
6184,-0.021667458
6185,-0.0175476
6186,-0.014801033
6187,-0.01376342
6188,-0.0043945573
6189,-0.001739487
6190,-0.0011596829
6191,0.0053405687
6192,0.009490982
6193,0.013305642
6194,0.015991226
6195,0.017456047
6196,0.019805921
6197,0.017486565
6198,0.010925308
6199,0.0073242104
6200,-0.006683342
6201,-0.014739981
6202,-0.020172132
6203,-0.037261963
6204,-0.043457046
6205,-0.049774177
6206,-0.059661858
6207,-0.057586685
6208,-0.058013916
6209,-0.054809578
6210,-0.048034683
6211,-0.04138184
6212,-0.03353881
6213,-0.026397705
6214,-0.019927986
6215,-0.017486569
6216,-0.016143795
6217,-0.018493645
6218,-0.016296364
6219,-0.016326904
6220,-0.0136108175
6221,-0.01083374
6222,-0.009063702
6223,-0.004180908
6224,-0.002227787
6225,-0.002166748
6226,-0.0034789965
6227,-0.0044250637
6228,-0.008087177
6229,-0.007019054
6230,-0.0065613054
6231,-0.008483887
6232,-0.008239754
6233,-0.009124741
6234,-0.010894759
6235,-0.009918207
6236,-0.0033569317
6237,-6.1034225e-05
6238,0.007812508
6239,0.01583862
6240,0.023010273
6241,0.026367199
6242,0.027893072
6243,0.030792246
6244,0.027832024
6245,0.027679443
6246,0.025695805
6247,0.022033688
6248,0.01620484
6249,0.010162355
6250,0.0063781627
6251,6.1035156e-05
6252,-0.0049133226
6253,-0.010559093
6254,-0.016021714
6255,-0.02148439
6256,-0.023376465
6257,-0.023467995
6258,-0.022674553
6259,-0.023620605
6260,-0.026000977
6261,-0.025726303
6262,-0.029266343
6263,-0.030364975
6264,-0.026275635
6265,-0.026519775
6266,-0.024261482
6267,-0.019897461
6268,-0.017578103
6269,-0.015594512
6270,-0.017913826
6271,-0.016876213
6272,-0.016662613
6273,-0.020263694
6274,-0.02374266
6275,-0.0276184
6276,-0.031494126
6277,-0.031829815
6278,-0.03146361
6279,-0.02792357
6280,-0.023559555
6281,-0.016113281
6282,-0.007415753
6283,6.100908e-05
6284,0.010589592
6285,0.023895286
6286,0.036956787
6287,0.05096434
6288,0.06738283
6289,0.08169559
6290,0.09658812
6291,0.10507202
6292,0.11257933
6293,0.11798097
6294,0.118438706
6295,0.12200926
6296,0.118377686
6297,0.11138914
6298,0.10156251
6299,0.08755495
6300,0.071075454
6301,0.0534973
6302,0.033203155
6303,0.014862061
6304,-0.0023803823
6305,-0.021301258
6306,-0.036529567
6307,-0.057800308
6308,-0.07495117
6309,-0.09301757
6310,-0.107666
6311,-0.11868288
6312,-0.12902832
6313,-0.13287354
6314,-0.13082886
6315,-0.12133789
6316,-0.112579346
6317,-0.09332276
6318,-0.07443239
6319,-0.053955074
6320,-0.032501254
6321,-0.010192886
6322,0.017089844
6323,0.03375244
6324,0.056976333
6325,0.075164795
6326,0.09066774
6327,0.0991516
6328,0.10821533
6329,0.1144104
6330,0.11895752
6331,0.12545778
6332,0.12322998
6333,0.1211548
6334,0.10665892
6335,0.09265134
6336,0.07171632
6337,0.051300034
6338,0.032226562
6339,0.011810295
6340,-0.00296022
6341,-0.014282238
6342,-0.027282733
6343,-0.034790054
6344,-0.04119873
6345,-0.046661362
6346,-0.043945312
6347,-0.046661347
6348,-0.04437256
6349,-0.04675293
6350,-0.04544067
6351,-0.04360962
6352,-0.044464137
6353,-0.04425049
6354,-0.0472107
6355,-0.048828125
6356,-0.05166626
6357,-0.051757812
6358,-0.05722046
6359,-0.06115725
6360,-0.06353758
6361,-0.0678406
6362,-0.07003784
6363,-0.07482911
6364,-0.07382201
6365,-0.06958008
6366,-0.06253054
6367,-0.050140373
6368,-0.044342056
6369,-0.030334452
6370,-0.020660402
6371,-0.007354721
6372,0.009521484
6373,0.021820076
6374,0.035644546
6375,0.04629515
6376,0.057617195
6377,0.062561035
6378,0.06573488
6379,0.06619264
6380,0.066711426
6381,0.06338502
6382,0.056671146
6383,0.047912598
6384,0.035858147
6385,0.017456064
6386,0.0035095103
6387,-0.0093688965
6388,-0.025024403
6389,-0.037597656
6390,-0.047698975
6391,-0.05325319
6392,-0.050750732
6393,-0.04705812
6394,-0.04058838
6395,-0.030242926
6396,-0.021392811
6397,-0.007873542
6398,0.0037536742
6399,0.0152893085
6400,0.027191151
6401,0.036224373
6402,0.039733887
6403,0.03735353
6404,0.03198243
6405,0.023956308
6406,0.017303469
6407,0.009368898
6408,0.0055236835
6409,-0.002410885
6410,-0.011962889
6411,-0.016876219
6412,-0.02255249
6413,-0.02444458
6414,-0.025177004
6415,-0.021362303
6416,-0.019866943
6417,-0.014129639
6418,-0.0078124925
6419,-6.102398e-05
6420,0.008758549
6421,0.017486572
6422,0.029449463
6423,0.034576405
6424,0.044189453
6425,0.047027588
6426,0.049560532
6427,0.0527954
6428,0.049896248
6429,0.04855346
6430,0.046112053
6431,0.04586793
6432,0.043853775
6433,0.042968772
6434,0.037261985
6435,0.03482058
6436,0.027771004
6437,0.0218811
6438,0.017974854
6439,0.010192867
6440,0.005432112
6441,-0.0043335
6442,-0.015411392
6443,-0.029388435
6444,-0.043395992
6445,-0.060821526
6446,-0.07287598
6447,-0.08105468
6448,-0.085693344
6449,-0.08807373
6450,-0.0856018
6451,-0.077423096
6452,-0.06774902
6453,-0.05026246
6454,-0.032836914
6455,-0.011016853
6456,0.0072326586
6457,0.028289806
6458,0.04614258
6459,0.058502205
6460,0.067199714
6461,0.06991577
6462,0.06600951
6463,0.057983387
6464,0.055542003
6465,0.04522705
6466,0.03878785
6467,0.032257073
6468,0.024261486
6469,0.01629641
6470,0.004638672
6471,-0.00042722747
6472,-0.0043334737
6473,-0.0040893406
6474,-0.0005187839
6475,0.004608132
6476,0.0068969578
6477,0.008880589
6478,0.011596678
6479,0.010253893
6480,0.014068611
6481,0.015899641
6482,0.015106212
6483,0.0105590895
6484,1.1175871e-08
6485,-0.010345463
6486,-0.02062988
6487,-0.029205319
6488,-0.034881584
6489,-0.039489724
6490,-0.043853767
6491,-0.04626465
6492,-0.050476074
6493,-0.050353974
6494,-0.0491333
6495,-0.04745482
6496,-0.04498291
6497,-0.046905518
6498,-0.052856445
6499,-0.05877684
6500,-0.06335449
6501,-0.06784062
6502,-0.07034302
6503,-0.07131958
6504,-0.07003786
6505,-0.065216064
6506,-0.05905153
6507,-0.05047608
6508,-0.041046157
6509,-0.026977517
6510,-0.014007561
6511,-0.0047912635
6512,0.0063171126
6513,0.014648434
6514,0.024719212
6515,0.034973152
6516,0.04571533
6517,0.05322265
6518,0.056823723
6519,0.058074962
6520,0.055603012
6521,0.05145265
6522,0.047668446
6523,0.044250496
6524,0.03518675
6525,0.026794448
6526,0.015533432
6527,0.0040283166
6528,-0.003448505
6529,-0.01168824
6530,-0.013305681
6531,-0.01373291
6532,-0.012176505
6533,-0.00927734
6534,-0.010009757
6535,-0.009674067
6536,-0.006988514
6537,-0.0058593675
6538,0.0012817457
6539,0.010345474
6540,0.017517067
6541,0.027557373
6542,0.037048325
6543,0.042724624
6544,0.051788323
6545,0.056701645
6546,0.062561035
6547,0.06735228
6548,0.07202147
6549,0.07543944
6550,0.07272338
6551,0.070251465
6552,0.0639038
6553,0.058593765
6554,0.053039536
6555,0.048980705
6556,0.041656513
6557,0.03402709
6558,0.026336655
6559,0.01651001
6560,0.0077514555
6561,-0.0015259096
6562,-0.009124771
6563,-0.018493682
6564,-0.02862551
6565,-0.03686525
6566,-0.046722427
6567,-0.054687485
6568,-0.061981216
6569,-0.065673806
6570,-0.06802368
6571,-0.067474365
6572,-0.06430054
6573,-0.057220466
6574,-0.047393806
6575,-0.035980225
6576,-0.025115967
6577,-0.018035881
6578,-0.013488777
6579,-0.009277351
6580,-0.008331299
6581,-0.0070495605
6582,-0.0063171387
6583,-0.008911135
6584,-0.012817381
6585,-0.018737791
6586,-0.02151489
6587,-0.02734375
6588,-0.028045652
6589,-0.024169927
6590,-0.020111082
6591,-0.014312729
6592,-0.009704586
6593,-0.009552013
6594,-0.009307869
6595,-0.0065612793
6596,0.0029601902
6597,0.013427734
6598,0.024963364
6599,0.043762192
6600,0.066894546
6601,0.09265137
6602,0.118377686
6603,0.13183594
6604,0.1267395
6605,0.11828613
6606,0.09930423
6607,0.07269284
6608,0.03973387
6609,0.0097350925
6610,-0.011077911
6611,-0.027954116
6612,-0.033966094
6613,-0.033447295
6614,-0.018096909
6615,0.006225601
6616,0.046722412
6617,0.08538817
6618,0.11297607
6619,0.12939453
6620,0.12133789
6621,0.10437009
6622,0.07424927
6623,0.03817746
6624,0.002471896
6625,-0.031677276
6626,-0.060760498
6627,-0.07974246
6628,-0.09674074
6629,-0.110565186
6630,-0.11828612
6631,-0.123474136
6632,-0.12631226
6633,-0.12548828
6634,-0.1261597
6635,-0.122955345
6636,-0.118621826
6637,-0.11062623
6638,-0.090270996
6639,-0.077545166
6640,-0.058471695
6641,-0.039733887
6642,-0.023651138
6643,-0.005493179
6644,0.008697495
6645,0.015106186
6646,0.018524185
6647,0.015655495
6648,0.0059814453
6649,-0.0034485012
6650,-0.020538315
6651,-0.033325195
6652,-0.04510495
6653,-0.05053711
6654,-0.053588837
6655,-0.054199204
6656,-0.051239043
6657,-0.04714966
6658,-0.039398238
6659,-0.02130127
6660,-0.011383079
6661,-0.0014953688
6662,0.01159668
6663,0.018432617
6664,0.020629868
6665,0.011291482
6666,0.007720962
6667,0.0069885254
6668,0.0033874586
6669,0.008514442
6670,0.019470219
6671,0.013122547
6672,0.0206604
6673,0.020446777
6674,0.013336185
6675,0.019073494
6676,0.015594475
6677,0.024566658
6678,0.030975327
6679,0.03173829
6680,0.038757324
6681,0.03417968
6682,0.031524673
6683,0.035888672
6684,0.032714833
6685,0.033752434
6686,0.032562263
6687,0.028778058
6688,0.028106708
6689,0.023376452
6690,0.017517097
6691,0.014526365
6692,0.012207031
6693,0.013671877
6694,0.016174316
6695,0.015808107
6696,0.015594488
6697,0.015777579
6698,0.012420662
6699,0.0057373084
6700,-0.00012207404
6701,-0.008331288
6702,-0.011871338
6703,-0.024139412
6704,-0.037323005
6705,-0.045928955
6706,-0.05175782
6707,-0.056671143
6708,-0.046295166
6709,-0.03967285
6710,-0.033416744
6711,-0.018676773
6712,-0.008514397
6713,0.0147705
6714,0.020263687
6715,0.0336304
6716,0.04708863
6717,0.05807495
6718,0.060638435
6719,0.061035156
6720,0.0569458
6721,0.051818848
6722,0.05328369
6723,0.05285646
6724,0.063690186
6725,0.059143066
6726,0.06283568
6727,0.0701599
6728,0.07235715
6729,0.07162474
6730,0.07223509
6731,0.07116702
6732,0.068450935
6733,0.056732185
6734,0.039855946
6735,0.022247303
6736,-0.0033874623
6737,-0.015869137
6738,-0.031219494
6739,-0.04168699
6740,-0.046356205
6741,-0.050842263
6742,-0.055389404
6743,-0.05947876
6744,-0.060180668
6745,-0.06997679
6746,-0.08242796
6747,-0.08193966
6748,-0.06878662
6749,-0.02700806
6750,0.06692503
6751,0.12655637
6752,0.11529539
6753,0.07385251
6754,0.025695778
6755,-0.007904042
6756,-0.025238045
6757,-0.035125736
6758,-0.05197141
6759,-0.08682251
6760,-0.14260861
6761,-0.20098875
6762,-0.26296997
6763,-0.26376343
6764,-0.18481445
6765,-0.08157348
6766,0.027862534
6767,0.08950806
6768,0.0892334
6769,0.0726013
6770,0.06668091
6771,0.07437134
6772,0.09893799
6773,0.13052368
6774,0.1590271
6775,0.17321779
6776,0.1819458
6777,0.1781311
6778,0.16714479
6779,0.15197754
6780,0.13253784
6781,0.112274185
6782,0.07870482
6783,0.047729507
6784,0.0076904297
6785,-0.033630386
6786,-0.074798584
6787,-0.10952757
6788,-0.1402893
6789,-0.16125488
6790,-0.17330934
6791,-0.1836853
6792,-0.18716432
6793,-0.18597414
6794,-0.17248537
6795,-0.16046141
6796,-0.14236453
6797,-0.1192932
6798,-0.093017586
6799,-0.06820679
6800,-0.040435806
6801,-0.018859878
6802,-0.0038146824
6803,0.012664825
6804,0.024841286
6805,0.037902832
6806,0.045074455
6807,0.051208474
6808,0.051116943
6809,0.049621575
6810,0.04449459
6811,0.03561402
6812,0.026336662
6813,0.018371627
6814,0.018371575
6815,0.01644899
6816,0.015625
6817,0.015106186
6818,0.008789055
6819,0.0037841946
6820,-0.0016784593
6821,-0.0072326884
6822,-0.013336174
6823,-0.01852417
6824,-0.023101792
6825,-0.028747559
6826,-0.035552993
6827,-0.03933716
6828,-0.041076645
6829,-0.039337136
6830,-0.029327385
6831,-0.020050056
6832,-0.010894798
6833,-0.0056457557
6834,0.002899155
6835,0.00637817
6836,0.012542743
6837,0.020599362
6838,0.026580807
6839,0.03610232
6840,0.040893592
6841,0.044280984
6842,0.03890994
6843,0.030395493
6844,0.020629875
6845,0.009399395
6846,-0.0029296875
6847,-0.015136715
6848,-0.021972679
6849,-0.027313206
6850,-0.0241394
6851,-0.019958489
6852,-0.011657711
6853,0.0016479641
6854,0.013702385
6855,0.029510476
6856,0.042388916
6857,0.054718025
6858,0.06643676
6859,0.07400513
6860,0.080841064
6861,0.08554077
6862,0.0894165
6863,0.08892821
6864,0.08898925
6865,0.08374022
6866,0.07461548
6867,0.06265259
6868,0.043731697
6869,0.027404785
6870,0.0067138486
6871,-0.007873554
6872,-0.025116
6873,-0.0392761
6874,-0.04644773
6875,-0.052398667
6876,-0.05581665
6877,-0.054931656
6878,-0.047332793
6879,-0.04006961
6880,-0.024871826
6881,-0.012390152
6882,0.0032654107
6883,0.019836456
6884,0.03201294
6885,0.04971312
6886,0.05941771
6887,0.07305911
6888,0.08416748
6889,0.09194948
6890,0.10183714
6891,0.106170654
6892,0.10339353
6893,0.09609984
6894,0.084533684
6895,0.064392105
6896,0.04666139
6897,0.02560428
6898,0.0029296875
6899,-0.019103993
6900,-0.04342652
6901,-0.06692502
6902,-0.09237673
6903,-0.11630247
6904,-0.13159183
6905,-0.14663695
6906,-0.15475465
6907,-0.15423585
6908,-0.15167235
6909,-0.14285281
6910,-0.13162233
6911,-0.11987305
6912,-0.10110474
6913,-0.08013916
6914,-0.055664055
6915,-0.031585693
6916,-0.0076904316
6917,0.013427757
6918,0.029083252
6919,0.045166034
6920,0.052886963
6921,0.055236846
6922,0.05816649
6923,0.060790997
6924,0.06118775
6925,0.057952866
6926,0.053070053
6927,0.046630874
6928,0.040039055
6929,0.036376968
6930,0.042175308
6931,0.04272461
6932,0.046905532
6933,0.057556152
6934,0.059753418
6935,0.06533815
6936,0.0626831
6937,0.060455307
6938,0.054565415
6939,0.054107636
6940,0.049743637
6941,0.04421997
6942,0.035797086
6943,0.027069114
6944,0.019866966
6945,-0.0052490234
6946,-0.024810776
6947,-0.052825913
6948,-0.07247926
6949,-0.08212279
6950,-0.097900406
6951,-0.11883545
6952,-0.14666748
6953,-0.17959596
6954,-0.21588135
6955,-0.24249269
6956,-0.26828003
6957,-0.27236938
6958,-0.25912476
6959,-0.24407962
6960,-0.22756955
6961,-0.2272645
6962,-0.22247308
6963,-0.1983642
6964,-0.14257812
6965,-0.03958106
6966,0.105285645
6967,0.28344727
6968,0.48736572
6969,0.6982422
6970,0.8946227
6971,1.073883
6972,1.2211913
6973,1.3247681
6974,1.3813474
6975,1.3706053
6976,1.2799071
6977,1.1091309
6978,0.86206067
6979,0.5504762
6980,0.20343018
6981,-0.16162097
6982,-0.5111083
6983,-0.8031919
6984,-1.0463254
6985,-1.2538147
6986,-1.4233398
6987,-1.5896606
6988,-1.7528071
6989,-1.8816223
6990,-1.9588318
6991,-1.9671328
6992,-1.9226074
6993,-1.8255614
6994,-1.6943055
6995,-1.5494386
6996,-1.369812
6997,-1.136627
6998,-0.84567237
6999,-0.49618506
7000,-0.109222665
7001,0.263214
7002,0.60104364
7003,0.9011537
7004,1.1611936
7005,1.393341
7006,1.5848081
7007,1.728241
7008,1.8046571
7009,1.8137511
7010,1.7562255
7011,1.6373291
7012,1.489746
7013,1.3132324
7014,1.1167297
7015,0.89349353
7016,0.64657587
7017,0.37225342
7018,0.084197894
7019,-0.1978148
7020,-0.4568177
7021,-0.6785277
7022,-0.8530272
7023,-0.96148694
7024,-1.004486
7025,-0.97033703
7026,-0.865082
7027,-0.6919555
7028,-0.47265622
7029,-0.2161864
7030,0.06088245
7031,0.33718878
7032,0.5939027
7033,0.80505365
7034,0.958557
7035,1.0319519
7036,1.031311
7037,0.9437561
7038,0.78079236
7039,0.561798
7040,0.30047613
7041,0.027526684
7042,-0.23776238
7043,-0.46652228
7044,-0.6434938
7045,-0.75576764
7046,-0.7889101
7047,-0.74468976
7048,-0.633728
7049,-0.4715576
7050,-0.28472897
7051,-0.09332271
7052,0.08276372
7053,0.22647095
7054,0.3246156
7055,0.36593628
7056,0.35159314
7057,0.28436276
7058,0.18368533
7059,0.06472777
7060,-0.064697295
7061,-0.19577023
7062,-0.30468765
7063,-0.38360602
7064,-0.4280091
7065,-0.432312
7066,-0.38952637
7067,-0.3069458
7068,-0.20153813
7069,-0.086303696
7070,0.0148010105
7071,0.08599852
7072,0.13763426
7073,0.17431639
7074,0.19464111
7075,0.20843506
7076,0.2024231
7077,0.1781616
7078,0.13995363
7079,0.09851077
7080,0.06033324
7081,0.02673342
7082,0.006347649
7083,-0.0014343113
7084,-0.008300796
7085,-0.019165022
7086,-0.033477798
7087,-0.055664077
7088,-0.078491226
7089,-0.08804323
7090,-0.08270263
7091,-0.0708313
7092,-0.050537124
7093,-0.0222473
7094,0.0012512058
7095,0.020111084
7096,0.026489317
7097,0.017242491
7098,-0.013366789
7099,-0.056732237
7100,-0.11065674
7101,-0.16796881
7102,-0.23590079
7103,-0.2969972
7104,-0.3461608
7105,-0.38287348
7106,-0.38769537
7107,-0.37023932
7108,-0.32724
7109,-0.26858523
7110,-0.19378653
7111,-0.12036127
7112,-0.05621347
7113,0.0031434
7114,0.052337542
7115,0.085357666
7116,0.101684615
7117,0.097564586
7118,0.084961064
7119,0.07015991
7120,0.054870646
7121,0.055206373
7122,0.061157152
7123,0.08212282
7124,0.11657715
7125,0.15283208
7126,0.19271849
7127,0.22994998
7128,0.26843262
7129,0.29797363
7130,0.32034302
7131,0.3218994
7132,0.3151245
7133,0.28704834
7134,0.24954224
7135,0.20779417
7136,0.15585326
7137,0.11071776
7138,0.057830796
7139,0.0171814
7140,-0.021789566
7141,-0.05316159
7142,-0.074737534
7143,-0.09307861
7144,-0.112274185
7145,-0.1288147
7146,-0.14324951
7147,-0.15551755
7148,-0.16510013
7149,-0.17218018
7150,-0.17532349
7151,-0.17764279
7152,-0.18203735
7153,-0.17886351
7154,-0.17282103
7155,-0.16625977
7156,-0.1428528
7157,-0.11679079
7158,-0.08831787
7159,-0.055419937
7160,-0.027252212
7161,-0.005432114
7162,0.013092011
7163,0.02456668
7164,0.034728974
7165,0.039215103
7166,0.037445053
7167,0.036834776
7168,0.028015137
7169,0.018371612
7170,0.0047912598
7171,-0.009368904
7172,-0.01724243
7173,-0.0157471
7174,-0.006713867
7175,0.00579831
7176,0.0272827
7177,0.047668435
7178,0.07397462
7179,0.096618645
7180,0.117614724
7181,0.13116455
7182,0.14007567
7183,0.14254764
7184,0.13275146
7185,0.12301637
7186,0.102752686
7187,0.08569337
7188,0.06307983
7189,0.041625977
7190,0.017120361
7191,-0.007324228
7192,-0.02627562
7193,-0.043212883
7194,-0.05200196
7195,-0.06103515
7196,-0.061309826
7197,-0.060882553
7198,-0.05340576
7199,-0.040985093
7200,-0.020904541
7201,0.0022582859
7202,0.031066895
7203,0.05886841
7204,0.08325195
7205,0.10861206
7206,0.12194824
7207,0.13238522
7208,0.13565063
7209,0.13275146
7210,0.12133786
7211,0.109191895
7212,0.09338376
7213,0.076049805
7214,0.062408447
7215,0.049682587
7216,0.04000856
7217,0.031402573
7218,0.025176987
7219,0.020599365
7220,0.018249497
7221,0.019103989
7222,0.019073479
7223,0.014099099
7224,0.0055541694
7225,-0.0032653846
7226,-0.017181426
7227,-0.038818363
7228,-0.061157227
7229,-0.090118416
7230,-0.11236569
7231,-0.12591556
7232,-0.13793945
7233,-0.14251709
7234,-0.1411133
7235,-0.13183594
7236,-0.11300663
7237,-0.08755494
7238,-0.06591796
7239,-0.03549196
7240,-0.007446289
7241,0.020263672
7242,0.04727173
7243,0.06500246
7244,0.08123781
7245,0.09381104
7246,0.10372925
7247,0.10757448
7248,0.10360719
7249,0.08480836
7250,0.062927246
7251,0.028717011
7252,-0.004913315
7253,-0.037597686
7254,-0.078826904
7255,-0.11456298
7256,-0.14929199
7257,-0.1748352
7258,-0.1904602
7259,-0.19140622
7260,-0.18209837
7261,-0.15200806
7262,-0.11831665
7263,-0.087341316
7264,-0.044097893
7265,-0.005432129
7266,0.03900148
7267,0.083221406
7268,0.119812
7269,0.15158081
7270,0.17114253
7271,0.17550659
7272,0.17529295
7273,0.16271971
7274,0.15078735
7275,0.14944455
7276,0.14221191
7277,0.12915039
7278,0.108490005
7279,0.07513426
7280,0.045806915
7281,0.015197739
7282,-0.019897461
7283,-0.051055923
7284,-0.08117678
7285,-0.102813736
7286,-0.11273196
7287,-0.12164309
7288,-0.122680694
7289,-0.115722656
7290,-0.10195921
7291,-0.085113525
7292,-0.07501219
7293,-0.0657959
7294,-0.062561035
7295,-0.06298828
7296,-0.069732636
7297,-0.07980347
7298,-0.099975586
7299,-0.1156311
7300,-0.12997437
7301,-0.13281253
7302,-0.13278198
7303,-0.12954712
7304,-0.117492676
7305,-0.11169432
7306,-0.10220337
7307,-0.090667725
7308,-0.0815735
7309,-0.06906128
7310,-0.04528805
7311,-0.028625473
7312,-0.00863643
7313,0.012298584
7314,0.039978035
7315,0.062286347
7316,0.08453369
7317,0.115570046
7318,0.13235472
7319,0.14523318
7320,0.15325928
7321,0.1584473
7322,0.13925168
7323,0.11865235
7324,0.098510735
7325,0.07077028
7326,0.037536643
7327,0.010284424
7328,-0.0063781515
7329,-0.032684326
7330,-0.04248047
7331,-0.057159424
7332,-0.059570342
7333,-0.058502197
7334,-0.0469971
7335,-0.029907212
7336,-0.022033706
7337,-0.010192856
7338,-0.010803223
7339,-0.014984116
7340,-0.025543198
7341,-0.03372194
7342,-0.03704834
7343,-0.040405273
7344,-0.041198716
7345,-0.04266359
7346,-0.047454864
7347,-0.04675293
7348,-0.046264663
7349,-0.041778594
7350,-0.029479988
7351,-0.01580812
7352,0.002990745
7353,0.018249504
7354,0.043365516
7355,0.02062986
7356,0.047790535
7357,0.052337646
7358,0.014373796
7359,0.034027085
7360,0.013702393
7361,0.028747559
7362,0.012878405
7363,0.02822876
7364,0.013610855
7365,0.038543675
7366,0.034973156
7367,0.060302738
7368,0.07565309
7369,0.05212403
7370,0.10940552
7371,0.06939696
7372,0.0826721
7373,0.0765686
7374,0.055816643
7375,0.061614975
7376,0.057434067
7377,0.05285643
7378,0.046966538
7379,0.044372544
7380,0.03961183
7381,0.03924562
7382,0.035644554
7383,0.031860396
7384,0.03112796
7385,0.025604233
7386,0.026428215
7387,0.024841283
7388,0.023071282
7389,0.016265843
7390,0.008514412
7391,0.0030212104
7392,-0.003906263
7393,-0.013824478
7394,-0.025207534
7395,-0.039581295
7396,-0.056030262
7397,-0.065887436
7398,-0.07284543
7399,-0.07202147
7400,-0.068908684
7401,-0.058837887
7402,-0.046966583
7403,-0.035430938
7404,-0.023925781
7405,-0.009857193
7406,0.006957993
7407,0.020233154
7408,0.03610228
7409,0.05023192
7410,0.06292723
7411,0.0769043
7412,0.08889772
7413,0.10122681
7414,0.11120607
7415,0.11483765
7416,0.115051255
7417,0.10556027
7418,0.08932498
7419,0.06683351
7420,0.040191628
7421,0.008605972
7422,-0.02041629
7423,-0.045959458
7424,-0.059845015
7425,-0.059387177
7426,-0.05258178
7427,-0.034881588
7428,-0.016967745
7429,-0.0013427874
7430,0.013244629
7431,0.023132287
7432,0.024108898
7433,0.015655503
7434,-0.0030517578
7435,-0.035675015
7436,-0.07739256
7437,-0.12130735
7438,-0.16009524
7439,-0.1851501
7440,-0.19238281
7441,-0.18157957
7442,-0.15631104
7443,-0.12350464
7444,-0.087371826
7445,-0.04953002
7446,-0.016937241
7447,0.010711655
7448,0.0379944
7449,0.061553955
7450,0.078826904
7451,0.09027098
7452,0.099426284
7453,0.10507202
7454,0.10552977
7455,0.10189819
7456,0.09899902
7457,0.09582518
7458,0.088073745
7459,0.080963105
7460,0.068847686
7461,0.05209349
7462,0.040283248
7463,0.030487038
7464,0.020751968
7465,0.014007542
7466,0.010864273
7467,0.0075378157
7468,0.0031433254
7469,-0.0027465974
7470,-0.009277331
7471,-0.015167249
7472,-0.019866943
7473,-0.021881115
7474,-0.031158432
7475,-0.040771484
7476,-0.050567612
7477,-0.062866196
7478,-0.07238768
7479,-0.0843201
7480,-0.09414676
7481,-0.102752715
7482,-0.10977176
7483,-0.1116028
7484,-0.11325073
7485,-0.110839844
7486,-0.103881836
7487,-0.0949097
7488,-0.086578354
7489,-0.073974624
7490,-0.06030275
7491,-0.04537961
7492,-0.02923584
7493,-0.018157974
7494,-0.007843018
7495,-0.0050354153
7496,-0.0061950684
7497,-0.009124741
7498,-0.013488755
7499,-0.013885483
7500,-0.01727295
7501,-0.01940918
7502,-0.0233154
7503,-0.026641883
7504,-0.028594986
7505,-0.02810669
7506,-0.020019546
7507,-0.0095214695
7508,0.0022277832
7509,0.018005371
7510,0.032684356
7511,0.04315187
7512,0.057128947
7513,0.07019044
7514,0.08084104
7515,0.091095
7516,0.10202026
7517,0.107849106
7518,0.11151122
7519,0.1135254
7520,0.115661606
7521,0.11459349
7522,0.10986328
7523,0.10644533
7524,0.095642105
7525,0.08227539
7526,0.067474395
7527,0.05422973
7528,0.04446412
7529,0.032043464
7530,0.017486565
7531,-0.0029602274
7532,-0.03204348
7533,-0.06851197
7534,-0.10845948
7535,-0.15206909
7536,-0.18673703
7537,-0.18844604
7538,-0.14215086
7539,-0.041259766
7540,0.070831314
7541,0.15432738
7542,0.1886902
7543,0.18774414
7544,0.15740967
7545,0.09832763
7546,0.09146118
7547,0.15338135
7548,0.22726443
7549,0.26712045
7550,0.2630006
7551,0.18679792
7552,0.05682361
7553,-0.086761475
7554,-0.21197522
7555,-0.31896985
7556,-0.44299328
7557,-0.5975038
7558,-0.8132324
7559,-1.0802613
7560,-1.3060607
7561,-1.4155577
7562,-1.3532715
7563,-1.1081237
7564,-0.7474364
7565,-0.33346567
7566,0.060302794
7567,0.38610828
7568,0.62442
7569,0.78732276
7570,0.89956653
7571,0.9757384
7572,1.0388793
7573,1.0815427
7574,1.0656737
7575,1.007721
7576,0.92321783
7577,0.8076477
7578,0.67584205
7579,0.5186158
7580,0.34112537
7581,0.16271979
7582,-0.0067444444
7583,-0.13467413
7584,-0.2054137
7585,-0.2325136
7586,-0.18337989
7587,-0.08090216
7588,0.044006586
7589,0.19046026
7590,0.3014831
7591,0.38201898
7592,0.43161017
7593,0.44189447
7594,0.42697138
7595,0.3761291
7596,0.292053
7597,0.18518066
7598,0.051849425
7599,-0.10443121
7600,-0.27020252
7601,-0.43795764
7602,-0.59136957
7603,-0.7288818
7604,-0.8512267
7605,-0.93685913
7606,-0.97647107
7607,-0.96655285
7608,-0.9213561
7609,-0.8312379
7610,-0.71936035
7611,-0.59793085
7612,-0.4688111
7613,-0.34216315
7614,-0.22079466
7615,-0.10144044
7616,0.016479373
7617,0.1194765
7618,0.21975715
7619,0.30661017
7620,0.38912976
7621,0.45285028
7622,0.49194348
7623,0.5090331
7624,0.4814149
7625,0.43218988
7626,0.36325073
7627,0.2793274
7628,0.20565796
7629,0.13812256
7630,0.083770745
7631,0.042083725
7632,0.016540557
7633,-0.0010986403
7634,-0.006958008
7635,-0.0006408915
7636,0.011474624
7637,0.028747559
7638,0.047058098
7639,0.06640628
7640,0.08502196
7641,0.100860596
7642,0.10430908
7643,0.101715095
7644,0.08062742
7645,0.051055886
7646,0.016204841
7647,-0.014312774
7648,-0.07577516
7649,-0.10241701
7650,-0.1364441
7651,-0.19067383
7652,-0.18597412
7653,-0.200531
7654,-0.18261717
7655,-0.18084715
7656,-0.15130614
7657,-0.13574219
7658,-0.092376724
7659,-0.072357185
7660,-0.023925766
7661,0.014801025
7662,0.031219453
7663,0.097290054
7664,0.08721922
7665,0.117126465
7666,0.13125612
7667,0.13400266
7668,0.15402222
7669,0.17034912
7670,0.1706543
7671,0.17300415
7672,0.16601564
7673,0.15542603
7674,0.14544679
7675,0.1260376
7676,0.10824585
7677,0.089324966
7678,0.06967163
7679,0.051208496
7680,0.03265381
7681,0.013671853
7682,-0.0006408803
7683,-0.017089866
7684,-0.034515373
7685,-0.049468994
7686,-0.0658264
7687,-0.07513428
7688,-0.08294675
7689,-0.089538574
7690,-0.08999631
7691,-0.09057617
7692,-0.09164429
7693,-0.09039307
7694,-0.08612061
7695,-0.08126831
7696,-0.07250981
7697,-0.06533812
7698,-0.056457527
7699,-0.04779052
7700,-0.041076638
7701,-0.03546141
7702,-0.034362786
7703,-0.0352173
7704,-0.039581314
7705,-0.043792725
7706,-0.049682617
7707,-0.05221556
7708,-0.053192124
7709,-0.05456543
7710,-0.052703887
7711,-0.047637925
7712,-0.039276153
7713,-0.030761704
7714,-0.026580796
7715,-0.024810806
7716,-0.027008042
7717,-0.030303955
7718,-0.036834717
7719,-0.03878785
7720,-0.040161148
7721,-0.036132783
7722,-0.029113755
7723,-0.02346798
7724,-0.015136715
7725,-0.0056457333
7726,0.007659897
7727,0.022613542
7728,0.041992188
7729,0.05123903
7730,0.057861313
7731,0.060028076
7732,0.055725098
7733,0.051574707
7734,0.052276626
7735,0.0534363
7736,0.0552063
7737,0.058929462
7738,0.056823734
7739,0.05450439
7740,0.04995728
7741,0.04617309
7742,0.039154045
7743,0.029113764
7744,0.018341059
7745,0.0043945312
7746,-0.0119018555
7747,-0.022216797
7748,-0.03320312
7749,-0.04534912
7750,-0.0470581
7751,-0.04824829
7752,-0.04650878
7753,-0.04058838
7754,-0.031433098
7755,-0.017547607
7756,-0.00018311664
7757,0.018127438
7758,0.033538815
7759,0.045104977
7760,0.054504383
7761,0.061706536
7762,0.063812256
7763,0.06695556
7764,0.064331055
7765,0.058471672
7766,0.054107666
7767,0.043334953
7768,0.031555176
7769,0.016082749
7770,0.00073243305
7771,-0.015533451
7772,-0.031677254
7773,-0.043945298
7774,-0.05307007
7775,-0.06036376
7776,-0.06307983
7777,-0.0642395
7778,-0.062133785
7779,-0.056304928
7780,-0.050445564
7781,-0.044097908
7782,-0.033752445
7783,-0.025085447
7784,-0.018829333
7785,-0.016571036
7786,-0.011352524
7787,-0.009216301
7788,-0.0063171443
7789,-0.0009460412
7790,0.0041198824
7791,0.011413574
7792,0.016174335
7793,0.026123047
7794,0.030853271
7795,0.037841767
7796,0.0420532
7797,0.043792702
7798,0.045562733
7799,0.046173103
7800,0.049591057
7801,0.050323494
7802,0.053833015
7803,0.054138176
7804,0.04733277
7805,0.043090813
7806,0.032012954
7807,0.020965584
7808,0.008972198
7809,-0.0053100595
7810,-0.017974839
7811,-0.034118667
7812,-0.046264652
7813,-0.05688477
7814,-0.062286388
7815,-0.063751206
7816,-0.05526735
7817,-0.04626462
7818,-0.032745346
7819,-0.015899673
7820,-0.004333481
7821,0.014343277
7822,0.030731216
7823,0.049926758
7824,0.06655882
7825,0.08441162
7826,0.09667969
7827,0.10668944
7828,0.108978264
7829,0.10708618
7830,0.10354613
7831,0.091033965
7832,0.07812503
7833,0.05834961
7834,0.03955081
7835,0.0146484375
7836,-0.010406466
7837,-0.036437973
7838,-0.060668945
7839,-0.078063965
7840,-0.09204103
7841,-0.09857179
7842,-0.10147096
7843,-0.098938
7844,-0.08847048
7845,-0.077941895
7846,-0.06716918
7847,-0.05505371
7848,-0.04455565
7849,-0.03485106
7850,-0.02517702
7851,-0.019622806
7852,-0.018768307
7853,-0.018096924
7854,-0.020782463
7855,-0.019622803
7856,-0.021331798
7857,-0.022827148
7858,-0.02020263
7859,-0.014678955
7860,-0.00787352
7861,-0.004455574
7862,-0.005035389
7863,-0.009307846
7864,-0.013427742
7865,-0.020721417
7866,-0.026886012
7867,-0.033691414
7868,-0.03674317
7869,-0.03912355
7870,-0.035949737
7871,-0.028503437
7872,-0.018005382
7873,0.00076292455
7874,0.021514919
7875,0.048339855
7876,0.0706177
7877,0.093353264
7878,0.10647584
7879,0.11401367
7880,0.11782836
7881,0.11245728
7882,0.107208245
7883,0.090728745
7884,0.072052
7885,0.04595948
7886,0.018981934
7887,-0.006286621
7888,-0.034881577
7889,-0.05929564
7890,-0.080718994
7891,-0.09567259
7892,-0.110961914
7893,-0.117950454
7894,-0.12640381
7895,-0.13488768
7896,-0.13027953
7897,-0.12228395
7898,-0.100891106
7899,-0.08224487
7900,-0.057189904
7901,-0.03308107
7902,-0.010070756
7903,0.0099487305
7904,0.023834243
7905,0.03659057
7906,0.043060303
7907,0.050903283
7908,0.04629516
7909,0.040008537
7910,0.029907227
7911,0.011688244
7912,-0.0062255673
7913,-0.017700184
7914,-0.026367188
7915,-0.026885971
7916,-0.021179177
7917,-0.0095825065
7918,0.0030822754
7919,0.015167259
7920,0.02511596
7921,0.03649902
7922,0.04574584
7923,0.060455315
7924,0.07739258
7925,0.08355713
7926,0.09124759
7927,0.083068855
7928,0.07064821
7929,0.05596924
7930,0.038970955
7931,0.02859497
7932,0.018096924
7933,0.01181031
7934,0.0052795038
7935,-0.0023803562
7936,-0.006561339
7937,-0.007202141
7938,-0.0070495754
7939,-0.00402835
7940,0.005340576
7941,0.0089416355
7942,0.018737793
7943,0.028442368
7944,0.040313736
7945,0.054473877
7946,0.06442261
7947,0.07849121
7948,0.088531494
7949,0.095581055
7950,0.10412598
7951,0.1036682
7952,0.09902954
7953,0.09585568
7954,0.08724974
7955,0.07772829
7956,0.06576538
7957,0.053405747
7958,0.039123535
7959,0.023376457
7960,0.0016479548
7961,-0.02105713
7962,-0.045959473
7963,-0.06976318
7964,-0.08758545
7965,-0.10440065
7966,-0.11529541
7967,-0.121582046
7968,-0.12219238
7969,-0.11602785
7970,-0.10476686
7971,-0.09243773
7972,-0.0758362
7973,-0.057647727
7974,-0.041107178
7975,-0.025115967
7976,-0.019256607
7977,-0.016632095
7978,-0.019775406
7979,-0.030517578
7980,-0.04638672
7981,-0.06341553
7982,-0.07821658
7983,-0.08969115
7984,-0.09799191
7985,-0.10110472
7986,-0.099792466
7987,-0.09573367
7988,-0.08395384
7989,-0.0716858
7990,-0.053771988
7991,-0.030517608
7992,-0.011169463
7993,0.011352524
7994,0.028442413
7995,0.037780777
7996,0.045043945
7997,0.046691924
7998,0.044830322
7999,0.043121353
8000,0.036712676
8001,0.03250122
8002,0.024383545
8003,0.009368889
8004,-0.0011291429
8005,-0.013336182
8006,-0.022644043
8007,-0.02267456
8008,-0.022247314
8009,-0.019683823
8010,-0.012207024
8011,-0.010223366
8012,-0.0061340407
8013,-0.0032043457
8014,-0.0024108589
8015,0.0014038123
8016,0.0063476674
8017,0.008880615
8018,0.012908902
8019,0.013000529
8020,0.013702389
8021,0.015716568
8022,0.012542747
8023,0.0125427395
8024,0.010803213
8025,0.009521479
8026,0.0067138523
8027,0.004821783
8028,0.003509529
8029,0.0058288723
8030,0.008544948
8031,0.015655484
8032,0.025482167
8033,0.035461433
8034,0.046630852
8035,0.05493164
8036,0.06463623
8037,0.07382203
8038,0.080719
8039,0.08840943
8040,0.09259035
8041,0.09335328
8042,0.08850098
8043,0.079620376
8044,0.06628418
8045,0.050598133
8046,0.035217274
8047,0.015411368
8048,-0.0015869178
8049,-0.022644043
8050,-0.03884887
8051,-0.05422973
8052,-0.06652831
8053,-0.07492065
8054,-0.08117674
8055,-0.08132933
8056,-0.0783081
8057,-0.0710144
8058,-0.06427002
8059,-0.05493164
8060,-0.04431153
8061,-0.029937752
8062,-0.01837157
8063,-0.005828865
8064,0.007019054
8065,0.018768314
8066,0.03244017
8067,0.041320816
8068,0.05230712
8069,0.05508423
8070,0.05776979
8071,0.060516387
8072,0.057708748
8073,0.055023223
8074,0.046539284
8075,0.041320823
8076,0.04806519
8077,0.035552956
8078,0.025970489
8079,0.03085325
8080,0.023529042
8081,0.01782225
8082,0.010650605
8083,0.009185787
8084,0.00485231
8085,0.0015564002
8086,-0.009002667
8087,-0.0142211765
8088,-0.0296936
8089,-0.03244016
8090,-0.030212425
8091,-0.04083251
8092,-0.030456506
8093,-0.029083248
8094,-0.023468003
8095,-0.015808105
8096,-0.009338405
8097,-0.008148197
8098,-0.00030517764
8099,0.0071716327
8100,0.012054454
8101,0.018371586
8102,0.01785279
8103,0.015350338
8104,0.0101318285
8105,0.0015869141
8106,-0.008605961
8107,-0.017272938
8108,-0.029174805
8109,-0.035675038
8110,-0.04168701
8111,-0.047088634
8112,-0.05175781
8113,-0.057830818
8114,-0.058746338
8115,-0.056854255
8116,-0.05227661
8117,-0.04406739
8118,-0.036865234
8119,-0.027893072
8120,-0.018280026
8121,-0.012084952
8122,-0.0072021484
8123,-0.00085446984
8124,0.0054321066
8125,0.01724244
8126,0.029632576
8127,0.04214476
8128,0.055450454
8129,0.064575195
8130,0.07226564
8131,0.07751465
8132,0.08343505
8133,0.08432007
8134,0.08309935
8135,0.08206175
8136,0.07635497
8137,0.0670166
8138,0.05328366
8139,0.037689224
8140,0.023406975
8141,0.012054451
8142,-0.0013122316
8143,-0.014831542
8144,-0.02508542
8145,-0.03366089
8146,-0.03735351
8147,-0.04321289
8148,-0.043914814
8149,-0.045166027
8150,-0.046325684
8151,-0.043701187
8152,-0.045410164
8153,-0.044525154
8154,-0.045013435
8155,-0.044281
8156,-0.044860855
8157,-0.045410156
8158,-0.045715332
8159,-0.04876709
8160,-0.048767105
8161,-0.052490205
8162,-0.051391587
8163,-0.052581802
8164,-0.051116943
8165,-0.0507202
8166,-0.051239
8167,-0.055633575
8168,-0.06213379
8169,-0.06396486
8170,-0.06991577
8171,-0.068847686
8172,-0.06808472
8173,-0.06353761
8174,-0.060882583
8175,-0.056121826
8176,-0.05178833
8177,-0.044647217
8178,-0.031372085
8179,-0.0152282715
8180,0.004303001
8181,0.018890366
8182,0.036285393
8183,0.048431367
8184,0.05859375
8185,0.06704709
8186,0.06723024
8187,0.07098389
8188,0.07675171
8189,0.076293945
8190,0.07815552
8191,0.078460686
8192,0.079803444
8193,0.07949829
8194,0.07577515
8195,0.065673806
8196,0.053527832
8197,0.037170403
8198,0.021789534
8199,0.006896965
8200,-0.010070812
8201,-0.024291985
8202,-0.03851319
8203,-0.045471195
8204,-0.051971428
8205,-0.053924575
8206,-0.052520745
8207,-0.045257576
8208,-0.032012925
8209,-0.0187378
8210,-0.0048217624
8211,0.006774896
8212,0.013916015
8213,0.023162834
8214,0.027435299
8215,0.03024292
8216,0.03439328
8217,0.033294696
8218,0.030853271
8219,0.027221687
8220,0.020080574
8221,0.013458252
8222,0.010040283
8223,0.007843003
8224,0.009094223
8225,0.013153091
8226,0.01882936
8227,0.026000991
8228,0.036193833
8229,0.047210693
8230,0.058258057
8231,0.07131958
8232,0.08282471
8233,0.09384155
8234,0.10372925
8235,0.105895996
8236,0.105773926
8237,0.10324097
8238,0.096343994
8239,0.09161377
8240,0.08441162
8241,0.078704834
8242,0.071746826
8243,0.0642395
8244,0.059417695
8245,0.053344727
8246,0.047027573
8247,0.04339601
8248,0.038574234
8249,0.031402573
8250,0.024291977
8251,0.016052254
8252,0.0040588267
8253,-0.0063781757
8254,-0.01687622
8255,-0.03204346
8256,-0.04858399
8257,-0.06668092
8258,-0.08700565
8259,-0.10638426
8260,-0.12255864
8261,-0.13806154
8262,-0.15219115
8263,-0.16397096
8264,-0.17272949
8265,-0.17807007
8266,-0.1770935
8267,-0.17102051
8268,-0.16098022
8269,-0.15014648
8270,-0.13552858
8271,-0.12017824
8272,-0.10317994
8273,-0.08331297
8274,-0.06436159
8275,-0.043121327
8276,-0.022491455
8277,-0.0024109147
8278,0.012756374
8279,0.026092514
8280,0.037475586
8281,0.045440674
8282,0.052947998
8283,0.054870605
8284,0.057983384
8285,0.058715813
8286,0.061981168
8287,0.06381227
8288,0.0663147
8289,0.07159424
8290,0.075805664
8291,0.08035278
8292,0.087249756
8293,0.0906067
8294,0.08911133
8295,0.08895875
8296,0.07809448
8297,0.066284195
8298,0.048980713
8299,0.03259276
8300,0.016174302
8301,-0.0029906929
8302,-0.018127456
8303,-0.034240708
8304,-0.05395505
8305,-0.07144168
8306,-0.08602905
8307,-0.10040285
8308,-0.11032106
8309,-0.113281235
8310,-0.11239624
8311,-0.10916138
8312,-0.106109634
8313,-0.10028075
8314,-0.09390256
8315,-0.089538574
8316,-0.07955934
8317,-0.06909178
8318,-0.056671113
8319,-0.05209349
8320,-0.0340271
8321,-0.01770021
8322,-0.014312752
8323,-0.0020751916
8324,0.009826645
8325,0.025695816
8326,0.03799437
8327,0.050872818
8328,0.06036377
8329,0.06994629
8330,0.078369126
8331,0.09036253
8332,0.09512332
8333,0.09573366
8334,0.10403445
8335,0.10061647
8336,0.09606934
8337,0.089538574
8338,0.0784607
8339,0.06863403
8340,0.06030274
8341,0.047210693
8342,0.031280518
8343,0.015075689
8344,0.0015563797
8345,-0.009948734
8346,-0.018096939
8347,-0.021057134
8348,-0.022064213
8349,-0.017425537
8350,-0.018249508
8351,-0.015808102
8352,-0.012908937
8353,-0.012084952
8354,-0.0057678297
8355,-0.0051574707
8356,-0.0007629506
8357,0.0019226149
8358,0.0034179762
8359,0.0069274902
8360,0.010437012
8361,0.014709458
8362,0.01876831
8363,0.023681618
8364,0.026031494
8365,0.031372063
8366,0.037902817
8367,0.04391478
8368,0.05035401
8369,0.053161636
8370,0.054595925
8371,0.05145265
8372,0.041168205
8373,0.03387454
8374,0.027832031
8375,0.020782484
8376,0.01449585
8377,0.004394524
8378,-0.008636475
8379,-0.022155762
8380,-0.037200943
8381,-0.050842293
8382,-0.061126716
8383,-0.06924439
8384,-0.07287598
8385,-0.07135008
8386,-0.071105964
8387,-0.0646057
8388,-0.056640625
8389,-0.047058098
8390,-0.03280639
8391,-0.023895262
8392,-0.012664802
8393,-0.0026550218
8394,0.007141117
8395,0.015502922
8396,0.024047837
8397,0.029998764
8398,0.036224365
8399,0.04122924
8400,0.043273926
8401,0.046569813
8402,0.046569817
8403,0.046295177
8404,0.046630885
8405,0.044464123
8406,0.03912354
8407,0.030487083
8408,0.021179195
8409,0.0101318285
8410,0.00027465075
8411,-0.0075073205
8412,-0.0150451735
8413,-0.019683853
8414,-0.022460934
8415,-0.0188904
8416,-0.018280037
8417,-0.016418455
8418,-0.013854971
8419,-0.010375961
8420,-0.0054626474
8421,-6.10305e-05
8422,0.0026244838
8423,-0.0019836575
8424,0.0020141415
8425,-0.00244141
8426,-0.0042724647
8427,-0.011871338
8428,-0.02273558
8429,-0.028930653
8430,-0.042236313
8431,-0.047851562
8432,-0.05673217
8433,-0.06188965
8434,-0.065734856
8435,-0.06124877
8436,-0.059570312
8437,-0.05355836
8438,-0.045959473
8439,-0.04086303
8440,-0.027465837
8441,-0.01641846
8442,-0.0011902004
8443,0.013183596
8444,0.021942148
8445,0.027160648
8446,0.02819825
8447,0.025390627
8448,0.025360124
8449,0.024322525
8450,0.020874027
8451,0.018768314
8452,0.01489258
8453,0.0059509203
8454,-0.000671383
8455,-0.005798336
8456,-0.0057678223
8457,-0.0018310621
8458,0.0035400428
8459,0.011901863
8460,0.01977539
8461,0.02426149
8462,0.031158447
8463,0.03860472
8464,0.04598996
8465,0.057525627
8466,0.06533812
8467,0.0730896
8468,0.07711789
8469,0.08078004
8470,0.081542954
8471,0.07598876
8472,0.06887819
8473,0.0591736
8474,0.044677757
8475,0.027160682
8476,0.006652862
8477,-0.01953125
8478,-0.04467772
8479,-0.06832889
8480,-0.09045412
8481,-0.10922246
8482,-0.122985855
8483,-0.13293459
8484,-0.13943483
8485,-0.14501952
8486,-0.14593504
8487,-0.14230347
8488,-0.13299559
8489,-0.115478516
8490,-0.09780885
8491,-0.07336426
8492,-0.051910385
8493,-0.028717041
8494,-0.011535637
8495,0.0053100362
8496,0.017883256
8497,0.028076164
8498,0.039428666
8499,0.041229248
8500,0.044982903
8501,0.041137703
8502,0.036193877
8503,0.028137196
8504,0.020721443
8505,0.013854966
8506,0.011108398
8507,0.008636458
8508,0.008392341
8509,0.0117187435
8510,0.014556877
8511,0.02212523
8512,0.027923554
8513,0.03469849
8514,0.039886452
8515,0.045593258
8516,0.049591057
8517,0.05218505
8518,0.055755615
8519,0.058197014
8520,0.06225586
8521,0.060546868
8522,0.06121826
8523,0.05670166
8524,0.053070083
8525,0.0536194
8526,0.051727295
8527,0.05590821
8528,0.052307144
8529,0.049224883
8530,0.04528808
8531,0.03915405
8532,0.03573607
8533,0.030090332
8534,0.026184078
8535,0.02111815
8536,0.016571047
8537,0.006317133
8538,-0.0043945173
8539,-0.018005356
8540,-0.026000962
8541,-0.02862548
8542,-0.03292844
8543,-0.036590576
8544,-0.042053208
8545,-0.04565432
8546,-0.045074485
8547,-0.047363296
8548,-0.049377464
8549,-0.04598999
8550,-0.04605104
8551,-0.04244995
8552,-0.04452513
8553,-0.053253174
8554,-0.054931656
8555,-0.056213364
8556,-0.057434082
8557,-0.05627443
8558,-0.056732133
8559,-0.056793228
8560,-0.05795288
8561,-0.059722915
8562,-0.055664077
8563,-0.04876709
8564,-0.047790512
8565,-0.03933716
8566,-0.035858124
8567,-0.036956795
8568,-0.039642334
8569,-0.035095192
8570,-0.03262332
8571,-0.03262329
8572,-0.026672363
8573,-0.019500762
8574,-0.014892563
8575,-0.0035400614
8576,0.011810288
8577,0.025909454
8578,0.043487534
8579,0.060150146
8580,0.0831604
8581,0.08807373
8582,0.10296632
8583,0.116363525
8584,0.11950685
8585,0.1262512
8586,0.13046265
8587,0.12847899
8588,0.13040161
8589,0.1307373
8590,0.12942506
8591,0.12817383
8592,0.122344956
8593,0.11508179
8594,0.09756467
8595,0.08114625
8596,0.060943626
8597,0.039215073
8598,0.017883342
8599,-0.0025024638
8600,-0.024475094
8601,-0.043304466
8602,-0.06274414
8603,-0.076904304
8604,-0.08618161
8605,-0.09362792
8606,-0.09240721
8607,-0.086090066
8608,-0.076171905
8609,-0.06430053
8610,-0.050689716
8611,-0.03991699
8612,-0.030273434
8613,-0.023895297
8614,-0.022308324
8615,-0.020355217
8616,-0.009521492
8617,-0.019042954
8618,-0.019927967
8619,-0.0124206245
8620,-0.009582497
8621,-0.003326401
8622,-0.004547119
8623,-0.0034485012
8624,-0.004211433
8625,0.007507324
8626,0.011596657
8627,0.026153564
8628,0.023498543
8629,0.03668213
8630,0.04162596
8631,0.03475953
8632,0.042083748
8633,0.035064723
8634,0.040618896
8635,0.043975845
8636,0.044708237
8637,0.03796386
8638,0.027191155
8639,0.012847893
8640,-0.0009765625
8641,-0.020507812
8642,-0.03945922
8643,-0.058319084
8644,-0.07086182
8645,-0.081359856
8646,-0.08941651
8647,-0.08914183
8648,-0.08343505
8649,-0.07806396
8650,-0.06607055
8651,-0.053222656
8652,-0.040740967
8653,-0.023132324
8654,-0.008361818
8655,0.004486084
8656,0.011291504
8657,0.019256592
8658,0.023376469
8659,0.024658207
8660,0.022125237
8661,0.018402107
8662,0.012847912
8663,0.0062866323
8664,-0.0012512319
8665,-0.010101318
8666,-0.016204827
8667,-0.024261475
8668,-0.027740479
8669,-0.03240966
8670,-0.031494148
8671,-0.029357933
8672,-0.02661132
8673,-0.020751938
8674,-0.018402092
8675,-0.015258782
8676,-0.012756348
8677,-0.011810288
8678,-0.013275132
8679,-0.013366699
8680,-0.012908936
8681,-0.012969956
8682,-0.015014648
8683,-0.019073486
8684,-0.025695771
8685,-0.037658706
8686,-0.046264663
8687,-0.04809569
8688,-0.0552063
8689,-0.069549575
8690,-0.08172606
8691,-0.0914612
8692,-0.10797118
8693,-0.13348389
8694,-0.16149902
8695,-0.17840576
8696,-0.18444826
8697,-0.17880248
8698,-0.17208862
8699,-0.17300412
8700,-0.16943347
8701,-0.14620984
8702,-0.104156435
8703,-0.0345155
8704,0.09060657
8705,0.23327613
8706,0.40737927
8707,0.61032116
8708,0.8048097
8709,0.995697
8710,1.1545411
8711,1.2970884
8712,1.3944092
8713,1.4380188
8714,1.4177552
8715,1.3213501
8716,1.1337585
8717,0.87313807
8718,0.56048596
8719,0.18865967
8720,-0.17410266
8721,-0.5272217
8722,-0.85086036
8723,-1.1331785
8724,-1.3981018
8725,-1.6441958
8726,-1.8715818
8727,-2.0723274
8728,-2.218689
8729,-2.2999878
8730,-2.3226926
8731,-2.27771
8732,-2.1652832
8733,-2.0050964
8734,-1.7859193
8735,-1.484894
8736,-1.1125491
8737,-0.68679833
8738,-0.2338259
8739,0.21789551
8740,0.6330264
8741,0.9833373
8742,1.257294
8743,1.4378965
8744,1.5305179
8745,1.5784912
8746,1.5814822
8747,1.5536804
8748,1.5370181
8749,1.5475464
8750,1.5934448
8751,1.6760253
8752,1.7765194
8753,1.8529359
8754,1.8927001
8755,1.8709412
8756,1.7561647
8757,1.5178223
8758,1.1543581
8759,0.6777953
8760,0.11303729
8761,-0.48007214
8762,-1.0633544
8763,-1.5848387
8764,-1.9933774
8765,-2.2531738
8766,-2.3457336
8767,-2.2707825
8768,-2.0440676
8769,-1.6947019
8770,-1.2493593
8771,-0.75271606
8772,-0.24670398
8773,0.22348028
8774,0.6213075
8775,0.92428565
8776,1.1182861
8777,1.2008973
8778,1.1797789
8779,1.0734863
8780,0.9010619
8781,0.6938782
8782,0.47393787
8783,0.26437384
8784,0.073364004
8785,-0.09182745
8786,-0.21731572
8787,-0.30398566
8788,-0.3529967
8789,-0.37084964
8790,-0.35440063
8791,-0.32211298
8792,-0.2752381
8793,-0.21475214
8794,-0.15869135
8795,-0.10873416
8796,-0.07171628
8797,-0.03771974
8798,-0.009857163
8799,0.014495879
8800,0.035736084
8801,0.05697632
8802,0.07791135
8803,0.09548947
8804,0.114471436
8805,0.12368773
8806,0.12994385
8807,0.12792967
8808,0.11874391
8809,0.1019592
8810,0.08300784
8811,0.066772446
8812,0.049774155
8813,0.031219527
8814,0.0007019043
8815,-0.04699704
8816,-0.11437991
8817,-0.1898804
8818,-0.25683594
8819,-0.3121643
8820,-0.3517456
8821,-0.37808228
8822,-0.38897705
8823,-0.38754272
8824,-0.36605835
8825,-0.32336426
8826,-0.26107788
8827,-0.17718503
8828,-0.08200075
8829,0.012512218
8830,0.08877563
8831,0.1437378
8832,0.17254639
8833,0.18627931
8834,0.18569945
8835,0.17193602
8836,0.15151979
8837,0.12899782
8838,0.113586426
8839,0.099517815
8840,0.08053588
8841,0.0602417
8842,0.027954087
8843,-0.010101303
8844,-0.049743682
8845,-0.09408569
8846,-0.13174438
8847,-0.16390991
8848,-0.1862793
8849,-0.19787598
8850,-0.1967163
8851,-0.17880248
8852,-0.14050293
8853,-0.08560179
8854,-0.020355225
8855,0.049652115
8856,0.10995484
8857,0.16043092
8858,0.19213863
8859,0.19900513
8860,0.187561
8861,0.15820312
8862,0.11663818
8863,0.073303215
8864,0.030639656
8865,-0.002044659
8866,-0.031341538
8867,-0.04656981
8868,-0.047668446
8869,-0.036010765
8870,-0.011383042
8871,0.01480104
8872,0.051269516
8873,0.08526611
8874,0.119415276
8875,0.14425658
8876,0.15625
8877,0.15795898
8878,0.14849854
8879,0.13259888
8880,0.10723877
8881,0.07885742
8882,0.046051037
8883,0.013519295
8884,-0.020050038
8885,-0.052642815
8886,-0.07757567
8887,-0.100891076
8888,-0.11260988
8889,-0.117675796
8890,-0.113281235
8891,-0.10107423
8892,-0.08892822
8893,-0.07592772
8894,-0.06613158
8895,-0.06097412
8896,-0.05895996
8897,-0.0626526
8898,-0.074401855
8899,-0.083465576
8900,-0.09283444
8901,-0.09442139
8902,-0.08993533
8903,-0.08615112
8904,-0.07522583
8905,-0.06777956
8906,-0.057220444
8907,-0.043701187
8908,-0.026153542
8909,-0.007720925
8910,0.016571062
8911,0.04269409
8912,0.06329347
8913,0.08026123
8914,0.08767703
8915,0.09521486
8916,0.095184326
8917,0.09475708
8918,0.092132546
8919,0.087036125
8920,0.08737181
8921,0.083862305
8922,0.07803346
8923,0.0711975
8924,0.065460205
8925,0.05636596
8926,0.038879395
8927,0.018890366
8928,-0.0025939941
8929,-0.023406968
8930,-0.046875015
8931,-0.064758316
8932,-0.07595828
8933,-0.09042359
8934,-0.09432984
8935,-0.09228514
8936,-0.09863278
8937,-0.091003425
8938,-0.07995605
8939,-0.06387329
8940,-0.040435784
8941,-0.019134536
8942,-0.0014037862
8943,0.013610839
8944,0.023803726
8945,0.033813477
8946,0.041473374
8947,0.03814694
8948,0.044189416
8949,0.040863037
8950,0.034118652
8951,0.030944824
8952,0.022216782
8953,0.025909424
8954,0.030120865
8955,0.035552993
8956,0.04812622
8957,0.06124878
8958,0.07965088
8959,0.09692383
8960,0.11785889
8961,0.13745117
8962,0.15039062
8963,0.15719604
8964,0.16137698
8965,0.16802979
8966,0.17422485
8967,0.17346191
8968,0.16275024
8969,0.14709473
8970,0.12130737
8971,0.090301484
8972,0.060333252
8973,0.02911377
8974,0.004974395
8975,-0.014465332
8976,-0.03189084
8977,-0.0463562
8978,-0.055816606
8979,-0.058288574
8980,-0.05468747
8981,-0.047760025
8982,-0.038482666
8983,-0.035858154
8984,-0.03491211
8985,-0.030822769
8986,-0.026214585
8987,-0.023956336
8988,-0.021514867
8989,-0.02355957
8990,-0.025054872
8991,-0.02508545
8992,-0.036987267
8993,-0.03857422
8994,-0.04626462
8995,-0.07006836
8996,-0.08163452
8997,-0.108856216
8998,-0.14675905
8999,-0.15994263
9000,-0.17660522
9001,-0.17764282
9002,-0.17651367
9003,-0.16461183
9004,-0.14718626
9005,-0.12109375
9006,-0.097473145
9007,-0.057495125
9008,-0.019836396
9009,0.0056457445
9010,0.05126954
9011,0.053405806
9012,0.06054686
9013,0.059082024
9014,0.03997802
9015,0.032836907
9016,0.015502907
9017,-0.000579834
9018,-0.01953125
9019,-0.039581314
9020,-0.05114743
9021,-0.06213376
9022,-0.0613098
9023,-0.055755615
9024,-0.042175278
9025,-0.025848389
9026,-0.0128478855
9027,-0.0019836426
9028,0.002166748
9029,0.0066222847
9030,0.011779785
9031,0.015838623
9032,0.018524155
9033,0.019042969
9034,0.013122544
9035,0.0048827827
9036,-0.003631562
9037,-0.013397217
9038,-0.020812958
9039,-0.025787383
9040,-0.028472885
9041,-0.029174805
9042,-0.033721924
9043,-0.03759764
9044,-0.040832505
9045,-0.044738784
9046,-0.039428666
9047,-0.030517563
9048,-0.01730346
9049,-0.004821785
9050,0.0025939867
9051,0.0108947605
9052,0.013153108
9053,0.014129624
9054,0.017822288
9055,0.02398679
9056,0.030761711
9057,0.043853767
9058,0.056701668
9059,0.067688
9060,0.08282472
9061,0.096893325
9062,0.11669923
9063,0.13595583
9064,0.15158081
9065,0.16043091
9066,0.15594482
9067,0.13787842
9068,0.11141967
9069,0.079132065
9070,0.050781235
9071,0.028045628
9072,-0.0007629469
9073,-0.032135002
9074,-0.0609436
9075,-0.081939675
9076,-0.096771225
9077,-0.10385129
9078,-0.11004635
9079,-0.104339585
9080,-0.0975952
9081,-0.096344
9082,-0.101928696
9083,-0.111450195
9084,-0.10397338
9085,-0.06985474
9086,-0.014648429
9087,0.028930657
9088,0.05984497
9089,0.09979249
9090,0.15274046
9091,0.1796875
9092,0.18539426
9093,0.17089856
9094,0.13372807
9095,0.07141113
9096,-0.010284424
9097,-0.11441046
9098,-0.22628784
9099,-0.32119757
9100,-0.390625
9101,-0.43154913
9102,-0.4471741
9103,-0.41616824
9104,-0.35549927
9105,-0.2606202
9106,-0.14178473
9107,-0.022277802
9108,0.08956912
9109,0.19171154
9110,0.28244022
9111,0.35202023
9112,0.40905762
9113,0.44888306
9114,0.46978766
9115,0.4718628
9116,0.4605714
9117,0.44213876
9118,0.41415405
9119,0.37451178
9120,0.32781976
9121,0.2695923
9122,0.20046996
9123,0.12976082
9124,0.06048575
9125,-0.004241973
9126,-0.06515519
9127,-0.11508189
9128,-0.15631115
9129,-0.18771374
9130,-0.21054071
9131,-0.22024539
9132,-0.22149652
9133,-0.21267697
9134,-0.19763184
9135,-0.18148802
9136,-0.1614685
9137,-0.14648435
9138,-0.13534546
9139,-0.12295533
9140,-0.113830574
9141,-0.1077881
9142,-0.099853516
9143,-0.08917239
9144,-0.08230592
9145,-0.071777344
9146,-0.058197033
9147,-0.05255126
9148,-0.042968746
9149,-0.02758788
9150,-0.015136685
9151,-0.004608128
9152,0.006011978
9153,0.0093994215
9154,0.018127467
9155,0.0132751465
9156,0.01306152
9157,0.013916004
9158,0.0036010705
9159,0.009216297
9160,0.008544885
9161,0.0037536733
9162,0.0049743652
9163,0.007934585
9164,0.0017395131
9165,0.0025024451
9166,-0.004150383
9167,-0.006774895
9168,-0.008911122
9169,-0.020385718
9170,-0.012481688
9171,-0.014068593
9172,-0.0178833
9173,-0.010040291
9174,-0.01171875
9175,-0.013214102
9176,0.0021667462
9177,0.0122680785
9178,0.029052742
9179,0.04159546
9180,0.05224609
9181,0.059173565
9182,0.054382324
9183,0.054382317
9184,0.042755127
9185,0.0296936
9186,0.02093507
9187,0.013214104
9188,0.0013732836
9189,-0.010467518
9190,-0.023437489
9191,-0.032470714
9192,-0.032104507
9193,-0.03250123
9194,-0.033203132
9195,-0.0345764
9196,-0.0346985
9197,-0.041198716
9198,-0.04873658
9199,-0.052734382
9200,-0.058624245
9201,-0.060211193
9202,-0.054840066
9203,-0.049774166
9204,-0.04174803
9205,-0.029815668
9206,-0.016265858
9207,0.00027463585
9208,0.016479485
9209,0.03808595
9210,0.054718018
9211,0.07104495
9212,0.08465574
9213,0.086120605
9214,0.08520506
9215,0.08355712
9216,0.078948975
9217,0.072265625
9218,0.06188965
9219,0.048919685
9220,0.033691406
9221,0.019531246
9222,0.007873535
9223,-0.0056762695
9224,-0.01681517
9225,-0.020568836
9226,-0.02816771
9227,-0.03604126
9228,-0.041839607
9229,-0.046203624
9230,-0.040740974
9231,-0.029785162
9232,-0.011718749
9233,0.0024108908
9234,0.012390135
9235,0.023529053
9236,0.038177483
9237,0.05529786
9238,0.08349609
9239,0.094329834
9240,0.055511482
9241,-0.023986809
9242,-0.11169433
9243,-0.19024658
9244,-0.253479
9245,-0.26895142
9246,-0.24652097
9247,-0.20489502
9248,-0.1575012
9249,-0.09490961
9250,-0.018188506
9251,0.08276373
9252,0.2217102
9253,0.36563098
9254,0.48171997
9255,0.5377196
9256,0.5325928
9257,0.46502674
9258,0.3666687
9259,0.26953113
9260,0.17935182
9261,0.10458362
9262,0.040344313
9263,-0.02954103
9264,-0.10122676
9265,-0.17156968
9266,-0.2355347
9267,-0.2869567
9268,-0.3295593
9269,-0.3587341
9270,-0.372345
9271,-0.3685608
9272,-0.35375977
9273,-0.32910156
9274,-0.30371094
9275,-0.27545166
9276,-0.252655
9277,-0.2289734
9278,-0.17813106
9279,-0.10223389
9280,-0.022796646
9281,0.06097412
9282,0.17382814
9283,0.30139163
9284,0.40072632
9285,0.4344788
9286,0.37963867
9287,0.27282715
9288,0.19833374
9289,0.18710327
9290,0.19555667
9291,0.195465
9292,0.20449838
9293,0.205841
9294,0.1603393
9295,0.06793213
9296,-0.0723573
9297,-0.21774286
9298,-0.33068848
9299,-0.45031703
9300,-0.6304626
9301,-0.8704222
9302,-1.1173401
9303,-1.2857664
9304,-1.3066711
9305,-1.1471252
9306,-0.8278197
9307,-0.43820214
9308,-0.010040149
9309,0.3808899
9310,0.6608275
9311,0.82775855
9312,0.8866576
9313,0.8719176
9314,0.8319397
9315,0.76864636
9316,0.6922303
9317,0.59942627
9318,0.48611453
9319,0.38314813
9320,0.28323355
9321,0.1965028
9322,0.12677008
9323,0.07336438
9324,0.044067323
9325,0.046813846
9326,0.08322132
9327,0.14602643
9328,0.22799677
9329,0.31921363
9330,0.400055
9331,0.46783447
9332,0.51266456
9333,0.52249146
9334,0.49227896
9335,0.42227182
9336,0.3242798
9337,0.20971704
9338,0.09414691
9339,-0.01889038
9340,-0.120636046
9341,-0.22055054
9342,-0.30773932
9343,-0.3942873
9344,-0.48306254
9345,-0.5639039
9346,-0.644348
9347,-0.70544446
9348,-0.7502443
9349,-0.7671204
9350,-0.7539978
9351,-0.70654297
9352,-0.6233216
9353,-0.5121765
9354,-0.37731946
9355,-0.2356261
9356,-0.10183716
9357,0.025116084
9358,0.1371766
9359,0.2330628
9360,0.3014223
9361,0.3479614
9362,0.37115481
9363,0.3634032
9364,0.336914
9365,0.28979486
9366,0.23083496
9367,0.1591492
9368,0.09057618
9369,0.021850582
9370,-0.036315914
9371,-0.082244866
9372,-0.114746094
9373,-0.12548827
9374,-0.12271117
9375,-0.0960388
9376,-0.067932114
9377,-0.030639663
9378,0.009124741
9379,0.047882065
9380,0.089141846
9381,0.12542726
9382,0.15914917
9383,0.18273927
9384,0.20071411
9385,0.20272827
9386,0.19720459
9387,0.18325807
9388,0.162323
9389,0.13659671
9390,0.10784912
9391,0.07873537
9392,0.04556276
9393,0.017913818
9394,-0.01367186
9395,-0.042816147
9396,-0.07388304
9397,-0.10229491
9398,-0.125
9399,-0.14593504
9400,-0.15280151
9401,-0.15145871
9402,-0.14138794
9403,-0.12594604
9404,-0.10610961
9405,-0.08184813
9406,-0.056945816
9407,-0.029968247
9408,0.00024414062
9409,0.03286743
9410,0.057250977
9411,0.07687378
9412,0.09060669
9413,0.09832762
9414,0.10827637
9415,0.11401369
9416,0.12203978
9417,0.12744139
9418,0.12756348
9419,0.1266785
9420,0.119384766
9421,0.10678102
9422,0.08673096
9423,0.06234743
9424,0.03292846
9425,0.0008544773
9426,-0.03396608
9427,-0.06625368
9428,-0.09561157
9429,-0.12054443
9430,-0.13916017
9431,-0.15649413
9432,-0.16647339
9433,-0.17218018
9434,-0.17175296
9435,-0.1701355
9436,-0.15924075
9437,-0.1513977
9438,-0.14926144
9439,-0.1355896
9440,-0.1302185
9441,-0.1315613
9442,-0.10757443
9443,-0.091491684
9444,-0.07217403
9445,-0.052917466
9446,-0.031433105
9447,-0.013671875
9448,-0.0014648736
9449,0.0027770996
9450,0.0020446181
9451,0.0027160645
9452,-0.005554214
9453,0.00012208521
9454,-0.019683838
9455,-0.027679473
9456,-0.029632524
9457,-0.03720092
9458,-0.02514647
9459,-0.009338386
9460,0.013793945
9461,0.040557865
9462,0.067443855
9463,0.08425903
9464,0.09234619
9465,0.096191406
9466,0.09356691
9467,0.0949402
9468,0.09066772
9469,0.08502197
9470,0.08328247
9471,0.06793211
9472,0.059967045
9473,0.05993651
9474,0.049804695
9475,0.054107666
9476,0.057037383
9477,0.0636902
9478,0.066772476
9479,0.066467285
9480,0.06347656
9481,0.064025864
9482,0.06030275
9483,0.057739243
9484,0.059631318
9485,0.046905503
9486,0.048980683
9487,0.040222153
9488,0.032134995
9489,0.03054811
9490,0.023101822
9491,0.02438356
9492,0.029083282
9493,0.03659056
9494,0.044952393
9495,0.05343625
9496,0.0602417
9497,0.0597839
9498,0.054229714
9499,0.040283184
9500,0.022308331
9501,0.0008544922
9502,-0.017425526
9503,-0.034057602
9504,-0.049560547
9505,-0.05892943
9506,-0.06887816
9507,-0.07318117
9508,-0.07507323
9509,-0.06967165
9510,-0.06750487
9511,-0.06552128
9512,-0.06375121
9513,-0.06384277
9514,-0.0673523
9515,-0.07104491
9516,-0.07055664
9517,-0.07321166
9518,-0.06695557
9519,-0.053497314
9520,-0.038909912
9521,-0.02392578
9522,-0.008117676
9523,0.0039367788
9524,0.011718744
9525,0.017700197
9526,0.023864742
9527,0.022216793
9528,0.018066414
9529,0.014923096
9530,0.012939446
9531,0.008117683
9532,0.0058593713
9533,0.008392349
9534,0.013946541
9535,0.022796616
9536,0.030548096
9537,0.038269058
9538,0.041381843
9539,0.04669191
9540,0.05154419
9541,0.059967056
9542,0.06698608
9543,0.0680542
9544,0.06518555
9545,0.05749511
9546,0.04418943
9547,0.030944824
9548,0.017242435
9549,-0.003204368
9550,-0.017059311
9551,-0.03494264
9552,-0.05355835
9553,-0.07171629
9554,-0.08822631
9555,-0.097595185
9556,-0.10144045
9557,-0.098114
9558,-0.09259034
9559,-0.0913086
9560,-0.088104255
9561,-0.079895034
9562,-0.07388307
9563,-0.06188964
9564,-0.047210675
9565,-0.034149185
9566,-0.019561766
9567,-0.00558473
9568,0.0033874437
9569,0.01812744
9570,0.03421019
9571,0.053314235
9572,0.0663452
9573,0.07537842
9574,0.077117905
9575,0.06658934
9576,0.052673332
9577,0.03555298
9578,0.021026611
9579,0.006683357
9580,-0.005615227
9581,-0.020904563
9582,-0.033264175
9583,-0.04125979
9584,-0.042968743
9585,-0.039367653
9586,-0.032592766
9587,-0.022369385
9588,-0.013549805
9589,-0.009735111
9590,-0.010009766
9591,-0.011627194
9592,-0.013153069
9593,-0.010284394
9594,-0.0072936863
9595,-0.0076293983
9596,-0.006256085
9597,-0.006927483
9598,-0.009521492
9599,-0.012725823
9600,-0.013244644
9601,-0.01162719
9602,-0.009582534
9603,-0.0043945312
9604,-6.1035156e-05
9605,0.0031432956
9606,0.005706787
9607,0.013153069
9608,0.02200313
9609,0.03161621
9610,0.048553467
9611,0.06427002
9612,0.07708739
9613,0.08599852
9614,0.09579469
9615,0.09899902
9616,0.1008911
9617,0.099914566
9618,0.09857178
9619,0.098968506
9620,0.09765625
9621,0.09790039
9622,0.09719847
9623,0.09359744
9624,0.08874512
9625,0.090209976
9626,0.08389281
9627,0.07617187
9628,0.0671692
9629,0.054382324
9630,0.036071777
9631,0.016387954
9632,-0.0066528395
9633,-0.029846191
9634,-0.055542007
9635,-0.079620376
9636,-0.0987549
9637,-0.12289427
9638,-0.14804076
9639,-0.16439816
9640,-0.1774597
9641,-0.18466185
9642,-0.171875
9643,-0.16253658
9644,-0.14746092
9645,-0.1291504
9646,-0.11474608
9647,-0.0927124
9648,-0.078063965
9649,-0.05929567
9650,-0.046722412
9651,-0.036743164
9652,-0.036895722
9653,-0.035949692
9654,-0.04562375
9655,-0.05258181
9656,-0.04229735
9657,-0.038909905
9658,-0.0222473
9659,-0.008087158
9660,0.0093688965
9661,0.023895264
9662,0.03482057
9663,0.04415895
9664,0.053344727
9665,0.06146241
9666,0.06933596
9667,0.07400513
9668,0.07540898
9669,0.07861329
9670,0.08493043
9671,0.08639526
9672,0.08786009
9673,0.09118654
9674,0.089263916
9675,0.091613755
9676,0.093627915
9677,0.0904236
9678,0.08312985
9679,0.07528688
9680,0.06848145
9681,0.062072724
9682,0.056243904
9683,0.050262436
9684,0.044860862
9685,0.035461422
9686,0.02615355
9687,0.014678968
9688,0.003692612
9689,-0.005920409
9690,-0.014709488
9691,-0.022460926
9692,-0.033996616
9693,-0.042297322
9694,-0.054321297
9695,-0.062744156
9696,-0.06872559
9697,-0.07400516
9698,-0.07861328
9699,-0.08633421
9700,-0.09005734
9701,-0.09249878
9702,-0.09280396
9703,-0.0921631
9704,-0.08624267
9705,-0.082061745
9706,-0.07803346
9707,-0.065826386
9708,-0.063415505
9709,-0.05078125
9710,-0.03704833
9711,-0.021057148
9712,-0.0016174354
9713,0.012268074
9714,0.021087639
9715,0.027679447
9716,0.031646736
9717,0.029632555
9718,0.031463623
9719,0.026794426
9720,0.028869621
9721,0.029144295
9722,0.026519768
9723,0.02896119
9724,0.024475101
9725,0.027282711
9726,0.038055435
9727,0.044525143
9728,0.05108643
9729,0.052154526
9730,0.048370354
9731,0.040008537
9732,0.027069092
9733,0.012359619
9734,-3.0515715e-05
9735,-0.010803223
9736,-0.01834106
9737,-0.019317634
9738,-0.022460941
9739,-0.017242432
9740,-0.0035400502
9741,0.010681152
9742,0.025390632
9743,0.03701783
9744,0.046417233
9745,0.05291749
9746,0.05520631
9747,0.05496216
9748,0.05154419
9749,0.043304443
9750,0.037536625
9751,0.027435295
9752,0.009155272
9753,-0.006103524
9754,-0.017883312
9755,-0.035186768
9756,-0.039825447
9757,-0.03985595
9758,-0.037902825
9759,-0.03274535
9760,-0.029998772
9761,-0.022857655
9762,-0.0182495
9763,-0.013305662
9764,-0.0077209473
9765,0.0010681115
9766,0.004760742
9767,0.010284431
9768,0.011322033
9769,0.009338371
9770,0.011810306
9771,0.012207035
9772,0.016479485
9773,0.021453857
9774,0.024749748
9775,0.025665281
9776,0.026458737
9777,0.022613537
9778,0.01324462
9779,0.004455555
9780,-0.011840817
9781,-0.026336662
9782,-0.04449462
9783,-0.06329346
9784,-0.07568358
9785,-0.07922363
9786,-0.077819824
9787,-0.073272705
9788,-0.060424805
9789,-0.04858399
9790,-0.02511597
9791,-0.0044860654
9792,0.01742554
9793,0.037200928
9794,0.049621567
9795,0.064636216
9796,0.06881714
9797,0.06912232
9798,0.065460205
9799,0.058776863
9800,0.04815674
9801,0.037384048
9802,0.024871834
9803,0.010009766
9804,-0.0039978027
9805,-0.016418446
9806,-0.023406964
9807,-0.023834229
9808,-0.019317623
9809,-0.014770549
9810,-0.0077209696
9811,-0.0021972694
9812,0.0041503757
9813,0.008972149
9814,0.0096435435
9815,0.009307861
9816,0.011444107
9817,0.015380852
9818,0.017089862
9819,0.019470204
9820,0.019989017
9821,0.023315443
9822,0.025909435
9823,0.024536125
9824,0.022674568
9825,0.018341053
9826,0.01577758
9827,0.010284424
9828,0.0045165867
9829,-0.0031127818
9830,-0.00970459
9831,-0.016693108
9832,-0.025970466
9833,-0.036102295
9834,-0.046142563
9835,-0.051239
9836,-0.054351807
9837,-0.06637572
9838,-0.07504271
9839,-0.08029175
9840,-0.088317886
9841,-0.09008789
9842,-0.09365846
9843,-0.093811005
9844,-0.085296616
9845,-0.07910158
9846,-0.06964114
9847,-0.059082046
9848,-0.053344697
9849,-0.043457016
9850,-0.03622435
9851,-0.03344725
9852,-0.029113747
9853,-0.027770996
9854,-0.022521961
9855,-0.018493652
9856,-0.013366727
9857,-0.004547105
9858,0.0049438328
9859,0.013519287
9860,0.026641846
9861,0.04098508
9862,0.049621597
9863,0.06555175
9864,0.076232925
9865,0.08963013
9866,0.1020813
9867,0.11306761
9868,0.119384766
9869,0.12341307
9870,0.12362671
9871,0.12075806
9872,0.11648558
9873,0.11151123
9874,0.10998536
9875,0.104400605
9876,0.09561161
9877,0.08206179
9878,0.06640627
9879,0.04901123
9880,0.027740493
9881,0.007324205
9882,-0.006805435
9883,-0.025299087
9884,-0.039642338
9885,-0.054626472
9886,-0.07305908
9887,-0.0871582
9888,-0.09854126
9889,-0.10516356
9890,-0.107879624
9891,-0.107360855
9892,-0.10003662
9893,-0.08615113
9894,-0.071014404
9895,-0.05114746
9896,-0.03451538
9897,-0.02142334
9898,-0.004486071
9899,0.0032653753
9900,0.011138922
9901,0.016632076
9902,0.016143784
9903,0.015991222
9904,0.012145984
9905,0.004943855
9906,-0.0032959003
9907,-0.006225586
9908,-0.0067443773
9909,0.0008544922
9910,0.009979248
9911,0.021697998
9912,0.031280518
9913,0.036499023
9914,0.04437255
9915,0.04425049
9916,0.044342034
9917,0.04208374
9918,0.03756713
9919,0.031555176
9920,0.021789543
9921,0.012512205
9922,0.003570566
9923,-0.006011961
9924,-0.011169417
9925,-0.011352541
9926,-0.01248168
9927,-0.008148192
9928,-0.0065002413
9929,-0.0049438495
9930,-0.004364012
9931,-0.010498049
9932,-0.01565552
9933,-0.018707268
9934,-0.024963386
9935,-0.026458753
9936,-0.024597175
9937,-0.02420044
9938,-0.016357437
9939,-0.012481704
9940,-0.0037841722
9941,0.011383049
9942,0.026123062
9943,0.044860855
9944,0.061767578
9945,0.07299803
9946,0.07730104
9947,0.079711914
9948,0.07165527
9949,0.06576538
9950,0.0566101
9951,0.045837387
9952,0.03814695
9953,0.0232849
9954,0.010528557
9955,-0.006866485
9956,-0.027679425
9957,-0.046844482
9958,-0.056640618
9959,-0.06677246
9960,-0.07409667
9961,-0.07751464
9962,-0.08389284
9963,-0.08432006
9964,-0.08395387
9965,-0.08142087
9966,-0.07614135
9967,-0.061645508
9968,-0.043884285
9969,-0.024383537
9970,-0.01071164
9971,-0.0035400465
9972,9.1567636e-05
9973,-0.0057678446
9974,-0.009582497
9975,-0.01589965
9976,-0.024414077
9977,-0.030120872
9978,-0.031860393
9979,-0.040191643
9980,-0.04327393
9981,-0.0442505
9982,-0.042236336
9983,-0.032714844
9984,-0.02053832
9985,-0.0037231217
9986,0.004730247
9987,0.014038101
9988,0.020111099
9989,0.023010284
9990,0.027130127
9991,0.033996567
9992,0.03866577
9993,0.046630844
9994,0.056488022
9995,0.068359375
9996,0.07809451
9997,0.08389281
9998,0.09146121
9999,0.09616089
10000,0.10247803
10001,0.105041504
10002,0.109466575
10003,0.105621345
10004,0.10296629
10005,0.093688935
10006,0.07470702
10007,0.05203244
10008,0.026458727
10009,0.0057983394
10010,-0.014587402
10011,-0.030517578
10012,-0.04837033
10013,-0.06307985
10014,-0.0796814
10015,-0.08953857
10016,-0.0932007
10017,-0.0915222
10018,-0.08074951
10019,-0.06741333
10020,-0.053955078
10021,-0.04476929
10022,-0.03909301
10023,-0.037841808
10024,-0.038055427
10025,-0.03961181
10026,-0.040527355
10027,-0.03955079
10028,-0.039520264
10029,-0.03994751
10030,-0.037475586
10031,-0.0326233
10032,-0.024017325
10033,-0.012084963
10034,0.001617441
10035,0.012878424
10036,0.02264406
10037,0.029846191
10038,0.03506471
10039,0.03726195
10040,0.03417966
10041,0.032989495
10042,0.027801514
10043,0.020324722
10044,0.013458263
10045,0.0025940053
10046,-0.0032043606
10047,-0.012329094
10048,-0.020355225
10049,-0.024810791
10050,-0.028808579
10051,-0.027679473
10052,-0.028472885
10053,-0.027801521
10054,-0.026367188
10055,-0.023284927
10056,-0.024078362
10057,-0.022827163
10058,-0.01773069
10059,-0.016265862
10060,-0.010559075
10061,-0.008697502
10062,-0.008483894
10063,-0.010101311
10064,-0.012664773
10065,-0.014984116
10066,-0.020629883
10067,-0.023010246
10068,-0.02639772
10069,-0.027435299
10070,-0.031463623
10071,-0.03277589
10072,-0.027893085
10073,-0.02328492
10074,-0.0138549805
10075,-0.004913346
10076,0.0056152493
10077,0.019958481
10078,0.0319214
10079,0.03866578
10080,0.046051025
10081,0.049987823
10082,0.050048817
10083,0.05014038
10084,0.045959473
10085,0.042388916
10086,0.038787857
10087,0.037872307
10088,0.04055786
10089,0.043121338
10090,0.044525146
10091,0.051696762
10092,0.05722046
10093,0.06359862
10094,0.0725708
10095,0.07595827
10096,0.08102416
10097,0.08126828
10098,0.079650864
10099,0.07388307
10100,0.06219484
10101,0.051666263
10102,0.03750612
10103,0.02322387
10104,0.008575454
10105,-0.0049133133
10106,-0.020904541
10107,-0.030822752
10108,-0.04321289
10109,-0.049743637
10110,-0.050872795
10111,-0.05593872
10112,-0.05322267
10113,-0.054809585
10114,-0.05114747
10115,-0.05029297
10116,-0.049560558
10117,-0.048278797
10118,-0.045837414
10119,-0.043090813
10120,-0.039489746
10121,-0.038421627
10122,-0.037445072
10123,-0.03616333
10124,-0.03451538
10125,-0.029754635
10126,-0.021667477
10127,-0.0087585375
10128,0.0024719164
10129,0.014251709
10130,0.023834229
10131,0.027923591
10132,0.030273445
10133,0.03408813
10134,0.040893562
10135,0.048858617
10136,0.053741455
10137,0.05902098
10138,0.055603027
10139,0.045257557
10140,0.033508305
10141,0.022308346
10142,0.011688224
10143,0.0034179762
10144,-0.0066223238
10145,-0.013305645
10146,-0.026092522
10147,-0.03588865
10148,-0.044311512
10149,-0.052307136
10150,-0.053466793
10151,-0.050323486
10152,-0.048614502
10153,-0.050537117
10154,-0.047271725
10155,-0.048980717
10156,-0.042999264
10157,-0.043426517
10158,-0.040924065
10159,-0.032653797
10160,-0.021820059
10161,-0.004058834
10162,0.010559075
10163,0.02682494
10164,0.037597638
10165,0.050628662
10166,0.058105472
10167,0.062316895
10168,0.06283568
10169,0.062011708
10170,0.061340325
10171,0.054107673
10172,0.04470826
10173,0.034515392
10174,0.026824951
10175,0.01632693
10176,0.015014667
10177,0.012908924
10178,0.009124737
10179,0.009948714
10180,0.0051879846
10181,0.0028076116
10182,-0.002166747
10183,-0.0047302446
10184,-0.007812519
10185,-0.012481691
10186,-0.013549805
10187,-0.014617924
10188,-0.012512196
10189,-0.016937245
10190,-0.021392822
10191,-0.027587894
10192,-0.03228759
10193,-0.034179676
10194,-0.03778076
10195,-0.039001465
10196,-0.042907715
10197,-0.04244995
10198,-0.044769287
10199,-0.04943849
10200,-0.04751589
10201,-0.048339836
10202,-0.044372544
10203,-0.04318236
10204,-0.042205818
10205,-0.039489754
10206,-0.042694084
10207,-0.04061889
10208,-0.038757302
10209,-0.031249993
10210,-0.021881085
10211,-0.011810303
10212,0.002929695
10213,0.015045149
10214,0.028198237
10215,0.035095207
10216,0.039276116
10217,0.03802491
10218,0.03744506
10219,0.035980217
10220,0.030487046
10221,0.02960205
10222,0.023559578
10223,0.020599365
10224,0.013946551
10225,0.006744381
10226,0.007263191
10227,0.002166748
10228,0.0073242206
10229,0.01184082
10230,0.013031006
10231,0.020202637
10232,0.021362301
10233,0.026275642
10234,0.031951904
10235,0.038635246
10236,0.039031982
10237,0.041900627
10238,0.043396
10239,0.040618893
10240,0.037750248
10241,0.029388428
10242,0.027252201
10243,0.018737791
10244,0.010223392
10245,-0.00546265
10246,-0.023803711
10247,-0.036468495
10248,-0.05200196
10249,-0.06204223
10250,-0.07073975
10251,-0.06399536
10252,-0.05340576
10253,-0.040863037
10254,-0.029144287
10255,-0.01849365
10256,-0.0036315909
10257,0.0022888202
10258,0.012084961
10259,0.013885502
10260,0.01849366
10261,0.01660157
10262,0.008361816
10263,0.0253601
10264,0.022064209
10265,0.0039672926
10266,0.019256603
10267,0.026641838
10268,0.033966072
10269,0.044097893
10270,0.050811753
10271,0.047607414
10272,0.049926773
10273,0.03726197
10274,0.031036407
10275,0.018981934
10276,0.005096443
10277,0.024719238
10278,0.011047348
10279,0.0154418945
10280,0.021911606
10281,0.011108413
10282,0.01940919
10283,0.023284905
10284,0.008483857
10285,0.011322014
10286,0.010986313
10287,0.017425545
10288,0.0207825
10289,0.009094248
10290,0.006805431
10291,0.00042725354
10292,-0.010192849
10293,-0.02035521
10294,-0.02859497
10295,-0.042327866
10296,-0.040252686
10297,-0.046722397
10298,-0.06539917
10299,-0.07952882
10300,-0.09478763
10301,-0.09198001
10302,-0.08728029
10303,-0.080139145
10304,-0.06832887
10305,-0.06671141
10306,-0.061553985
10307,-0.06335448
10308,-0.06359863
10309,-0.06909183
10310,-0.059143066
10311,-0.049652115
10312,-0.04592894
10313,-0.034179688
10314,-0.03250122
10315,-0.02236941
10316,-0.003173869
10317,0.0052184984
10318,0.015045159
10319,0.037658714
10320,0.038665757
10321,0.04537967
10322,0.04644774
10323,0.039398193
10324,0.03604126
10325,0.0345764
10326,0.043487564
10327,0.05422972
10328,0.05218509
10329,0.05065916
10330,0.05383301
10331,0.03781127
10332,0.031127924
10333,0.026153553
10334,0.021057136
10335,0.021881094
10336,0.018249512
10337,0.02017212
10338,0.018737793
10339,0.015472412
10340,0.012451173
10341,0.008270266
10342,0.01312256
10343,0.018676758
10344,0.02230835
10345,0.019866945
10346,0.0062561035
10347,0.0035705566
10348,0.005615235
10349,0.0095214825
10350,0.0033264158
10351,0.0023193331
10352,0.013275149
10353,0.011810302
10354,0.0011901828
10355,-0.0055847135
10356,-0.0018005371
10357,-0.021484371
10358,-0.022766113
10359,-0.026062012
10360,-0.030181881
10361,-0.030731201
10362,-0.0364685
10363,-0.01913452
10364,-0.012451174
10365,0.0039367657
10366,0.008026123
10367,0.016235344
10368,0.027465828
10369,0.03155517
10370,0.025299057
10371,0.019378662
10372,0.011901841
10373,-0.008697495
10374,-0.015747085
10375,-0.022277847
10376,-0.022644043
10377,-0.01663208
10378,-0.0046691895
10379,0.009368926
10380,0.023651093
10381,0.058410645
10382,0.08230591
10383,0.11038208
10384,0.13827515
10385,0.15496823
10386,0.16741946
10387,0.1665039
10388,0.1619568
10389,0.1574402
10390,0.1387024
10391,0.123687744
10392,0.10711669
10393,0.06475833
10394,0.041290253
10395,-0.003082246
10396,-0.039489776
10397,-0.07046509
10398,-0.099670395
10399,-0.118377715
10400,-0.13674922
10401,-0.15939333
10402,-0.17736812
10403,-0.17260742
10404,-0.17749023
10405,-0.16580197
10406,-0.16220094
10407,-0.122406
10408,-0.10153199
10409,-0.10235594
10410,-0.08010866
10411,-0.07720948
10412,-0.06436157
10413,-0.04501344
10414,-0.018890366
10415,0.007995609
10416,0.03131105
10417,0.042510986
10418,0.061187737
10419,0.056427002
10420,0.06542969
10421,0.072204575
10422,0.04397583
10423,0.0301819
10424,-0.00027463585
10425,-0.0396118
10426,-0.0647583
10427,-0.082061775
10428,-0.0942993
10429,-0.07818602
10430,-0.070007354
10431,-0.06335448
10432,-0.047668487
10433,-0.026550278
10434,0.0008239653
10435,0.02035522
10436,0.041198716
10437,0.05709836
10438,0.05465699
10439,0.05752565
10440,0.06259155
10441,0.04052733
10442,0.050628684
10443,0.045806903
10444,0.049926776
10445,0.024108924
10446,0.00021360815
10447,0.017669693
10448,-0.0015564114
10449,0.008331284
10450,-0.00076293945
10451,-0.035858154
10452,-0.066528335
10453,-0.10311891
10454,-0.15292361
10455,-0.18539429
10456,-0.21212767
10457,-0.24801633
10458,-0.25219724
10459,-0.28109747
10460,-0.28817755
10461,-0.27545148
10462,-0.23535144
10463,-0.110442996
10464,0.033050656
10465,0.22024524
10466,0.42962635
10467,0.6225585
10468,0.81134033
10469,0.97439575
10470,1.0846254
10471,1.146881
10472,1.1635742
10473,1.1293334
10474,1.0301207
10475,0.8478699
10476,0.6199342
10477,0.30432153
10478,0.0029604435
10479,-0.2826233
10480,-0.5760803
10481,-0.8107604
10482,-1.0153201
10483,-1.15094
10484,-1.2933047
10485,-1.4440615
10486,-1.5966492
10487,-1.7068787
10488,-1.7947083
10489,-1.7879335
10490,-1.7139282
10491,-1.5950928
10492,-1.3552855
10493,-1.1054993
10494,-0.77587867
10495,-0.44747913
10496,-0.09228504
10497,0.29971313
10498,0.66647315
10499,1.0538325
10500,1.3842162
10501,1.6340636
10502,1.8056031
10503,1.8988343
10504,1.9135742
10505,1.8768922
10506,1.7796631
10507,1.6512758
10508,1.4815979
10509,1.2463685
10510,0.95520014
10511,0.5811769
10512,0.17849743
10513,-0.23092663
10514,-0.6175841
10515,-0.9353945
10516,-1.1843259
10517,-1.3661193
10518,-1.4802245
10519,-1.4974364
10520,-1.4629822
10521,-1.3597107
10522,-1.184082
10523,-0.9545593
10524,-0.6679991
10525,-0.34674072
10526,-0.011535525
10527,0.32489014
10528,0.67428577
10529,0.9901428
10530,1.2639161
10531,1.4429319
10532,1.5405275
10533,1.5410767
10534,1.4279176
10535,1.2504883
10536,0.9943849
10537,0.6990359
10538,0.3934021
10539,0.09478769
10540,-0.17898546
10541,-0.40454102
10542,-0.5676882
10543,-0.66018665
10544,-0.68145764
10545,-0.65109247
10546,-0.5706786
10547,-0.46704108
10548,-0.35534656
10549,-0.25637823
10550,-0.19448838
10551,-0.15963754
10552,-0.16091907
10553,-0.19485483
10554,-0.24819952
10555,-0.31411743
10556,-0.38049313
10557,-0.4351806
10558,-0.4645996
10559,-0.47399896
10560,-0.44631958
10561,-0.38589472
10562,-0.2886963
10563,-0.16738886
10564,-0.048675522
10565,0.0541382
10566,0.11547859
10567,0.14892568
10568,0.14932251
10569,0.13949576
10570,0.11849974
10571,0.09854126
10572,0.08978271
10573,0.07662961
10574,0.07220459
10575,0.06710811
10576,0.077270515
10577,0.100067124
10578,0.13485718
10579,0.17004393
10580,0.19415283
10581,0.19418336
10582,0.17486572
10583,0.15127562
10584,0.118133515
10585,0.095703125
10586,0.09085082
10587,0.09292604
10588,0.09973145
10589,0.105041474
10590,0.098693855
10591,0.082031265
10592,0.052124023
10593,0.018127397
10594,-0.024475038
10595,-0.08038324
10596,-0.13699338
10597,-0.18688959
10598,-0.24285898
10599,-0.2832337
10600,-0.31051636
10601,-0.3294677
10602,-0.33258066
10603,-0.33224487
10604,-0.31469736
10605,-0.2860108
10606,-0.24981692
10607,-0.19482428
10608,-0.1351928
10609,-0.07241829
10610,-0.011901721
10611,0.02658093
10612,0.06869505
10613,0.09329225
10614,0.10510257
10615,0.10845947
10616,0.10995486
10617,0.11004645
10618,0.11083981
10619,0.11648558
10620,0.12881468
10621,0.1422729
10622,0.15417485
10623,0.18032835
10624,0.18478394
10625,0.1928711
10626,0.21350098
10627,0.20486452
10628,0.21258545
10629,0.21286009
10630,0.20162962
10631,0.1927185
10632,0.17266846
10633,0.16088867
10634,0.136322
10635,0.113525376
10636,0.07510376
10637,0.036682136
10638,-0.019805904
10639,-0.06231687
10640,-0.105255134
10641,-0.15405272
10642,-0.17056274
10643,-0.1873169
10644,-0.1935425
10645,-0.18389894
10646,-0.16921999
10647,-0.14904785
10648,-0.115234375
10649,-0.0809021
10650,-0.038543694
10651,-0.0021362323
10652,0.023223875
10653,0.04190065
10654,0.04165648
10655,0.0345459
10656,0.026031489
10657,0.01800537
10658,0.0034179708
10659,-0.013275142
10660,-0.007659912
10661,-0.01550293
10662,-0.021911623
10663,-0.023529053
10664,-0.020782473
10665,-0.0077514667
10666,0.008026127
10667,0.026672361
10668,0.030059813
10669,0.03213501
10670,0.03353882
10671,0.03189087
10672,0.017456051
10673,0.013519283
10674,0.018371593
10675,0.015380867
10676,0.029663084
10677,0.032989506
10678,0.028778069
10679,0.031250004
10680,0.024383545
10681,0.030487068
10682,0.02758789
10683,0.02331543
10684,0.016143784
10685,-0.0067443773
10686,-0.023071297
10687,-0.047882095
10688,-0.06997681
10689,-0.08642579
10690,-0.100982666
10691,-0.10614014
10692,-0.10348511
10693,-0.093383774
10694,-0.081756584
10695,-0.06411741
10696,-0.042968735
10697,-0.021606425
10698,0.00036621094
10699,0.01187136
10700,0.025573738
10701,0.03790282
10702,0.049682632
10703,0.06860351
10704,0.07061765
10705,0.06988523
10706,0.069122285
10707,0.06350708
10708,0.0680237
10709,0.068542495
10710,0.06958007
10711,0.06124878
10712,0.05926512
10713,0.06967163
10714,0.07556154
10715,0.06652832
10716,0.057891853
10717,0.045166
10718,0.019409195
10719,0.007110581
10720,-0.012054458
10721,-0.024047852
10722,-0.0296631
10723,-0.026763886
10724,-0.024749763
10725,-0.030578598
10726,-0.035461426
10727,-0.03475955
10728,-0.025726303
10729,-0.0066223294
10730,0.0108947605
10731,0.012573242
10732,0.017608657
10733,0.014129639
10734,0.013580322
10735,0.025390595
10736,0.042602524
10737,0.060516357
10738,0.0793152
10739,0.09762575
10740,0.102325425
10741,0.10968016
10742,0.10638428
10743,0.09732057
10744,0.088562
10745,0.075042725
10746,0.055450417
10747,0.024871841
10748,-0.0066528395
10749,-0.035278335
10750,-0.056915283
10751,-0.07003788
10752,-0.07254028
10753,-0.07437132
10754,-0.07244873
10755,-0.067840576
10756,-0.06219484
10757,-0.059661854
10758,-0.05340579
10759,-0.03942871
10760,-0.029998794
10761,-0.022094712
10762,-0.029968277
10763,-0.039489746
10764,-0.05603026
10765,-0.077362046
10766,-0.10098268
10767,-0.12509157
10768,-0.15048216
10769,-0.1739807
10770,-0.17541504
10771,-0.18478395
10772,-0.17364502
10773,-0.15307616
10774,-0.131073
10775,-0.1009216
10776,-0.0721741
10777,-0.04220584
10778,-0.014953598
10779,0.010070801
10780,0.035491943
10781,0.05401613
10782,0.060638443
10783,0.060699478
10784,0.060821533
10785,0.05331421
10786,0.046020523
10787,0.044128433
10788,0.035949722
10789,0.02935794
10790,0.013458252
10791,-0.0008239597
10792,-0.012359649
10793,-0.023559585
10794,-0.028717026
10795,-0.029937737
10796,-0.025054902
10797,-0.013977021
10798,-0.00094603
10799,0.011779785
10800,0.019500725
10801,0.03390506
10802,0.035186786
10803,0.033905037
10804,0.03039553
10805,0.020751966
10806,0.020629881
10807,0.018219026
10808,0.028503401
10809,0.02838137
10810,0.03866577
10811,0.041351333
10812,0.047790535
10813,0.05206296
10814,0.049072273
10815,0.06311037
10816,0.048919674
10817,0.043731704
10818,0.028442372
10819,0.003997825
10820,-0.008666996
10821,-0.023468029
10822,-0.026611317
10823,-0.030853283
10824,-0.028594978
10825,-0.027954105
10826,-0.023162842
10827,-0.02462769
10828,-0.024078375
10829,-0.017852785
10830,-0.02267456
10831,-0.017639164
10832,-0.015808107
10833,-0.013824448
10834,-0.005065907
10835,0.0093078725
10836,0.02313234
10837,0.038421616
10838,0.053253174
10839,0.064270005
10840,0.07482909
10841,0.079437256
10842,0.08087158
10843,0.07733154
10844,0.06515503
10845,0.049865726
10846,0.0336914
10847,0.00848389
10848,-0.010650627
10849,-0.023040783
10850,-0.03997802
10851,-0.055175778
10852,-0.0723877
10853,-0.081726074
10854,-0.08151246
10855,-0.059631348
10856,-0.051940925
10857,-0.047790527
10858,-0.01782227
10859,0.0021667518
10860,0.008911122
10861,0.02117921
10862,0.04727172
10863,0.022338865
10864,0.017272966
10865,0.028991701
10866,0.0028991771
10867,-0.007995603
10868,-0.030395512
10869,-0.024658203
10870,-0.03799439
10871,-0.03042603
10872,-0.024261484
10873,-0.0070495643
10874,0.0038147084
10875,0.039337166
10876,0.080902115
10877,0.06838989
10878,0.09957886
10879,0.07928467
10880,0.06863403
10881,0.07067871
10882,0.05001831
10883,0.028289797
10884,0.011779785
10885,-0.020690918
10886,-0.040649418
10887,-0.058441177
10888,-0.085754395
10889,-0.080780044
10890,-0.075225815
10891,-0.06466674
10892,-0.035888672
10893,-0.011871353
10894,0.014099121
10895,0.043518037
10896,0.07208252
10897,0.095947266
10898,0.11672974
10899,0.13189697
10900,0.14212036
10901,0.15521242
10902,0.15151976
10903,0.15737914
10904,0.14581299
10905,0.1324463
10906,0.11834714
10907,0.088775605
10908,0.06515503
10909,0.036071748
10910,0.006073
10911,-0.020843536
10912,-0.047790527
10913,-0.079589844
10914,-0.10238647
10915,-0.12805176
10916,-0.14169315
10917,-0.14898682
10918,-0.1534729
10919,-0.15109251
10920,-0.14556888
10921,-0.13638306
10922,-0.12854005
10923,-0.11999513
10924,-0.112274185
10925,-0.100494385
10926,-0.08898926
10927,-0.06945801
10928,-0.05032348
10929,-0.037445083
10930,-0.021545399
10931,-0.005584743
10932,0.011047371
10933,0.026031502
10934,0.037994385
10935,0.05340579
10936,0.062194824
10937,0.07543946
10938,0.08438107
10939,0.08963011
10940,0.0918579
10941,0.08929442
10942,0.09002684
10943,0.08419801
10944,0.07833863
10945,0.07110593
10946,0.06109619
10947,0.045989964
10948,0.035400383
10949,0.02200319
10950,0.0044860905
10951,-0.010864235
10952,-0.024475083
10953,-0.037963875
10954,-0.048614495
10955,-0.05422975
10956,-0.056457527
10957,-0.058685303
10958,-0.060760505
10959,-0.055145256
10960,-0.05114746
10961,-0.04721071
10962,-0.041717537
10963,-0.031555183
10964,-0.021484375
10965,-0.014373779
10966,-0.008209236
10967,-0.0035095215
10968,-0.0011596605
10969,0.00094603375
10970,0.0001830943
10971,-0.004028313
10972,-0.011199951
10973,-0.01815797
10974,-0.02560424
10975,-0.034088135
10976,-0.034301758
10977,-0.036010753
10978,-0.038146958
10979,-0.03472901
10980,-0.030212432
10981,-0.027099587
10982,-0.024871822
10983,-0.020294216
10984,-0.013214115
10985,-0.011779763
10986,-0.013397224
10987,-0.014953617
10988,-0.016052252
10989,-0.011932388
10990,-0.0056152493
10991,0.0026244987
10992,0.013183599
10993,0.023712136
10994,0.03713989
10995,0.04776001
10996,0.054290768
10997,0.05560303
10998,0.053405743
10999,0.043731675
11000,0.032562256
11001,0.020751953
11002,0.004730217
11003,-0.009155273
11004,-0.024383545
11005,-0.03536986
11006,-0.048217766
11007,-0.060516343
11008,-0.06143187
11009,-0.06204219
11010,-0.059967034
11011,-0.057830792
11012,-0.055236835
11013,-0.053955093
11014,-0.051971458
11015,-0.042785674
11016,-0.032135032
11017,-0.016052254
11018,0.0013122484
11019,0.01965331
11020,0.029602043
11021,0.036499023
11022,0.041046143
11023,0.047729507
11024,0.050628677
11025,0.046691924
11026,0.040527344
11027,0.03024286
11028,0.042175323
11029,0.10208127
11030,0.19802855
11031,0.28125
11032,0.30984494
11033,0.29647827
11034,0.24655144
11035,0.1741638
11036,0.14587401
11037,0.18762206
11038,0.24893183
11039,0.2931823
11040,0.29861444
11041,0.21890259
11042,0.07620245
11043,-0.08343518
11044,-0.20376563
11045,-0.29122913
11046,-0.37716663
11047,-0.4930725
11048,-0.68145746
11049,-0.92718506
11050,-1.1483765
11051,-1.2609253
11052,-1.2301636
11053,-1.0413209
11054,-0.76074225
11055,-0.45117188
11056,-0.1697083
11057,0.051422
11058,0.21804821
11059,0.3418885
11060,0.44961578
11061,0.5590819
11062,0.6687927
11063,0.7550353
11064,0.8060914
11065,0.8181151
11066,0.7957152
11067,0.7479556
11068,0.68359363
11069,0.5965577
11070,0.48080456
11071,0.34814465
11072,0.20379645
11073,0.06753558
11074,-0.04196167
11075,-0.10900879
11076,-0.11938453
11077,-0.07760596
11078,0.0104676485
11079,0.12197897
11080,0.2308349
11081,0.31677258
11082,0.36724833
11083,0.37753302
11084,0.35375977
11085,0.30490088
11086,0.23004168
11087,0.13732897
11088,0.027526766
11089,-0.09793097
11090,-0.23171994
11091,-0.36343378
11092,-0.4776915
11093,-0.56243885
11094,-0.6013795
11095,-0.6102904
11096,-0.6062317
11097,-0.5716553
11098,-0.50408936
11099,-0.4182129
11100,-0.3255005
11101,-0.23187257
11102,-0.15188603
11103,-0.08474733
11104,-0.029632553
11105,0.003112793
11106,0.023010314
11107,0.045043945
11108,0.08676149
11109,0.12792967
11110,0.15463254
11111,0.16986081
11112,0.15423584
11113,0.11911012
11114,0.07708742
11115,0.019744873
11116,-0.051940918
11117,-0.121856704
11118,-0.18313597
11119,-0.22531126
11120,-0.24310303
11121,-0.23532104
11122,-0.20056151
11123,-0.13641359
11124,-0.041595444
11125,0.07147211
11126,0.18786621
11127,0.29858398
11128,0.38793945
11129,0.44876096
11130,0.48138428
11131,0.481781
11132,0.45373535
11133,0.40090942
11134,0.33859253
11135,0.26260376
11136,0.17623903
11137,0.08212282
11138,-0.01361084
11139,-0.098541275
11140,-0.1703491
11141,-0.22103885
11142,-0.25708008
11143,-0.27993777
11144,-0.29367065
11145,-0.29891968
11146,-0.29647827
11147,-0.28771973
11148,-0.27087402
11149,-0.24304199
11150,-0.2119446
11151,-0.18222046
11152,-0.15490724
11153,-0.13134767
11154,-0.10617064
11155,-0.0766907
11156,-0.045989975
11157,-0.01284793
11158,0.016204832
11159,0.042877197
11160,0.067596436
11161,0.0837097
11162,0.10290529
11163,0.11450194
11164,0.1257019
11165,0.13491821
11166,0.1401672
11167,0.13955688
11168,0.13571164
11169,0.12872316
11170,0.11975098
11171,0.11254883
11172,0.101684585
11173,0.09497069
11174,0.087707505
11175,0.081085205
11176,0.07342529
11177,0.066284165
11178,0.053955108
11179,0.042236328
11180,0.03274536
11181,0.02600097
11182,0.021514915
11183,0.016021743
11184,0.015777573
11185,0.012542747
11186,0.0063476413
11187,0.0027160347
11188,-0.0011596903
11189,-0.0019226372
11190,0.0007018596
11191,0.0033874512
11192,0.006744355
11193,0.009979263
11194,0.012695314
11195,0.01278688
11196,0.0078430325
11197,-0.0037841666
11198,-0.01593016
11199,-0.030120827
11200,-0.041717537
11201,-0.055297848
11202,-0.06948852
11203,-0.08367922
11204,-0.09820558
11205,-0.10607912
11206,-0.10940554
11207,-0.104492195
11208,-0.09259035
11209,-0.07119751
11210,-0.052337646
11211,-0.0310974
11212,-0.009643549
11213,0.006195072
11214,0.020690914
11215,0.034606934
11216,0.048034668
11217,0.05270383
11218,0.05859374
11219,0.057739243
11220,0.05380249
11221,0.048889156
11222,0.046020508
11223,0.044464096
11224,0.03881836
11225,0.037506104
11226,0.034423836
11227,0.031829834
11228,0.03033448
11229,0.02505494
11230,0.0146789625
11231,-0.0022888035
11232,-0.019958511
11233,-0.044311523
11234,-0.06256105
11235,-0.07852173
11236,-0.095001176
11237,-0.1021118
11238,-0.10977173
11239,-0.11105345
11240,-0.1139221
11241,-0.11096192
11242,-0.10327149
11243,-0.0909729
11244,-0.07244875
11245,-0.053466797
11246,-0.03250123
11247,-0.014923073
11248,0.0046081133
11249,0.023956299
11250,0.043304443
11251,0.060180664
11252,0.074401855
11253,0.08691409
11254,0.098785385
11255,0.10791017
11256,0.11364746
11257,0.11511232
11258,0.11273192
11259,0.10964966
11260,0.10424803
11261,0.09909056
11262,0.08706662
11263,0.07989499
11264,0.07052612
11265,0.059478723
11266,0.047760025
11267,0.03250119
11268,0.021759003
11269,0.011932388
11270,0.0063476637
11271,-0.00387571
11272,-0.010406498
11273,-0.017669655
11274,-0.022766136
11275,-0.023162857
11276,-0.025421157
11277,-0.019348161
11278,-0.017181396
11279,-0.014373785
11280,-0.01052855
11281,-0.011840843
11282,-0.0132751465
11283,-0.016754173
11284,-0.018127471
11285,-0.029693589
11286,-0.04214476
11287,-0.055694595
11288,-0.07174681
11289,-0.0842285
11290,-0.09674072
11291,-0.10516356
11292,-0.11373901
11293,-0.113281235
11294,-0.11383058
11295,-0.11154176
11296,-0.10360716
11297,-0.093170166
11298,-0.078704864
11299,-0.06619261
11300,-0.045990005
11301,-0.030090325
11302,-0.015319847
11303,0.00299073
11304,0.019317627
11305,0.029693633
11306,0.037597656
11307,0.044982955
11308,0.042053208
11309,0.038818344
11310,0.033233643
11311,0.022705078
11312,0.013092026
11313,0.0073242188
11314,-0.0007019341
11315,-0.008941658
11316,-0.01174926
11317,-0.016510017
11318,-0.015167221
11319,-0.017028794
11320,-0.015441865
11321,-0.008026116
11322,-0.006713867
11323,-0.0010986328
11324,-0.00030516833
11325,-0.0026855618
11326,-0.0014648512
11327,0.005401619
11328,0.0097350925
11329,0.016418427
11330,0.014404304
11331,0.013397194
11332,0.0112609975
11333,-0.0008545071
11334,-0.004058823
11335,-0.0046996977
11336,0.00088500977
11337,0.007049568
11338,0.0164795
11339,0.019653305
11340,0.022399902
11341,0.025573723
11342,0.030212402
11343,0.038146965
11344,0.043029793
11345,0.050689686
11346,0.049560547
11347,0.045074463
11348,0.038665786
11349,0.03643799
11350,0.036193848
11351,0.041290298
11352,0.051635742
11353,0.059783936
11354,0.07083133
11355,0.07855226
11356,0.085235596
11357,0.09075928
11358,0.09161378
11359,0.09323118
11360,0.088165276
11361,0.08166504
11362,0.06741333
11363,0.050811768
11364,0.03295897
11365,0.010467559
11366,-0.008697541
11367,-0.03320311
11368,-0.05215454
11369,-0.069427475
11370,-0.08023071
11371,-0.090667695
11372,-0.09579468
11373,-0.09786989
11374,-0.09777832
11375,-0.09207154
11376,-0.0823364
11377,-0.06430055
11378,-0.04663086
11379,-0.022613555
11380,-0.0009765625
11381,0.017974839
11382,0.034423828
11383,0.0519104
11384,0.06738281
11385,0.08358765
11386,0.09994507
11387,0.11288452
11388,0.12402342
11389,0.1303711
11390,0.13201903
11391,0.12686157
11392,0.121978745
11393,0.11172485
11394,0.09536743
11395,0.07565306
11396,0.055633545
11397,0.030761711
11398,0.0025024377
11399,-0.023437502
11400,-0.045715332
11401,-0.06576538
11402,-0.08322145
11403,-0.09585571
11404,-0.1049805
11405,-0.11267091
11406,-0.11322023
11407,-0.11145016
11408,-0.10839846
11409,-0.099487275
11410,-0.09109498
11411,-0.07839964
11412,-0.07086182
11413,-0.06439209
11414,-0.06060791
11415,-0.062255874
11416,-0.06668092
11417,-0.07305907
11418,-0.079498306
11419,-0.085357696
11420,-0.08416748
11421,-0.084564194
11422,-0.08181761
11423,-0.0780029
11424,-0.07449339
11425,-0.064941406
11426,-0.05636596
11427,-0.04437256
11428,-0.027862579
11429,-0.013458267
11430,-0.0002136454
11431,0.011932362
11432,0.022125212
11433,0.028167726
11434,0.038543686
11435,0.043945312
11436,0.05047609
11437,0.056243926
11438,0.055877708
11439,0.058074962
11440,0.05459597
11441,0.05538939
11442,0.055175774
11443,0.05841063
11444,0.060882553
11445,0.068511955
11446,0.075103745
11447,0.07992552
11448,0.08563233
11449,0.08291627
11450,0.08456422
11451,0.07894897
11452,0.07455445
11453,0.067932144
11454,0.058013923
11455,0.045196548
11456,0.030181896
11457,0.015380848
11458,-0.00582888
11459,-0.02267456
11460,-0.04025273
11461,-0.05575563
11462,-0.06896973
11463,-0.080413826
11464,-0.08770753
11465,-0.09579467
11466,-0.09826659
11467,-0.09857176
11468,-0.09344481
11469,-0.086761475
11470,-0.07577514
11471,-0.061279297
11472,-0.048187234
11473,-0.035552964
11474,-0.027587906
11475,-0.017395027
11476,-0.013366688
11477,-0.0044860914
11478,0.0012207031
11479,0.0056762546
11480,0.010040283
11481,0.012268081
11482,0.011260986
11483,0.009674076
11484,0.008209221
11485,0.006713882
11486,0.010437017
11487,0.0073242476
11488,0.01388552
11489,0.013214119
11490,0.010711679
11491,0.011535652
11492,0.011413582
11493,0.017486565
11494,0.024169918
11495,0.033660874
11496,0.042175278
11497,0.048553467
11498,0.04904174
11499,0.05133056
11500,0.0487976
11501,0.0452881
11502,0.049499504
11503,0.048553467
11504,0.04760743
11505,0.045745842
11506,0.042083725
11507,0.04016114
11508,0.03979491
11509,0.046142563
11510,0.04876709
11511,0.047851548
11512,0.044433616
11513,0.036010735
11514,0.025390644
11515,0.012542728
11516,-0.00085448474
11517,-0.015869126
11518,-0.027893066
11519,-0.043762222
11520,-0.058441155
11521,-0.07342531
11522,-0.08639527
11523,-0.09213258
11524,-0.09484864
11525,-0.090332046
11526,-0.08483885
11527,-0.08007811
11528,-0.07214354
11529,-0.06771852
11530,-0.06192016
11531,-0.05490111
11532,-0.04855348
11533,-0.039367676
11534,-0.029907227
11535,-0.020874068
11536,-0.013671868
11537,-0.010223404
11538,-0.0097351
11539,-0.0072632134
11540,-0.0055541955
11541,-0.004302986
11542,0.0028686821
11543,0.008728027
11544,0.01181031
11545,0.019531252
11546,0.028289802
11547,0.03857421
11548,0.04867554
11549,0.05661008
11550,0.058502197
11551,0.052795418
11552,0.04611205
11553,0.03656008
11554,0.022827137
11555,0.008514406
11556,-0.002777094
11557,-0.017303474
11558,-0.030242905
11559,-0.032623287
11560,-0.032012932
11561,-0.023010261
11562,-0.00863648
11563,0.009887677
11564,0.02233886
11565,0.028350819
11566,0.027679421
11567,0.023559593
11568,0.022582993
11569,0.021850586
11570,0.025604255
11571,0.025604248
11572,0.027008057
11573,0.030487075
11574,0.036041275
11575,0.045043945
11576,0.054656982
11577,0.06567381
11578,0.07568358
11579,0.08197023
11580,0.085235596
11581,0.08599855
11582,0.086120605
11583,0.08496092
11584,0.08410643
11585,0.079071045
11586,0.07437134
11587,0.06655885
11588,0.056304947
11589,0.04449462
11590,0.030181892
11591,0.01620483
11592,0.0010986291
11593,-0.016571043
11594,-0.03445436
11595,-0.051757783
11596,-0.06619261
11597,-0.072082505
11598,-0.08111572
11599,-0.087371826
11600,-0.09344484
11601,-0.09173584
11602,-0.09234619
11603,-0.09146119
11604,-0.082916275
11605,-0.07397461
11606,-0.060424805
11607,-0.046691895
11608,-0.03021239
11609,-0.018859865
11610,-0.0014038067
11611,0.010314943
11612,0.023345947
11613,0.03326416
11614,0.039031982
11615,0.045623783
11616,0.038696293
11617,0.03451539
11618,0.02322388
11619,0.011444099
11620,-0.00070190243
11621,-0.014099129
11622,-0.027069084
11623,-0.038330093
11624,-0.045837395
11625,-0.050476074
11626,-0.051971436
11627,-0.046447754
11628,-0.038391113
11629,-0.028045654
11630,-0.017395021
11631,-0.010223387
11632,-0.002960203
11633,0.000915531
11634,0.009674076
11635,0.013549807
11636,0.019531252
11637,0.021453854
11638,0.02178955
11639,0.017700195
11640,0.009063717
11641,0.0036621112
11642,-0.0021057115
11643,-0.0024414062
11644,-0.0018005385
11645,0.0010070796
11646,0.00054931827
11647,-3.0517578e-05
11648,-0.00018310733
11649,-0.0025939923
11650,-0.0006713867
11651,0.0011901855
11652,0.0024108887
11653,0.002227785
11654,-0.0025329608
11655,-0.008697508
11656,-0.01489258
11657,-0.02166748
11658,-0.025848389
11659,-0.025146484
11660,-0.019958494
11661,-0.014556885
11662,-0.006713867
11663,0.0007629427
11664,0.008178708
11665,0.016357424
11666,0.018249512
11667,0.020599365
11668,0.017059326
11669,0.012512205
11670,0.010070801
11671,0.0038452153
11672,-0.0011596689
11673,-0.0019531241
11674,9.155087e-05
11675,-0.00082397833
11676,0.0023803692
11677,0.0048217773
11678,0.00933838
11679,0.012969972
11680,0.015594486
11681,0.021392822
11682,0.023590088
11683,0.025115967
11684,0.026977539
11685,0.027954103
11686,0.021606442
11687,0.020996105
11688,0.014862068
11689,0.0051879734
11690,-0.0018615797
11691,-0.013549805
11692,-0.026092522
11693,-0.035644516
11694,-0.04449462
11695,-0.05068969
11696,-0.05538942
11697,-0.059722885
11698,-0.05975341
11699,-0.060333252
11700,-0.058349624
11701,-0.053894043
11702,-0.05014039
11703,-0.04504396
11704,-0.039642356
11705,-0.037567154
11706,-0.03494264
11707,-0.02978513
11708,-0.02548216
11709,-0.018310525
11710,-0.010223398
11711,-0.002502419
11712,0.004943855
11713,0.014373794
11714,0.022918696
11715,0.026702868
11716,0.037597634
11717,0.041351285
11718,0.047027566
11719,0.05142212
11720,0.051391594
11721,0.054351818
11722,0.053833015
11723,0.0566101
11724,0.05688478
11725,0.055206284
11726,0.05117797
11727,0.04727173
11728,0.044494644
11729,0.043853745
11730,0.045043953
11731,0.0434265
11732,0.046264626
11733,0.048736576
11734,0.052459702
11735,0.051269557
11736,0.049957268
11737,0.046783455
11738,0.0387268
11739,0.031494133
11740,0.018005364
11741,0.0054626428
11742,-0.010620106
11743,-0.025146492
11744,-0.041564915
11745,-0.05920413
11746,-0.07662964
11747,-0.086822525
11748,-0.095764175
11749,-0.09942627
11750,-0.09713746
11751,-0.08996584
11752,-0.07788087
11753,-0.067596436
11754,-0.056427006
11755,-0.047454834
11756,-0.033660892
11757,-0.022369385
11758,-0.014007559
11759,-0.006561272
11760,0.0023498684
11761,0.0064391964
11762,0.007507324
11763,0.010284439
11764,0.0074462835
11765,0.007080078
11766,0.0068664365
11767,0.009368882
11768,0.015563972
11769,0.021331802
11770,0.02853392
11771,0.03256228
11772,0.038085938
11773,0.044860855
11774,0.053741485
11775,0.062561035
11776,0.07223514
11777,0.082031235
11778,0.081329376
11779,0.08572389
11780,0.085449204
11781,0.076354966
11782,0.07492064
11783,0.07107543
11784,0.065917954
11785,0.05670167
11786,0.04763791
11787,0.033477798
11788,0.020721436
11789,0.0025024544
11790,-0.014953582
11791,-0.026947048
11792,-0.047729477
11793,-0.058135994
11794,-0.07080077
11795,-0.078552246
11796,-0.0780945
11797,-0.08547972
11798,-0.08435059
11799,-0.08306884
11800,-0.085754395
11801,-0.08264159
11802,-0.076293945
11803,-0.07489013
11804,-0.07092285
11805,-0.06393435
11806,-0.061065678
11807,-0.055236857
11808,-0.050445583
11809,-0.037017845
11810,-0.025176995
11811,-0.013275128
11812,0.0016784742
11813,0.010467552
11814,0.018737786
11815,0.02648928
11816,0.03152466
11817,0.029480003
11818,0.032470673
11819,0.03250122
11820,0.03146362
11821,0.030303944
11822,0.025482178
11823,0.022888172
11824,0.018280026
11825,0.016357418
11826,0.0131225735
11827,0.009796143
11828,0.006134022
11829,0.005493168
11830,0.0040893517
11831,0.0013122633
11832,-0.0016479567
11833,-0.006683357
11834,-0.009063721
11835,-0.013031013
11836,-0.018310547
11837,-0.024230964
11838,-0.030151367
11839,-0.03189087
11840,-0.029510483
11841,-0.02313232
11842,-0.01739503
11843,-0.0064697415
11844,0.0077819675
11845,0.022369392
11846,0.0376892
11847,0.05340577
11848,0.07031251
11849,0.081787124
11850,0.09140016
11851,0.094757095
11852,0.092376724
11853,0.08401491
11854,0.075256355
11855,0.06698609
11856,0.054077134
11857,0.044189446
11858,0.030761704
11859,0.01681517
11860,0.0014342964
11861,-0.011596696
11862,-0.026153572
11863,-0.03900146
11864,-0.047637936
11865,-0.057556134
11866,-0.063873276
11867,-0.071533196
11868,-0.07247925
11869,-0.07397461
11870,-0.067230225
11871,-0.06127931
11872,-0.053009033
11873,-0.042877197
11874,-0.03643799
11875,-0.028137205
11876,-0.020935059
11877,-0.011627193
11878,-0.005676275
11879,0.0013122726
11880,0.0054931724
11881,0.009643557
11882,0.014862053
11883,0.02139282
11884,0.026672356
11885,0.029571544
11886,0.034545895
11887,0.03347777
11888,0.02578737
11889,0.015930165
11890,0.0057983324
11891,-0.0056152456
11892,-0.014312744
11893,-0.023559567
11894,-0.030487053
11895,-0.03759765
11896,-0.044647217
11897,-0.050109856
11898,-0.053497314
11899,-0.050933808
11900,-0.04809571
11901,-0.037261948
11902,-0.026733398
11903,-0.01751709
11904,-0.008392319
11905,0.0038757175
11906,0.0116577
11907,0.023590095
11908,0.037872322
11909,0.052307114
11910,0.0666504
11911,0.078094475
11912,0.08850097
11913,0.09353637
11914,0.095611565
11915,0.09725952
11916,0.0970459
11917,0.08868408
11918,0.07757569
11919,0.061553944
11920,0.038940437
11921,0.012573261
11922,-0.011657715
11923,-0.03472901
11924,-0.058593754
11925,-0.08206178
11926,-0.095520034
11927,-0.10098268
11928,-0.099792495
11929,-0.09451295
11930,-0.08270265
11931,-0.06756592
11932,-0.049682625
11933,-0.032562256
11934,-0.02194214
11935,-0.013610832
11936,-0.0040588295
11937,0.0010070782
11938,-0.0004577525
11939,-0.0010375939
11940,-0.0072326623
11941,-0.009643555
11942,-0.0042419434
11943,0.0027770996
11944,0.01632692
11945,0.03018187
11946,0.04339598
11947,0.06085205
11948,0.07199095
11949,0.080261216
11950,0.08679201
11951,0.09066771
11952,0.09158326
11953,0.08929445
11954,0.08221437
11955,0.06979374
11956,0.055145264
11957,0.035217293
11958,0.021331795
11959,0.0030212402
11960,-0.0114745945
11961,-0.021606453
11962,-0.03195195
11963,-0.036315933
11964,-0.040161148
11965,-0.03784182
11966,-0.036987282
11967,-0.029357903
11968,-0.022247307
11969,-0.014007553
11970,-0.0052184984
11971,-0.0012512207
11972,0.002716042
11973,0.0038146824
11974,0.0048217773
11975,0.005676262
11976,0.006652847
11977,0.0073547363
11978,0.010803223
11979,0.01675415
11980,0.019073501
11981,0.022766106
11982,0.024536148
11983,0.02514648
11984,0.02853392
11985,0.027618393
11986,0.027099598
11987,0.025604248
11988,0.019226043
11989,0.014160158
11990,0.0049438495
11991,-0.0061950646
11992,-0.018096901
11993,-0.03155518
11994,-0.041381832
11995,-0.0522461
11996,-0.06469724
11997,-0.07333375
11998,-0.07852171
11999,-0.08532717
12000,-0.08673095
12001,-0.084869385
12002,-0.0814209
12003,-0.07440186
12004,-0.06506345
12005,-0.052215565
12006,-0.040344242
12007,-0.027252223
12008,-0.014190681
12009,-0.00064088404
12010,0.007965051
12011,0.016326897
12012,0.023651116
12013,0.0270691
12014,0.024444602
12015,0.016540542
12016,0.0038146675
12017,-0.011871316
12018,-0.024108857
12019,-0.038085908
12020,-0.04870607
12021,-0.05801393
12022,-0.061584473
12023,-0.06488037
12024,-0.065521255
12025,-0.061614998
12026,-0.051788367
12027,-0.03491211
12028,-0.01577758
12029,0.0048523024
12030,0.019073498
12031,0.02838137
12032,0.036682144
12033,0.03939823
12034,0.042755116
12035,0.04638672
12036,0.04418946
12037,0.04144287
12038,0.034210213
12039,0.025573745
12040,0.016113274
12041,0.006774891
12042,0.0007629022
12043,-0.004394546
12044,-0.004241951
12045,-0.0032043569
12046,-0.0028991438
12047,-0.0009460561
12048,0.0021362416
12049,0.009399407
12050,0.012939446
12051,0.015991203
12052,0.014434807
12053,0.011230491
12054,0.006713867
12055,-0.0005187765
12056,-0.008361816
12057,-0.01654049
12058,-0.02230835
12059,-0.029693626
12060,-0.033599846
12061,-0.033111602
12062,-0.033355705
12063,-0.027160682
12064,-0.016326897
12065,-0.0066833794
12066,0.0068664476
12067,0.01934814
12068,0.032226548
12069,0.04034424
12070,0.043212883
12071,0.04229737
12072,0.036865234
12073,0.027069084
12074,0.019134544
12075,0.008941643
12076,0.00048828125
12077,-0.005676277
12078,-0.013214111
12079,-0.0222473
12080,-0.030151352
12081,-0.03674318
12082,-0.043182373
12083,-0.044982918
12084,-0.049163803
12085,-0.052398697
12086,-0.054199222
12087,-0.054779075
12088,-0.05416872
12089,-0.048614524
12090,-0.03671263
12091,-0.022491463
12092,-0.0042419415
12093,0.015777595
12094,0.033264168
12095,0.043304466
12096,0.05508423
12097,0.064270005
12098,0.06753543
12099,0.06964108
12100,0.072448745
12101,0.0758667
12102,0.07772829
12103,0.08346556
12104,0.08886719
12105,0.092437744
12106,0.095947236
12107,0.10195923
12108,0.09939578
12109,0.10110474
12110,0.099975586
12111,0.09716797
12112,0.09829715
12113,0.094451904
12114,0.09310916
12115,0.08505252
12116,0.077178955
12117,0.07229617
12118,0.067230225
12119,0.061401352
12120,0.057952836
12121,0.049041733
12122,0.041564897
12123,0.031097412
12124,0.014953628
12125,-0.00012205541
12126,-0.017059296
12127,-0.028381348
12128,-0.04046625
12129,-0.053955056
12130,-0.06835935
12131,-0.080932565
12132,-0.09140013
12133,-0.096710175
12134,-0.100372344
12135,-0.101196304
12136,-0.09225467
12137,-0.08300784
12138,-0.06787108
12139,-0.050781235
12140,-0.034240693
12141,-0.01675415
12142,0.0017089695
12143,0.020141616
12144,0.03668213
12145,0.04858397
12146,0.056427017
12147,0.063293464
12148,0.06213378
12149,0.06033327
12150,0.05374145
12151,0.043396
12152,0.034027115
12153,0.022552505
12154,0.00656131
12155,-0.012298601
12156,-0.03213501
12157,-0.056732178
12158,-0.07852174
12159,-0.09725952
12160,-0.108306885
12161,-0.115234375
12162,-0.11456299
12163,-0.1070862
12164,-0.096466064
12165,-0.0814209
12166,-0.06466674
12167,-0.04519653
12168,-0.026641846
12169,-0.009307861
12170,0.0062255915
12171,0.015777582
12172,0.019744866
12173,0.018188471
12174,0.010955818
12175,0.0038757212
12176,-0.0014343336
12177,-0.011291511
12178,-0.019042965
12179,-0.024414051
12180,-0.0303955
12181,-0.030700676
12182,-0.028198235
12183,-0.023132317
12184,-0.01690673
12185,-0.0050659142
12186,0.004638672
12187,0.011138927
12188,0.01177977
12189,0.01391599
12190,0.017395027
12191,0.018371545
12192,0.019866899
12193,0.019836426
12194,0.018768288
12195,0.018524155
12196,0.017547622
12197,0.0065307617
12198,-0.0146484375
12199,-0.03350827
12200,-0.04800415
12201,-0.0621033
12202,-0.083984375
12203,-0.10650638
12204,-0.1269226
12205,-0.14898685
12206,-0.17050168
12207,-0.19378662
12208,-0.21795654
12209,-0.22439577
12210,-0.20977783
12211,-0.19354248
12212,-0.18283081
12213,-0.17584217
12214,-0.16497809
12215,-0.14514166
12216,-0.09927362
12217,-0.021484375
12218,0.09106445
12219,0.2284851
12220,0.39205933
12221,0.561859
12222,0.722412
12223,0.8689575
12224,0.99197376
12225,1.0884702
12226,1.1479493
12227,1.160553
12228,1.1133422
12229,1.007843
12230,0.8341675
12231,0.5994263
12232,0.32305902
12233,0.026794672
12234,-0.26162732
12235,-0.5235901
12236,-0.7541199
12237,-0.9610596
12238,-1.1518555
12239,-1.3357239
12240,-1.5209353
12241,-1.6876528
12242,-1.799927
12243,-1.8439637
12244,-1.8237916
12245,-1.7466432
12246,-1.6322327
12247,-1.4901735
12248,-1.3110353
12249,-1.0714114
12250,-0.7652588
12251,-0.41558862
12252,-0.036438107
12253,0.3378296
12254,0.6947936
12255,1.0131834
12256,1.2888483
12257,1.524658
12258,1.7170104
12259,1.8641359
12260,1.9485472
12261,1.9723511
12262,1.930481
12263,1.836609
12264,1.6946716
12265,1.5079651
12266,1.2649536
12267,0.9617614
12268,0.6036376
12269,0.19866937
12270,-0.2189635
12271,-0.64001477
12272,-1.0346376
12273,-1.3788146
12274,-1.6531982
12275,-1.830841
12276,-1.8914795
12277,-1.8178098
12278,-1.6183777
12279,-1.3030394
12280,-0.90487665
12281,-0.4465028
12282,0.02194202
12283,0.46816993
12284,0.8588867
12285,1.1607664
12286,1.3683778
12287,1.4579163
12288,1.4365844
12289,1.3107909
12290,1.107605
12291,0.847229
12292,0.56103504
12293,0.2716068
12294,0.0040892065
12295,-0.21499616
12296,-0.379883
12297,-0.4721374
12298,-0.49594134
12299,-0.45077506
12300,-0.34963968
12301,-0.20971665
12302,-0.050719976
12303,0.10046378
12304,0.22781377
12305,0.30923438
12306,0.34060657
12307,0.31509393
12308,0.23391709
12309,0.109924376
12310,-0.04196176
12311,-0.19812012
12312,-0.34860235
12313,-0.48263535
12314,-0.59173584
12315,-0.6660155
12316,-0.6972961
12317,-0.6877136
12318,-0.63079834
12319,-0.53009033
12320,-0.40289307
12321,-0.26879883
12322,-0.14874265
12323,-0.053131104
12324,0.011505157
12325,0.05480957
12326,0.059631348
12327,0.048797607
12328,0.09399408
12329,0.21844485
12330,0.3602295
12331,0.46051025
12332,0.5083618
12333,0.49673462
12334,0.43533325
12335,0.35333252
12336,0.25732422
12337,0.14883426
12338,0.02917482
12339,-0.113311745
12340,-0.29019165
12341,-0.49041748
12342,-0.6386719
12343,-0.669281
12344,-0.5611572
12345,-0.3395996
12346,-0.08273317
12347,0.13067625
12348,0.27096558
12349,0.33068842
12350,0.31863403
12351,0.26199338
12352,0.18112186
12353,0.089691155
12354,-0.0036010593
12355,-0.0937805
12356,-0.16232301
12357,-0.20513915
12358,-0.22451782
12359,-0.20800781
12360,-0.16290286
12361,-0.10800168
12362,-0.047668464
12363,0.005004894
12364,0.04141237
12365,0.06484985
12366,0.081207305
12367,0.08432005
12368,0.08520509
12369,0.08892822
12370,0.09014891
12371,0.089721695
12372,0.07897948
12373,0.06341554
12374,0.051452614
12375,0.044586193
12376,0.052795403
12377,0.06341553
12378,0.07299806
12379,0.07611084
12380,0.065917976
12381,0.05065918
12382,0.03030397
12383,0.010314941
12384,-0.0039672926
12385,-0.0031738281
12386,0.00018312037
12387,0.0101318285
12388,0.020202639
12389,0.02398682
12390,0.029266343
12391,0.032684326
12392,0.03747558
12393,0.033966064
12394,0.028900139
12395,0.019287115
12396,0.0030822903
12397,-0.013275154
12398,-0.032379143
12399,-0.050109856
12400,-0.06539917
12401,-0.074768074
12402,-0.07891844
12403,-0.073150635
12404,-0.06781005
12405,-0.06085206
12406,-0.05697632
12407,-0.053253174
12408,-0.039581295
12409,-0.036010735
12410,-0.019500744
12411,0.004547119
12412,0.022613518
12413,0.04541014
12414,0.059570305
12415,0.06640625
12416,0.05941774
12417,0.04598999
12418,0.01269535
12419,-0.015777566
12420,-0.05511476
12421,-0.08462523
12422,-0.10406491
12423,-0.12591553
12424,-0.115478486
12425,-0.10723878
12426,-0.08059694
12427,-0.044738777
12428,-0.0070190504
12429,0.029113758
12430,0.0597229
12431,0.07940672
12432,0.08093262
12433,0.07293701
12434,0.055175774
12435,0.03369143
12436,0.011199949
12437,-0.008300766
12438,-0.020904515
12439,-0.02957154
12440,-0.029540999
12441,-0.024017343
12442,-0.00729369
12443,0.009368893
12444,0.030914314
12445,0.054077134
12446,0.06695557
12447,0.07434082
12448,0.06927489
12449,0.062286377
12450,0.052947998
12451,0.04241942
12452,0.030364987
12453,0.021911621
12454,0.013305657
12455,0.0054626614
12456,0.0015564039
12457,-0.0009460449
12458,0.0008850023
12459,0.006134048
12460,0.015716538
12461,0.02859497
12462,0.042205825
12463,0.050872795
12464,0.054443344
12465,0.056488022
12466,0.05096437
12467,0.046661355
12468,0.046173073
12469,0.040954586
12470,0.037078876
12471,0.03204345
12472,0.022430418
12473,0.010131845
12474,-0.0051269755
12475,-0.019683825
12476,-0.034088135
12477,-0.048919685
12478,-0.0616455
12479,-0.07418823
12480,-0.08120726
12481,-0.080902115
12482,-0.076660156
12483,-0.06732181
12484,-0.053070057
12485,-0.03274539
12486,-0.010803238
12487,0.016052246
12488,0.045257583
12489,0.07235718
12490,0.09320067
12491,0.1029358
12492,0.10165404
12493,0.09454346
12494,0.08505252
12495,0.07278443
12496,0.061370865
12497,0.051910385
12498,0.032714874
12499,0.010192843
12500,-0.0152282715
12501,-0.04238893
12502,-0.062469497
12503,-0.078002945
12504,-0.08721922
12505,-0.095428444
12506,-0.09381105
12507,-0.09185792
12508,-0.07720949
12509,-0.06265258
12510,-0.03851317
12511,-0.014465332
12512,0.010528594
12513,0.03939818
12514,0.057189927
12515,0.07962035
12516,0.09188841
12517,0.10266113
12518,0.10064698
12519,0.09600829
12520,0.083099365
12521,0.06613159
12522,0.051757827
12523,0.031768814
12524,0.01766965
12525,-0.0014037951
12526,-0.015594484
12527,-0.029815696
12528,-0.039520264
12529,-0.04586792
12530,-0.056304954
12531,-0.0635681
12532,-0.07098389
12533,-0.08001708
12534,-0.09201048
12535,-0.09719851
12536,-0.10058592
12537,-0.09786989
12538,-0.08810423
12539,-0.07662964
12540,-0.061767593
12541,-0.04681398
12542,-0.036651626
12543,-0.026702866
12544,-0.022399902
12545,-0.023986831
12546,-0.034118652
12547,-0.05029294
12548,-0.06851196
12549,-0.091552734
12550,-0.114410415
12551,-0.13601686
12552,-0.15005495
12553,-0.15301512
12554,-0.14419559
12555,-0.12210084
12556,-0.09716798
12557,-0.0657959
12558,-0.032501236
12559,0.0037231166
12560,0.04187011
12561,0.077026375
12562,0.10595703
12563,0.12677006
12564,0.1446228
12565,0.14517213
12566,0.13964841
12567,0.12875368
12568,0.12170409
12569,0.112579346
12570,0.10269165
12571,0.08187866
12572,0.035003603
12573,-0.025543153
12574,-0.04815668
12575,0.06124866
12576,0.29977417
12577,0.5114441
12578,0.59954834
12579,0.5968933
12580,0.5621949
12581,0.5069276
12582,0.44454944
12583,0.35089105
12584,0.19750965
12585,-0.017059267
12586,-0.31848145
12587,-0.6724242
12588,-1.0463867
12589,-1.2846986
12590,-1.3057861
12591,-1.1483461
12592,-0.9037781
12593,-0.6643983
12594,-0.47854602
12595,-0.31390387
12596,-0.11306763
12597,0.089782745
12598,0.29370096
12599,0.4573365
12600,0.56362915
12601,0.6197816
12602,0.6221925
12603,0.6012268
12604,0.5610962
12605,0.51348877
12606,0.46740723
12607,0.41641235
12608,0.36080933
12609,0.2954712
12610,0.22836304
12611,0.15011598
12612,0.0749512
12613,0.002594009
12614,-0.06936638
12615,-0.1352234
12616,-0.19711299
12617,-0.24972537
12618,-0.29315186
12619,-0.31393433
12620,-0.31356812
12621,-0.29486084
12622,-0.25665283
12623,-0.20300293
12624,-0.14538574
12625,-0.08892821
12626,-0.031066893
12627,0.015350368
12628,0.051330574
12629,0.07562257
12630,0.08496095
12631,0.0828552
12632,0.07452394
12633,0.066101074
12634,0.0628357
12635,0.063934326
12636,0.06741333
12637,0.07901001
12638,0.08200073
12639,0.08532714
12640,0.08044434
12641,0.06463622
12642,0.048645012
12643,0.026794448
12644,0.01007079
12645,-0.010528546
12646,-0.025268584
12647,-0.03909304
12648,-0.04507444
12649,-0.046722397
12650,-0.04217527
12651,-0.026397698
12652,-0.011322014
12653,0.012359604
12654,0.034271233
12655,0.054534927
12656,0.067749046
12657,0.07397461
12658,0.07464601
12659,0.06811525
12660,0.060913086
12661,0.044921875
12662,0.03100586
12663,0.013916023
12664,-0.0057372972
12665,-0.026580788
12666,-0.04916382
12667,-0.06683349
12668,-0.084899895
12669,-0.09368898
12670,-0.102630585
12671,-0.106414795
12672,-0.11093139
12673,-0.108367935
12674,-0.108123794
12675,-0.10586547
12676,-0.094299324
12677,-0.08129881
12678,-0.061950684
12679,-0.047546398
12680,-0.02722169
12681,-0.014984127
12682,-0.0035400465
12683,0.010162344
12684,0.017211938
12685,0.023712156
12686,0.03283692
12687,0.039154068
12688,0.039581276
12689,0.041137703
12690,0.038787827
12691,0.037414573
12692,0.032562256
12693,0.027130127
12694,0.029602058
12695,0.026061997
12696,0.028533932
12697,0.029266357
12698,0.02465821
12699,0.026275638
12700,0.021057136
12701,0.022216786
12702,0.024322521
12703,0.024536144
12704,0.025176995
12705,0.02703859
12706,0.023529053
12707,0.024505623
12708,0.021362312
12709,0.018127449
12710,0.03710936
12711,0.03594973
12712,0.03839112
12713,0.04174806
12714,0.03610232
12715,0.03579711
12716,0.030853275
12717,0.02807618
12718,0.024902351
12719,0.021453876
12720,0.016357392
12721,0.01748658
12722,0.0054321215
12723,0.00067138765
12724,0.00054930896
12725,-0.0100402795
12726,-0.0095214695
12727,-0.017669655
12728,-0.025695793
12729,-0.03710936
12730,-0.046325706
12731,-0.053924553
12732,-0.06320191
12733,-0.068359375
12734,-0.07272339
12735,-0.07098387
12736,-0.067230225
12737,-0.06564332
12738,-0.064636216
12739,-0.06594847
12740,-0.06982422
12741,-0.06549073
12742,-0.060974106
12743,-0.05325317
12744,-0.03967285
12745,-0.026153563
12746,-0.010986343
12747,0.00448607
12748,0.019134516
12749,0.031127928
12750,0.040893547
12751,0.04644776
12752,0.050445564
12753,0.049438477
12754,0.04458618
12755,0.042358406
12756,0.033508305
12757,0.025878903
12758,0.02032471
12759,0.012939464
12760,0.006011963
12761,0.0082702525
12762,0.009460449
12763,0.011718735
12764,0.015747063
12765,0.019378677
12766,0.023956291
12767,0.024353012
12768,0.03186036
12769,0.039154038
12770,0.045471184
12771,0.055236824
12772,0.061279282
12773,0.06201172
12774,0.060455307
12775,0.05474852
12776,0.0473938
12777,0.0385437
12778,0.028167717
12779,0.018249512
12780,0.015136696
12781,0.0098877065
12782,0.004730221
12783,-0.010314956
12784,-0.027526863
12785,-0.046234123
12786,-0.069549575
12787,-0.09594728
12788,-0.12631229
12789,-0.13140874
12790,-0.102905214
12791,-0.024871916
12792,0.084106416
12793,0.19497688
12794,0.290039
12795,0.35604864
12796,0.360321
12797,0.30288702
12798,0.23864743
12799,0.22265634
12800,0.24111938
12801,0.2254029
12802,0.17803943
12803,0.078125
12804,-0.057678103
12805,-0.21423352
12806,-0.38583362
12807,-0.52749634
12808,-0.6221924
12809,-0.6921692
12810,-0.7816771
12811,-0.90524304
12812,-1.0533447
12813,-1.1609803
12814,-1.1686707
12815,-1.0336303
12816,-0.77520764
12817,-0.45812988
12818,-0.12869276
12819,0.16259766
12820,0.3631897
12821,0.47579968
12822,0.5124512
12823,0.51019305
12824,0.51852435
12825,0.54418916
12826,0.58477795
12827,0.61135846
12828,0.6199036
12829,0.61294544
12830,0.5983583
12831,0.5690615
12832,0.5279236
12833,0.47421253
12834,0.41171253
12835,0.36441028
12836,0.32623303
12837,0.30828857
12838,0.31378162
12839,0.34152222
12840,0.39846802
12841,0.46606457
12842,0.5290222
12843,0.5758666
12844,0.5841369
12845,0.5551452
12846,0.48669446
12847,0.38388062
12848,0.25808704
12849,0.12069678
12850,-0.024749726
12851,-0.17300427
12852,-0.32638556
12853,-0.4810183
12854,-0.62564075
12855,-0.76107764
12856,-0.8644409
12857,-0.9315796
12858,-0.96194446
12859,-0.95230114
12860,-0.902954
12861,-0.8182067
12862,-0.7124329
12863,-0.5950316
12864,-0.4732667
12865,-0.34875476
12866,-0.24087542
12867,-0.14953613
12868,-0.07702644
12869,-0.01577758
12870,0.04333495
12871,0.09631359
12872,0.14804077
12873,0.19363391
12874,0.24121109
12875,0.28546137
12876,0.32626352
12877,0.35406506
12878,0.36712652
12879,0.36434948
12880,0.34317023
12881,0.3034668
12882,0.24417113
12883,0.17218018
12884,0.09719847
12885,0.031372055
12886,-0.022216827
12887,-0.065277085
12888,-0.09136962
12889,-0.102752686
12890,-0.09988402
12891,-0.084411606
12892,-0.067291245
12893,-0.043670624
12894,-0.024047822
12895,-0.0074157715
12896,0.0039672554
12897,0.007873535
12898,0.0030517727
12899,-0.0054932088
12900,-0.019622803
12901,-0.034698486
12902,-0.0446167
12903,-0.053039543
12904,-0.04766845
12905,-0.038879383
12906,-0.023132294
12907,-0.015350312
12908,-0.0031127632
12909,-0.00015258975
12910,0.0045166127
12911,0.01336671
12912,0.022613518
12913,0.03396608
12914,0.04141234
12915,0.060791
12916,0.059570298
12917,0.06945801
12918,0.07229614
12919,0.08181763
12920,0.09384155
12921,0.108184814
12922,0.1272583
12923,0.13705444
12924,0.1531372
12925,0.16131592
12926,0.17218018
12927,0.17349243
12928,0.1798706
12929,0.17755127
12930,0.165802
12931,0.15655518
12932,0.13702393
12933,0.115234375
12934,0.092681885
12935,0.067413315
12936,0.043365464
12937,0.025726318
12938,0.004791245
12939,-0.015960678
12940,-0.031524666
12941,-0.05505372
12942,-0.072723374
12943,-0.0906067
12944,-0.104949936
12945,-0.11398319
12946,-0.11697388
12947,-0.115997344
12948,-0.113342285
12949,-0.111267105
12950,-0.10742189
12951,-0.09863283
12952,-0.09408572
12953,-0.07833862
12954,-0.072204635
12955,-0.06695557
12956,-0.06658934
12957,-0.071899414
12958,-0.08120725
12959,-0.09112548
12960,-0.09317017
12961,-0.089263916
12962,-0.07702637
12963,-0.065277085
12964,-0.045837395
12965,-0.028839089
12966,-0.013214111
12967,-6.103888e-05
12968,0.0060424693
12969,0.011871334
12970,0.011413582
12971,0.007751424
12972,-0.0004577674
12973,-0.010772731
12974,-0.017578132
12975,-0.021789532
12976,-0.022155784
12977,-0.019470207
12978,-0.014129624
12979,-0.009368874
12980,-0.0012207031
12981,0.009277374
12982,0.016418468
12983,0.021789562
12984,0.025268558
12985,0.0276184
12986,0.02380373
12987,0.021575902
12988,0.016693093
12989,0.011383034
12990,0.009582512
12991,0.0026550144
12992,-0.0041503906
12993,-0.016265854
12994,-0.02935791
12995,-0.04266356
12996,-0.052093484
12997,-0.05688476
12998,-0.056671135
12999,-0.05346679
13000,-0.04733275
13001,-0.035949707
13002,-0.027191147
13003,-0.011627213
13004,0.004364021
13005,0.021606445
13006,0.04525756
13007,0.063903816
13008,0.07794189
13009,0.08300781
13010,0.08602906
13011,0.08255005
13012,0.07263185
13013,0.0625
13014,0.051940925
13015,0.035278317
13016,0.014862068
13017,-0.0025329478
13018,-0.022644054
13019,-0.03750612
13020,-0.046447746
13021,-0.046264656
13022,-0.05032349
13023,-0.050170906
13024,-0.04144287
13025,-0.039093025
13026,-0.030426025
13027,-0.021148674
13028,-0.009185795
13029,-0.0031738197
13030,0.0059204157
13031,0.014526383
13032,0.020416254
13033,0.027709967
13034,0.035949707
13035,0.045379627
13036,0.04403687
13037,0.047790527
13038,0.04010009
13039,0.034362793
13040,0.033843994
13041,0.025146484
13042,0.017852787
13043,0.007995598
13044,-0.00091552734
13045,-0.018920895
13046,-0.024322506
13047,-0.027435306
13048,-0.040893555
13049,-0.056426995
13050,-0.084838875
13051,-0.118408196
13052,-0.14089966
13053,-0.10778808
13054,-0.039489724
13055,0.031341553
13056,0.1156006
13057,0.1963501
13058,0.24652098
13059,0.3168335
13060,0.40249628
13061,0.428955
13062,0.4027406
13063,0.31680295
13064,0.14028937
13065,-0.111083806
13066,-0.39474487
13067,-0.647522
13068,-0.8454895
13069,-0.95571893
13070,-0.966156
13071,-0.91796863
13072,-0.8129577
13073,-0.6167297
13074,-0.35504177
13075,-0.046173155
13076,0.2802124
13077,0.5619505
13078,0.77117926
13079,0.8903198
13080,0.93209827
13081,0.89797974
13082,0.8170167
13083,0.70813
13084,0.5833739
13085,0.46484378
13086,0.3517152
13087,0.253479
13088,0.17248538
13089,0.10708608
13090,0.05444324
13091,0.010284349
13092,-0.037475575
13093,-0.09011835
13094,-0.13696298
13095,-0.18344127
13096,-0.21658322
13097,-0.23873901
13098,-0.25143433
13099,-0.25854483
13100,-0.26043713
13101,-0.25732416
13102,-0.24911498
13103,-0.23840334
13104,-0.23428346
13105,-0.24713133
13106,-0.27844238
13107,-0.2991333
13108,-0.2793579
13109,-0.20242311
13110,-0.09490965
13111,-0.010711685
13112,0.039611816
13113,0.07940671
13114,0.102813676
13115,0.120208725
13116,0.13189702
13117,0.13610838
13118,0.13339232
13119,0.06304936
13120,-0.030242935
13121,-0.1567383
13122,-0.2833252
13123,-0.34143063
13124,-0.3310547
13125,-0.2741394
13126,-0.20352171
13127,-0.13220218
13128,-0.077209495
13129,-0.0040588565
13130,0.05145263
13131,0.13345335
13132,0.19866948
13133,0.23956302
13134,0.28305054
13135,0.28814697
13136,0.28326416
13137,0.2666626
13138,0.22451782
13139,0.17178345
13140,0.11114502
13141,0.04296875
13142,-0.016204845
13143,-0.06936645
13144,-0.105163574
13145,-0.13220212
13146,-0.14041136
13147,-0.14562987
13148,-0.13684082
13149,-0.116302475
13150,-0.087432876
13151,-0.048614502
13152,-0.013244629
13153,0.022033677
13154,0.05334474
13155,0.07565306
13156,0.089660645
13157,0.10412596
13158,0.10873413
13159,0.11511232
13160,0.12542723
13161,0.12908936
13162,0.1288147
13163,0.12905884
13164,0.12603758
13165,0.12081908
13166,0.11325072
13167,0.10015866
13168,0.0871277
13169,0.06674193
13170,0.043914795
13171,0.02963256
13172,-0.0012817085
13173,-0.020935066
13174,-0.034759544
13175,-0.05560302
13176,-0.06423951
13177,-0.072418205
13178,-0.067932144
13179,-0.069183365
13180,-0.057281524
13181,-0.05212404
13182,-0.044403076
13183,-0.041137695
13184,-0.040191665
13185,-0.029815666
13186,-0.03732301
13187,-0.034118645
13188,-0.03997802
13189,-0.044433605
13190,-0.049530044
13191,-0.055267345
13192,-0.060119618
13193,-0.06585693
13194,-0.06072999
13195,-0.056793228
13196,-0.052642822
13197,-0.0455017
13198,-0.036407456
13199,-0.028717026
13200,-0.022827148
13201,-0.017669655
13202,-0.0137329325
13203,-0.016174316
13204,-0.015960708
13205,-0.017944336
13206,-0.023925781
13207,-0.029541045
13208,-0.036407456
13209,-0.04080203
13210,-0.04687503
13211,-0.046417236
13212,-0.04260253
13213,-0.03970336
13214,-0.033050537
13215,-0.027160615
13216,-0.022033691
13217,-0.013427727
13218,-0.00875856
13219,-0.0041809157
13220,0.0007934496
13221,0.0007018931
13222,-0.001892075
13223,-3.0547613e-05
13224,0.0019836444
13225,0.006134033
13226,0.01745607
13227,0.02420044
13228,0.03872679
13229,0.05416869
13230,0.065155014
13231,0.080505386
13232,0.092529304
13233,0.10278321
13234,0.11215209
13235,0.11428833
13236,0.108428955
13237,0.09753418
13238,0.07666017
13239,0.05444335
13240,0.027862549
13241,-0.0010375902
13242,-0.02725219
13243,-0.05291748
13244,-0.07846071
13245,-0.09555054
13246,-0.10867312
13247,-0.115692124
13248,-0.11309815
13249,-0.10809326
13250,-0.09280397
13251,-0.07543944
13252,-0.050964363
13253,-0.02529909
13254,-0.002716072
13255,0.01824949
13256,0.038269058
13257,0.05603026
13258,0.07003787
13259,0.08184813
13260,0.08938597
13261,0.09649658
13262,0.09985351
13263,0.105224624
13264,0.10806274
13265,0.10128786
13266,0.096893296
13267,0.08877564
13268,0.077880844
13269,0.06594848
13270,0.049072266
13271,0.025817847
13272,0.0082092285
13273,-0.013244629
13274,-0.035949714
13275,-0.053863555
13276,-0.071838394
13277,-0.08044435
13278,-0.089752205
13279,-0.09573364
13280,-0.09881592
13281,-0.099548325
13282,-0.10269164
13283,-0.094940186
13284,-0.0856018
13285,-0.0722046
13286,-0.05319213
13287,-0.039428703
13288,-0.020965574
13289,-0.008972153
13290,0.003478988
13291,0.011199941
13292,0.017608628
13293,0.022338856
13294,0.02856445
13295,0.033813488
13296,0.03625488
13297,0.03823853
13298,0.03759765
13299,0.04174804
13300,0.039855964
13301,0.042907722
13302,0.044464104
13303,0.045471206
13304,0.04800415
13305,0.04367067
13306,0.04055787
13307,0.03393556
13308,0.024536144
13309,0.0175171
13310,0.012634285
13311,0.0029296838
13312,-0.0015564077
13313,-0.009033211
13314,-0.017761242
13315,-0.02349855
13316,-0.031097423
13317,-0.037078854
13318,-0.04574586
13319,-0.050659195
13320,-0.053131085
13321,-0.05233764
13322,-0.052673317
13323,-0.048706047
13324,-0.045654293
13325,-0.041381836
13326,-0.03887939
13327,-0.037689194
13328,-0.034027103
13329,-0.031585697
13330,-0.02621461
13331,-0.022186268
13332,-0.016662609
13333,-0.014068596
13334,-0.009338377
13335,-0.0022277832
13336,0.0028076358
13337,0.011199951
13338,0.018707268
13339,0.027038582
13340,0.036376946
13341,0.042694107
13342,0.052795403
13343,0.058807373
13344,0.06793215
13345,0.07427979
13346,0.07785033
13347,0.08251953
13348,0.08273317
13349,0.08282471
13350,0.07550049
13351,0.06787109
13352,0.051483147
13353,0.036834717
13354,0.017150877
13355,-0.0039977897
13356,-0.021911621
13357,-0.04086303
13358,-0.053894043
13359,-0.06430053
13360,-0.0678711
13361,-0.068145745
13362,-0.063568115
13363,-0.060424805
13364,-0.053497307
13365,-0.04611206
13366,-0.038238525
13367,-0.026184082
13368,-0.017700192
13369,-0.010192871
13370,-0.0032653771
13371,0.00088500977
13372,0.0032653809
13373,0.011322014
13374,0.018493652
13375,0.028381348
13376,0.040130623
13377,0.049407963
13378,0.058502197
13379,0.057800297
13380,0.060455315
13381,0.058471706
13382,0.042968757
13383,0.024230972
13384,0.025573753
13385,0.028320324
13386,0.018341083
13387,0.0053710938
13388,-0.019409187
13389,-0.060119636
13390,-0.11547854
13391,-0.06173709
13392,0.10800171
13393,0.21762082
13394,0.2196655
13395,0.13912964
13396,0.040252686
13397,-0.037231438
13398,-0.059844933
13399,-0.06179808
13400,-0.054962143
13401,-0.06658937
13402,-0.10964963
13403,-0.20681761
13404,-0.3514099
13405,-0.39230347
13406,-0.32260132
13407,-0.16223145
13408,0.013732888
13409,0.09475707
13410,0.06921382
13411,0.0013122484
13412,-0.04779055
13413,-0.0552368
13414,-0.027008072
13415,0.015197755
13416,0.049285874
13417,0.07052612
13418,0.08074951
13419,0.082977295
13420,0.081024155
13421,0.07852172
13422,0.07894898
13423,0.08078
13424,0.08129884
13425,0.08081055
13426,0.07366943
13427,0.0663147
13428,0.058746338
13429,0.049621582
13430,0.04159546
13431,0.030914305
13432,0.022094727
13433,0.01092529
13434,0.00094602816
13435,-0.0076293834
13436,-0.014129644
13437,-0.021423345
13438,-0.025878899
13439,-0.029266361
13440,-0.032379147
13441,-0.03274536
13442,-0.028930675
13443,-0.021667492
13444,-0.015167229
13445,0.0012207031
13446,0.017272942
13447,0.026489254
13448,0.03967286
13449,0.046569824
13450,0.053283684
13451,0.055389397
13452,0.051208496
13453,0.04486084
13454,0.029907234
13455,0.016998302
13456,0.0060729897
13457,-0.009185785
13458,-0.01916504
13459,-0.024749745
13460,-0.034332283
13461,-0.03497313
13462,-0.03860474
13463,-0.040863037
13464,-0.03845214
13465,-0.043029778
13466,-0.04235839
13467,-0.04568483
13468,-0.052795403
13469,-0.05065919
13470,-0.05227661
13471,-0.048065186
13472,-0.04144287
13473,-0.039306637
13474,-0.03198243
13475,-0.02362059
13476,-0.012603773
13477,-0.0013122344
13478,0.007751461
13479,0.014129653
13480,0.025085455
13481,0.028625488
13482,0.029418956
13483,0.031127911
13484,0.028991707
13485,0.033111565
13486,0.033691406
13487,0.032287598
13488,0.028961182
13489,0.02407837
13490,0.021881102
13491,0.017303467
13492,0.013671873
13493,0.012664795
13494,0.009979246
13495,0.014526373
13496,0.015869133
13497,0.018554695
13498,0.01428223
13499,0.008728035
13500,0.00082396716
13501,-0.014984146
13502,-0.02716063
13503,-0.04418946
13504,-0.057312
13505,-0.07305908
13506,-0.080780044
13507,-0.08480838
13508,-0.08157349
13509,-0.069854744
13510,-0.054962173
13511,-0.032318108
13512,-0.010162367
13513,0.01412967
13514,0.031066878
13515,0.043853767
13516,0.053863525
13517,0.056274403
13518,0.054046664
13519,0.048187267
13520,0.035644524
13521,0.025390614
13522,0.011657711
13523,-0.001190193
13524,-0.011077879
13525,-0.022247314
13526,-0.028686522
13527,-0.03601074
13528,-0.03848268
13529,-0.036224365
13530,-0.02792359
13531,-0.019622795
13532,-0.00827026
13533,0.0037841871
13534,0.013549797
13535,0.025482163
13536,0.0345459
13537,0.045257553
13538,0.05664061
13539,0.06359863
13540,0.07192993
13541,0.07666017
13542,0.083160385
13543,0.08959961
13544,0.09854126
13545,0.10678102
13546,0.11154176
13547,0.110382065
13548,0.10626221
13549,0.10079956
13550,0.09436036
13551,0.08081054
13552,0.067687966
13553,0.056365967
13554,0.033264145
13555,0.0117798
13556,-0.01586914
13557,-0.042175267
13558,-0.06689453
13559,-0.0863037
13560,-0.107360825
13561,-0.123718254
13562,-0.13696288
13563,-0.14416505
13564,-0.14532472
13565,-0.14065552
13566,-0.12350465
13567,-0.11022951
13568,-0.09338382
13569,-0.074584946
13570,-0.060729973
13571,-0.04953
13572,-0.03933715
13573,-0.029815666
13574,-0.022521943
13575,-0.020629875
13576,-0.017211884
13577,-0.017913818
13578,-0.017883286
13579,-0.0155639425
13580,-0.012603745
13581,-0.011291519
13582,-0.010192879
13583,-0.010559075
13584,-0.016693115
13585,-0.017944306
13586,-0.02441407
13587,-0.02169799
13588,-0.020050041
13589,-0.017913815
13590,-0.010589577
13591,-0.0050964355
13592,0.00073245354
13593,0.01239015
13594,0.0235596
13595,0.035552993
13596,0.048980735
13597,0.051666267
13598,0.057617188
13599,0.057525642
13600,0.055145256
13601,0.04818725
13602,0.04238891
13603,0.039947506
13604,0.03378296
13605,0.024810798
13606,0.022857666
13607,0.018798828
13608,0.012451176
13609,0.01705933
13610,0.016113292
13611,0.020263672
13612,0.02676393
13613,0.031249985
13614,0.03491211
13615,0.03817749
13616,0.042724602
13617,0.043975845
13618,0.043701164
13619,0.04486084
13620,0.047302227
13621,0.04748537
13622,0.04821776
13623,0.042816173
13624,0.03378297
13625,0.019989036
13626,0.0092773745
13627,-0.0060730036
13628,-0.020935044
13629,-0.028869651
13630,-0.04040528
13631,-0.04638672
13632,-0.052398693
13633,-0.060546875
13634,-0.06170656
13635,-0.061767586
13636,-0.05795289
13637,-0.04785154
13638,-0.04162598
13639,-0.0385437
13640,-0.032257076
13641,-0.030059818
13642,-0.029937742
13643,-0.026885986
13644,-0.024139404
13645,-0.020935051
13646,-0.019866947
13647,-0.013031004
13648,-0.007873539
13649,0.0067138607
13650,0.013916008
13651,0.013031006
13652,0.034606926
13653,0.034301765
13654,0.033477783
13655,0.042266846
13656,0.04071045
13657,0.04092407
13658,0.035949707
13659,0.030151367
13660,0.018951416
13661,0.013031004
13662,0.0012512207
13663,0.0075683594
13664,-0.0022582933
13665,-0.005035408
13666,0.0044555664
13667,-0.01727296
13668,-0.0006408803
13669,-0.011749268
13670,-0.014343262
13671,-0.0014343113
13672,-0.023529053
13673,-0.0013427585
13674,0.00018312037
13675,0.010681152
13676,0.016113281
13677,0.029052734
13678,0.03775026
13679,0.05297853
13680,0.060485885
13681,0.06616208
13682,0.089080796
13683,0.081726074
13684,0.11392213
13685,0.09753418
13686,0.08728028
13687,0.08316041
13688,0.05081177
13689,0.04150392
13690,0.025146497
13691,0.0026550302
13692,-0.009155273
13693,-0.028198212
13694,-0.040252663
13695,-0.05435182
13696,-0.0805664
13697,-0.09225466
13698,-0.10336302
13699,-0.108886726
13700,-0.11105347
13701,-0.112823494
13702,-0.118316665
13703,-0.1135254
13704,-0.11331178
13705,-0.10574342
13706,-0.09185792
13707,-0.07849119
13708,-0.050842285
13709,-0.037994377
13710,-0.021057133
13711,-0.011505134
13712,-0.007690426
13713,0.0010375828
13714,0.004760757
13715,0.004272446
13716,0.016204834
13717,0.024078354
13718,0.028411865
13719,0.027435284
13720,0.028381342
13721,0.029541012
13722,0.029479977
13723,0.036315937
13724,0.036041252
13725,0.03701783
13726,0.036499023
13727,0.03942871
13728,0.03054808
13729,0.029266357
13730,0.029937744
13731,0.03219603
13732,0.04367064
13733,0.048370376
13734,0.052703857
13735,0.05596924
13736,0.06433107
13737,0.06787111
13738,0.07189943
13739,0.072967514
13740,0.06936644
13741,0.064209
13742,0.053161625
13743,0.04336548
13744,0.0307007
13745,0.016754135
13746,0.005432144
13747,-0.006958008
13748,-0.024902329
13749,-0.037994385
13750,-0.049896207
13751,-0.05938719
13752,-0.06460573
13753,-0.06564331
13754,-0.06250001
13755,-0.06283571
13756,-0.06198121
13757,-0.06076047
13758,-0.059967034
13759,-0.0644226
13760,-0.065521225
13761,-0.064636245
13762,-0.06304932
13763,-0.057525635
13764,-0.058441162
13765,-0.058959976
13766,-0.05822756
13767,-0.0552368
13768,-0.04696656
13769,-0.037963867
13770,-0.029785164
13771,-0.020721428
13772,-0.014282204
13773,-0.011108376
13774,-0.009124726
13775,-0.010314949
13776,-0.009185776
13777,-0.005432155
13778,-0.0020751841
13779,-0.0015564226
13780,-0.0052185133
13781,-0.009796143
13782,-0.009887711
13783,-0.006225571
13784,0.0030517508
13785,0.011932394
13786,0.024200438
13787,0.042144783
13788,0.05514528
13789,0.065795906
13790,0.07232666
13791,0.0758667
13792,0.07482911
13793,0.07553099
13794,0.06930543
13795,0.061218254
13796,0.052368164
13797,0.042755127
13798,0.03616333
13799,0.023254395
13800,0.016876219
13801,0.00921631
13802,0.003417967
13803,0.0028076181
13804,-0.00061035156
13805,-0.0030822754
13806,-0.0019836426
13807,-0.0001831092
13808,0.00024414062
13809,-0.0038452186
13810,-0.0054931603
13811,-0.012084946
13812,-0.018646237
13813,-0.026214592
13814,-0.035369884
13815,-0.042999256
13816,-0.05023194
13817,-0.04962159
13818,-0.050354015
13819,-0.049377434
13820,-0.04309083
13821,-0.035369888
13822,-0.026947014
13823,-0.019836448
13824,-0.01199339
13825,-0.003326401
13826,0.005157508
13827,0.013031013
13828,0.016845714
13829,0.021972675
13830,0.023467995
13831,0.024414048
13832,0.018371567
13833,0.015563957
13834,0.010314912
13835,0.001190193
13836,-0.0042724833
13837,-0.013916016
13838,-0.024780273
13839,-0.035003647
13840,-0.04336548
13841,-0.05029294
13842,-0.057861343
13843,-0.059143037
13844,-0.05880736
13845,-0.057983413
13846,-0.05230713
13847,-0.049987786
13848,-0.04742431
13849,-0.045837402
13850,-0.03826906
13851,-0.03042601
13852,-0.02145387
13853,-0.010101318
13854,0.0012817234
13855,0.009765644
13856,0.017822243
13857,0.02923587
13858,0.03759767
13859,0.05233766
13860,0.066650406
13861,0.0830078
13862,0.09481813
13863,0.102508545
13864,0.11047365
13865,0.113769546
13866,0.119445786
13867,0.12463379
13868,0.12817378
13869,0.12734985
13870,0.12231442
13871,0.114044204
13872,0.10342409
13873,0.09240723
13874,0.0792847
13875,0.07318115
13876,0.06423952
13877,0.05398561
13878,0.044342056
13879,0.033447295
13880,0.02352906
13881,0.011077907
13882,0.005462639
13883,-0.0039978046
13884,-0.013244644
13885,-0.02905272
13886,-0.045715317
13887,-0.06500244
13888,-0.08734128
13889,-0.10253906
13890,-0.11727904
13891,-0.12332152
13892,-0.12591553
13893,-0.12158202
13894,-0.11050416
13895,-0.100921616
13896,-0.080535896
13897,-0.05862426
13898,-0.041900635
13899,-0.025543218
13900,-0.009429932
13901,-0.00045775622
13902,0.0057373047
13903,0.015655532
13904,0.015289314
13905,0.019958489
13906,0.019927986
13907,0.022399917
13908,0.025878906
13909,0.03137207
13910,0.053588867
13911,0.06335448
13912,0.06576538
13913,0.071258545
13914,0.06759642
13915,0.0580139
13916,0.054840073
13917,0.05343628
13918,0.05145263
13919,0.053833015
13920,0.042114258
13921,0.01763919
13922,-0.005523674
13923,-0.021484345
13924,-0.028259277
13925,-0.027313232
13926,-0.024932846
13927,-0.021667503
13928,-0.020172149
13929,-0.019256618
13930,-0.0063476786
13931,0.0061950404
13932,0.025848366
13933,0.046478257
13934,0.05810547
13935,0.05203248
13936,0.037139893
13937,0.008392379
13938,-0.023864731
13939,-0.048248276
13940,-0.075164795
13941,-0.09939574
13942,-0.118011475
13943,-0.13403322
13944,-0.15011595
13945,-0.15182497
13946,-0.14724733
13947,-0.13806154
13948,-0.12487793
13949,-0.10806276
13950,-0.08782959
13951,-0.065826386
13952,-0.04821776
13953,-0.03164676
13954,-0.021270752
13955,-0.017272934
13956,-0.011291519
13957,-0.013458282
13958,-0.014587402
13959,-0.01593019
13960,-0.016235381
13961,-0.0180054
13962,-0.017364502
13963,-0.013427734
13964,-0.007446274
13965,-0.0016784519
13966,0.0052490234
13967,0.009277314
13968,0.014587432
13969,0.01586914
13970,0.016662598
13971,0.024261445
13972,0.02502437
13973,0.032470703
13974,0.033874482
13975,0.029693589
13976,0.024414062
13977,0.024353012
13978,0.021636978
13979,0.014251724
13980,0.00045777112
13981,-0.01690676
13982,-0.030456528
13983,-0.060821533
13984,-0.09756469
13985,-0.1321411
13986,-0.15115358
13987,-0.15362549
13988,-0.14465326
13989,-0.12307742
13990,-0.101867676
13991,-0.076934874
13992,-0.037994444
13993,0.0050049424
13994,0.06692505
13995,0.16207898
13996,0.27938855
13997,0.43572998
13998,0.58792114
13999,0.7442627
14000,0.8958131
14001,1.017212
14002,1.1376039
14003,1.2402954
14004,1.2882692
14005,1.2724608
14006,1.1860046
14007,1.0192871
14008,0.79174817
14009,0.4933777
14010,0.16687012
14011,-0.1764828
14012,-0.51797485
14013,-0.8139343
14014,-1.0909119
14015,-1.3346865
14016,-1.5501709
14017,-1.7341614
14018,-1.8891904
14019,-2.0091555
14020,-2.0823364
14021,-2.1067505
14022,-2.0800173
14023,-2.0107727
14024,-1.9003909
14025,-1.7515868
14026,-1.5424193
14027,-1.273712
14028,-0.94937134
14029,-0.58352685
14030,-0.18786633
14031,0.23324555
14032,0.63537633
14033,0.9728086
14034,1.2284547
14035,1.4087831
14036,1.5447688
14037,1.6514587
14038,1.7340696
14039,1.7900999
14040,1.851227
14041,1.9254456
14042,2.0077515
14043,2.089325
14044,2.142578
14045,2.1750183
14046,2.1680603
14047,2.0770264
14048,1.8684692
14049,1.4987793
14050,0.9828184
14051,0.36764538
14052,-0.31622326
14053,-1.0168155
14054,-1.6526486
14055,-2.210114
14056,-2.627197
14057,-2.8601992
14058,-2.9107366
14059,-2.757721
14060,-2.4385684
14061,-1.9748228
14062,-1.418457
14063,-0.81005865
14064,-0.20883161
14065,0.34970093
14066,0.80004907
14067,1.1353148
14068,1.3470156
14069,1.405365
14070,1.360016
14071,1.2101134
14072,0.99554443
14073,0.7541809
14074,0.5131836
14075,0.28701788
14076,0.08847046
14077,-0.067993164
14078,-0.18875122
14079,-0.2718506
14080,-0.32540897
14081,-0.3491822
14082,-0.34985358
14083,-0.33648688
14084,-0.30609134
14085,-0.26913452
14086,-0.22943115
14087,-0.18991089
14088,-0.15014645
14089,-0.10705568
14090,-0.058380097
14091,-0.0063171387
14092,0.047119126
14093,0.097351074
14094,0.13964845
14095,0.1791687
14096,0.20223999
14097,0.2192688
14098,0.2230835
14099,0.21002196
14100,0.18157957
14101,0.13589478
14102,0.087738045
14103,0.03924559
14104,-0.004272431
14105,-0.049591094
14106,-0.09799194
14107,-0.15997314
14108,-0.22656249
14109,-0.280365
14110,-0.31256104
14111,-0.31292725
14112,-0.28988647
14113,-0.24871826
14114,-0.20681764
14115,-0.15975952
14116,-0.10934448
14117,-0.058441166
14118,0.0073242523
14119,0.08340452
14120,0.15374757
14121,0.19042969
14122,0.22357179
14123,0.23269652
14124,0.18353271
14125,0.14215088
14126,0.105834946
14127,0.07022095
14128,0.03845215
14129,0.02624511
14130,0.013183594
14131,0.0028991848
14132,-0.006225586
14133,-0.021331787
14134,-0.04498291
14135,-0.0814209
14136,-0.08880614
14137,-0.11035156
14138,-0.13058472
14139,-0.13796997
14140,-0.16043091
14141,-0.18130493
14142,-0.18041992
14143,-0.1654053
14144,-0.12646483
14145,-0.06948852
14146,0.0018615574
14147,0.09918213
14148,0.20144647
14149,0.30148315
14150,0.38186646
14151,0.41864014
14152,0.41571045
14153,0.37365723
14154,0.2920227
14155,0.18450928
14156,0.05249022
14157,-0.09991455
14158,-0.25021362
14159,-0.3940735
14160,-0.5093689
14161,-0.573822
14162,-0.5854187
14163,-0.50720215
14164,-0.37573242
14165,-0.21844482
14166,-0.04931642
14167,0.094116196
14168,0.21160886
14169,0.30108643
14170,0.36001587
14171,0.37857056
14172,0.36483765
14173,0.31158447
14174,0.23620605
14175,0.14923096
14176,0.06124877
14177,-0.0064392015
14178,-0.058135986
14179,-0.09146115
14180,-0.11010741
14181,-0.12762448
14182,-0.13812253
14183,-0.13665773
14184,-0.12982178
14185,-0.11013796
14186,-0.08840944
14187,-0.06564334
14188,-0.040924072
14189,-0.02450563
14190,-0.010711677
14191,-0.0009765625
14192,0.0081787035
14193,0.013183631
14194,0.015502922
14195,0.017517108
14196,0.018432647
14197,0.0152282715
14198,0.011260994
14199,0.006469704
14200,0.0025939727
14201,0.0061340258
14202,0.014404284
14203,0.03366089
14204,0.052001953
14205,0.07214354
14206,0.08255006
14207,0.086547844
14208,0.0892334
14209,0.08767699
14210,0.08154296
14211,0.07208252
14212,0.060089126
14213,0.03836061
14214,0.012756363
14215,-0.021026596
14216,-0.051696777
14217,-0.07382201
14218,-0.08953857
14219,-0.097778305
14220,-0.10638429
14221,-0.10940552
14222,-0.106750496
14223,-0.093322754
14224,-0.0735779
14225,-0.050415017
14226,-0.028839134
14227,-0.008789048
14228,0.01123049
14229,0.024200454
14230,0.034240738
14231,0.039672866
14232,0.04220582
14233,0.038665794
14234,0.037353523
14235,0.029266357
14236,0.02111815
14237,0.022338867
14238,0.025146484
14239,0.03509523
14240,0.04626465
14241,0.057006836
14242,0.06726074
14243,0.08102417
14244,0.0926514
14245,0.10571289
14246,0.11645508
14247,0.1315918
14248,0.14422607
14249,0.14749146
14250,0.14657593
14251,0.13516235
14252,0.11734009
14253,0.098968506
14254,0.0830078
14255,0.057617202
14256,0.041076645
14257,0.019378662
14258,0.0011291951
14259,-0.013031021
14260,-0.02615355
14261,-0.036285385
14262,-0.042480484
14263,-0.037292495
14264,-0.03710939
14265,-0.029449448
14266,-0.033996582
14267,-0.028778091
14268,-0.015960708
14269,-0.007843003
14270,0.015930165
14271,0.01895143
14272,0.021087646
14273,0.012756335
14274,-0.006408693
14275,-0.027435303
14276,-0.054229766
14277,-0.07714844
14278,-0.09457399
14279,-0.10281372
14280,-0.114929214
14281,-0.11480713
14282,-0.1210022
14283,-0.120208755
14284,-0.10949708
14285,-0.09851075
14286,-0.081085235
14287,-0.06332397
14288,-0.03942871
14289,-0.026947036
14290,-0.018646255
14291,-0.0070495605
14292,0.0038452297
14293,0.022491455
14294,0.047058105
14295,0.07751463
14296,0.10229491
14297,0.12420653
14298,0.14468385
14299,0.1534424
14300,0.1522827
14301,0.14706422
14302,0.13839723
14303,0.117462136
14304,0.0953369
14305,0.06283568
14306,0.024902344
14307,-0.017822266
14308,-0.059997544
14309,-0.09521486
14310,-0.12927248
14311,-0.14691164
14312,-0.15377808
14313,-0.14456177
14314,-0.12631226
14315,-0.10317991
14316,-0.07357788
14317,-0.046356194
14318,-0.021667475
14319,-0.0006713923
14320,0.010009763
14321,0.017517092
14322,0.019073486
14323,0.01638795
14324,0.0105896
14325,0.0011596531
14326,-0.0020141676
14327,-0.0038757175
14328,-0.00064085424
14329,0.0017395169
14330,0.0011596531
14331,-0.007019043
14332,-0.018585205
14333,-0.035339355
14334,-0.058258057
14335,-0.08178711
14336,-0.10626221
14337,-0.12234494
14338,-0.13687134
14339,-0.14331058
14340,-0.14892578
14341,-0.15176392
14342,-0.14517212
14343,-0.14038086
14344,-0.12872316
14345,-0.11846924
14346,-0.10491942
14347,-0.08840944
14348,-0.06964113
14349,-0.044830333
14350,-0.018188477
14351,0.014282258
14352,0.04711914
14353,0.08444214
14354,0.11755371
14355,0.1512756
14356,0.17626953
14357,0.19131471
14358,0.19747925
14359,0.18988039
14360,0.17523193
14361,0.15206908
14362,0.12570189
14363,0.09246825
14364,0.059967026
14365,0.024505585
14366,-0.011932388
14367,-0.04058838
14368,-0.06091307
14369,-0.081268325
14370,-0.09469606
14371,-0.09249878
14372,-0.0993347
14373,-0.10513307
14374,-0.102569595
14375,-0.09304808
14376,-0.08312988
14377,-0.0718689
14378,-0.06393434
14379,-0.06048587
14380,-0.058013946
14381,-0.056396484
14382,-0.045196503
14383,-0.043670684
14384,-0.024505615
14385,-0.0071106106
14386,0.006530784
14387,0.027740479
14388,0.03942871
14389,0.051910415
14390,0.062011704
14391,0.071685776
14392,0.07583618
14393,0.07110593
14394,0.06295775
14395,0.047271714
14396,0.032257095
14397,0.011718735
14398,-0.0051269084
14399,-0.020477317
14400,-0.03674315
14401,-0.042816177
14402,-0.046600327
14403,-0.03582762
14404,-0.025238037
14405,-0.004547119
14406,0.008392349
14407,0.02243039
14408,0.037506126
14409,0.044799827
14410,0.057769783
14411,0.0635071
14412,0.07330324
14413,0.08267215
14414,0.09182739
14415,0.09927368
14416,0.10125735
14417,0.09939574
14418,0.09689331
14419,0.094757065
14420,0.08932494
14421,0.0851135
14422,0.070892334
14423,0.056457523
14424,0.041931134
14425,0.019256577
14426,-6.105006e-05
14427,-0.020294175
14428,-0.038543686
14429,-0.04531856
14430,-0.050903298
14431,-0.053375244
14432,-0.05355838
14433,-0.051910415
14434,-0.04101564
14435,-0.02835086
14436,-0.0043640137
14437,0.022338882
14438,0.050048828
14439,0.07461548
14440,0.10421753
14441,0.122039795
14442,0.13061523
14443,0.13442993
14444,0.12741089
14445,0.1265869
14446,0.11148071
14447,0.0904236
14448,0.06961058
14449,0.041412354
14450,0.015899658
14451,-0.007171631
14452,-0.026184082
14453,-0.039337173
14454,-0.044219986
14455,-0.042877182
14456,-0.035125718
14457,-0.029388413
14458,-0.024108887
14459,-0.01745607
14460,-0.01934816
14461,-0.012756348
14462,-0.011810303
14463,-0.017974839
14464,-0.010253921
14465,-0.0076599196
14466,-0.010467544
14467,-0.021026641
14468,-0.03149417
14469,-0.03463744
14470,-0.042144787
14471,-0.0456848
14472,-0.0427246
14473,-0.04443357
14474,-0.04660035
14475,-0.04373172
14476,-0.048583988
14477,-0.053253174
14478,-0.051513672
14479,-0.04272461
14480,-0.034576442
14481,-0.033813473
14482,-0.031524666
14483,-0.028045665
14484,-0.025665298
14485,-0.018981934
14486,-0.008270277
14487,-0.0005798396
14488,0.006500247
14489,0.01000975
14490,0.014434818
14491,0.012084959
14492,0.008758541
14493,0.006744392
14494,-0.00018312782
14495,-0.009094231
14496,-0.02017213
14497,-0.02694701
14498,-0.03359984
14499,-0.035583504
14500,-0.04074096
14501,-0.041900642
14502,-0.044830322
14503,-0.048065186
14504,-0.04635617
14505,-0.047790542
14506,-0.048736542
14507,-0.0430298
14508,-0.03936769
14509,-0.039916992
14510,-0.040527374
14511,-0.039031968
14512,-0.03445436
14513,-0.033508286
14514,-0.030792236
14515,-0.030456528
14516,-0.03149414
14517,-0.03829953
14518,-0.03912352
14519,-0.04272461
14520,-0.044647187
14521,-0.03900148
14522,-0.03414917
14523,-0.025024414
14524,-0.018249527
14525,-0.013885498
14526,-0.011840805
14527,-0.011535659
14528,-0.015838608
14529,-0.018218994
14530,-0.027038544
14531,-0.036010712
14532,-0.046966545
14533,-0.05593873
14534,-0.061462387
14535,-0.06008911
14536,-0.050231934
14537,-0.032958984
14538,-0.012207009
14539,0.010253895
14540,0.037994415
14541,0.062347412
14542,0.081665054
14543,0.09970091
14544,0.117706314
14545,0.13046263
14546,0.1420288
14547,0.14739992
14548,0.15048216
14549,0.15313722
14550,0.1557617
14551,0.16329958
14552,0.16470337
14553,0.16299438
14554,0.16091917
14555,0.14724733
14556,0.12796018
14557,0.10531618
14558,0.07745361
14559,0.043487534
14560,0.010498046
14561,-0.026428223
14562,-0.061065674
14563,-0.0903015
14564,-0.1161194
14565,-0.13714598
14566,-0.16168214
14567,-0.17263791
14568,-0.18496704
14569,-0.19094846
14570,-0.18905641
14571,-0.16989134
14572,-0.11761476
14573,-0.037811264
14574,0.07489012
14575,0.18032838
14576,0.25811768
14577,0.30715942
14578,0.30752563
14579,0.23031616
14580,0.12347412
14581,0.0742798
14582,0.09030152
14583,0.13827513
14584,0.16125488
14585,0.14797986
14586,0.09133905
14587,0.0028381944
14588,-0.10171521
14589,-0.20614642
14590,-0.30456543
14591,-0.38540655
14592,-0.48571765
14593,-0.6626587
14594,-0.8990172
14595,-1.1296082
14596,-1.2521056
14597,-1.1953735
14598,-0.95495594
14599,-0.6163634
14600,-0.22921765
14601,0.13076806
14602,0.43023682
14603,0.64370733
14604,0.75888026
14605,0.8171384
14606,0.84054565
14607,0.8486328
14608,0.8379823
14609,0.788086
14610,0.69525146
14611,0.58294684
14612,0.45980817
14613,0.34320068
14614,0.23672485
14615,0.14093006
14616,0.058746696
14617,-0.0023191571
14618,-0.039916933
14619,-0.049835205
14620,-0.036102265
14621,0.009582579
14622,0.08767733
14623,0.17596453
14624,0.27667263
14625,0.34939584
14626,0.3849182
14627,0.37655646
14628,0.3295896
14629,0.26010114
14630,0.1668701
14631,0.057189822
14632,-0.062286377
14633,-0.17834473
14634,-0.29699686
14635,-0.40722653
14636,-0.5114441
14637,-0.5980833
14638,-0.6616515
14639,-0.70132446
14640,-0.705841
14641,-0.6791078
14642,-0.6179199
14643,-0.5191346
14644,-0.39175415
14645,-0.25756848
14646,-0.12500004
14647,-0.0051268786
14648,0.094116315
14649,0.16796885
14650,0.21905513
14651,0.24673471
14652,0.24807732
14653,0.2345887
14654,0.21331786
14655,0.18118286
14656,0.14480592
14657,0.10650632
14658,0.06292726
14659,0.018615723
14660,-0.035919175
14661,-0.07888794
14662,-0.10769655
14663,-0.13809204
14664,-0.14950563
14665,-0.15756226
14666,-0.15649414
14667,-0.1408081
14668,-0.118682876
14669,-0.08190918
14670,-0.04177858
14671,-0.0023193657
14672,0.04379274
14673,0.087341264
14674,0.11254884
14675,0.13861084
14676,0.15563963
14677,0.17330934
14678,0.19595335
14679,0.20437622
14680,0.20455933
14681,0.20046999
14682,0.19302367
14683,0.18460082
14684,0.16378784
14685,0.14093016
14686,0.119079605
14687,0.09664917
14688,0.07742311
14689,0.057617202
14690,0.036560044
14691,0.013793975
14692,-6.106496e-05
14693,-0.014739975
14694,-0.02157595
14695,-0.027130097
14696,-0.03002932
14697,-0.024261467
14698,-0.021850586
14699,-0.020202667
14700,-0.019287106
14701,-0.018096913
14702,-0.017639168
14703,-0.014160141
14704,-0.01876831
14705,-0.028808586
14706,-0.04049683
14707,-0.054565407
14708,-0.06481934
14709,-0.075561516
14710,-0.0770264
14711,-0.0734558
14712,-0.06570435
14713,-0.051330574
14714,-0.029571533
14715,-0.009429902
14716,0.015289314
14717,0.039276123
14718,0.05334474
14719,0.06958009
14720,0.07971193
14721,0.07962037
14722,0.07849121
14723,0.06936644
14724,0.05603025
14725,0.044464134
14726,0.031280495
14727,0.016479481
14728,0.0035094917
14729,-0.004425047
14730,-0.010772705
14731,-0.023284912
14732,-0.033111542
14733,-0.0385437
14734,-0.046234116
14735,-0.048767067
14736,-0.052947994
14737,-0.054412846
14738,-0.05560304
14739,-0.05709842
14740,-0.059967022
14741,-0.063507065
14742,-0.06848143
14743,-0.06481932
14744,-0.059875496
14745,-0.05670167
14746,-0.04647826
14747,-0.043426525
14748,-0.037658703
14749,-0.033142082
14750,-0.032196052
14751,-0.02764891
14752,-0.018859886
14753,-0.01464843
14754,-0.001251217
14755,0.0032653846
14756,0.0032043606
14757,0.0046997443
14758,-0.00085449964
14759,0.0004577674
14760,0.0014038235
14761,0.0031433068
14762,0.0074463002
14763,0.0147399865
14764,0.014312744
14765,0.015167236
14766,0.0039673
14767,-0.0062255785
14768,-0.008789047
14769,-0.0050048754
14770,0.008453362
14771,0.022125259
14772,0.039367646
14773,0.05334472
14774,0.06549072
14775,0.07144165
14776,0.06811526
14777,0.053771973
14778,0.03894043
14779,0.0119018555
14780,-0.022521973
14781,-0.06271364
14782,-0.110198975
14783,-0.14971925
14784,-0.18325806
14785,-0.20010373
14786,-0.201355
14787,-0.1899719
14788,-0.16598509
14789,-0.12628175
14790,-0.08554074
14791,-0.043396026
14792,-0.0039062425
14793,0.026306167
14794,0.06118773
14795,0.09384155
14796,0.12670898
14797,0.15615846
14798,0.17352295
14799,0.18557736
14800,0.18820189
14801,0.18460083
14802,0.17633055
14803,0.1695862
14804,0.1609497
14805,0.14868164
14806,0.13168336
14807,0.10528564
14808,0.0743103
14809,0.040985145
14810,0.016754132
14811,-0.0050964206
14812,-0.023345947
14813,-0.03851317
14814,-0.054901138
14815,-0.06854248
14816,-0.07888797
14817,-0.08245848
14818,-0.07748415
14819,-0.071228005
14820,-0.061340336
14821,-0.052307125
14822,-0.0453796
14823,-0.03805542
14824,-0.029815659
14825,-0.022064202
14826,-0.011566166
14827,-0.0014953502
14828,0.006713845
14829,0.016662605
14830,0.022094727
14831,0.032287613
14832,0.03991697
14833,0.046142578
14834,0.050353978
14835,0.04931639
14836,0.044616695
14837,0.04061888
14838,0.03283693
14839,0.02648924
14840,0.015625015
14841,0.000671383
14842,-0.012359634
14843,-0.029510498
14844,-0.040130615
14845,-0.05108644
14846,-0.06167601
14847,-0.067718476
14848,-0.07476808
14849,-0.080657974
14850,-0.083099365
14851,-0.081512466
14852,-0.07839967
14853,-0.07229611
14854,-0.06643675
14855,-0.06103514
14856,-0.057586685
14857,-0.057189927
14858,-0.05184935
14859,-0.04742433
14860,-0.042297333
14861,-0.03955079
14862,-0.030975334
14863,-0.022033699
14864,-0.0149231255
14865,-0.0033569746
14866,-0.00012207776
14867,0.006103523
14868,0.011871345
14869,0.015838638
14870,0.018798826
14871,0.01861572
14872,0.026000977
14873,0.030822754
14874,0.0324402
14875,0.03134153
14876,0.030761749
14877,0.032379147
14878,0.037445053
14879,0.041656464
14880,0.04617309
14881,0.05105591
14882,0.055603035
14883,0.05947876
14884,0.063262925
14885,0.06976318
14886,0.072082505
14887,0.07550049
14888,0.07785036
14889,0.07696532
14890,0.07247923
14891,0.070068374
14892,0.06213379
14893,0.053497314
14894,0.0435486
14895,0.030975312
14896,0.020629905
14897,0.009307876
14898,0.0025024116
14899,-0.007446274
14900,-0.012451202
14901,-0.017669693
14902,-0.0206604
14903,-0.016601577
14904,-0.010925278
14905,-0.0032348633
14906,0.000732407
14907,0.009155273
14908,0.015411407
14909,0.017364487
14910,0.018066406
14911,0.022064209
14912,0.026000962
14913,0.024078384
14914,0.024200417
14915,0.01644896
14916,0.01269532
14917,0.009216294
14918,0.0069885515
14919,0.008789076
14920,0.0023193508
14921,-0.0011596533
14922,-0.011413559
14923,-0.023651123
14924,-0.03674315
14925,-0.047576904
14926,-0.05789186
14927,-0.06683351
14928,-0.07031252
14929,-0.07650759
14930,-0.075805664
14931,-0.069305435
14932,-0.06335448
14933,-0.05490113
14934,-0.041656487
14935,-0.026306152
14936,-0.016662598
14937,-0.0099487305
14938,-0.0066833645
14939,-0.008605942
14940,-0.014373772
14941,-0.02160643
14942,-0.029144272
14943,-0.040924057
14944,-0.04696656
14945,-0.050720233
14946,-0.055786137
14947,-0.055633582
14948,-0.055755608
14949,-0.05331423
14950,-0.04339599
14951,-0.027130142
14952,-0.008972184
14953,0.007934579
14954,0.024169914
14955,0.038146995
14956,0.050994895
14957,0.060363807
14958,0.06762696
14959,0.066802986
14960,0.06707763
14961,0.061706524
14962,0.05422973
14963,0.044677723
14964,0.035308838
14965,0.030029291
14966,0.022491455
14967,0.019104
14968,0.008117691
14969,-0.00042725354
14970,-0.009857193
14971,-0.018005371
14972,-0.028839096
14973,-0.03753659
14974,-0.045684822
14975,-0.053070046
14976,-0.062377915
14977,-0.07055664
14978,-0.0704651
14979,-0.06793213
14980,-0.05917358
14981,-0.04885865
14982,-0.03649902
14983,-0.02255252
14984,-0.0070495624
14985,0.0050353874
14986,0.017913818
14987,0.022888185
14988,0.030578636
14989,0.03933718
14990,0.043762222
14991,0.04751588
14992,0.048553456
14993,0.04714964
14994,0.04113769
14995,0.032318108
14996,0.021942142
14997,0.008483902
14998,-0.008575447
14999,-0.021636963
15000,-0.03631591
15001,-0.05062866
15002,-0.05325316
15003,-0.045104966
15004,-0.03302
15005,-0.0108032115
15006,0.013641354
15007,0.035308827
15008,0.05612181
15009,0.0727844
15010,0.08508299
15011,0.08923339
15012,0.09234619
15013,0.08792114
15014,0.0711975
15015,0.04541015
15016,0.017364504
15017,-0.011779774
15018,-0.03546141
15019,-0.044464096
15020,-0.051513657
15021,-0.05261229
15022,-0.04824829
15023,-0.044311523
15024,-0.03729248
15025,-0.029602049
15026,-0.019073484
15027,-0.010650635
15028,-0.0017089844
15029,0.007934563
15030,0.012481701
15031,0.0107116625
15032,0.010162361
15033,0.0069274753
15034,0.005096443
15035,0.0012207106
15036,-0.007659927
15037,-0.01785279
15038,-0.031982407
15039,-0.038818344
15040,-0.047973648
15041,-0.052886955
15042,-0.053436276
15043,-0.053955097
15044,-0.048828095
15045,-0.043090843
15046,-0.0347595
15047,-0.02850344
15048,-0.019348143
15049,-0.0090332115
15050,-9.1560185e-05
15051,0.009155274
15052,0.0194397
15053,0.032897957
15054,0.040161118
15055,0.048950225
15056,0.054016113
15057,0.056427002
15058,0.056671157
15059,0.05197142
15060,0.049713142
15061,0.044799797
15062,0.03881836
15063,0.031677246
15064,0.022552488
15065,0.012451172
15066,0.0067749023
15067,0.00051879697
15068,-0.0024719145
15069,-0.004211437
15070,-0.0058593825
15071,-0.0015258826
15072,0.0012817457
15073,0.0058898926
15074,0.005767811
15075,0.008392349
15076,0.0105590895
15077,0.014953628
15078,0.020660393
15079,0.022705078
15080,0.024017341
15081,0.023864746
15082,0.022552483
15083,0.01956176
15084,0.01632689
15085,0.015869118
15086,0.018249527
15087,0.018676758
15088,0.017303474
15089,0.016510002
15090,0.01547239
15091,0.016601585
15092,0.023132324
15093,0.026550293
15094,0.029937759
15095,0.031188942
15096,0.031646736
15097,0.028686509
15098,0.0249939
15099,0.018218998
15100,0.012084961
15101,0.0051269457
15102,-0.0029907227
15103,-0.008972183
15104,-0.020843513
15105,-0.026855495
15106,-0.03042604
15107,-0.02856443
15108,-0.030120827
15109,-0.026306126
15110,-0.021209696
15111,-0.016937226
15112,-0.009796124
15113,-0.007629376
15114,-0.004425032
15115,-0.0056762695
15116,-0.008117685
15117,-0.010955818
15118,-0.011749276
15119,-0.017059337
15120,-0.019134536
15121,-0.016876224
15122,-0.01565552
15123,-0.010681145
15124,-0.008880608
15125,-0.004547119
15126,-0.00238036
15127,-0.0030212328
15128,-0.0071411207
15129,-0.01593016
15130,-0.027313225
15131,-0.03890992
15132,-0.04690551
15133,-0.059783928
15134,-0.06518555
15135,-0.06857301
15136,-0.07104494
15137,-0.06826783
15138,-0.064239495
15139,-0.055664055
15140,-0.046691872
15141,-0.03121949
15142,-0.019073479
15143,-0.010223389
15144,-0.0055541843
15145,-0.0044860654
15146,-0.0017700233
15147,-0.0040588304
15148,-0.0024719313
15149,-0.0046692193
15150,-0.00634766
15151,-0.007476814
15152,-0.007324228
15153,-0.005004882
15154,-0.00286863
15155,0.003814689
15156,0.009887703
15157,0.020690903
15158,0.0282898
15159,0.03646851
15160,0.044555664
15161,0.055572525
15162,0.06536864
15163,0.07046507
15164,0.07467651
15165,0.071075425
15166,0.06750489
15167,0.05908203
15168,0.047729492
15169,0.03463745
15170,0.022705078
15171,0.009338379
15172,-0.0048217773
15173,-0.015838616
15174,-0.027709953
15175,-0.03454591
15176,-0.04272461
15177,-0.04562378
15178,-0.042907715
15179,-0.04309082
15180,-0.034698494
15181,-0.026611317
15182,-0.017883305
15183,-0.00881958
15184,-0.0004882924
15185,0.0020751879
15186,0.0052490346
15187,0.008880626
15188,0.0063476637
15189,0.0039673075
15190,-0.005859349
15191,-0.011138909
15192,-0.019287102
15193,-0.026947014
15194,-0.02960204
15195,-0.033905003
15196,-0.032318108
15197,-0.02856443
15198,-0.025634758
15199,-0.02383423
15200,-0.02059937
15201,-0.017883327
15202,-0.014862066
15203,-0.010681162
15204,-0.008575454
15205,-0.0039978065
15206,0.005798366
15207,0.017425545
15208,0.031036384
15209,0.04232788
15210,0.054412857
15211,0.061157256
15212,0.06677247
15213,0.074890144
15214,0.077545166
15215,0.08041381
15216,0.07980345
15217,0.07824708
15218,0.070709206
15219,0.06466673
15220,0.057769775
15221,0.048248272
15222,0.03857421
15223,0.027008034
15224,0.013763433
15225,-0.0023498554
15226,-0.015289282
15227,-0.027801491
15228,-0.03744506
15229,-0.041503906
15230,-0.0449524
15231,-0.04928589
15232,-0.047027603
15233,-0.04476929
15234,-0.03387451
15235,-0.026733413
15236,-0.016998285
15237,-0.008178718
15238,-0.006683346
15239,-0.004211422
15240,-0.008300789
15241,-0.009582516
15242,-0.015380867
15243,-0.023925789
15244,-0.033111572
15245,-0.04064942
15246,-0.050628662
15247,-0.059021004
15248,-0.057861328
15249,-0.05538941
15250,-0.043518066
15251,-0.027221687
15252,-0.012603743
15253,0.008972172
15254,0.024383545
15255,0.037963882
15256,0.04705809
15257,0.051055916
15258,0.052398678
15259,0.05096435
15260,0.04718017
15261,0.040100094
15262,0.033691406
15263,0.024810791
15264,0.020843513
15265,0.012969974
15266,0.007873546
15267,0.0025940016
15268,-0.00042724237
15269,-0.0019836389
15270,-0.0037536696
15271,-0.0030517578
15272,-0.0032043345
15273,-0.00195314
15274,-0.0015869178
15275,0.00039672852
15276,-0.00018310174
15277,0.0010070652
15278,0.0025634766
15279,0.0137024075
15280,0.01950074
15281,0.026092552
15282,0.0315857
15283,0.030456558
15284,0.033782963
15285,0.034881603
15286,0.032623284
15287,0.029815665
15288,0.026306141
15289,0.020935055
15290,0.0118103
15291,0.0016174315
15292,-0.009338383
15293,-0.025421144
15294,-0.034942634
15295,-0.041839585
15296,-0.046203606
15297,-0.047821045
15298,-0.043090805
15299,-0.038879383
15300,-0.030883782
15301,-0.023986805
15302,-0.01837159
15303,-0.01480104
15304,-0.014617927
15305,-0.012908928
15306,-0.018920891
15307,-0.023345947
15308,-0.033325195
15309,-0.0390625
15310,-0.046875
15311,-0.051269516
15312,-0.051696792
15313,-0.06002809
15314,-0.063415535
15315,-0.06579589
15316,-0.06539917
15317,-0.06326293
15318,-0.05364993
15319,-0.046142593
15320,-0.03628543
15321,-0.026519775
15322,-0.01879883
15323,-0.00643921
15324,0.006286622
15325,0.024078382
15326,0.038574204
15327,0.051574707
15328,0.061706536
15329,0.065521225
15330,0.06521607
15331,0.06210327
15332,0.05911255
15333,0.052856445
15334,0.04669188
15335,0.040283203
15336,0.030456532
15337,0.026855469
15338,0.025115967
15339,0.019378662
15340,0.02032471
15341,0.019683838
15342,0.014526367
15343,0.0125122145
15344,0.008148205
15345,0.004272446
15346,0.0045166016
15347,0.0068969578
15348,0.008453384
15349,0.010101318
15350,0.011077866
15351,0.015899666
15352,0.019989006
15353,0.026733391
15354,0.035247795
15355,0.04092408
15356,0.046844482
15357,0.05163575
15358,0.050323516
15359,0.04797365
15360,0.041320823
15361,0.03662108
15362,0.03271486
15363,0.027618393
15364,0.025115967
15365,0.013000494
15366,0.0061340034
15367,-0.005920399
15368,-0.020385757
15369,-0.0343628
15370,-0.04544069
15371,-0.05697632
15372,-0.067230195
15373,-0.074279785
15374,-0.08560179
15375,-0.091155976
15376,-0.10430908
15377,-0.10913087
15378,-0.11383058
15379,-0.111846924
15380,-0.100494385
15381,-0.083923325
15382,-0.0656433
15383,-0.050964348
15384,-0.03192141
15385,-0.016662605
15386,0.002380371
15387,0.02023314
15388,0.03842167
15389,0.054992683
15390,0.06723025
15391,0.074401855
15392,0.08007811
15393,0.07833861
15394,0.07958983
15395,0.08374023
15396,0.07922362
15397,0.0784912
15398,0.07388305
15399,0.058410637
15400,0.04348754
15401,0.024047848
15402,0.008148196
15403,-0.0068054106
15404,-0.021514881
15405,-0.03344725
15406,-0.042236324
15407,-0.049102776
15408,-0.04598999
15409,-0.04397583
15410,-0.040100098
15411,-0.029205324
15412,-0.024200438
15413,-0.015075683
15414,-0.008483889
15415,-0.0022888181
15416,0.0025329571
15417,0.008209228
15418,0.012420653
15419,0.017150877
15420,0.016845703
15421,0.015258787
15422,0.016113281
15423,0.012420654
15424,0.009613035
15425,0.0032043438
15426,0.0018005371
15427,-0.00067138486
15428,-0.007537842
15429,-0.0064086914
15430,-0.009063721
15431,-0.009246826
15432,-0.012420654
15433,-0.013824463
15434,-0.017181396
15435,-0.02130127
15436,-0.021667479
15437,-0.019744871
15438,-0.017303467
15439,-0.015960693
15440,-0.0121154785
15441,-0.015106198
15442,-0.0138549805
15443,-0.012176511
15444,-0.0065612793
15445,0.0017700195
15446,0.009399415
15447,0.015716553
15448,0.01977539
15449,0.025115967
15450,0.027130127
15451,0.031555176
15452,0.033081055
15453,0.0378418
15454,0.037261967
15455,0.029968258
15456,0.023986816
15457,0.007873546
15458,-0.003326416
15459,-0.013000481
15460,-0.020904541
15461,-0.027618408
15462,-0.03381349
15463,-0.035064686
15464,-0.04064943
15465,-0.03753662
15466,-0.03674318
15467,-0.034698494
15468,-0.034851074
15469,-0.03424075
15470,-0.03167724
15471,-0.036529534
15472,-0.033721924
15473,-0.034698475
15474,-0.03546142
15475,-0.028198227
15476,-0.021606447
15477,-0.013488758
15478,-0.0018310547
15479,0.009368919
15480,0.022491436
15481,0.03643798
15482,0.050018307
15483,0.06024169
15484,0.067993164
15485,0.074920654
15486,0.07876587
15487,0.07723999
15488,0.07235718
15489,0.06515502
15490,0.05117798
15491,0.037933342
15492,0.032836914
15493,0.016876224
15494,0.004333487
15495,-0.0058288462
15496,-0.019622814
15497,-0.024078358
15498,-0.03057861
15499,-0.036529534
15500,-0.04116821
15501,-0.043243404
15502,-0.04663086
15503,-0.04550171
15504,-0.043640137
15505,-0.037200928
15506,-0.026947023
15507,-0.018554695
15508,-0.0042724665
15509,0.0082092285
15510,0.01712035
15511,0.026702892
15512,0.028594967
15513,0.03048706
15514,0.030609138
15515,0.022460952
15516,0.014617935
15517,0.00491333
15518,-0.0020446628
15519,-0.0053100586
15520,-0.0054015964
15521,-0.0025939941
15522,0.0023193508
15523,0.014648393
15524,0.029388398
15525,0.045745865
15526,0.06555177
15527,0.083740234
15528,0.0953674
15529,0.10263063
15530,0.11029051
15531,0.10876465
15532,0.10888673
15533,0.10116576
15534,0.09347536
15535,0.08392336
15536,0.07098392
15537,0.05935666
15538,0.039520264
15539,0.019012451
15540,-0.003845214
15541,-0.023803696
15542,-0.048553452
15543,-0.069183335
15544,-0.08819583
15545,-0.100830056
15546,-0.109100364
15547,-0.11489869
15548,-0.11083985
15549,-0.111907944
15550,-0.10848997
15551,-0.10290529
15552,-0.096923806
15553,-0.09594728
15554,-0.09417723
15555,-0.086914055
15556,-0.083068855
15557,-0.076873764
15558,-0.06860352
15559,-0.06121826
15560,-0.054626472
15561,-0.044799812
15562,-0.03469851
15563,-0.01739502
15564,-0.006439224
15565,0.005035389
15566,0.015594482
15567,0.0147094615
15568,0.015136704
15569,0.015563976
15570,0.014831565
15571,0.01586917
15572,0.024444588
15573,0.026947029
15574,0.031433135
15575,0.03497316
15576,0.034728996
15577,0.0361633
15578,0.027740441
15579,0.025604237
15580,0.010742173
15581,-0.009735145
15582,-0.025817864
15583,-0.043701187
15584,-0.051757805
15585,-0.05166627
15586,-0.040435765
15587,-0.02929689
15588,-0.012359623
15589,0.0014648736
15590,0.012023933
15591,0.024169937
15592,0.03399656
15593,0.039215073
15594,0.03366087
15595,0.02545166
15596,0.008209243
15597,-0.0153198205
15598,-0.034210198
15599,-0.04437256
15600,-0.04028319
15601,-0.032287605
15602,-0.010742212
15603,0.016815186
15604,0.03869628
15605,0.0496216
15606,0.06072998
15607,0.06552125
15608,0.058807354
15609,0.04782103
15610,0.03320313
15611,0.010925297
15612,-0.015136704
15613,-0.030151341
15614,-0.047546398
15615,-0.054504387
15616,-0.052673332
15617,-0.0480957
15618,-0.036682125
15619,-0.018615741
15620,-0.0032653809
15621,0.001251217
15622,0.010742202
15623,0.013641357
15624,0.008911122
15625,0.0027160551
15626,-0.0015258905
15627,-0.0052795433
15628,-0.0074157827
15629,0.0049438607
15630,0.012664793
15631,0.022094738
15632,0.029998798
15633,0.042053226
15634,0.04681397
15635,0.04473877
15636,0.051086422
15637,0.046203613
15638,0.03933716
15639,0.024200436
15640,0.011535641
15641,-0.0046081506
15642,-0.010620106
15643,-0.018737782
15644,-0.020355232
15645,-0.012176529
15646,-0.0065918043
15647,0.0063781887
15648,0.011444077
15649,0.022735596
15650,0.035247788
15651,0.047729477
15652,0.05249025
15653,0.061767563
15654,0.062103257
15655,0.05212404
15656,0.059936546
15657,0.055389404
15658,0.049896225
15659,0.052398667
15660,0.050689675
15661,0.046874985
15662,0.033630367
15663,0.023590095
15664,0.011993371
15665,-0.0047607273
15666,-0.018737782
15667,-0.02868655
15668,-0.03405761
15669,-0.03817748
15670,-0.034271263
15671,-0.03631591
15672,-0.03842163
15673,-0.029266369
15674,-0.028045684
15675,-0.022705093
15676,-0.016876232
15677,-0.014465362
15678,-0.009521462
15679,-0.0050353967
15680,-0.01470948
15681,-0.02462769
15682,-0.029296868
15683,-0.037902843
15684,-0.03616333
15685,-0.030761726
15686,-0.017089836
15687,0.0028991625
15688,0.018066421
15689,0.031463645
15690,0.050231926
15691,0.06323242
15692,0.0697937
15693,0.0736389
15694,0.070007324
15695,0.069824226
15696,0.056579575
15697,0.0423889
15698,0.022186287
15699,-0.0024719518
15700,-0.024505597
15701,-0.039215088
15702,-0.053131085
15703,-0.07119751
15704,-0.078521706
15705,-0.09051513
15706,-0.093719475
15707,-0.098022476
15708,-0.105163574
15709,-0.10888673
15710,-0.10699462
15711,-0.09463502
15712,-0.07501219
15713,-0.054138176
15714,-0.027221683
15715,0.011962891
15716,0.038177498
15717,0.06372072
15718,0.0809326
15719,0.09530639
15720,0.10913085
15721,0.10891724
15722,0.10708618
15723,0.09490965
15724,0.07421876
15725,0.051025387
15726,0.021697983
15727,-0.015686035
15728,-0.043487564
15729,-0.06890868
15730,-0.09188841
15731,-0.104492165
15732,-0.11428833
15733,-0.11697386
15734,-0.116485596
15735,-0.11206054
15736,-0.09140015
15737,-0.06976319
15738,-0.044281002
15739,-0.015594501
15740,0.00778199
15741,0.03683469
15742,0.058441125
15743,0.07391357
15744,0.09024047
15745,0.10784914
15746,0.12124634
15747,0.13095094
15748,0.13116455
15749,0.122924805
15750,0.10885622
15751,0.08682251
15752,0.065673836
15753,0.03771974
15754,0.008392334
15755,-0.012756363
15756,-0.03781128
15757,-0.06323245
15758,-0.09503174
15759,-0.13122559
15760,-0.16525269
15761,-0.20352173
15762,-0.23880003
15763,-0.26953125
15764,-0.2906189
15765,-0.3199768
15766,-0.34759519
15767,-0.3611756
15768,-0.355011
15769,-0.3172301
15770,-0.23559558
15771,-0.09591687
15772,0.09472668
15773,0.32702637
15774,0.5747986
15775,0.79760754
15776,0.9838562
15777,1.1265258
15778,1.2156677
15779,1.2431641
15780,1.1923828
15781,1.0719603
15782,0.8829345
15783,0.6309508
15784,0.3287354
15785,0.003600955
15786,-0.3020934
15787,-0.54949963
15788,-0.74664295
15789,-0.908142
15790,-1.0599368
15791,-1.2189636
15792,-1.368164
15793,-1.5007323
15794,-1.6117553
15795,-1.6755062
15796,-1.6735841
15797,-1.5883484
15798,-1.4254761
15799,-1.2047426
15800,-0.9131166
15801,-0.58178735
15802,-0.21688849
15803,0.16516125
15804,0.52728266
15805,0.855011
15806,1.135742
15807,1.359558
15808,1.5200808
15809,1.6057739
15810,1.626526
15811,1.5956118
15812,1.5157775
15813,1.4089355
15814,1.2689819
15815,1.0766296
15816,0.83395374
15817,0.5415041
15818,0.20108032
15819,-0.15719599
15820,-0.5008545
15821,-0.8043215
15822,-1.0496825
15823,-1.2331545
15824,-1.3400878
15825,-1.3771057
15826,-1.3443907
15827,-1.235321
15828,-1.0620117
15829,-0.8262024
15830,-0.53863543
15831,-0.20834345
15832,0.1388855
15833,0.48980713
15834,0.8198242
15835,1.1072389
15836,1.3402709
15837,1.4850463
15838,1.5490113
15839,1.5198671
15840,1.4057616
15841,1.2170105
15842,0.96310425
15843,0.67062366
15844,0.35815418
15845,0.05844141
15846,-0.21084595
15847,-0.42486572
15848,-0.589813
15849,-0.68792725
15850,-0.73428345
15851,-0.7307739
15852,-0.6855163
15853,-0.6210327
15854,-0.54394525
15855,-0.47937006
15856,-0.42907733
15857,-0.40707392
15858,-0.40588382
15859,-0.42251596
15860,-0.4406739
15861,-0.45822138
15862,-0.46652216
15863,-0.46383673
15864,-0.44830328
15865,-0.40469366
15866,-0.33831793
15867,-0.24444582
15868,-0.14117433
15869,-0.029815733
15870,0.06933594
15871,0.14709465
15872,0.19506823
15873,0.2156066
15874,0.21853623
15875,0.20971683
15876,0.20172122
15877,0.18701178
15878,0.17361459
15879,0.15808107
15880,0.15161133
15881,0.14752197
15882,0.15087888
15883,0.15768431
15884,0.16403197
15885,0.1739502
15886,0.17767334
15887,0.17471315
15888,0.16769408
15889,0.15972899
15890,0.15423584
15891,0.1513977
15892,0.15090942
15893,0.14538576
15894,0.13040164
15895,0.11190796
15896,0.08755495
15897,0.05569455
15898,0.012115464
15899,-0.03112793
15900,-0.07229614
15901,-0.11569217
15902,-0.16168222
15903,-0.20706171
15904,-0.24841312
15905,-0.28250113
15906,-0.30337524
15907,-0.31707764
15908,-0.31845093
15909,-0.31005862
15910,-0.29321292
15911,-0.26211548
15912,-0.22296144
15913,-0.1741333
15914,-0.11602785
15915,-0.058258075
15916,-0.005706817
15917,0.03237912
15918,0.062347353
15919,0.08636481
15920,0.106353745
15921,0.12249763
15922,0.14413452
15923,0.17202756
15924,0.19760126
15925,0.22579953
15926,0.24548337
15927,0.25936887
15928,0.26385498
15929,0.261322
15930,0.2480774
15931,0.22741696
15932,0.2062378
15933,0.17810059
15934,0.15121457
15935,0.12493895
15936,0.09747313
15937,0.07348634
15938,0.058502153
15939,0.052825958
15940,0.046905465
15941,0.043060333
15942,0.03552244
15943,0.01940915
15944,-0.0037841797
15945,-0.031707793
15946,-0.061706543
15947,-0.105407715
15948,-0.1447449
15949,-0.18450929
15950,-0.22546388
15951,-0.24847412
15952,-0.24044804
15953,-0.20523068
15954,-0.14440918
15955,-0.061370865
15956,0.014038116
15957,0.08880615
15958,0.14718628
15959,0.1919861
15960,0.22088623
15961,0.22460939
15962,0.2027893
15963,0.14959715
15964,0.069122314
15965,-0.03253174
15966,-0.13513184
15967,-0.2301941
15968,-0.28692627
15969,-0.31021118
15970,-0.29690552
15971,-0.255188
15972,-0.20733641
15973,-0.14767455
15974,-0.08639527
15975,-0.028167695
15976,0.021484382
15977,0.06774902
15978,0.10021973
15979,0.12170408
15980,0.12854004
15981,0.121276826
15982,0.11169436
15983,0.09075926
15984,0.061676018
15985,0.029357895
15986,-0.0049438477
15987,-0.037445053
15988,-0.060394317
15989,-0.07449341
15990,-0.08230589
15991,-0.08300782
15992,-0.081115715
15993,-0.08175659
15994,-0.088653535
15995,-0.090606704
15996,-0.07934568
15997,-0.059570312
15998,-0.033538833
15999,-0.002899183
16000,0.02041626
16001,0.04156493
16002,0.06433103
16003,0.0802307
16004,0.09481811
16005,0.10934447
16006,0.11264038
16007,0.110382065
16008,0.09735108
16009,0.0751648
16010,0.057647698
16011,0.039916977
16012,0.026428238
16013,0.019409165
16014,0.01644899
16015,0.024719253
16016,0.038909912
16017,0.049560554
16018,0.0649414
16019,0.07189943
16020,0.07595824
16021,0.07562256
16022,0.058715813
16023,0.038940422
16024,0.014434818
16025,-0.014739998
16026,-0.042907707
16027,-0.07284549
16028,-0.09625242
16029,-0.108673096
16030,-0.11212157
16031,-0.10562132
16032,-0.08929443
16033,-0.07113647
16034,-0.046905518
16035,-0.028747559
16036,-0.015625002
16037,-0.0007324219
16038,0.0031433254
16039,0.005920414
16040,0.008819584
16041,0.009552009
16042,0.011718735
16043,0.01550293
16044,0.01724244
16045,0.014739975
16046,0.022705063
16047,0.032134995
16048,0.045959473
16049,0.05715944
16050,0.06381224
16051,0.0691223
16052,0.06622316
16053,0.06887819
16054,0.069305435
16055,0.070617676
16056,0.066986084
16057,0.0625
16058,0.051574707
16059,0.036621094
16060,0.022705108
16061,0.0080871135
16062,-0.0020446777
16063,-0.012023911
16064,-0.019287087
16065,-0.022735607
16066,-0.03253173
16067,-0.041229237
16068,-0.0399475
16069,-0.038726784
16070,-0.032592796
16071,-0.022583019
16072,-0.017272942
16073,-0.015075676
16074,-0.012664773
16075,-0.0030822642
16076,0.0024414025
16077,0.0024719313
16078,0.0076904204
16079,0.013916021
16080,0.014434814
16081,0.01821899
16082,0.017608646
16083,0.0064087063
16084,-0.0003051646
16085,-0.015716556
16086,-0.03189088
16087,-0.04501345
16088,-0.06262205
16089,-0.06951903
16090,-0.075988755
16091,-0.07934569
16092,-0.07241822
16093,-0.06427002
16094,-0.0545044
16095,-0.035644516
16096,-0.0235596
16097,-0.014892578
16098,-0.0017395169
16099,-0.0026550293
16100,-0.0027160943
16101,-0.0081787035
16102,-0.015502915
16103,-0.018463135
16104,-0.027069077
16105,-0.034179658
16106,-0.040100083
16107,-0.052368194
16108,-0.054870605
16109,-0.05374144
16110,-0.058197036
16111,-0.05801391
16112,-0.05401613
16113,-0.050201416
16114,-0.043792732
16115,-0.036651585
16116,-0.027465831
16117,-0.012481697
16118,0.001373291
16119,0.01977539
16120,0.033996582
16121,0.0434265
16122,0.0552368
16123,0.06109619
16124,0.065155014
16125,0.06600953
16126,0.06750487
16127,0.063232414
16128,0.05963134
16129,0.058410656
16130,0.05233764
16131,0.051879887
16132,0.046112053
16133,0.0409851
16134,0.03277588
16135,0.023956288
16136,0.01269532
16137,-0.004638672
16138,-0.014038093
16139,-0.026702873
16140,-0.03152466
16141,-0.035888672
16142,-0.034851074
16143,-0.03466797
16144,-0.03121949
16145,-0.018524177
16146,-0.0102233775
16147,0.00027464703
16148,0.009033211
16149,0.0186157
16150,0.022979762
16151,0.02059935
16152,0.02169802
16153,0.015228294
16154,0.005432114
16155,-0.008422837
16156,-0.02893065
16157,-0.04064943
16158,-0.059997573
16159,-0.066040054
16160,-0.07763672
16161,-0.08078003
16162,-0.086486794
16163,-0.0808716
16164,-0.06948851
16165,-0.06243895
16166,-0.03836057
16167,-0.021911602
16168,0.0031433105
16169,0.018188508
16170,0.03274536
16171,0.036102295
16172,0.037963867
16173,0.038879365
16174,0.040039033
16175,0.040313706
16176,0.03256225
16177,0.027526826
16178,0.022888169
16179,0.029876724
16180,0.03482057
16181,0.04925537
16182,0.06436157
16183,0.081451416
16184,0.10089111
16185,0.1161499
16186,0.12472533
16187,0.12673952
16188,0.131073
16189,0.12213135
16190,0.10934448
16191,0.09506227
16192,0.078643784
16193,0.060791045
16194,0.048980713
16195,0.04251097
16196,0.038085938
16197,0.03686525
16198,0.03359986
16199,0.027923591
16200,0.020050026
16201,0.009826668
16202,-0.00692752
16203,-0.020812973
16204,-0.03857422
16205,-0.05929564
16206,-0.07388307
16207,-0.07620238
16208,-0.07693483
16209,-0.076354966
16210,-0.07092285
16211,-0.06552122
16212,-0.058654763
16213,-0.056243896
16214,-0.051025387
16215,-0.05548097
16216,-0.057952903
16217,-0.06069947
16218,-0.074890144
16219,-0.08697509
16220,-0.09585571
16221,-0.09854126
16222,-0.08981323
16223,-0.0763855
16224,-0.060394287
16225,-0.040924057
16226,-0.023651106
16227,-0.008422844
16228,0.006408684
16229,0.025329582
16230,0.042999268
16231,0.066406235
16232,0.08441161
16233,0.09701538
16234,0.096954346
16235,0.09185791
16236,0.0798645
16237,0.06649779
16238,0.055175774
16239,0.03881836
16240,0.025268557
16241,0.00064087287
16242,-0.022827141
16243,-0.053344723
16244,-0.075408936
16245,-0.089355454
16246,-0.09228516
16247,-0.08068847
16248,-0.059295665
16249,-0.038970932
16250,-0.028106693
16251,-0.023193367
16252,-0.02416993
16253,-0.020996097
16254,-0.01501466
16255,-0.010772705
16256,-0.008636471
16257,-0.008392343
16258,-0.00842284
16259,-0.00793457
16260,-0.010498047
16261,-0.0049133375
16262,0.002105698
16263,0.016876236
16264,0.034027115
16265,0.04360962
16266,0.049346924
16267,0.052520752
16268,0.060760498
16269,0.071624756
16270,0.088073716
16271,0.10110475
16272,0.11468507
16273,0.12438965
16274,0.13183595
16275,0.13583374
16276,0.13537598
16277,0.1303711
16278,0.123870865
16279,0.113525406
16280,0.095733635
16281,0.072570786
16282,0.037994385
16283,-0.00048829615
16284,-0.044982925
16285,-0.08920288
16286,-0.13479616
16287,-0.17388916
16288,-0.20233156
16289,-0.2206726
16290,-0.22802734
16291,-0.22314455
16292,-0.21185303
16293,-0.19039916
16294,-0.16595459
16295,-0.13946535
16296,-0.10946655
16297,-0.0843201
16298,-0.057800308
16299,-0.03250125
16300,-0.014984131
16301,0.0027770847
16302,0.012512177
16303,0.016815186
16304,0.026763886
16305,0.027740449
16306,0.035308853
16307,0.036560044
16308,0.036437973
16309,0.03387451
16310,0.02600097
16311,0.012908921
16312,0.0012512356
16313,-0.0075073615
16314,-0.020141613
16315,-0.023162872
16316,-0.02978514
16317,-0.024566665
16318,-0.020690935
16319,-0.016204845
16320,-0.0019226186
16321,0.008300766
16322,0.026428238
16323,0.048645034
16324,0.071502686
16325,0.09393312
16326,0.11083986
16327,0.117187515
16328,0.10968016
16329,0.0854187
16330,0.050445557
16331,0.012786776
16332,-0.008667052
16333,-9.1433525e-05
16334,0.053497344
16335,0.13290405
16336,0.20248425
16337,0.23937988
16338,0.25094616
16339,0.23175049
16340,0.19290173
16341,0.18798828
16342,0.27188116
16343,0.4071961
16344,0.5053712
16345,0.5322264
16346,0.44760132
16347,0.28088367
16348,0.05718988
16349,-0.16729724
16350,-0.36434937
16351,-0.53231823
16352,-0.705536
16353,-0.90722644
16354,-1.1382447
16355,-1.3443909
16356,-1.4198915
16357,-1.3218384
16358,-1.017456
16359,-0.60067743
16360,-0.17483532
16361,0.18637067
16362,0.41604632
16363,0.5162964
16364,0.52160674
16365,0.4738769
16366,0.4281922
16367,0.4102479
16368,0.42465204
16369,0.46060178
16370,0.5025022
16371,0.54626465
16372,0.5813904
16373,0.5984497
16374,0.57604986
16375,0.51232904
16376,0.39422596
16377,0.23501581
16378,0.08078015
16379,-0.063079715
16380,-0.16406238
16381,-0.19390872
16382,-0.15695173
16383,-0.05837992
16384,0.08847037
16385,0.24041754
16386,0.37222266
16387,0.46368405
16388,0.50094604
16389,0.5004882
16390,0.4344483
16391,0.3338011
16392,0.20257571
16393,0.03842172
16394,-0.13537604
16395,-0.30447382
16396,-0.46285987
16397,-0.5937196
16398,-0.6828308
16399,-0.74145484
16400,-0.7553712
16401,-0.73791504
16402,-0.6828003
16403,-0.60372925
16404,-0.5029295
16405,-0.38116455
16406,-0.2523192
16407,-0.13180533
16408,-0.046691895
16409,0.010681286
16410,0.043060377
16411,0.06616206
16412,0.08834839
16413,0.1016539
16414,0.11959827
16415,0.14761351
16416,0.17813101
16417,0.2192383
16418,0.25457764
16419,0.27627563
16420,0.29284665
16421,0.28909305
16422,0.25772095
16423,0.18807982
16424,0.09185794
16425,-0.023590118
16426,-0.14263916
16427,-0.24789429
16428,-0.334198
16429,-0.39730835
16430,-0.42495728
16431,-0.39959717
16432,-0.34088135
16433,-0.23901375
16434,-0.113311805
16435,0.015625
16436,0.1365051
16437,0.2443238
16438,0.33090213
16439,0.37271124
16440,0.3881531
16441,0.36972046
16442,0.3251648
16443,0.26452637
16444,0.19311523
16445,0.13061523
16446,0.07272341
16447,0.035308845
16448,0.012634277
16449,-0.014739998
16450,-0.039398193
16451,-0.0679016
16452,-0.09094241
16453,-0.10491945
16454,-0.11175537
16455,-0.11529541
16456,-0.11132814
16457,-0.1053772
16458,-0.09872438
16459,-0.088287346
16460,-0.07659911
16461,-0.05331422
16462,-0.026580796
16463,0.0058288723
16464,0.033691436
16465,0.05911255
16466,0.07962035
16467,0.09921265
16468,0.117889404
16469,0.13357544
16470,0.14950565
16471,0.15515137
16472,0.16159058
16473,0.15756229
16474,0.15042114
16475,0.13656616
16476,0.11944577
16477,0.102020234
16478,0.08538818
16479,0.07241824
16480,0.06277466
16481,0.057800293
16482,0.051696792
16483,0.046081558
16484,0.033691436
16485,0.019653335
16486,0.0068970025
16487,-0.010375962
16488,-0.02526854
16489,-0.03491208
16490,-0.04788211
16491,-0.058074996
16492,-0.06842044
16493,-0.07394411
16494,-0.0764465
16495,-0.075714074
16496,-0.0665283
16497,-0.058288544
16498,-0.044952378
16499,-0.032043412
16500,-0.017364495
16501,-0.008392345
16502,-0.0026550163
16503,0.0021972517
16504,0.008728044
16505,0.013427731
16506,-0.005676262
16507,-0.020446815
16508,-0.037109356
16509,-0.05267336
16510,-0.07772827
16511,-0.10388182
16512,-0.10662843
16513,-0.11166377
16514,-0.108032234
16515,-0.104217514
16516,-0.089660645
16517,-0.07778934
16518,-0.048400864
16519,-0.026061986
16520,-0.014251713
16521,-0.004302975
16522,-0.0032043345
16523,0.0064391904
16524,-0.00079347193
16525,-0.0066833347
16526,-0.013763413
16527,-0.021301258
16528,-0.0187683
16529,-0.012908928
16530,-0.012084991
16531,-0.011047363
16532,-0.0006103404
16533,0.012756322
16534,0.024169933
16535,0.030822743
16536,0.024719238
16537,0.016723633
16538,0.006896943
16539,-0.002929695
16540,-0.011779793
16541,-0.02053833
16542,-0.026947014
16543,-0.034362756
16544,-0.04434204
16545,-0.04983518
16546,-0.054748513
16547,-0.054260254
16548,-0.045227032
16549,-0.03176881
16550,-0.017272927
16551,-0.0026550386
16552,0.005676271
16553,0.009582512
16554,0.022521965
16555,0.032684304
16556,0.045135505
16557,0.053131104
16558,0.05752565
16559,0.062042255
16560,0.06604005
16561,0.07015991
16562,0.06457521
16563,0.05624389
16564,0.047332767
16565,0.041748047
16566,0.029815683
16567,0.01962281
16568,0.006317131
16569,-0.006805435
16570,-0.0144958645
16571,-0.028411858
16572,-0.038940437
16573,-0.046447746
16574,-0.051757805
16575,-0.057891835
16576,-0.05718994
16577,-0.057922352
16578,-0.05877686
16579,-0.050445568
16580,-0.045410153
16581,-0.0364685
16582,-0.028961176
16583,-0.015838645
16584,-0.00744631
16585,0.0007934477
16586,0.007141106
16587,0.016937263
16588,0.01916505
16589,0.021209717
16590,0.029388443
16591,0.029937774
16592,0.04296875
16593,0.051879883
16594,0.06100461
16595,0.069824204
16596,0.07562253
16597,0.08407594
16598,0.09387204
16599,0.09793092
16600,0.10385132
16601,0.10537721
16602,0.10131837
16603,0.09588623
16604,0.08609012
16605,0.0743103
16606,0.057373077
16607,0.036651626
16608,0.015289314
16609,-0.008911144
16610,-0.037170433
16611,-0.05517575
16612,-0.07827763
16613,-0.09637451
16614,-0.10772704
16615,-0.12026974
16616,-0.12063598
16617,-0.12322995
16618,-0.11721801
16619,-0.1036377
16620,-0.08599852
16621,-0.06524657
16622,-0.04580687
16623,-0.027557373
16624,-0.014984138
16625,-0.0040893704
16626,0.0017089844
16627,0.001525864
16628,-0.0067138597
16629,-0.011505149
16630,-0.019012429
16631,-0.028350838
16632,-0.033844
16633,-0.04159548
16634,-0.042358406
16635,-0.0420532
16636,-0.037078835
16637,-0.031524636
16638,-0.026702866
16639,-0.019866943
16640,-0.010864256
16641,-0.00656131
16642,0.0004882959
16643,0.007171599
16644,0.01095584
16645,0.02209473
16646,0.02853395
16647,0.036163352
16648,0.04504396
16649,0.05322268
16650,0.06356813
16651,0.07211305
16652,0.07620238
16653,0.0804138
16654,0.081665024
16655,0.08468625
16656,0.08752443
16657,0.0854187
16658,0.08752443
16659,0.08694458
16660,0.0819397
16661,0.07772827
16662,0.06921388
16663,0.064392075
16664,0.06130983
16665,0.057800308
16666,0.058685295
16667,0.05627446
16668,0.04754635
16669,0.04031372
16670,0.028076172
16671,0.012695313
16672,-0.00033566542
16673,-0.019226085
16674,-0.03579711
16675,-0.059265163
16676,-0.079437256
16677,-0.09606935
16678,-0.112091035
16679,-0.12142946
16680,-0.12112427
16681,-0.12100218
16682,-0.11557007
16683,-0.104614235
16684,-0.09756472
16685,-0.08572386
16686,-0.074798584
16687,-0.062683105
16688,-0.046539314
16689,-0.03552247
16690,-0.02075198
16691,-0.010620106
16692,0.0010070913
16693,0.019073501
16694,0.027282722
16695,0.042877182
16696,0.0579834
16697,0.0715332
16698,0.08587645
16699,0.09658813
16700,0.101867676
16701,0.10794069
16702,0.10772705
16703,0.10269165
16704,0.09677123
16705,0.08096314
16706,0.06875612
16707,0.048034683
16708,0.025665272
16709,0.0005188063
16710,-0.02923584
16711,-0.050750762
16712,-0.0725403
16713,-0.090026885
16714,-0.108917266
16715,-0.1191406
16716,-0.12689207
16717,-0.12551877
16718,-0.11468506
16719,-0.10223387
16720,-0.08715817
16721,-0.06869506
16722,-0.052093506
16723,-0.040832512
16724,-0.02758789
16725,-0.021728523
16726,-0.012298562
16727,-0.008789092
16728,-0.006713856
16729,-0.0039367676
16730,-0.009735096
16731,-0.012420639
16732,-0.015228257
16733,-0.01196287
16734,-0.0046386435
16735,0.0055542216
16736,0.01797487
16737,0.031982422
16738,0.041503914
16739,0.050079335
16740,0.06030271
16741,0.062499985
16742,0.06817627
16743,0.071197525
16744,0.071746856
16745,0.07205201
16746,0.0679016
16747,0.061828602
16748,0.051849354
16749,0.039306648
16750,0.03210449
16751,0.02767945
16752,0.019866955
16753,0.01626587
16754,0.012298603
16755,0.006195061
16756,0.008331295
16757,0.005187977
16758,0.0032653883
16759,0.0033874586
16760,0.0028381273
16761,0.004821766
16762,0.0055846944
16763,0.0026550293
16764,0.001495339
16765,0.0019226074
16766,0.00030517206
16767,0.0014648549
16768,-0.0030822642
16769,-0.0021057036
16770,-0.0039977804
16771,-0.0032653827
16772,-0.0006713858
16773,-0.00045775156
16774,-0.00033570075
16775,-0.0026550284
16776,-0.0015564077
16777,-0.009216307
16778,-0.015380869
16779,-0.017364508
16780,-0.019775392
16781,-0.0248108
16782,-0.026153568
16783,-0.029327393
16784,-0.03433228
16785,-0.03320312
16786,-0.034423828
16787,-0.031433105
16788,-0.028930664
16789,-0.024047852
16790,-0.019073486
16791,-0.019165039
16792,-0.018035889
16793,-0.018066408
16794,-0.019958494
16795,-0.020294186
16796,-0.019805908
16797,-0.023986818
16798,-0.020874023
16799,-0.019012436
16800,-0.013061518
16801,-0.004882805
16802,0.0001830943
16803,0.013916016
16804,0.025146484
16805,0.03747557
16806,0.048065178
16807,0.05709839
16808,0.06430054
16809,0.069061264
16810,0.067932144
16811,0.0691528
16812,0.063720696
16813,0.057891853
16814,0.055267327
16815,0.04940798
16816,0.041412354
16817,0.03485109
16818,0.023773193
16819,0.008911131
16820,-0.0013732892
16821,-0.01995849
16822,-0.033264168
16823,-0.050292954
16824,-0.06076049
16825,-0.06808473
16826,-0.073211655
16827,-0.07119751
16828,-0.06890871
16829,-0.061859123
16830,-0.05136109
16831,-0.033111572
16832,-0.018798828
16833,-0.0031433105
16834,0.0074157715
16835,0.012786863
16836,0.015716555
16837,0.012969969
16838,0.011932374
16839,0.007446289
16840,0.008972166
16841,0.0040893555
16842,0.0014343262
16843,-0.003082279
16844,-0.012512207
16845,-0.019348145
16846,-0.022613525
16847,-0.024597168
16848,-0.024871826
16849,-0.022125244
16850,-0.02090454
16851,-0.014068603
16852,-0.010070802
16853,-0.0019836426
16854,0.0075683575
16855,0.01272583
16856,0.019714357
16857,0.02514648
16858,0.025817877
16859,0.02239991
16860,0.019165039
16861,0.012542728
16862,0.008026116
16863,0.002166748
16864,-0.008056633
16865,-0.0105590895
16866,-0.013427723
16867,-0.013610862
16868,-0.015075691
16869,-0.017730717
16870,-0.014831554
16871,-0.010437027
16872,-0.009399414
16873,-0.010070808
16874,-0.011657704
16875,-0.014160156
16876,-0.014862038
16877,-0.020233162
16878,-0.026245095
16879,-0.027587902
16880,-0.027648918
16881,-0.026550293
16882,-0.023162842
16883,-0.022308342
16884,-0.022338878
16885,-0.019134518
16886,-0.013488784
16887,-0.008087136
16888,-0.006591808
16889,0.0021972596
16890,0.010711674
16891,0.016418442
16892,0.02169802
16893,0.025421131
16894,0.030761719
16895,0.030975346
16896,0.032623284
16897,0.03518677
16898,0.036376942
16899,0.03793334
16900,0.03845214
16901,0.039520256
16902,0.037384033
16903,0.036712646
16904,0.035217285
16905,0.03262329
16906,0.03213501
16907,0.024230957
16908,0.01687622
16909,0.006286622
16910,-0.007904054
16911,-0.020019531
16912,-0.032897953
16913,-0.042419434
16914,-0.04724121
16915,-0.04760742
16916,-0.04623414
16917,-0.038116463
16918,-0.026092537
16919,-0.0109253
16920,0.005920425
16921,0.021942154
16922,0.03759767
16923,0.050994903
16924,0.06460572
16925,0.07730103
16926,0.08605957
16927,0.09133911
16928,0.094116196
16929,0.09149171
16930,0.081787094
16931,0.06848143
16932,0.05130002
16933,0.025909394
16934,0.0032043457
16935,-0.022033699
16936,-0.04437253
16937,-0.06362913
16938,-0.07754514
16939,-0.08551024
16940,-0.08798217
16941,-0.08410644
16942,-0.07604981
16943,-0.059631355
16944,-0.04409791
16945,-0.026702886
16946,-0.012451174
16947,-0.0015258864
16948,0.0028076135
16949,0.006500248
16950,0.008239735
16951,0.010681152
16952,0.017669678
16953,0.023803711
16954,0.031280525
16955,0.035766594
16956,0.040100098
16957,0.04443361
16958,0.043701164
16959,0.039550796
16960,0.034728996
16961,0.023284918
16962,0.0085144015
16963,-0.0042419443
16964,-0.017913833
16965,-0.02722168
16966,-0.033325206
16967,-0.034149177
16968,-0.03350829
16969,-0.03494264
16970,-0.031707752
16971,-0.029968273
16972,-0.025390623
16973,-0.022308351
16974,-0.017578123
16975,-0.016845705
16976,-0.014251709
16977,-0.011718751
16978,-0.011871337
16979,-0.008117676
16980,-0.005432129
16981,-0.0005798342
16982,0.0009155269
16983,0.0016174298
16984,-0.0016479483
16985,-0.0030822763
16986,-0.003265379
16987,0.00036620907
16988,0.003540039
16989,0.008331299
16990,0.01473999
16991,0.018249512
16992,0.022155762
16993,0.023559572
16994,0.021636963
16995,0.019439697
16996,0.016204834
16997,0.01040649
16998,0.0007324219
16999,-0.008422844
17000,-0.0187378
17001,-0.032928467
17002,-0.037536614
17003,-0.040496826
17004,-0.03845215
17005,-0.03479004
17006,-0.02810669
17007,-0.021911621
17008,-0.018615723
17009,-0.0140686035
17010,-0.010040283
17011,-0.0051269587
17012,-0.0051574707
17013,0.0030517597
17014,0.003631577
17015,0.006164558
17016,0.009155247
17017,0.008422844
17018,0.010894783
17019,0.012634285
17020,0.014587402
17021,0.011871338
17022,0.0065917894
17023,0.002868645
17024,-0.0037231334
17025,-0.014709465
17026,-0.022735592
17027,-0.034088135
17028,-0.040435784
17029,-0.04373169
17030,-0.041473392
17031,-0.036163338
17032,-0.024505612
17033,-0.012817385
17034,0.0007324293
17035,0.014770517
17036,0.026214592
17037,0.040130608
17038,0.04891967
17039,0.059326172
17040,0.06442261
17041,0.06286622
17042,0.05905151
17043,0.049865723
17044,0.03567505
17045,0.023498533
17046,0.012023925
17047,0.00027465634
17048,-0.0062561035
17049,-0.015014648
17050,-0.018737795
17051,-0.023132322
17052,-0.02630615
17053,-0.025817871
17054,-0.02508545
17055,-0.018371582
17056,-0.010406496
17057,-0.006835934
17058,-0.0072936993
17059,-0.004119871
17060,-0.004760742
17061,-0.002960205
17062,-0.0036621094
17063,-0.006134033
17064,-0.0026245136
17065,-0.0057067866
17066,-0.0057373047
17067,-0.008270262
17068,-0.010467527
17069,-0.0066833496
17070,-0.0029296894
17071,0.004028322
17072,0.009033199
17073,0.013427738
17074,0.014923096
17075,0.019012455
17076,0.019256594
17077,0.014678955
17078,0.011566164
17079,0.0046081534
17080,-0.00024414062
17081,-0.0040588398
17082,-0.008514404
17083,-0.010345459
17084,-0.009399416
17085,-0.007843018
17086,-0.006683361
17087,-0.0007629357
17088,0.000579834
17089,0.0064392164
17090,0.008972168
17091,0.012268055
17092,0.01583863
17093,0.017700206
17094,0.02142334
17095,0.02029419
17096,0.02539064
17097,0.032135017
17098,0.036224373
17099,0.039489746
17100,0.045318596
17101,0.0467224
17102,0.0466919
17103,0.044219982
17104,0.039642323
17105,0.03103637
17106,0.02517701
17107,0.020233149
17108,0.010436997
17109,-0.0009155143
17110,-0.008636489
17111,-0.017730705
17112,-0.028381355
17113,-0.032836907
17114,-0.039825454
17115,-0.04263306
17116,-0.041595455
17117,-0.03890992
17118,-0.039764404
17119,-0.039917
17120,-0.035430912
17121,-0.030883798
17122,-0.026611328
17123,-0.021636963
17124,-0.017608646
17125,-0.01464843
17126,-0.0147705
17127,-0.01382447
17128,-0.016265862
17129,-0.019378651
17130,-0.018035892
17131,-0.01791381
17132,-0.018005371
17133,-0.020233162
17134,-0.019805923
17135,-0.021972664
17136,-0.021209726
17137,-0.019500745
17138,-0.013244644
17139,-0.007934578
17140,-0.0015258845
17141,0.0070495512
17142,0.014068607
17143,0.023437493
17144,0.027648937
17145,0.03402713
17146,0.03622438
17147,0.036376975
17148,0.029296875
17149,0.018096916
17150,0.006591782
17151,-0.009155288
17152,-0.023376472
17153,-0.038818367
17154,-0.050262436
17155,-0.0579834
17156,-0.06002807
17157,-0.059997562
17158,-0.05947877
17159,-0.053558365
17160,-0.04721067
17161,-0.037384003
17162,-0.02691649
17163,-0.014526359
17164,-0.0026550442
17165,0.006500222
17166,0.019805886
17167,0.027343726
17168,0.033264168
17169,0.040374756
17170,0.047058124
17171,0.05502321
17172,0.057037357
17173,0.058013912
17174,0.054382328
17175,0.04913327
17176,0.04501343
17177,0.041503903
17178,0.039367676
17179,0.038330063
17180,0.037628166
17181,0.034912094
17182,0.0335083
17183,0.027862556
17184,0.022979718
17185,0.019531243
17186,0.017547619
17187,0.013458267
17188,0.009063724
17189,0.0040893517
17190,-0.0018920936
17191,-0.0080566555
17192,-0.01104736
17193,-0.013336185
17194,-0.014587402
17195,-0.014831565
17196,-0.017089847
17197,-0.01577758
17198,-0.015380874
17199,-0.013366677
17200,-0.009704601
17201,-0.005065907
17202,0.003509529
17203,0.009979244
17204,0.016326906
17205,0.02148437
17206,0.021392822
17207,0.022094723
17208,0.020416267
17209,0.015228265
17210,0.0061645634
17211,-0.0022888342
17212,-0.008911137
17213,-0.013671879
17214,-0.020477314
17215,-0.028045645
17216,-0.03552247
17217,-0.04034424
17218,-0.04296875
17219,-0.045135498
17220,-0.04373169
17221,-0.040496826
17222,-0.035064697
17223,-0.02722168
17224,-0.022766111
17225,-0.019348148
17226,-0.011810301
17227,-0.004638672
17228,0.008087156
17229,0.018859863
17230,0.02838135
17231,0.039855957
17232,0.04647827
17233,0.04876709
17234,0.044769287
17235,0.036224365
17236,0.024780273
17237,0.013092041
17238,0.001281738
17239,-0.0118103055
17240,-0.027221678
17241,-0.03729248
17242,-0.045532223
17243,-0.049346916
17244,-0.042114265
17245,-0.030120853
17246,-0.01126099
17247,0.008422852
17248,0.026794435
17249,0.040222168
17250,0.048736572
17251,0.051818848
17252,0.05090332
17253,0.045562744
17254,0.03689576
17255,0.0295105
17256,0.015411385
17257,0.007843023
17258,-0.0028381348
17259,-0.010498043
17260,-0.0133056715
17261,-0.020904534
17262,-0.024719238
17263,-0.02923584
17264,-0.03292846
17265,-0.04147339
17266,-0.044616695
17267,-0.04345704
17268,-0.03942871
17269,-0.02407837
17270,-0.0047302246
17271,0.010528535
17272,0.017028809
17273,0.014709443
17274,0.0062560886
17275,-0.013244614
17276,-0.035430923
17277,-0.06030272
17278,-0.086425774
17279,-0.11145019
17280,-0.1300049
17281,-0.13888547
17282,-0.13821411
17283,-0.11578368
17284,-0.08416748
17285,-0.045318596
17286,-0.003906235
17287,0.027770989
17288,0.049926743
17289,0.06457518
17290,0.07690427
17291,0.087768555
17292,0.10260007
17293,0.11557007
17294,0.13653567
17295,0.162323
17296,0.1947632
17297,0.2460022
17298,0.30316162
17299,0.3633728
17300,0.40863043
17301,0.41583258
17302,0.3617248
17303,0.23437506
17304,0.03555298
17305,-0.203064
17306,-0.45477295
17307,-0.68389904
17308,-0.868927
17309,-1.0008242
17310,-1.0661316
17311,-1.0549316
17312,-0.9381715
17313,-0.7059022
17314,-0.3702392
17315,0.031188965
17316,0.4560243
17317,0.85144055
17318,1.1671141
17319,1.3823547
17320,1.4818116
17321,1.4873046
17322,1.4210817
17323,1.2927551
17324,1.1217651
17325,0.91030896
17326,0.67544544
17327,0.42922986
17328,0.1932677
17329,-0.024444565
17330,-0.23455799
17331,-0.4290161
17332,-0.59130853
17333,-0.71987903
17334,-0.8215636
17335,-0.880585
17336,-0.91265845
17337,-0.9259645
17338,-0.8974
17339,-0.8320923
17340,-0.75176996
17341,-0.6695557
17342,-0.5601807
17343,-0.43042004
17344,-0.2803955
17345,-0.14053342
17346,-0.026489258
17347,0.07095328
17348,0.15249652
17349,0.18002301
17350,0.15371725
17351,0.12789926
17352,0.060821652
17353,-0.006530702
17354,-0.06851202
17355,-0.15609753
17356,-0.21691906
17357,-0.28939825
17358,-0.31445318
17359,-0.29843116
17360,-0.26449588
17361,-0.208435
17362,-0.11798075
17363,-0.047424436
17364,0.008606076
17365,0.056244045
17366,0.038574338
17367,0.08758545
17368,0.06390384
17369,0.02029401
17370,0.05996698
17371,0.011688143
17372,-0.06689435
17373,-0.094451845
17374,-0.11740109
17375,-0.15106185
17376,-0.10128775
17377,-0.051391527
17378,-0.017181382
17379,0.1077272
17380,0.1537169
17381,0.26489255
17382,0.31991562
17383,0.35223365
17384,0.41265863
17385,0.37982172
17386,0.346161
17387,0.2867127
17388,0.21774295
17389,0.08270264
17390,0.06314087
17391,-0.019134529
17392,-0.0474243
17393,-0.041686997
17394,-0.05899048
17395,0.02005005
17396,0.044403076
17397,0.072601326
17398,0.09176634
17399,0.10562132
17400,0.06399535
17401,0.057037346
17402,0.06066896
17403,0.0072936863
17404,0.027313232
17405,0.026519775
17406,0.0022888184
17407,0.04699704
17408,0.08523558
17409,0.10098265
17410,0.11651613
17411,0.1382141
17412,0.12982176
17413,0.12548827
17414,0.10229492
17415,0.09780887
17416,0.07550052
17417,0.061523408
17418,0.039276063
17419,-0.013885438
17420,-0.032073855
17421,-0.022918671
17422,-0.0049438477
17423,0.013091981
17424,0.09118658
17425,0.13891599
17426,0.15057361
17427,0.17913812
17428,0.18093881
17429,0.15374738
17430,0.13864133
17431,0.12097153
17432,0.09854114
17433,0.04534906
17434,0.032958984
17435,0.039764494
17436,-0.0049132407
17437,-0.006927371
17438,-0.030334353
17439,-0.042419344
17440,-0.04928592
17441,-0.06491077
17442,-0.074035674
17443,-0.06539917
17444,-0.06494138
17445,-0.047760054
17446,-0.038208067
17447,-0.07794188
17448,-0.06625368
17449,-0.058898896
17450,-0.050323457
17451,-0.043701127
17452,-0.03558345
17453,-0.035400406
17454,-0.05804448
17455,-0.07797246
17456,-0.054016158
17457,-0.02728273
17458,-0.03451538
17459,-0.017333984
17460,0.004760742
17461,0.034210227
17462,0.02441404
17463,0.025787361
17464,0.00042722374
17465,-0.022033677
17466,-0.0006713718
17467,-0.036376953
17468,-0.010620125
17469,-0.049041778
17470,-0.10314943
17471,-0.08264161
17472,-0.09362795
17473,-0.10897826
17474,-0.12039184
17475,-0.11468507
17476,-0.10455322
17477,-0.077301025
17478,-0.11233522
17479,-0.118133545
17480,-0.14004517
17481,-0.13439941
17482,-0.05056764
17483,-0.06826782
17484,-0.04837037
17485,-0.0270691
17486,-0.040252678
17487,-0.040344246
17488,0.007263183
17489,0.050781272
17490,0.053100593
17491,0.074340835
17492,0.07266234
17493,0.07702636
17494,0.070037834
17495,0.070861824
17496,0.061676018
17497,0.04986573
17498,0.044555657
17499,0.047302254
17500,0.02508545
17501,0.0031433124
17502,0.03189087
17503,0.017028803
17504,0.025054941
17505,0.025390623
17506,-0.014038093
17507,-0.036712654
17508,-0.032196045
17509,-0.040527344
17510,-0.033599854
17511,-0.026855461
17512,-0.04162597
17513,-0.029663086
17514,-0.028076172
17515,-0.026062027
17516,-0.0048828125
17517,-0.0119018555
17518,-0.019165024
17519,-0.035064712
17520,-0.040924072
17521,-0.046051025
17522,-0.055572525
17523,-0.07226561
17524,-0.07781981
17525,-0.081665024
17526,-0.1472473
17527,-0.16061401
17528,-0.1736145
17529,-0.14666748
17530,-0.11846923
17531,-0.109558135
17532,-0.11694336
17533,-0.12045297
17534,-0.11151117
17535,-0.10449219
17536,-0.047210693
17537,0.03137207
17538,0.17178345
17539,0.31051648
17540,0.4372865
17541,0.560028
17542,0.64797974
17543,0.7328492
17544,0.8126221
17545,0.8533325
17546,0.8490294
17547,0.7966918
17548,0.68960565
17549,0.5311889
17550,0.35928333
17551,0.13275146
17552,-0.08807379
17553,-0.27682495
17554,-0.43237317
17555,-0.537079
17556,-0.64239514
17557,-0.7312013
17558,-0.841522
17559,-0.95935047
17560,-1.1027832
17561,-1.2214967
17562,-1.3195494
17563,-1.3720094
17564,-1.3628235
17565,-1.3099365
17566,-1.1702881
17567,-0.98791504
17568,-0.7444154
17569,-0.45730603
17570,-0.13830602
17571,0.20025635
17572,0.5219419
17573,0.79174805
17574,0.9972534
17575,1.1238708
17576,1.173401
17577,1.1412656
17578,1.0421144
17579,0.9074706
17580,0.7541809
17581,0.6196899
17582,0.50561523
17583,0.39855957
17584,0.3102417
17585,0.21566771
17586,0.1048584
17587,0.0065002423
17588,-0.100250244
17589,-0.19488525
17590,-0.27093506
17591,-0.31872556
17592,-0.3357849
17593,-0.34039298
17594,-0.32461545
17595,-0.29116815
17596,-0.23391724
17597,-0.15405273
17598,-0.031433105
17599,0.1051023
17600,0.2652893
17601,0.44174194
17602,0.6031797
17603,0.74835205
17604,0.84976184
17605,0.90829456
17606,0.9142761
17607,0.86288464
17608,0.75570667
17609,0.5950318
17610,0.40362567
17611,0.19241345
17612,-0.010955721
17613,-0.1971741
17614,-0.34686267
17615,-0.4482422
17616,-0.50216675
17617,-0.5010679
17618,-0.46679688
17619,-0.4066772
17620,-0.3359679
17621,-0.2643432
17622,-0.20617676
17623,-0.17480457
17624,-0.17901611
17625,-0.21075451
17626,-0.26394665
17627,-0.3394165
17628,-0.40951544
17629,-0.47088635
17630,-0.51727295
17631,-0.530243
17632,-0.52636725
17633,-0.49353033
17634,-0.4302674
17635,-0.34143072
17636,-0.21905525
17637,-0.08905028
17638,0.031097487
17639,0.1437683
17640,0.2257996
17641,0.27352908
17642,0.29748535
17643,0.2974854
17644,0.29623413
17645,0.2930908
17646,0.2909851
17647,0.2744751
17648,0.24655151
17649,0.20706177
17650,0.19854738
17651,0.21133421
17652,0.2130127
17653,0.22216795
17654,0.20703124
17655,0.18133545
17656,0.14068604
17657,0.09344481
17658,0.032165542
17659,-0.021118209
17660,-0.0682068
17661,-0.10562134
17662,-0.14224242
17663,-0.1772461
17664,-0.18487549
17665,-0.18737793
17666,-0.15838626
17667,-0.13418582
17668,-0.13665771
17669,-0.14151001
17670,-0.1659545
17671,-0.20401001
17672,-0.24615473
17673,-0.27633667
17674,-0.29336554
17675,-0.31643677
17676,-0.31857303
17677,-0.3182372
17678,-0.29949957
17679,-0.26358026
17680,-0.19842538
17681,-0.13220213
17682,-0.06555186
17683,0.0023497343
17684,0.05609134
17685,0.11242663
17686,0.13980117
17687,0.17660517
17688,0.20291144
17689,0.22125235
17690,0.22122195
17691,0.21136467
17692,0.21487431
17693,0.19717409
17694,0.18789673
17695,0.19039917
17696,0.17687988
17697,0.17498778
17698,0.16802977
17699,0.15481566
17700,0.13363647
17701,0.11184694
17702,0.101257324
17703,0.08004761
17704,0.062438972
17705,0.043853745
17706,0.040374774
17707,0.032348637
17708,0.03219605
17709,0.01855471
17710,-0.007965095
17711,-0.02178955
17712,-0.051879883
17713,-0.063262954
17714,-0.0770569
17715,-0.09155275
17716,-0.10424806
17717,-0.12216185
17718,-0.13565063
17719,-0.15310667
17720,-0.15368652
17721,-0.14657591
17722,-0.13003542
17723,-0.10644531
17724,-0.08670047
17725,-0.06066893
17726,-0.043121338
17727,-0.020690903
17728,0.0032348558
17729,0.023925766
17730,0.041686997
17731,0.045959473
17732,0.056396455
17733,0.056152374
17734,0.03994752
17735,0.031402618
17736,0.016052246
17737,0.002532974
17738,-0.007293714
17739,-0.011901841
17740,-0.008148201
17741,-0.0067748874
17742,0.005218491
17743,0.023010224
17744,0.040496826
17745,0.058929414
17746,0.08377075
17747,0.093872055
17748,0.104095474
17749,0.10702513
17750,0.10552977
17751,0.102996826
17752,0.09753421
17753,0.0960083
17754,0.09628296
17755,0.09933472
17756,0.09698489
17757,0.102142304
17758,0.10052493
17759,0.10424806
17760,0.10797119
17761,0.11087035
17762,0.10446167
17763,0.10000607
17764,0.09207151
17765,0.07321166
17766,0.0522156
17767,0.02178955
17768,-0.0049743373
17769,-0.044403076
17770,-0.07525632
17771,-0.10101321
17772,-0.11904901
17773,-0.13168336
17774,-0.13943478
17775,-0.14266966
17776,-0.1440735
17777,-0.13891603
17778,-0.13763429
17779,-0.12771608
17780,-0.11309816
17781,-0.09487915
17782,-0.07373047
17783,-0.058746334
17784,-0.04122924
17785,-0.020050064
17786,0.0045776367
17787,0.025207527
17788,0.039733887
17789,0.059631333
17790,0.08709717
17791,0.1041565
17792,0.10995482
17793,0.103271484
17794,0.07943724
17795,0.051696792
17796,0.025573727
17797,-0.0019531064
17798,-0.0276489
17799,-0.039794922
17800,-0.054931626
17801,-0.0625
17802,-0.06686401
17803,-0.0647888
17804,-0.049224842
17805,-0.028839111
17806,0.0043030083
17807,0.031097408
17808,0.046295155
17809,0.05392457
17810,0.050811756
17811,0.0408325
17812,0.03131104
17813,0.021087639
17814,0.012115501
17815,0.007629402
17816,0.010040291
17817,0.010406505
17818,0.008728011
17819,0.01058962
17820,0.002899168
17821,-0.008880621
17822,-0.01699829
17823,-0.015960691
17824,-0.024292007
17825,-0.029693611
17826,-0.039001483
17827,-0.045532223
17828,-0.05163575
17829,-0.05368043
17830,-0.0393982
17831,-0.027771
17832,-0.0036315694
17833,0.019317634
17834,0.036956795
17835,0.040954597
17836,0.0449524
17837,0.042999275
17838,0.037078865
17839,0.03228759
17840,0.022918705
17841,0.006713867
17842,-0.013732902
17843,-0.025848385
17844,-0.040771488
17845,-0.045501728
17846,-0.046081543
17847,-0.04806519
17848,-0.04553222
17849,-0.03793335
17850,-0.024108887
17851,-0.016448975
17852,0.00057984143
17853,0.017181389
17854,0.014953606
17855,0.008636475
17856,0.0035400242
17857,-0.0027770996
17858,-0.021240242
17859,-0.02902221
17860,-0.03854371
17861,-0.051727306
17862,-0.055358887
17863,-0.05789186
17864,-0.055755615
17865,-0.056640625
17866,-0.03149411
17867,-0.0132751465
17868,-0.009613037
17869,0.0045166165
17870,0.011596665
17871,0.014099121
17872,0.010742165
17873,0.009094261
17874,-0.0057983324
17875,-0.017700195
17876,-0.030334488
17877,-0.042938262
17878,-0.04827881
17879,-0.05712892
17880,-0.05310057
17881,-0.05767823
17882,-0.04953003
17883,-0.03570556
17884,-0.02084352
17885,0.0019836593
17886,0.024658201
17887,0.050048843
17888,0.075714126
17889,0.10122683
17890,0.11416626
17891,0.121948265
17892,0.110839844
17893,0.0895691
17894,0.0541687
17895,0.020111082
17896,0.0012512212
17897,-0.020080566
17898,-0.024780273
17899,-0.02633667
17900,-0.026428223
17901,-0.016876224
17902,-0.0043334924
17903,0.013641357
17904,0.036132794
17905,0.04837037
17906,0.055511467
17907,0.048309326
17908,0.022552498
17909,-0.008117653
17910,-0.037017822
17911,-0.064880386
17912,-0.09112549
17913,-0.10061647
17914,-0.096832275
17915,-0.079254135
17916,-0.06488037
17917,-0.045959473
17918,-0.044555664
17919,-0.0480652
17920,-0.046997115
17921,-0.057647713
17922,-0.066802986
17923,-0.07650755
17924,-0.07058716
17925,-0.06472778
17926,-0.055084232
17927,-0.036621094
17928,-0.010345444
17929,0.018554695
17930,0.05227658
17931,0.092376724
17932,0.11279296
17933,0.12966916
17934,0.14056398
17935,0.14544679
17936,0.14733888
17937,0.140625
17938,0.13705443
17939,0.13101196
17940,0.12368775
17941,0.11367799
17942,0.103057876
17943,0.08029177
17944,0.053588867
17945,0.023284921
17946,-0.013427764
17947,-0.04489136
17948,-0.07717896
17949,-0.10305786
17950,-0.11953731
17951,-0.12689209
17952,-0.1217041
17953,-0.09515383
17954,-0.050323494
17955,0.00289917
17956,0.061523452
17957,0.11099243
17958,0.14578247
17959,0.16400145
17960,0.16207886
17961,0.1416321
17962,0.11523436
17963,0.08093263
17964,0.036224376
17965,-0.0030517653
17966,-0.04367064
17967,-0.07766723
17968,-0.10479736
17969,-0.12097169
17970,-0.13162233
17971,-0.13375853
17972,-0.13394165
17973,-0.12817383
17974,-0.12329103
17975,-0.1159668
17976,-0.097656235
17977,-0.0899353
17978,-0.07229613
17979,-0.058990464
17980,-0.049713112
17981,-0.043579094
17982,-0.037109375
17983,-0.03909304
17984,-0.044403076
17985,-0.044097885
17986,-0.050262466
17987,-0.046203583
17988,-0.041046165
17989,-0.028228745
17990,-0.009857163
17991,0.013702393
17992,0.041656524
17993,0.070434585
17994,0.10244751
17995,0.1314392
17996,0.16448975
17997,0.19033813
17998,0.20736694
17999,0.21469115
18000,0.20877074
18001,0.19195555
18002,0.16320802
18003,0.12954712
18004,0.0897217
18005,0.04779052
18006,-0.0004272312
18007,-0.045684807
18008,-0.0812988
18009,-0.11373902
18010,-0.122772224
18011,-0.12078859
18012,-0.105468765
18013,-0.07586673
18014,-0.050628677
18015,-0.027343765
18016,-0.007019043
18017,0.007934578
18018,0.025360122
18019,0.0346985
18020,0.04452513
18021,0.058502197
18022,0.045806877
18023,0.039733887
18024,0.031707756
18025,0.015197761
18026,0.009399407
18027,0.0065612495
18028,0.0064086504
18029,0.0014342964
18030,0.0055541843
18031,0.00012208428
18032,-0.0018310621
18033,-0.016509995
18034,-0.014648443
18035,-0.01824949
18036,-0.030914292
18037,-0.030151349
18038,-0.048706084
18039,-0.055664048
18040,-0.0645752
18041,-0.06930543
18042,-0.07632447
18043,-0.07931523
18044,-0.07977296
18045,-0.07800294
18046,-0.07144166
18047,-0.06756592
18048,-0.060760505
18049,-0.052520752
18050,-0.04257202
18051,-0.028655961
18052,-0.020355247
18053,-0.015533432
18054,-0.008178733
18055,-0.0033874288
18056,-9.1552734e-05
18057,-0.00088503957
18058,-0.006286636
18059,-0.015014663
18060,-0.025390618
18061,-0.03298951
18062,-0.0425415
18063,-0.048675552
18064,-0.044036873
18065,-0.03640747
18066,-0.026489265
18067,-0.012939455
18068,0.0027465513
18069,0.018768327
18070,0.038391106
18071,0.059906006
18072,0.07165527
18073,0.08242797
18074,0.08752442
18075,0.08465576
18076,0.0655823
18077,0.043151844
18078,0.024536133
18079,0.0032958984
18080,0.0030517727
18081,0.0051879883
18082,0.0119629055
18083,0.027099624
18084,0.04733278
18085,0.071319565
18086,0.09133911
18087,0.11126709
18088,0.12667847
18089,0.13812256
18090,0.12780763
18091,0.108551025
18092,0.06802369
18093,0.014312722
18094,-0.025604263
18095,-0.069793716
18096,-0.09188841
18097,-0.1116638
18098,-0.124420136
18099,-0.13363647
18100,-0.14886473
18101,-0.15859985
18102,-0.17285158
18103,-0.18518068
18104,-0.20358275
18105,-0.21585082
18106,-0.21334836
18107,-0.17736813
18108,-0.09158324
18109,0.045196503
18110,0.19583122
18111,0.33328244
18112,0.4357605
18113,0.480896
18114,0.45410156
18115,0.3673706
18116,0.29525754
18117,0.28039545
18118,0.27737436
18119,0.24594104
18120,0.17013544
18121,0.028015316
18122,-0.13668823
18123,-0.3060609
18124,-0.4517213
18125,-0.5526123
18126,-0.62326056
18127,-0.6783143
18128,-0.76538074
18129,-0.89526355
18130,-1.0098267
18131,-1.0430603
18132,-0.94403064
18133,-0.69186413
18134,-0.35830683
18135,-0.014129639
18136,0.2834472
18137,0.4789734
18138,0.5693358
18139,0.57305896
18140,0.53051734
18141,0.494049
18142,0.48208618
18143,0.4948119
18144,0.51455694
18145,0.52471924
18146,0.51947033
18147,0.49679586
18148,0.4589234
18149,0.39709496
18150,0.31582636
18151,0.21557617
18152,0.12426776
18153,0.06237805
18154,0.030029178
18155,0.041015685
18156,0.09378046
18157,0.19198608
18158,0.3258667
18159,0.46484357
18160,0.58099365
18161,0.6689147
18162,0.72067285
18163,0.7145388
18164,0.6553344
18165,0.5396118
18166,0.40133685
18167,0.25750732
18168,0.10876465
18169,-0.060913205
18170,-0.27328473
18171,-0.4946286
18172,-0.70751965
18173,-0.89935315
18174,-1.0715942
18175,-1.2042239
18176,-1.2795105
18177,-1.2901918
18178,-1.2366942
18179,-1.1369323
18180,-0.9803467
18181,-0.7729186
18182,-0.5244141
18183,-0.2698059
18184,-0.03759761
18185,0.15603645
18186,0.30477905
18187,0.4131165
18188,0.47082514
18189,0.48348987
18190,0.45697004
18191,0.4044188
18192,0.33932498
18193,0.27758783
18194,0.2344056
18195,0.21078493
18196,0.21054077
18197,0.2234192
18198,0.23327635
18199,0.23666385
18200,0.22360228
18201,0.19540404
18202,0.14959715
18203,0.09359741
18204,0.03848266
18205,-0.013763435
18206,-0.0510559
18207,-0.07785037
18208,-0.091857925
18209,-0.09252928
18210,-0.0770569
18211,-0.05432128
18212,-0.03161621
18213,-0.007781975
18214,0.002319321
18215,0.0097350925
18216,0.0017395169
18217,-0.0077514574
18218,-0.01834105
18219,-0.033599854
18220,-0.04153441
18221,-0.047973648
18222,-0.054779068
18223,-0.060302734
18224,-0.05523683
18225,-0.05764769
18226,-0.05792237
18227,-0.05877687
18228,-0.062927246
18229,-0.061798107
18230,-0.058166534
18231,-0.04574585
18232,-0.029174834
18233,-0.0104980245
18234,0.008392334
18235,0.026306145
18236,0.040283225
18237,0.05184935
18238,0.06744385
18239,0.08087157
18240,0.09735109
18241,0.10955812
18242,0.12133789
18243,0.12692262
18244,0.12826537
18245,0.12808226
18246,0.12628175
18247,0.122039795
18248,0.10876466
18249,0.10528566
18250,0.09335326
18251,0.08438107
18252,0.075927734
18253,0.06622316
18254,0.05538939
18255,0.048645034
18256,0.04019165
18257,0.027557373
18258,0.019195527
18259,0.0114745945
18260,0.003326431
18261,-0.009948753
18262,-0.018951371
18263,-0.031066887
18264,-0.036895752
18265,-0.035186782
18266,-0.024993904
18267,-0.014953613
18268,-0.006286605
18269,-0.0008544773
18270,-0.0047912635
18271,-0.015472416
18272,-0.02902222
18273,-0.045135487
18274,-0.065948516
18275,-0.07971193
18276,-0.09646605
18277,-0.109649666
18278,-0.12066648
18279,-0.12490846
18280,-0.11807252
18281,-0.10522461
18282,-0.083038345
18283,-0.062011734
18284,-0.045623794
18285,-0.039733887
18286,-0.036651604
18287,-0.041076615
18288,-0.04483033
18289,-0.05154419
18290,-0.06082154
18291,-0.06112671
18292,-0.056518562
18293,-0.045318604
18294,-0.033843994
18295,-0.021087633
18296,-0.010925289
18297,0.0028686747
18298,0.01644896
18299,0.025909439
18300,0.039459184
18301,0.049896255
18302,0.06726071
18303,0.08538817
18304,0.102081314
18305,0.118560776
18306,0.13244627
18307,0.14407349
18308,0.14950562
18309,0.14767458
18310,0.1327515
18311,0.112152085
18312,0.0864868
18313,0.060394302
18314,0.03744507
18315,0.015045166
18316,0.00082396716
18317,-0.008239761
18318,-0.014373772
18319,-0.011444084
18320,-0.007720951
18321,-0.0020752177
18322,0.0028686374
18323,0.003967301
18324,0.0014038234
18325,-0.0055847187
18326,-0.014160141
18327,-0.025726326
18328,-0.037048336
18329,-0.051361106
18330,-0.06228638
18331,-0.07104492
18332,-0.07696532
18333,-0.07998659
18334,-0.08178712
18335,-0.0831299
18336,-0.08486938
18337,-0.083892815
18338,-0.08267213
18339,-0.07803345
18340,-0.07382202
18341,-0.06390379
18342,-0.055206314
18343,-0.04971315
18344,-0.04159546
18345,-0.03668213
18346,-0.030334484
18347,-0.018737786
18348,-0.007904034
18349,0.0013427362
18350,0.011077885
18351,0.01654052
18352,0.018646225
18353,0.022796627
18354,0.023071297
18355,0.024810817
18356,0.020965561
18357,0.018798845
18358,0.017334001
18359,0.010955812
18360,0.0051269718
18361,-0.002777094
18362,-0.012329102
18363,-0.020172127
18364,-0.024200454
18365,-0.023651138
18366,-0.008117691
18367,0.011413574
18368,0.038757324
18369,0.06671141
18370,0.0932312
18371,0.1178589
18372,0.1385193
18373,0.15490723
18374,0.16091919
18375,0.15194702
18376,0.12869263
18377,0.08819581
18378,0.036285393
18379,-0.016326927
18380,-0.06481934
18381,-0.09976196
18382,-0.120513916
18383,-0.12445068
18384,-0.11968994
18385,-0.10485841
18386,-0.084289536
18387,-0.055999756
18388,-0.028198235
18389,-0.007995606
18390,0.00643921
18391,0.00872803
18392,0.0052490234
18393,-0.006896971
18394,-0.0152893085
18395,-0.020721436
18396,-0.019592289
18397,-0.008087158
18398,0.002899168
18399,0.017944332
18400,0.027587887
18401,0.038635254
18402,0.043151855
18403,0.04296875
18404,0.039947502
18405,0.0317688
18406,0.022003181
18407,0.008148197
18408,-0.00289917
18409,-0.02035522
18410,-0.033996586
18411,-0.046661377
18412,-0.05786132
18413,-0.06072998
18414,-0.061889637
18415,-0.05743409
18416,-0.047729485
18417,-0.03637696
18418,-0.026306167
18419,-0.016784683
18420,-0.012573253
18421,-0.009979233
18422,-0.00585936
18423,-0.0038452111
18424,-0.0012512319
18425,-0.0025024172
18426,-0.00024414808
18427,-3.0500814e-05
18428,-0.0017089732
18429,-0.001770013
18430,6.104447e-05
18431,0.002899168
18432,0.009735115
18433,0.017639156
18434,0.026763916
18435,0.032348644
18436,0.032958988
18437,0.03573607
18438,0.03543091
18439,0.038116455
18440,0.041717537
18441,0.046630844
18442,0.0507202
18443,0.05453491
18444,0.05310058
18445,0.048553452
18446,0.042785637
18447,0.039062493
18448,0.041259766
18449,0.039672844
18450,0.036071792
18451,0.030426016
18452,0.018981934
18453,0.012084953
18454,0.010620132
18455,0.0010986235
18456,0.0016174279
18457,-0.0007629283
18458,-0.009887703
18459,-0.010192879
18460,-0.025726303
18461,-0.04449462
18462,-0.05526732
18463,-0.07635497
18464,-0.09030152
18465,-0.09576416
18466,-0.1038208
18467,-0.0986023
18468,-0.09439087
18469,-0.08087159
18470,-0.057586674
18471,-0.041534424
18472,-0.019256597
18473,0.0087585375
18474,0.024108892
18475,0.04421995
18476,0.057708755
18477,0.05386351
18478,0.05709839
18479,0.050689723
18480,0.047698963
18481,0.045013443
18482,0.04046632
18483,0.04095459
18484,0.04067993
18485,0.043457042
18486,0.041839592
18487,0.045837414
18488,0.047821045
18489,0.045928955
18490,0.042510986
18491,0.0378723
18492,0.030364988
18493,0.016479474
18494,0.0057372935
18495,-0.005432125
18496,-0.016571043
18497,-0.025115969
18498,-0.033294667
18499,-0.03939819
18500,-0.04138184
18501,-0.039215073
18502,-0.039978027
18503,-0.039886467
18504,-0.033447277
18505,-0.029296879
18506,-0.026947007
18507,-0.02319336
18508,-0.01953125
18509,-0.021453846
18510,-0.023376465
18511,-0.023315422
18512,-0.028717048
18513,-0.03515625
18514,-0.038238533
18515,-0.038085938
18516,-0.033721935
18517,-0.028808594
18518,-0.019012468
18519,-0.0104675405
18520,0.002197262
18521,0.015747048
18522,0.036315933
18523,0.049468994
18524,0.051391613
18525,0.057556164
18526,0.04922486
18527,0.044830326
18528,0.029968262
18529,0.020324707
