0,0.55007935
1,0.74356073
2,0.6677855
3,0.59951794
4,0.4304502
5,0.26425195
6,0.14492786
7,-0.0036922693
8,-0.13165307
9,-0.27017197
10,-0.39974988
11,-0.5375365
12,-0.67871106
13,-0.7915648
14,-0.89340204
15,-0.9626465
16,-1.0052794
17,-1.0140992
18,-0.97622657
19,-0.88980114
20,-0.76055896
21,-0.5822147
22,-0.3903196
23,-0.14874268
24,0.020172358
25,0.28295887
26,0.43698126
27,0.5430298
28,0.64175415
29,0.58969116
30,0.61840814
31,0.42584237
32,0.32119748
33,0.1522522
34,0.008636445
35,-0.09915152
36,-0.19107068
37,-0.24111924
38,-0.24221826
39,-0.19998163
40,-0.120147765
41,-0.0014037788
42,0.11303723
43,0.24371323
44,0.350464
45,0.42666626
46,0.46960455
47,0.46517944
48,0.44088745
49,0.38702393
50,0.3088074
51,0.22305298
52,0.12188723
53,0.03225708
54,-0.05773925
55,-0.1328735
56,-0.19393921
57,-0.23379517
58,-0.26080325
59,-0.28305054
60,-0.25320438
61,-0.2968749
62,-0.23123166
63,-0.24685657
64,-0.16513062
65,-0.13888544
66,-0.09249872
67,-0.035827696
68,-0.024597287
69,0.00079345703
70,0.0035400093
71,0.0056459904
72,0.02999857
73,0.04824841
74,0.09039295
75,0.1363526
76,0.19366457
77,0.25338745
78,0.29510498
79,0.3344421
80,0.34948733
81,0.3560791
82,0.3526001
83,0.33673096
84,0.32238775
85,0.28756708
86,0.28253186
87,0.22842395
88,0.2273866
89,0.20257568
90,0.13534552
91,0.15545666
92,0.062347233
93,0.11654657
94,0.042297244
95,0.05383289
96,0.03942865
97,0.011901587
98,0.013091952
99,-0.023010284
100,-0.04425028
101,-0.0717164
102,-0.1000976
103,-0.13183594
104,-0.16024771
105,-0.19384769
106,-0.22750857
107,-0.24545276
108,-0.26638794
109,-0.25915527
110,-0.2607422
111,-0.23248295
112,-0.20376587
113,-0.17169191
114,-0.14221191
115,-0.12414551
116,-0.107086174
117,-0.088531494
118,-0.070556626
119,-0.04217532
120,-0.013305649
121,0.022766087
122,0.05581667
123,0.085906975
124,0.10906982
125,0.13101196
126,0.14706421
127,0.16333008
128,0.17041016
129,0.17129514
130,0.16448975
131,0.14471433
132,0.124420166
133,0.09396359
134,0.058410645
135,0.025909394
136,-0.0053710938
137,-0.021453857
138,-0.044769272
139,-0.057708755
140,-0.07656857
141,-0.088012725
142,-0.09390257
143,-0.08489992
144,-0.077362046
145,-0.06979369
146,-0.066070534
147,-0.05926513
148,-0.06600949
149,-0.07357788
150,-0.08209228
151,-0.08044434
152,-0.07611085
153,-0.0729065
154,-0.06753541
155,-0.0642395
156,-0.06088256
157,-0.067565925
158,-0.07794187
159,-0.092102066
160,-0.10729978
161,-0.123413116
162,-0.13607787
163,-0.14865114
164,-0.15298462
165,-0.15740967
166,-0.15341187
167,-0.15432736
168,-0.1521911
169,-0.15362546
170,-0.16125473
171,-0.16516107
172,-0.16497782
173,-0.146698
174,-0.124450564
175,-0.087372005
176,-0.05810547
177,-0.018097043
178,0.013793886
179,0.05645761
180,0.08779913
181,0.11871341
182,0.14080817
183,0.15954602
184,0.17675781
185,0.1870727
186,0.18749996
187,0.18167108
188,0.17260744
189,0.15890503
190,0.13772584
191,0.1171875
192,0.09643556
193,0.07818602
194,0.055847183
195,0.03262326
196,0.012329109
197,-0.008575484
198,-0.022674538
199,-0.035125747
200,-0.039184555
201,-0.038330093
202,-0.029937744
203,-0.021789521
204,-0.0070495605
205,0.010009758
206,0.0218506
207,0.041320782
208,0.05920413
209,0.087188706
210,0.112335235
211,0.13153076
212,0.15219119
213,0.14904784
214,0.15786748
215,0.15859984
216,0.14364627
217,0.12881465
218,0.1043396
219,0.094390824
220,0.063018784
221,0.02798459
222,-0.014984161
223,-0.05819702
224,-0.08062746
225,-0.08108522
226,-0.068420425
227,-0.062286384
228,-0.0435486
229,-0.02658081
230,-0.019531257
231,-0.0134887695
232,-0.013977043
233,-0.004089348
234,0.00964357
235,0.023071289
236,0.031433105
237,0.0418396
238,0.05645752
239,0.07662965
240,0.07971193
241,0.08221437
242,0.07073976
243,0.05972293
244,0.041900635
245,0.026275665
246,0.010009766
247,-0.006652817
248,-0.02053833
249,-0.04171756
250,-0.07482909
251,-0.10586548
252,-0.11340331
253,-0.13674927
254,-0.16061401
255,-0.154541
256,-0.1531067
257,-0.13226318
258,-0.15383914
259,-0.152771
260,-0.14297488
261,-0.14093018
262,-0.11129762
263,-0.07702637
264,-0.06634523
265,-0.023773178
266,-0.004638687
267,0.031280518
268,0.03475949
269,0.042510986
270,0.10104367
271,0.11840819
272,0.0873718
273,0.07809448
274,0.06744385
275,0.11373904
276,0.07757569
277,0.056945812
278,0.05715943
279,0.071075454
280,0.07006836
281,0.05471801
282,0.03555295
283,0.019714378
284,0.04016111
285,0.04275515
286,0.056640603
287,-0.024047822
288,-0.0715332
289,-0.10827634
290,-0.16278076
291,-0.1435852
292,-0.098083496
293,-0.008911125
294,0.018829338
295,0.07595825
296,0.12741089
297,0.0682068
298,-0.006652832
299,-0.03591919
300,0.007354738
301,0.012115464
302,0.008361824
303,-0.002532974
304,0.050537124
305,0.114746094
306,0.14517215
307,0.13531494
308,0.082794204
309,0.083251946
310,0.053985603
311,0.0021667406
312,-0.052856438
313,-0.108612046
314,-0.09063719
315,-0.040863007
316,0.023956314
317,0.07708743
318,0.08642577
319,0.08944702
320,0.05603026
321,0.04107666
322,0.015136704
323,-0.015167221
324,-0.043731697
325,-0.05917354
326,-0.06723024
327,-0.05435179
328,-0.029418975
329,0.00881961
330,0.021240205
331,0.024719238
332,0.007659897
333,-0.00964354
334,-0.02426149
335,-0.031158455
336,-0.036926284
337,-0.05459594
338,-0.073577896
339,-0.098663345
340,-0.13064577
341,-0.16430664
342,-0.19204712
343,-0.2080078
344,-0.2138672
345,-0.21609494
346,-0.21456909
347,-0.20773321
348,-0.19213867
349,-0.17019665
350,-0.13668823
351,-0.089019835
352,-0.025054932
353,0.037841886
354,0.09109497
355,0.13079856
356,0.15258802
357,0.16247572
358,0.16070557
359,0.15734866
360,0.14782716
361,0.1343994
362,0.11459353
363,0.09588619
364,0.072753906
365,0.053314213
366,0.03552247
367,0.02203371
368,0.018310554
369,0.01623537
370,0.027893057
371,0.034057613
372,0.049621575
373,0.05584716
374,0.06674194
375,0.061340317
376,0.043212906
377,0.03546141
378,0.024230974
379,0.019256579
380,0.0012817271
381,0.0038146824
382,0.029357895
383,0.06958006
384,0.109802246
385,0.13842772
386,0.14526367
387,0.13418578
388,0.10202028
389,0.05532837
390,0.007354751
391,-0.04876709
392,-0.085693374
393,-0.1241455
394,-0.13662721
395,-0.1409607
396,-0.14291383
397,-0.12750244
398,-0.12258912
399,-0.09899902
400,-0.09158325
401,-0.074951164
402,-0.059478775
403,-0.043670632
404,-0.029510505
405,-0.017608605
406,-0.0019836687
407,0.021789558
408,0.05441282
409,0.096679665
410,0.14080809
411,0.18554685
412,0.2227478
413,0.23950194
414,0.23345947
415,0.20074463
416,0.15270996
417,0.09942624
418,0.03952028
419,-0.017913848
420,-0.07412717
421,-0.12048341
422,-0.15341184
423,-0.17477416
424,-0.18847653
425,-0.19854736
426,-0.21154785
427,-0.21240237
428,-0.21191408
429,-0.20642093
430,-0.18994142
431,-0.17443849
432,-0.14138794
433,-0.100677475
434,-0.05050659
435,0.0006713867
436,0.031463638
437,0.059020966
438,0.071136475
439,0.07421872
440,0.058319062
441,0.027679414
442,-0.00869754
443,-0.041351333
444,-0.07348634
445,-0.10675046
446,-0.13537598
447,-0.150879
448,-0.14981076
449,-0.13391125
450,-0.10662833
451,-0.07077041
452,-0.018676668
453,0.036743164
454,0.10412605
455,0.16677855
456,0.2127685
457,0.25543213
458,0.2775268
459,0.2930298
460,0.2866516
461,0.26119995
462,0.21514893
463,0.1716614
464,0.12374878
465,0.07537843
466,0.022247314
467,-0.012542695
468,-0.023895271
469,-0.029571526
470,-0.043426514
471,-0.06439209
472,-0.08081055
473,-0.07943727
474,-0.06607056
475,-0.05249025
476,-0.037231453
477,-0.013702393
478,0.008880615
479,0.028717056
480,0.03799437
481,0.041503914
482,0.03515625
483,0.031005882
484,0.014862046
485,-0.0017700009
486,-0.023284912
487,-0.045043927
488,-0.06610108
489,-0.08651732
490,-0.10083007
491,-0.10787964
492,-0.11090089
493,-0.11062622
494,-0.10540772
495,-0.099273674
496,-0.0808716
497,-0.06774901
498,-0.049987793
499,-0.03533934
500,-0.02722168
501,-0.012634262
502,-0.019439697
503,-0.0049743503
504,-0.03030397
505,-0.05480957
506,-0.09481813
507,-0.18234247
508,-0.28762823
509,-0.41259748
510,-0.46276855
511,-0.4329834
512,-0.32675165
513,-0.1337586
514,0.15151995
515,0.48004138
516,0.7308045
517,0.80252075
518,0.70428467
519,0.5625305
520,0.44573975
521,0.42721558
522,0.52444476
523,0.7153319
524,0.95599353
525,1.1469115
526,1.1946409
527,1.0700073
528,0.7579036
529,0.33145165
530,-0.13531518
531,-0.5231932
532,-0.7902528
533,-0.9208677
534,-0.9572145
535,-0.9006958
536,-0.7935486
537,-0.68182373
538,-0.57684326
539,-0.5159302
540,-0.48590085
541,-0.49511728
542,-0.5372313
543,-0.5710146
544,-0.5840453
545,-0.5260622
546,-0.41711408
547,-0.26184082
548,-0.08660895
549,0.07296756
550,0.19338971
551,0.23855615
552,0.22045901
553,0.14181536
554,0.036193877
555,-0.074035406
556,-0.16387951
557,-0.22756934
558,-0.25433367
559,-0.23474091
560,-0.1937868
561,-0.13336146
562,-0.05831909
563,0.015564293
564,0.1055603
565,0.18273923
566,0.2792358
567,0.3722229
568,0.46261606
569,0.54394513
570,0.60614014
571,0.63336194
572,0.63119507
573,0.5898134
574,0.5124512
575,0.4122314
576,0.2984313
577,0.1944882
578,0.09674072
579,0.011962503
580,-0.058014005
581,-0.12207049
582,-0.15737906
583,-0.18066397
584,-0.20046985
585,-0.2291869
586,-0.23382562
587,-0.21887195
588,-0.20587152
589,-0.20410155
590,-0.19030762
591,-0.15545653
592,-0.108551025
593,-0.061157204
594,-0.029785141
595,-0.0011901781
596,0.027679458
597,0.05709838
598,0.08181761
599,0.09411621
600,0.10409546
601,0.10006714
602,0.083740205
603,0.05120848
604,0.006011933
605,-0.04400635
606,-0.0923157
607,-0.1295471
608,-0.15667725
609,-0.16708374
610,-0.16485593
611,-0.15206909
612,-0.1359863
613,-0.12142945
614,-0.10604855
615,-0.09939575
616,-0.103271455
617,-0.10714719
618,-0.10949707
619,-0.09661862
620,-0.07638551
621,-0.04864499
622,-0.0020447075
623,0.046997078
624,0.103607155
625,0.15408325
626,0.18749997
627,0.21646118
628,0.22457883
629,0.23278809
630,0.22338867
631,0.20489502
632,0.17211911
633,0.1331482
634,0.09683226
635,0.056793228
636,0.024536148
637,-0.005279511
638,-0.022735566
639,-0.031585664
640,-0.034912094
641,-0.036224365
642,-0.035797134
643,-0.03491211
644,-0.032318115
645,-0.029327393
646,-0.03231813
647,-0.031555153
648,-0.033477776
649,-0.030517578
650,-0.03613282
651,-0.03839111
652,-0.042541515
653,-0.045867898
654,-0.04696656
655,-0.056884743
656,-0.055633552
657,-0.067016594
658,-0.07296753
659,-0.08349609
660,-0.08804323
661,-0.08758545
662,-0.10101321
663,-0.10324097
664,-0.10009767
665,-0.099090576
666,-0.10113528
667,-0.11026001
668,-0.09503175
669,-0.063690186
670,-0.051910385
671,-0.05429077
672,-0.07644652
673,-0.07531735
674,-0.056152344
675,-0.045410126
676,-0.039154023
677,-0.03515622
678,-0.017211884
679,0.006286621
680,0.006286621
681,-0.0024108887
682,-0.020629942
683,-0.025726318
684,-0.025299132
685,-0.01739502
686,0.00018304586
687,0.015014648
688,0.022277802
689,0.031707764
690,0.03060913
691,0.030670196
692,0.033874556
693,0.038085967
694,0.058380157
695,0.06561284
696,0.0807495
697,0.09402467
698,0.10333253
699,0.12121585
700,0.12887573
701,0.1319275
702,0.12445068
703,0.111572266
704,0.102630615
705,0.08514404
706,0.076812744
707,0.070312485
708,0.07901002
709,0.09097289
710,0.09603883
711,0.103271514
712,0.09805299
713,0.09347536
714,0.07067871
715,0.052581787
716,0.029602036
717,0.019500762
718,0.007995591
719,0.0005493164
720,-0.008239776
721,-0.010009766
722,-0.0045776367
723,-0.004150361
724,-0.009979248
725,-0.0138549805
726,-0.022277847
727,-0.03475952
728,-0.045959473
729,-0.042083755
730,-0.03167726
731,-0.01947023
732,-0.007446289
733,-0.0007324517
734,0.0071105957
735,0.007080063
736,0.007171631
737,0.005859375
738,-0.00021362305
739,-0.0009765327
740,-0.0036316216
741,-0.0028686374
742,0.0045166016
743,0.002746582
744,0.004699707
745,-0.008117683
746,-0.01458738
747,-0.020904534
748,-0.029327378
749,-0.030334443
750,-0.032806374
751,-0.027709924
752,-0.02368164
753,-0.022460938
754,-0.020324733
755,-0.027404793
756,-0.03002932
757,-0.027648933
758,-0.028869644
759,-0.024627693
760,-0.03237912
761,-0.032043464
762,-0.041412354
763,-0.046936035
764,-0.056243896
765,-0.06506346
766,-0.06619262
767,-0.07153318
768,-0.07537842
769,-0.0781555
770,-0.0862732
771,-0.08831787
772,-0.09716798
773,-0.097534195
774,-0.09503174
775,-0.08999635
776,-0.07815555
777,-0.06423949
778,-0.04943849
779,-0.029785141
780,-0.013183594
781,0.009307846
782,0.024749756
783,0.044921875
784,0.061096206
785,0.07745364
786,0.08975223
787,0.10180667
788,0.110687286
789,0.11358644
790,0.11608888
791,0.109130844
792,0.10504148
793,0.09512329
794,0.09097287
795,0.076538086
796,0.06127928
797,0.0496216
798,0.033355698
799,0.025909442
800,0.012298573
801,0.008300811
802,-0.0015869252
803,-3.0502677e-05
804,-0.005859386
805,-0.009033211
806,-0.010894794
807,-0.013763461
808,0.0054931752
809,-0.017608657
810,0.011505146
811,0.002410911
812,0.02960204
813,0.026123054
814,0.01846309
815,0.024993904
816,0.013885476
817,0.02078247
818,0.016418464
819,0.01177977
820,0.010437012
821,0.0039062425
822,0.0010070652
823,-0.005828865
824,-0.016876247
825,-0.022583008
826,-0.030700725
827,-0.035644546
828,-0.038452186
829,-0.04342653
830,-0.043792717
831,-0.05065918
832,-0.05712889
833,-0.06661988
834,-0.07781981
835,-0.0821228
836,-0.08374022
837,-0.082763694
838,-0.07772824
839,-0.070983894
840,-0.06460567
841,-0.054595947
842,-0.051574692
843,-0.040924057
844,-0.03384398
845,-0.023590088
846,-0.017303452
847,-0.014526382
848,-0.0008239746
849,0.008636445
850,0.016326934
851,0.019683838
852,0.018676758
853,0.018524185
854,0.014984131
855,0.011047393
856,0.011108398
857,0.002746597
858,0.008209243
859,0.0058898926
860,0.0027160943
861,0.002532959
862,-0.0021362007
863,0.0055542067
864,0.00799562
865,0.013610847
866,0.024566643
867,0.03121949
868,0.040649377
869,0.044067383
870,0.042816136
871,0.04226683
872,0.038543686
873,0.03842164
874,0.04101564
875,0.044952393
876,0.057708766
877,0.07128906
878,0.08148196
879,0.0927124
880,0.09503176
881,0.09475709
882,0.08560183
883,0.069610626
884,0.058959976
885,0.045135513
886,0.04006961
887,0.034973145
888,0.031463638
889,0.03994748
890,0.038299546
891,0.036926255
892,0.029907212
893,0.021972656
894,0.020294175
895,0.010620117
896,0.006652817
897,-0.005554214
898,-0.014862046
899,-0.028045684
900,-0.040252686
901,-0.05166629
902,-0.059722893
903,-0.069030784
904,-0.07702637
905,-0.07937622
906,-0.0800476
907,-0.07308959
908,-0.07263183
909,-0.061370842
910,-0.059051514
911,-0.044281013
912,-0.037567146
913,-0.03665162
914,-0.027282715
915,-0.038299564
916,-0.022460938
917,-0.027038574
918,-0.015899658
919,-0.0056762667
920,-0.0010681143
921,0.016571049
922,0.0129089365
923,0.020874023
924,0.009887695
925,0.0019226074
926,-0.010650635
927,-0.014892578
928,-0.019561764
929,-0.01599121
930,-0.013732906
931,-0.0045471173
932,-0.0025939886
933,0.002532959
934,0.0014038105
935,-0.0033569336
936,-0.0075378492
937,-0.01452636
938,-0.019256614
939,-0.02453611
940,-0.029113777
941,-0.03009031
942,-0.029724132
943,-0.028839119
944,-0.021270767
945,-0.015472427
946,-0.00845338
947,-0.004791267
948,-0.009735122
949,-0.008331291
950,-0.012634255
951,-0.009185821
952,-0.0073852465
953,-0.003814727
954,0.0005493164
955,0.0024719015
956,0.008392341
957,0.009277329
958,0.011444092
959,0.013214096
960,0.015197761
961,0.020385746
962,0.017395016
963,0.022949245
964,0.026672367
965,0.029663116
966,0.030853258
967,0.028717048
968,0.027770981
969,0.031860344
970,0.0317688
971,0.032653805
972,0.03439331
973,0.037109375
974,0.042694103
975,0.04232788
976,0.04296875
977,0.04080202
978,0.03936768
979,0.03311159
980,0.028717019
981,0.01885987
982,0.009918194
983,-9.1567636e-05
984,-0.010131855
985,-0.020874038
986,-0.029815676
987,-0.03997802
988,-0.04840087
989,-0.053649887
990,-0.061614983
991,-0.064453125
992,-0.065673836
993,-0.06445312
994,-0.06121827
995,-0.06362915
996,-0.05862426
997,-0.055145256
998,-0.051635705
999,-0.047454834
1000,-0.043090805
1001,-0.03219603
1002,-0.022125214
1003,-0.012207031
1004,-0.0057067573
1005,0.00048828125
1006,-0.0016784519
1007,0.0075988695
1008,0.0011291504
1009,0.007965095
1010,0.0023498386
1011,0.004486099
1012,0.005065933
1013,-0.0029907078
1014,-0.0046081245
1015,-0.01278685
1016,-0.016418412
1017,-0.021270767
1018,-0.02362059
1019,-0.020904556
1020,-0.011871353
1021,0.003997788
1022,0.023834206
1023,0.04733275
1024,0.06683348
1025,0.08868407
1026,0.101989746
1027,0.11734009
1028,0.12542725
1029,0.1321106
1030,0.13510133
1031,0.13214111
1032,0.1274414
1033,0.114410385
1034,0.10336304
1035,0.08999631
1036,0.07888794
1037,0.06393431
1038,0.051116973
1039,0.03622435
1040,0.023559585
1041,0.0041503757
1042,-0.011505127
1043,-0.029724106
1044,-0.037078872
1045,-0.04913327
1046,-0.05368045
1047,-0.05911252
1048,-0.061462417
1049,-0.05551143
1050,-0.05715944
1051,-0.054382294
1052,-0.057067864
1053,-0.054809548
1054,-0.053314216
1055,-0.052581795
1056,-0.04937745
1057,-0.04537963
1058,-0.040283203
1059,-0.035308845
1060,-0.029022224
1061,-0.026000977
1062,-0.024627686
1063,-0.024444578
1064,-0.025512695
1065,-0.021789547
1066,-0.018218996
1067,-0.012756345
1068,-0.005187991
1069,0.0032653785
1070,0.01449585
1071,0.021789549
1072,0.031066895
1073,0.034362786
1074,0.04040528
1075,0.037231445
1076,0.04119874
1077,0.034912117
1078,0.030334473
1079,0.019439708
1080,0.004547119
1081,-0.010803217
1082,-0.029510504
1083,-0.041931152
1084,-0.053710938
1085,-0.05783081
1086,-0.059509285
1087,-0.05807495
1088,-0.05755616
1089,-0.057037346
1090,-0.05325319
1091,-0.056427002
1092,-0.05206299
1093,-0.051422104
1094,-0.04470826
1095,-0.0393982
1096,-0.032989495
1097,-0.021820098
1098,-0.015228264
1099,-0.0065002516
1100,0.0011291578
1101,0.005462609
1102,0.012969956
1103,0.016632073
1104,0.021789521
1105,0.02401732
1106,0.026245102
1107,0.030975327
1108,0.03445436
1109,0.04284668
1110,0.04943849
1111,0.055541985
1112,0.06127931
1113,0.064331055
1114,0.06512453
1115,0.063995354
1116,0.061431892
1117,0.06008911
1118,0.05157471
1119,0.048553463
1120,0.0408325
1121,0.03851319
1122,0.029785126
1123,0.023559578
1124,0.020416267
1125,0.015472427
1126,0.016815193
1127,0.0119018555
1128,0.013977043
1129,0.014709443
1130,0.012481667
1131,0.014404282
1132,0.009704575
1133,0.008819595
1134,0.0066528544
1135,0.0010681301
1136,0.0010070801
1137,-0.0072937086
1138,-0.010375991
1139,-0.015930198
1140,-0.020660426
1141,-0.022155762
1142,-0.027130142
1143,-0.025543224
1144,-0.027252212
1145,-0.01742553
1146,-0.015167221
1147,-0.005554214
1148,-9.153783e-05
1149,0.0051574633
1150,0.016021743
1151,0.016784675
1152,0.024810813
1153,0.0213013
1154,0.017578147
1155,0.011932418
1156,0.0018005595
1157,-0.006561242
1158,-0.018341057
1159,-0.02798462
1160,-0.03530884
1161,-0.04190065
1162,-0.045349136
1163,-0.048278816
1164,-0.050323486
1165,-0.049316406
1166,-0.052520752
1167,-0.051422115
1168,-0.05621337
1169,-0.054595955
1170,-0.052368157
1171,-0.050537106
1172,-0.04421996
1173,-0.04141235
1174,-0.031890888
1175,-0.0245056
1176,-0.016082756
1177,-0.007659927
1178,-0.0008239746
1179,0.007842999
1180,0.015899684
1181,0.02200317
1182,0.029144306
1183,0.03579712
1184,0.040832534
1185,0.04562378
1186,0.047943115
1187,0.050231934
1188,0.048431396
1189,0.04458618
1190,0.041564938
1191,0.03588868
1192,0.034057625
1193,0.030517578
1194,0.030334473
1195,0.030639656
1196,0.030578613
1197,0.030609116
1198,0.030517548
1199,0.028717034
1200,0.027893059
1201,0.025756828
1202,0.02368164
1203,0.024047822
1204,0.01922609
1205,0.019256592
1206,0.010345444
1207,0.0017700344
1208,-0.013946522
1209,-0.025939904
1210,-0.040740944
1211,-0.051788308
1212,-0.06307983
1213,-0.06805421
1214,-0.072906494
1215,-0.07431031
1216,-0.07510377
1217,-0.075042725
1218,-0.0749817
1219,-0.075653076
1220,-0.07684328
1221,-0.08001707
1222,-0.08584596
1223,-0.092254624
1224,-0.095581055
1225,-0.09503172
1226,-0.08917236
1227,-0.07989502
1228,-0.06597903
1229,-0.04959105
1230,-0.03225708
1231,-0.014038056
1232,0.00012208521
1233,0.014190689
1234,0.026519775
1235,0.04251097
1236,0.053955063
1237,0.06332396
1238,0.06958008
1239,0.07376098
1240,0.0744629
1241,0.07223511
1242,0.06579593
1243,0.059692375
1244,0.049896237
1245,0.042449944
1246,0.032012925
1247,0.022033684
1248,0.012542706
1249,0.0039062575
1250,-0.0011901632
1251,-0.0056152157
1252,-0.005371075
1253,-0.0016174205
1254,0.0010986477
1255,0.008850079
1256,0.010620128
1257,0.015594471
1258,0.014495868
1259,0.016754143
1260,0.01846315
1261,0.020477302
1262,0.022644036
1263,0.0262146
1264,0.029663078
1265,0.031799316
1266,0.031555176
1267,0.030181883
1268,0.030273438
1269,0.029693604
1270,0.030029302
1271,0.030883778
1272,0.03228761
1273,0.03289793
1274,0.034393333
1275,0.032531697
1276,0.03262331
1277,0.029449437
1278,0.028442413
1279,0.023498505
1280,0.016235352
1281,0.0104980245
1282,0.0038452148
1283,0.002868615
1284,0.0026550144
1285,0.008422837
1286,0.013549782
1287,0.014038086
1288,0.018951423
1289,0.013885491
1290,0.016754158
1291,0.007049583
1292,0.0037536696
1293,-0.0061340034
1294,-0.013946541
1295,-0.022582978
1296,-0.035217278
1297,-0.048980698
1298,-0.06671142
1299,-0.08139038
1300,-0.097717285
1301,-0.1116028
1302,-0.1262207
1303,-0.13760379
1304,-0.1455994
1305,-0.15066531
1306,-0.14682008
1307,-0.14044192
1308,-0.1251221
1309,-0.10559082
1310,-0.07888797
1311,-0.04852298
1312,-0.017791793
1313,0.016082734
1314,0.04638672
1315,0.07659908
1316,0.10211183
1317,0.12554932
1318,0.14331056
1319,0.15527344
1320,0.16506958
1321,0.1678467
1322,0.16967773
1323,0.16378784
1324,0.15557861
1325,0.14212036
1326,0.12704465
1327,0.107788086
1328,0.08764647
1329,0.06253053
1330,0.043640167
1331,0.02426149
1332,0.007568389
1333,-0.0058288574
1334,-0.017761216
1335,-0.025878906
1336,-0.033721924
1337,-0.039672837
1338,-0.041809067
1339,-0.04360959
1340,-0.045928925
1341,-0.043090783
1342,-0.043975785
1343,-0.041198708
1344,-0.044708237
1345,-0.04647831
1346,-0.050628662
1347,-0.053009056
1348,-0.05487062
1349,-0.054718025
1350,-0.051116943
1351,-0.045654297
1352,-0.037811276
1353,-0.029541012
1354,-0.022888184
1355,-0.015716553
1356,-0.008911134
1357,-0.00253296
1358,0.0070800786
1359,0.013153073
1360,0.018096926
1361,0.022796629
1362,0.024230959
1363,0.025726315
1364,0.020477295
1365,0.013824463
1366,0.007598875
1367,-0.0012207013
1368,-0.0075378427
1369,-0.013946532
1370,-0.0148620615
1371,-0.01425171
1372,-0.009948732
1373,-0.008483886
1374,-0.003967288
1375,-0.00094604306
1376,0.0017395001
1377,0.0050964393
1378,0.0018005399
1379,0.0024719234
1380,-0.0019531227
1381,-0.0028686547
1382,-0.004089353
1383,-0.005157475
1384,-0.0057678204
1385,-0.0057983417
1386,-0.0046386733
1387,-0.002960205
1388,-0.0027465825
1389,-0.0022582994
1390,-0.0022583012
1391,-6.103469e-05
1392,0.001586915
1393,0.010131836
1394,0.018188477
1395,0.030212406
1396,0.042816162
1397,0.0525818
1398,0.061950676
1399,0.06384278
1400,0.06573484
1401,0.062286377
1402,0.057617158
1403,0.048980698
1404,0.035949692
1405,0.026367173
1406,0.013183594
1407,0.0032348633
1408,-0.009185784
1409,-0.018005356
1410,-0.021728538
1411,-0.024902344
1412,-0.02523806
1413,-0.024688743
1414,-0.026641876
1415,-0.025085479
1416,-0.028747581
1417,-0.028045654
1418,-0.032226562
1419,-0.034271225
1420,-0.03851319
1421,-0.04229735
1422,-0.046630844
1423,-0.05001831
1424,-0.052825928
1425,-0.05499268
1426,-0.05563355
1427,-0.056945793
1428,-0.057403576
1429,-0.058868397
1430,-0.058898937
1431,-0.060302705
1432,-0.061553955
1433,-0.06118773
1434,-0.0618591
1435,-0.06008911
1436,-0.06219481
1437,-0.060302764
1438,-0.059570312
1439,-0.05563356
1440,-0.049804688
1441,-0.042816162
1442,-0.033386245
1443,-0.019134521
1444,-0.0063171536
1445,0.009613037
1446,0.019775406
1447,0.02929689
1448,0.03829959
1449,0.042938262
1450,0.046966568
1451,0.047027618
1452,0.046203613
1453,0.043731704
1454,0.04061888
1455,0.037231453
1456,0.03555298
1457,0.034973145
1458,0.036956802
1459,0.042022705
1460,0.04617311
1461,0.053100586
1462,0.058288574
1463,0.06253052
1464,0.063690186
1465,0.06185913
1466,0.056762695
1467,0.05014038
1468,0.042053215
1469,0.032318108
1470,0.023956295
1471,0.013916012
1472,0.0055541974
1473,-0.0042114295
1474,-0.012145988
1475,-0.020599358
1476,-0.022827141
1477,-0.024444574
1478,-0.018585205
1479,-0.015045163
1480,-0.0072631817
1481,-0.002655026
1482,-0.00088500744
1483,-0.0020446773
1484,-0.0045471187
1485,-0.0075683603
1486,-0.008911131
1487,-0.012451175
1488,-0.014526366
1489,-0.018890383
1490,-0.022064209
1491,-0.021881104
1492,-0.023864746
1493,-0.020233154
1494,-0.017730713
1495,-0.011383057
1496,-0.0050353985
1497,0.0016784687
1498,0.010162355
1499,0.016204834
1500,0.020385742
1501,0.02468872
1502,0.028900148
1503,0.033966064
1504,0.037017822
1505,0.03921508
1506,0.040222183
1507,0.04046631
1508,0.041320816
1509,0.043121334
1510,0.041687027
1511,0.044006363
1512,0.037231438
1513,0.0409851
1514,0.030975342
1515,0.031127937
1516,0.020538338
1517,0.011932395
1518,0.0012817681
1519,-0.0078124776
1520,-0.016479485
1521,-0.027252208
1522,-0.03823852
1523,-0.046813995
1524,-0.05352783
1525,-0.0631714
1526,-0.06912231
1527,-0.07489014
1528,-0.07400513
1529,-0.06881714
1530,-0.061492912
1531,-0.053924568
1532,-0.046020493
1533,-0.036712665
1534,-0.030792218
1535,-0.024383571
1536,-0.021606438
1537,-0.017059349
1538,-0.015441887
1539,-0.0147705
1540,-0.009063698
1541,-0.005584687
1542,0.0020447
1543,0.008422874
1544,0.016937256
1545,0.025176976
1546,0.030822735
1547,0.038940404
1548,0.04193115
1549,0.04928589
1550,0.05618286
1551,0.064025894
1552,0.073394775
1553,0.07763672
1554,0.08132936
1555,0.079071015
1556,0.07415772
1557,0.06884761
1558,0.060668938
1559,0.053832963
1560,0.04849243
1561,0.042755082
1562,0.038665786
1563,0.03247069
1564,0.027435333
1565,0.021026626
1566,0.015014663
1567,0.010467574
1568,0.003387466
1569,-0.0009460151
1570,-0.0068359375
1571,-0.011047363
1572,-0.015136734
1573,-0.01763916
1574,-0.018493667
1575,-0.015136734
1576,-0.010620132
1577,-0.0030822903
1578,0.0024414062
1579,0.010559082
1580,0.015930146
1581,0.020263642
1582,0.018066391
1583,0.01373288
1584,0.004913315
1585,-0.0071106106
1586,-0.016723633
1587,-0.033081055
1588,-0.043457046
1589,-0.059082024
1590,-0.06689455
1591,-0.072021484
1592,-0.07760622
1593,-0.07476807
1594,-0.07659913
1595,-0.07244872
1596,-0.07394408
1597,-0.07391359
1598,-0.07388305
1599,-0.07562257
1600,-0.07965088
1601,-0.08084107
1602,-0.07965091
1603,-0.07531737
1604,-0.06921387
1605,-0.063079834
1606,-0.051727295
1607,-0.040008545
1608,-0.026062012
1609,-0.014770493
1610,6.1005354e-05
1611,0.011322036
1612,0.0250244
1613,0.030700669
1614,0.038879402
1615,0.04339598
1616,0.046936065
1617,0.04925537
1618,0.048645027
1619,0.044525173
1620,0.040191643
1621,0.026916519
1622,0.017395023
1623,0.0015869141
1624,-0.013336167
1625,-0.027954109
1626,-0.04321289
1627,-0.05233767
1628,-0.0631714
1629,-0.07174684
1630,-0.0755005
1631,-0.07827762
1632,-0.078491196
1633,-0.078613296
1634,-0.076232895
1635,-0.06716919
1636,-0.05609131
1637,-0.04144287
1638,-0.026031494
1639,-0.010681137
1640,0.009826645
1641,0.024810791
1642,0.042510957
1643,0.055816635
1644,0.0696411
1645,0.08139038
1646,0.08853151
1647,0.09680174
1648,0.10098268
1649,0.1048889
1650,0.109497085
1651,0.11358641
1652,0.11703492
1653,0.11907958
1654,0.12066652
1655,0.119598396
1656,0.118499756
1657,0.11410522
1658,0.10964963
1659,0.10110472
1660,0.08972165
1661,0.080902085
1662,0.06631471
1663,0.059570342
1664,0.045532227
1665,0.03515625
1666,0.023529023
1667,0.013366699
1668,0.0010070801
1669,-0.0076598823
1670,-0.0184021
1671,-0.023590058
1672,-0.033081055
1673,-0.040588364
1674,-0.04360962
1675,-0.050476074
1676,-0.048980743
1677,-0.05618287
1678,-0.058502212
1679,-0.064514175
1680,-0.068084724
1681,-0.06958008
1682,-0.07250976
1683,-0.06768797
1684,-0.06488038
1685,-0.059112534
1686,-0.05456543
1687,-0.050872803
1688,-0.04724121
1689,-0.0416565
1690,-0.031921387
1691,-0.017120361
1692,-0.0002746582
1693,0.019592278
1694,0.04403686
1695,0.073272705
1696,0.09545898
1697,0.11428834
1698,0.11538696
1699,0.11907962
1700,0.11560057
1701,0.10662846
1702,0.09152223
1703,0.07476808
1704,0.05630496
1705,0.026672363
1706,-0.030090325
1707,-0.11264038
1708,-0.20819092
1709,-0.3061523
1710,-0.39538568
1711,-0.47692877
1712,-0.5502929
1713,-0.6188354
1714,-0.6875303
1715,-0.7702024
1716,-0.8567809
1717,-0.9291991
1718,-0.9574584
1719,-0.9237977
1720,-0.81591797
1721,-0.6251526
1722,-0.37316906
1723,-0.087646365
1724,0.20275855
1725,0.4800415
1726,0.7389526
1727,0.96987903
1728,1.184021
1729,1.3860168
1730,1.570984
1731,1.7374268
1732,1.845215
1733,1.9013062
1734,1.8782957
1735,1.7894288
1736,1.6299131
1737,1.4255373
1738,1.1889648
1739,0.9254153
1740,0.6613467
1741,0.39187622
1742,0.11300659
1743,-0.20559692
1744,-0.53573596
1745,-0.86218286
1746,-1.1528931
1747,-1.3946537
1748,-1.5741578
1749,-1.6732792
1750,-1.7090455
1751,-1.66449
1752,-1.559326
1753,-1.4089353
1754,-1.2269592
1755,-1.036102
1756,-0.83078027
1757,-0.619293
1758,-0.39892602
1759,-0.1761167
1760,0.037078857
1761,0.22741723
1762,0.38302633
1763,0.4930117
1764,0.5591738
1765,0.5828552
1766,0.58154285
1767,0.56713855
1768,0.54473865
1769,0.5200195
1770,0.47213745
1771,0.3960266
1772,0.28292847
1773,0.12667847
1774,-0.045776375
1775,-0.24465942
1776,-0.42538458
1777,-0.5875244
1778,-0.7029419
1779,-0.75927734
1780,-0.7602843
1781,-0.694214
1782,-0.5797729
1783,-0.41528326
1784,-0.22384638
1785,-0.023986876
1786,0.1665344
1787,0.32653815
1788,0.4401553
1789,0.50100726
1790,0.50491345
1791,0.46218866
1792,0.37619007
1793,0.2695617
1794,0.14205927
1795,0.019866884
1796,-0.099243164
1797,-0.18615729
1798,-0.2466735
1799,-0.2660523
1800,-0.25094584
1801,-0.20187387
1802,-0.12658674
1803,-0.032592744
1804,0.065093935
1805,0.15869126
1806,0.23944087
1807,0.3000488
1808,0.34017938
1809,0.3511047
1810,0.33999634
1811,0.30175778
1812,0.25045776
1813,0.18710327
1814,0.116699226
1815,0.041961666
1816,-0.02069091
1817,-0.068664536
1818,-0.09643555
1819,-0.098022446
1820,-0.077270515
1821,-0.038024873
1822,-0.0021972433
1823,0.022979733
1824,0.029876709
1825,0.018066395
1826,0.001373291
1827,-0.02008057
1828,-0.038330093
1829,-0.049072243
1830,-0.054351807
1831,-0.052703857
1832,-0.0435791
1833,-0.02651979
1834,0.0058899187
1835,0.04138182
1836,0.07846071
1837,0.10784909
1838,0.13342288
1839,0.15728758
1840,0.18112183
1841,0.20117186
1842,0.22695923
1843,0.25347894
1844,0.28002927
1845,0.29327387
1846,0.3147278
1847,0.295929
1848,0.29022223
1849,0.25216693
1850,0.21820086
1851,0.1700136
1852,0.103149354
1853,0.05365008
1854,-0.011352479
1855,-0.058898836
1856,-0.10375962
1857,-0.1373598
1858,-0.16052234
1859,-0.17434731
1860,-0.17504874
1861,-0.16348282
1862,-0.14160153
1863,-0.11645508
1864,-0.096954316
1865,-0.081359774
1866,-0.07064816
1867,-0.061645508
1868,-0.06353757
1869,-0.077362046
1870,-0.09994505
1871,-0.12872313
1872,-0.15887451
1873,-0.19223022
1874,-0.21466064
1875,-0.22671509
1876,-0.22283934
1877,-0.21386719
1878,-0.20025635
1879,-0.18740845
1880,-0.17398073
1881,-0.15454103
1882,-0.13656618
1883,-0.10992432
1884,-0.08718872
1885,-0.052490234
1886,-0.016906723
1887,0.030792236
1888,0.078063965
1889,0.12597656
1890,0.16592407
1891,0.19747925
1892,0.21496579
1893,0.21221924
1894,0.18640137
1895,0.14349365
1896,0.09335327
1897,0.047729492
1898,0.015808102
1899,-0.00534058
1900,-0.010437015
1901,-0.008026138
1902,0.003540039
1903,0.016876228
1904,0.026702896
1905,0.02951049
1906,0.027801514
1907,0.01950071
1908,0.009552024
1909,-0.0010376126
1910,-0.009857185
1911,-0.01589964
1912,-0.02713015
1913,-0.036041252
1914,-0.048126243
1915,-0.05926513
1916,-0.07403565
1917,-0.08856203
1918,-0.104095474
1919,-0.112518325
1920,-0.11688234
1921,-0.11227419
1922,-0.098846465
1923,-0.07797243
1924,-0.051239043
1925,-0.02816774
1926,-0.0068970025
1927,0.008209214
1928,0.026245117
1929,0.035003636
1930,0.04440306
1931,0.046569802
1932,0.05032348
1933,0.04956054
1934,0.043457024
1935,0.037353523
1936,0.028106704
1937,0.020874023
1938,0.0055542067
1939,-0.012481697
1940,-0.035247795
1941,-0.05496215
1942,-0.063323975
1943,-0.07119748
1944,-0.06906128
1945,-0.06729123
1946,-0.059387192
1947,-0.049285874
1948,-0.04101561
1949,-0.03195189
1950,-0.023040742
1951,-0.013702393
1952,-0.0021972507
1953,0.009796128
1954,0.02166748
1955,0.031707734
1956,0.03771971
1957,0.03952025
1958,0.031860337
1959,0.0222473
1960,0.010742173
1961,0.0057678223
1962,-0.0018920898
1963,-0.004058838
1964,-0.0076904297
1965,-0.008361787
1966,-0.00775145
1967,-0.009155259
1968,-0.0040893406
1969,0.001312241
1970,0.014556892
1971,0.032043457
1972,0.051727302
1973,0.07336426
1974,0.092346184
1975,0.10412598
1976,0.115264885
1977,0.11404419
1978,0.11019896
1979,0.09689331
1980,0.07910155
1981,0.05880735
1982,0.040100075
1983,0.025604263
1984,0.014343269
1985,0.004577659
1986,-0.001159668
1987,-0.0038147047
1988,-0.009796131
1989,-0.0126037635
1990,-0.01608276
1991,-0.021087646
1992,-0.029602043
1993,-0.04177855
1994,-0.045898445
1995,-0.049438477
1996,-0.04431153
1997,-0.041107178
1998,-0.03604126
1999,-0.031463623
2000,-0.026214598
2001,-0.021942142
2002,-0.023101805
2003,-0.027130129
2004,-0.03225708
2005,-0.037292473
2006,-0.035858147
2007,-0.032348633
2008,-0.021850578
2009,-0.010559082
2010,0.0046081617
2011,0.021270745
2012,0.032714844
2013,0.045806885
2014,0.046173096
2015,0.050476074
2016,0.040100098
2017,0.03869629
2018,0.029815674
2019,0.026184086
2020,0.021331787
2021,0.016204838
2022,0.02542115
2023,0.02688599
2024,0.03497316
2025,0.04046631
2026,0.04562381
2027,0.051544182
2028,0.04348755
2029,0.03057862
2030,0.01684571
2031,-0.0013732873
2032,-0.016693134
2033,-0.03753662
2034,-0.056915298
2035,-0.06964113
2036,-0.077606216
2037,-0.07748413
2038,-0.073303215
2039,-0.060699455
2040,-0.04779052
2041,-0.028686525
2042,-0.016052248
2043,-0.00579834
2044,0.0017089844
2045,-0.0024414062
2046,-0.00289917
2047,-0.0063171387
2048,-0.008911133
2049,-0.0031738281
2050,-0.004943846
2051,0.0029602032
2052,0.0052185077
2053,0.009063719
2054,0.0128478985
2055,0.0065307617
2056,0.0056457557
2057,-0.0060119517
2058,-0.010009777
2059,-0.018127427
2060,-0.015777603
2061,-0.014404286
2062,-0.01034547
2063,-0.0058899038
2064,-0.0065612867
2065,-0.005249046
2066,-0.006347645
2067,-0.0041198954
2068,-0.0044555776
2069,-0.005188003
2070,-0.0065307766
2071,-0.008361805
2072,-0.013855007
2073,-0.012847897
2074,-0.010894805
2075,-0.0028686486
2076,0.0046996735
2077,0.010833729
2078,0.024078362
2079,0.03137208
2080,0.04531861
2081,0.053710945
2082,0.05880738
2083,0.062011726
2084,0.055725098
2085,0.0491333
2086,0.03829956
2087,0.024963379
2088,0.018554691
2089,0.0077209435
2090,0.0041809045
2091,0.00091553107
2092,-0.0026245154
2093,0.0012512133
2094,0.0013732836
2095,0.012115456
2096,0.013885483
2097,0.021423317
2098,0.023040783
2099,0.029388402
2100,0.028869621
2101,0.028198242
2102,0.024291985
2103,0.01928714
2104,0.013702385
2105,0.008514427
2106,0.0068664625
2107,0.007324241
2108,0.009582534
2109,0.014038093
2110,0.016235352
2111,0.01644899
2112,0.015960678
2113,0.0099792555
2114,0.0053100362
2115,-0.007598892
2116,-0.015228294
2117,-0.021606475
2118,-0.02767945
2119,-0.028808612
2120,-0.03363038
2121,-0.039794914
2122,-0.043151863
2123,-0.04745481
2124,-0.044219986
2125,-0.043334946
2126,-0.036163338
2127,-0.021575928
2128,-0.0042724684
2129,0.014373787
2130,0.02444458
2131,0.034149177
2132,0.03253174
2133,0.03411867
2134,0.023437519
2135,0.018188499
2136,0.005462665
2137,-0.008636463
2138,-0.023406975
2139,-0.042816162
2140,-0.056518562
2141,-0.072998054
2142,-0.08197023
2143,-0.08914183
2144,-0.090332046
2145,-0.088958725
2146,-0.08346558
2147,-0.07910158
2148,-0.07244873
2149,-0.06973271
2150,-0.06323241
2151,-0.055786148
2152,-0.043823272
2153,-0.031982422
2154,-0.01681523
2155,-0.00012207031
2156,0.018188432
2157,0.039001465
2158,0.05581663
2159,0.07711791
2160,0.09121704
2161,0.107025154
2162,0.11373903
2163,0.12124635
2164,0.119262695
2165,0.11483765
2166,0.10406496
2167,0.09466553
2168,0.0803833
2169,0.06591796
2170,0.04992675
2171,0.033416763
2172,0.016937256
2173,-0.0025939718
2174,-0.016509987
2175,-0.029693589
2176,-0.036804195
2177,-0.038208023
2178,-0.040771496
2179,-0.036315944
2180,-0.037658706
2181,-0.034210224
2182,-0.037231445
2183,-0.038909912
2184,-0.04165648
2185,-0.042022705
2186,-0.04537964
2187,-0.046264645
2188,-0.049621593
2189,-0.053009026
2190,-0.058349628
2191,-0.06436157
2192,-0.06686403
2193,-0.06771849
2194,-0.061492935
2195,-0.05203244
2196,-0.03823851
2197,-0.023773156
2198,-0.0057067573
2199,0.012054458
2200,0.026733436
2201,0.039733883
2202,0.047882102
2203,0.055969223
2204,0.06176757
2205,0.06732176
2206,0.067718506
2207,0.06326294
2208,0.054901123
2209,0.04174805
2210,0.028900145
2211,0.010864257
2212,-0.0025329618
2213,-0.01751709
2214,-0.026184086
2215,-0.03201294
2216,-0.034362786
2217,-0.031494137
2218,-0.027954094
2219,-0.019165035
2220,-0.007995598
2221,0.007659916
2222,0.024902336
2223,0.03771972
2224,0.05059814
2225,0.0571289
2226,0.06201173
2227,0.06802368
2228,0.06817629
2229,0.071105964
2230,0.06683352
2231,0.06204223
2232,0.051574737
2233,0.036254883
2234,0.019653343
2235,0.001159668
2236,-0.017578129
2237,-0.03475953
2238,-0.04931643
2239,-0.06195069
2240,-0.073181175
2241,-0.08074952
2242,-0.08377075
2243,-0.08316039
2244,-0.08074951
2245,-0.07513427
2246,-0.06710817
2247,-0.059448227
2248,-0.050079353
2249,-0.043487534
2250,-0.03756713
2251,-0.033508316
2252,-0.028747514
2253,-0.026916519
2254,-0.02456662
2255,-0.024688743
2256,-0.019042984
2257,-0.015258789
2258,-0.008605972
2259,-0.0028686672
2260,0.00057981163
2261,0.0058593825
2262,0.0107727125
2263,0.018859878
2264,0.025482193
2265,0.03015137
2266,0.03472903
2267,0.036254883
2268,0.034210227
2269,0.026947007
2270,0.016815182
2271,0.003509529
2272,-0.006439194
2273,-0.016235389
2274,-0.019042954
2275,-0.02432254
2276,-0.023742653
2277,-0.03250123
2278,-0.049072273
2279,-0.092987075
2280,-0.14761357
2281,-0.19888312
2282,-0.22692871
2283,-0.2147218
2284,-0.16763306
2285,-0.06726083
2286,0.06762698
2287,0.21221924
2288,0.2998352
2289,0.31134036
2290,0.26287842
2291,0.21063232
2292,0.16619875
2293,0.15167236
2294,0.21557626
2295,0.38900748
2296,0.64279175
2297,0.88488775
2298,1.0284421
2299,1.0145875
2300,0.8495784
2301,0.54046655
2302,0.1646421
2303,-0.20742798
2304,-0.49935904
2305,-0.68048096
2306,-0.77340674
2307,-0.7914125
2308,-0.7703246
2309,-0.7279358
2310,-0.6677246
2311,-0.59555054
2312,-0.5187989
2313,-0.4520569
2314,-0.40728757
2315,-0.3713685
2316,-0.3362426
2317,-0.28280643
2318,-0.2189328
2319,-0.14242536
2320,-0.06683344
2321,-0.0026853383
2322,0.03479004
2323,0.03540048
2324,-0.0034792423
2325,-0.06753516
2326,-0.1473087
2327,-0.20913696
2328,-0.25076306
2329,-0.24682641
2330,-0.20886242
2331,-0.13360626
2332,-0.03512585
2333,0.07223502
2334,0.17782602
2335,0.2758179
2336,0.36895764
2337,0.45358276
2338,0.52819836
2339,0.593048
2340,0.6484375
2341,0.6881714
2342,0.7112123
2343,0.70199573
2344,0.6669923
2345,0.5959471
2346,0.50439477
2347,0.39453113
2348,0.27694702
2349,0.16546637
2350,0.061309934
2351,-0.02584827
2352,-0.1025697
2353,-0.17575079
2354,-0.23468009
2355,-0.2914734
2356,-0.33572388
2357,-0.37982178
2358,-0.41195667
2359,-0.42840564
2360,-0.43002325
2361,-0.41677856
2362,-0.38854986
2363,-0.3476563
2364,-0.291687
2365,-0.2289429
2366,-0.16848755
2367,-0.10687257
2368,-0.053710938
2369,0.0015258864
2370,0.04821775
2371,0.090728775
2372,0.124816865
2373,0.14578247
2374,0.15548703
2375,0.15289308
2376,0.1389465
2377,0.118804954
2378,0.092224106
2379,0.06750491
2380,0.042388916
2381,0.021728545
2382,0.0013427772
2383,-0.009429947
2384,-0.022460952
2385,-0.028442387
2386,-0.03546142
2387,-0.039428722
2388,-0.040374756
2389,-0.045227047
2390,-0.041687004
2391,-0.03808593
2392,-0.03384399
2393,-0.02664185
2394,-0.023406982
2395,-0.009033201
2396,-0.0036010738
2397,0.0039367694
2398,0.006103515
2399,0.006591798
2400,0.0069274935
2401,0.0028686523
2402,-0.0052490216
2403,-0.023406975
2404,-0.04345703
2405,-0.06680296
2406,-0.08242797
2407,-0.103393555
2408,-0.10949704
2409,-0.1270447
2410,-0.1308899
2411,-0.13223265
2412,-0.1303711
2413,-0.12811276
2414,-0.1293335
2415,-0.11868286
2416,-0.10342407
2417,-0.08630371
2418,-0.062286377
2419,-0.038116425
2420,-0.0068359375
2421,0.020935088
2422,0.049713165
2423,0.0738831
2424,0.09774783
2425,0.11825563
2426,0.13412477
2427,0.15249634
2428,0.16244504
2429,0.17315674
2430,0.17370602
2431,0.17388915
2432,0.16653441
2433,0.15661618
2434,0.1431885
2435,0.12869261
2436,0.11444094
2437,0.096282944
2438,0.07910158
2439,0.054931656
2440,0.037536636
2441,0.015777588
2442,0.0026550293
2443,-0.008911118
2444,-0.0142211765
2445,-0.01568602
2446,-0.014465332
2447,-0.009979263
2448,-0.006225601
2449,-0.00091555715
2450,0.00030517578
2451,0.0012207031
2452,-0.0026245117
2453,-0.0043945014
2454,-0.0058593675
2455,-0.009307846
2456,-0.01760865
2457,-0.030059814
2458,-0.035125718
2459,-0.039306663
2460,-0.041137695
2461,-0.03799438
2462,-0.028137218
2463,-0.008453339
2464,0.0027160197
2465,0.019805953
2466,0.03082271
2467,0.043609634
2468,0.048339814
2469,0.046508804
2470,0.039123505
2471,0.02456665
2472,0.008911118
2473,-0.008514389
2474,-0.025726348
2475,-0.037902832
2476,-0.0489197
2477,-0.055358876
2478,-0.057067893
2479,-0.05841063
2480,-0.055328377
2481,-0.055297837
2482,-0.052093506
2483,-0.0491333
2484,-0.045562744
2485,-0.042999275
2486,-0.03692627
2487,-0.031341553
2488,-0.022888185
2489,-0.015960693
2490,-0.0066833515
2491,0.0028076172
2492,0.012664792
2493,0.020294191
2494,0.031402588
2495,0.03665161
2496,0.04455566
2497,0.043273933
2498,0.04321288
2499,0.03363037
2500,0.023193352
2501,0.013885491
2502,0.005401626
2503,0.0038452074
2504,-0.0004577227
2505,-0.00021363795
2506,-0.0032653362
2507,-0.0037841871
2508,-0.0048217475
2509,-0.0066223294
2510,-0.0054626316
2511,-0.0068054274
2512,-0.00579834
2513,-0.005279541
2514,-0.00778199
2515,-0.0034790058
2516,-0.00796509
2517,-0.006774904
2518,-0.011199955
2519,-0.010955809
2520,-0.01248169
2521,-0.017181395
2522,-0.022003174
2523,-0.030792234
2524,-0.03771972
2525,-0.047210693
2526,-0.055206295
2527,-0.06143189
2528,-0.06304932
2529,-0.057342526
2530,-0.050659172
2531,-0.041809082
2532,-0.03207396
2533,-0.020294175
2534,-0.01351928
2535,-0.0050659105
2536,-0.0043030083
2537,0.0017394945
2538,0.0012512058
2539,0.0021057054
2540,0.0023803562
2541,0.002807632
2542,0.0079345815
2543,0.0133972205
2544,0.020568836
2545,0.02462767
2546,0.024200447
2547,0.026580792
2548,0.024505615
2549,0.020690925
2550,0.020599388
2551,0.0169678
2552,0.021484388
2553,0.018768312
2554,0.023742666
2555,0.027282698
2556,0.030426016
2557,0.035339348
2558,0.036621094
2559,0.035949707
2560,0.035858154
2561,0.033416748
2562,0.029937744
2563,0.02279663
2564,0.015594482
2565,0.007110594
2566,-0.0024719238
2567,-0.016357424
2568,-0.02685547
2569,-0.037139893
2570,-0.044677734
2571,-0.051239006
2572,-0.05776979
2573,-0.061126705
2574,-0.059387207
2575,-0.055877678
2576,-0.04751586
2577,-0.038177505
2578,-0.027008034
2579,-0.012084976
2580,-0.0039672703
2581,0.00863646
2582,0.011566158
2583,0.022460926
2584,0.024871811
2585,0.030334476
2586,0.029693592
2587,0.03161622
2588,0.032501206
2589,0.034027107
2590,0.03485108
2591,0.037963867
2592,0.040802002
2593,0.044494625
2594,0.04666138
2595,0.048370358
2596,0.04882812
2597,0.048278805
2598,0.045043945
2599,0.04092406
2600,0.03347779
2601,0.025604244
2602,0.015380867
2603,0.0052185096
2604,-0.007202156
2605,-0.014282208
2606,-0.02230838
2607,-0.025360093
2608,-0.03216555
2609,-0.035369866
2610,-0.039611824
2611,-0.040039055
2612,-0.044158928
2613,-0.043487545
2614,-0.0453186
2615,-0.039611816
2616,-0.035125732
2617,-0.030242916
2618,-0.022521976
2619,-0.019927964
2620,-0.013824459
2621,-0.011169426
2622,-0.0077209435
2623,-0.0036926307
2624,-0.00057982653
2625,0.0053100437
2626,0.0073547326
2627,0.006164562
2628,0.0027465858
2629,-0.004119873
2630,-0.0119018555
2631,-0.020416263
2632,-0.025970466
2633,-0.030120857
2634,-0.030883811
2635,-0.03186036
2636,-0.029754639
2637,-0.020935044
2638,-0.018157959
2639,-0.006469734
2640,-0.0033264086
2641,0.010955825
2642,0.019744858
2643,0.03256227
2644,0.046173073
2645,0.056732185
2646,0.06906127
2647,0.076385505
2648,0.08328247
2649,0.08108522
2650,0.07922363
2651,0.0734558
2652,0.06643677
2653,0.061004624
2654,0.05209349
2655,0.049224824
2656,0.03945922
2657,0.034332246
2658,0.026550293
2659,0.01858519
2660,0.011596665
2661,0.006439224
2662,0.003204316
2663,0.0002746582
2664,-0.0030212626
2665,-0.009094261
2666,-0.014190696
2667,-0.025970452
2668,-0.03323367
2669,-0.043090805
2670,-0.051757827
2671,-0.055053692
2672,-0.061615005
2673,-0.06118774
2674,-0.0647583
2675,-0.0640564
2676,-0.06402588
2677,-0.061157223
2678,-0.053985592
2679,-0.044494636
2680,-0.031860348
2681,-0.01849366
2682,-0.0055541955
2683,0.007629388
2684,0.018707268
2685,0.026885983
2686,0.031036377
2687,0.032043457
2688,0.029632568
2689,0.025299072
2690,0.01776123
2691,0.011871338
2692,0.0036621084
2693,-0.0005188001
2694,-0.0062561044
2695,-0.010070801
2696,-0.011657715
2697,-0.012512207
2698,-0.011779785
2699,-0.013336182
2700,-0.013671877
2701,-0.017120361
2702,-0.018890383
2703,-0.023559563
2704,-0.025085453
2705,-0.027618397
2706,-0.02896119
2707,-0.029998757
2708,-0.030792255
2709,-0.030029282
2710,-0.028656028
2711,-0.026702873
2712,-0.022766113
2713,-0.018890373
2714,-0.011444099
2715,-0.0053100586
2716,0.0025024377
2717,0.011261009
2718,0.021331787
2719,0.0332947
2720,0.043701176
2721,0.05511474
2722,0.06445313
2723,0.06671141
2724,0.06845092
2725,0.064117424
2726,0.063110344
2727,0.05706787
2728,0.05740355
2729,0.05404662
2730,0.051940918
2731,0.044403076
2732,0.035583526
2733,0.022979751
2734,0.009948768
2735,-0.00057982653
2736,-0.010925293
2737,-0.01745607
2738,-0.02331543
2739,-0.027191188
2740,-0.0300293
2741,-0.03323366
2742,-0.033477776
2743,-0.031311035
2744,-0.030059794
2745,-0.023834223
2746,-0.019409172
2747,-0.0152587835
2748,-0.011047363
2749,-0.006622318
2750,-0.0009765625
2751,0.0031738263
2752,0.0066528246
2753,0.0131225735
2754,0.016662586
2755,0.015777595
2756,0.013824455
2757,0.005523689
2758,-0.0014038086
2759,-0.012268072
2760,-0.019470211
2761,-0.02505493
2762,-0.03094482
2763,-0.03411865
2764,-0.03845215
2765,-0.039916992
2766,-0.0416565
2767,-0.04290772
2768,-0.04574585
2769,-0.047729492
2770,-0.048675537
2771,-0.047790535
2772,-0.043914802
2773,-0.042572014
2774,-0.036407493
2775,-0.030303948
2776,-0.022064246
2777,-0.014556855
2778,-0.0055847317
2779,0.0022583157
2780,0.011444092
2781,0.017272957
2782,0.029418975
2783,0.03674317
2784,0.04724124
2785,0.05673217
2786,0.06924439
2787,0.07839964
2788,0.08349608
2789,0.082733154
2790,0.08065796
2791,0.07492067
2792,0.0656128
2793,0.055908203
2794,0.044647217
2795,0.036132798
2796,0.028015144
2797,0.019378655
2798,0.011779778
2799,0.001403816
2800,-0.0065917894
2801,-0.01354979
2802,-0.020446751
2803,-0.02282717
2804,-0.026580784
2805,-0.027587913
2806,-0.030578587
2807,-0.034423858
2808,-0.03567505
2809,-0.040313736
2810,-0.037628174
2811,-0.038848877
2812,-0.031707764
2813,-0.0284729
2814,-0.022003174
2815,-0.021148682
2816,-0.02230835
2817,-0.026672363
2818,-0.032470703
2819,-0.035675053
2820,-0.0375061
2821,-0.036712654
2822,-0.036590565
2823,-0.035675064
2824,-0.03622436
2825,-0.033935554
2826,-0.033966042
2827,-0.028137214
2828,-0.023467995
2829,-0.014099129
2830,-0.008087121
2831,0.0011291578
2832,0.008331329
2833,0.016998298
2834,0.019470207
2835,0.023315433
2836,0.027832016
2837,0.03131104
2838,0.03451536
2839,0.0345459
2840,0.03552246
2841,0.034698486
2842,0.03363037
2843,0.03173828
2844,0.02758789
2845,0.024078371
2846,0.019104004
2847,0.0184021
2848,0.015411376
2849,0.012969974
2850,0.010223389
2851,0.007507326
2852,0.0060424786
2853,0.0063781766
2854,0.005645752
2855,0.0064086933
2856,0.004852293
2857,0.0018310547
2858,0.0016174326
2859,-0.003936771
2860,-0.0055847173
2861,-0.01074219
2862,-0.013916016
2863,-0.012786864
2864,-0.010742186
2865,-0.007659911
2866,-0.005950928
2867,-0.0044555673
2868,0.0014038095
2869,0.0058288565
2870,0.011199952
2871,0.015991207
2872,0.016448978
2873,0.016082762
2874,0.0072021503
2875,0.0012817364
2876,-0.010223389
2877,-0.01763916
2878,-0.028137209
2879,-0.03582764
2880,-0.04489136
2881,-0.050781254
2882,-0.055084225
2883,-0.05679322
2884,-0.058929414
2885,-0.057830848
2886,-0.056488037
2887,-0.051757842
2888,-0.04776004
2889,-0.03939821
2890,-0.029418975
2891,-0.018615708
2892,-0.0024719387
2893,0.009368911
2894,0.026214592
2895,0.036224384
2896,0.049041755
2897,0.056640625
2898,0.06256104
2899,0.06549071
2900,0.06506349
2901,0.06274413
2902,0.059631348
2903,0.05575562
2904,0.04751586
2905,0.038970947
2906,0.029479979
2907,0.020690916
2908,0.010101318
2909,0.00146484
2910,-0.0040893536
2911,-0.006225586
2912,-0.0076904297
2913,-0.006439206
2914,-0.0027160645
2915,-0.0005798321
2916,0.004852295
2917,0.006286619
2918,0.012847893
2919,0.015991218
2920,0.01821899
2921,0.017150875
2922,0.010528568
2923,0.0009765569
2924,-0.011138901
2925,-0.02514649
2926,-0.037139893
2927,-0.048767097
2928,-0.0560913
2929,-0.060607914
2930,-0.06243895
2931,-0.057708755
2932,-0.05676267
2933,-0.047088653
2934,-0.04299923
2935,-0.029876724
2936,-0.018920884
2937,-0.004425049
2938,0.0127868615
2939,0.025024429
2940,0.041259743
2941,0.05087281
2942,0.061523423
2943,0.06732178
2944,0.07205199
2945,0.078186035
2946,0.0809021
2947,0.08654786
2948,0.08932496
2949,0.09487915
2950,0.09411621
2951,0.09106444
2952,0.08309938
2953,0.07482909
2954,0.061767578
2955,0.049896255
2956,0.037322983
2957,0.026977569
2958,0.016784638
2959,0.008514419
2960,0.00048826635
2961,-0.0023193508
2962,-0.0067748874
2963,-0.006408721
2964,-0.011505127
2965,-0.01657106
2966,-0.02273561
2967,-0.02999878
2968,-0.037597656
2969,-0.04479979
2970,-0.05148316
2971,-0.04815671
2972,-0.048614495
2973,-0.042388894
2974,-0.039367676
2975,-0.033599846
2976,-0.027801543
2977,-0.024200447
2978,-0.0180054
2979,-0.01568605
2980,-0.012512196
2981,-0.011413582
2982,-0.008972149
2983,-0.021331817
2984,-0.02056884
2985,-0.033020042
2986,-0.031982414
2987,-0.042083748
2988,-0.04730224
2989,-0.046478264
2990,-0.05346679
2991,-0.05087281
2992,-0.06283569
2993,-0.06719972
2994,-0.07485962
2995,-0.0723877
2996,-0.07083131
2997,-0.06845092
2998,-0.061126694
2999,-0.057922333
3000,-0.049743652
3001,-0.047424287
3002,-0.03900145
3003,-0.030578569
3004,-0.020324692
3005,-0.010253891
3006,-0.001892075
3007,0.007904068
3008,0.017883316
3009,0.0300598
3010,0.041198745
3011,0.05181886
3012,0.059539787
3013,0.06451417
3014,0.066284165
3015,0.0622864
3016,0.0552368
3017,0.044616707
3018,0.03549193
3019,0.025482178
3020,0.019714355
3021,0.014129639
3022,0.010345459
3023,0.008026123
3024,0.006011961
3025,0.003967285
3026,0.005645751
3027,0.007110597
3028,0.012512206
3029,0.014831544
3030,0.019927979
3031,0.025848389
3032,0.030609129
3033,0.037048344
3034,0.040740974
3035,0.04635621
3036,0.04840088
3037,0.048156764
3038,0.042266835
3039,0.033874545
3040,0.020599362
3041,0.0061340407
3042,-0.009094249
3043,-0.023345958
3044,-0.034973137
3045,-0.044769287
3046,-0.050048828
3047,-0.05633545
3048,-0.061523445
3049,-0.066986084
3050,-0.07113648
3051,-0.07540892
3052,-0.077545166
3053,-0.077423096
3054,-0.07400512
3055,-0.06820677
3056,-0.062133774
3057,-0.054412827
3058,-0.045501694
3059,-0.03256224
3060,-0.019836426
3061,-0.008239716
3062,0.007080078
3063,0.020080566
3064,0.035034172
3065,0.0453491
3066,0.057220474
3067,0.062377892
3068,0.06521607
3069,0.06295774
3070,0.06250001
3071,0.05761718
3072,0.050811775
3073,0.04309082
3074,0.03375245
3075,0.023254398
3076,0.01687622
3077,0.0087890625
3078,0.006072997
3079,0.00079345796
3080,-3.0517578e-05
3081,-0.0022583003
3082,-0.003509521
3083,-0.005096435
3084,-0.0034790044
3085,-0.0017089832
3086,0.0031738286
3087,0.008544921
3088,0.012207029
3089,0.018554688
3090,0.017730713
3091,0.020935059
3092,0.01412964
3093,0.008697512
3094,-0.0026550274
3095,-0.013244629
3096,-0.02432251
3097,-0.035461426
3098,-0.042907707
3099,-0.044555668
3100,-0.04483031
3101,-0.04058838
3102,-0.0340576
3103,-0.02420044
3104,-0.008880619
3105,0.0044555683
3106,0.023010243
3107,0.03619384
3108,0.051544167
3109,0.060913082
3110,0.067932114
3111,0.070129395
3112,0.06381225
3113,0.057342526
3114,0.04772947
3115,0.045104966
3116,0.039916977
3117,0.0373535
3118,0.035919182
3119,0.0362854
3120,0.032287613
3121,0.02432254
3122,0.013244629
3123,0.009918235
3124,0.0012817159
3125,-0.026000977
3126,-0.060607925
3127,-0.09811403
3128,-0.13696292
3129,-0.19174194
3130,-0.2512207
3131,-0.28112793
3132,-0.26763916
3133,-0.21459961
3134,-0.13748169
3135,-0.057586655
3136,0.020690933
3137,0.0852051
3138,0.13763428
3139,0.17300415
3140,0.19146729
3141,0.19561766
3142,0.18383789
3143,0.16705322
3144,0.14324951
3145,0.12008667
3146,0.09857179
3147,0.07427981
3148,0.058258064
3149,0.03781128
3150,0.026763923
3151,0.015350349
3152,0.012573257
3153,0.015106201
3154,0.021148697
3155,0.03421022
3156,0.04815671
3157,0.05841066
3158,0.067657456
3159,0.06710817
3160,0.0668945
3161,0.05645752
3162,0.041412324
3163,0.025085434
3164,0.0054626316
3165,-0.009979263
3166,-0.028015137
3167,-0.042877182
3168,-0.056671143
3169,-0.06515501
3170,-0.072326645
3171,-0.0760803
3172,-0.07925415
3173,-0.07785036
3174,-0.07235719
3175,-0.06146241
3176,-0.052581817
3177,-0.042968757
3178,-0.038696304
3179,-0.03637693
3180,-0.039672837
3181,-0.047363274
3182,-0.053253174
3183,-0.060363773
3184,-0.0661316
3185,-0.074462876
3186,-0.08111573
3187,-0.085632324
3188,-0.08709716
3189,-0.0808716
3190,-0.071014404
3191,-0.051330596
3192,-0.03659056
3193,-0.01638794
3194,0.0025634617
3195,0.02804568
3196,0.05960083
3197,0.09332278
3198,0.13619992
3199,0.173584
3200,0.21240231
3201,0.23721315
3202,0.2437744
3203,0.22482301
3204,0.17938231
3205,0.12521361
3206,0.058319077
3207,-0.012084991
3208,-0.08282472
3209,-0.14236452
3210,-0.16537477
3211,-0.17724611
3212,-0.15823364
3213,-0.12918091
3214,-0.07455444
3215,-0.019165054
3216,0.027587876
3217,0.047027566
3218,0.044708245
3219,0.020446755
3220,-0.007843023
3221,-0.041351326
3222,-0.0739746
3223,-0.098724365
3224,-0.12484741
3225,-0.14083864
3226,-0.15567015
3227,-0.16238406
3228,-0.16836546
3229,-0.16903687
3230,-0.16558841
3231,-0.15679929
3232,-0.14245602
3233,-0.12069705
3234,-0.09121704
3235,-0.059448272
3236,-0.0234375
3237,0.011566162
3238,0.04522705
3239,0.07476807
3240,0.09716797
3241,0.117248535
3242,0.13095093
3243,0.14331056
3244,0.1524353
3245,0.15448
3246,0.15209961
3247,0.1411133
3248,0.12612917
3249,0.10675049
3250,0.08346557
3251,0.06350707
3252,0.038085938
3253,0.016784666
3254,-0.0035400395
3255,-0.018310547
3256,-0.025573729
3257,-0.03366089
3258,-0.030975342
3259,-0.029785156
3260,-0.023345947
3261,-0.019744871
3262,-0.01828003
3263,-0.012054443
3264,-0.011352539
3265,-0.0036010705
3266,-0.00027466007
3267,0.004150396
3268,0.00564575
3269,0.0067443885
3270,0.005950926
3271,0.00042723678
3272,-0.0061645564
3273,-0.014282238
3274,-0.02255249
3275,-0.031127937
3276,-0.03787231
3277,-0.037292477
3278,-0.039215066
3279,-0.038391113
3280,-0.038085923
3281,-0.036865234
3282,-0.033142082
3283,-0.030731201
3284,-0.022857666
3285,-0.012542725
3286,-0.0028991625
3287,0.008972183
3288,0.01889038
3289,0.027221695
3290,0.03387451
3291,0.0378418
3292,0.035675064
3293,0.032287598
3294,0.02639772
3295,0.021270737
3296,0.01889038
3297,0.014892578
3298,0.020721436
3299,0.02505491
3300,0.033477776
3301,0.04699707
3302,0.058166504
3303,0.068664566
3304,0.0725708
3305,0.069061294
3306,0.06896971
3307,0.0577698
3308,0.054412834
3309,0.044799834
3310,0.037078843
3311,0.03289794
3312,0.026824951
3313,0.027862526
3314,0.024749734
3315,0.024749748
3316,0.026885986
3317,0.027862564
3318,0.03521727
3319,0.041687027
3320,0.04959105
3321,0.055175766
3322,0.05557251
3323,0.056365952
3324,0.050048858
3325,0.046661362
3326,0.038330108
3327,0.03253171
3328,0.022613555
3329,0.013793945
3330,0.0043029785
3331,-0.0043640137
3332,-0.012298599
3333,-0.021392852
3334,-0.030365005
3335,-0.04107669
3336,-0.049804688
3337,-0.057159454
3338,-0.06097409
3339,-0.06256106
3340,-0.0582275
3341,-0.05322268
3342,-0.040863022
3343,-0.029754616
3344,-0.015808105
3345,-0.0018005073
3346,0.009490982
3347,0.0224915
3348,0.030914336
3349,0.036438033
3350,0.037261978
3351,0.03137207
3352,0.019104019
3353,0.001434356
3354,-0.020111054
3355,-0.037384003
3356,-0.05557248
3357,-0.067230195
3358,-0.07586669
3359,-0.08169556
3360,-0.082641624
3361,-0.084564224
3362,-0.08074953
3363,-0.08096315
3364,-0.074920654
3365,-0.06863404
3366,-0.05908204
3367,-0.04693605
3368,-0.037475586
3369,-0.027038578
3370,-0.01724242
3371,-0.012908928
3372,-0.007568337
3373,-0.012268059
3374,-0.013732914
3375,-0.015228279
3376,-0.018798854
3377,-0.016479485
3378,-0.01672367
3379,-0.013305657
3380,-0.0087890625
3381,-0.007965043
3382,-0.0024414137
3383,-0.0014648288
3384,0.002685532
3385,0.0056152493
3386,0.005645737
3387,0.0055847317
3388,0.0016784817
3389,-0.0043945014
3390,-0.016113251
3391,-0.029144257
3392,-0.043762177
3393,-0.057495117
3394,-0.06921388
3395,-0.07922363
3396,-0.08554079
3397,-0.09167479
3398,-0.09674074
3399,-0.097839355
3400,-0.1001282
3401,-0.0946655
3402,-0.091430694
3403,-0.08117673
3404,-0.0692749
3405,-0.0568237
3406,-0.04046631
3407,-0.022766083
3408,-0.0023498833
3409,0.020019561
3410,0.04019162
3411,0.0599671
3412,0.07730098
3413,0.09313968
3414,0.10601804
3415,0.10992436
3416,0.11025998
3417,0.10427858
3418,0.09780883
3419,0.09017946
3420,0.081390366
3421,0.07479861
3422,0.06750488
3423,0.063507095
3424,0.059173584
3425,0.05340576
3426,0.048431396
3427,0.039733887
3428,0.035095215
3429,0.027282707
3430,0.025604248
3431,0.025299072
3432,0.031066893
3433,0.03970337
3434,0.04492188
3435,0.054809563
3436,0.061706536
3437,0.06936645
3438,0.070220955
3439,0.06909178
3440,0.066467285
3441,0.059417717
3442,0.04995729
3443,0.037719727
3444,0.025695816
3445,0.01068116
3446,-0.0038146675
3447,-0.016662575
3448,-0.029174782
3449,-0.04125974
3450,-0.04852295
3451,-0.05291748
3452,-0.0487671
3453,-0.04589846
3454,-0.033538807
3455,-0.021331798
3456,-0.0025024414
3457,0.01324464
3458,0.030487057
3459,0.048248313
3460,0.06506344
3461,0.081512436
3462,0.08868408
3463,0.09631345
3464,0.10336305
3465,0.11886595
3466,0.13040163
3467,0.1300354
3468,0.13049316
3469,0.11886597
3470,0.09915161
3471,0.039306656
3472,-0.056671128
3473,-0.17428587
3474,-0.2937622
3475,-0.4026184
3476,-0.50820917
3477,-0.60595703
3478,-0.6842347
3479,-0.7623902
3480,-0.8343506
3481,-0.9033813
3482,-0.93566906
3483,-0.9132693
3484,-0.85330224
3485,-0.671051
3486,-0.49514782
3487,-0.20269763
3488,0.046264708
3489,0.33074975
3490,0.58676183
3491,0.82638574
3492,1.0883793
3493,1.3091736
3494,1.5148926
3495,1.691986
3496,1.8088074
3497,1.878601
3498,1.8603213
3499,1.7831116
3500,1.6539004
3501,1.4871826
3502,1.3053591
3503,1.1004639
3504,0.8730774
3505,0.5978699
3506,0.28604102
3507,-0.066711426
3508,-0.4309392
3509,-0.7989197
3510,-1.1434941
3511,-1.4338989
3512,-1.6394044
3513,-1.7628784
3514,-1.7916869
3515,-1.7462769
3516,-1.6307676
3517,-1.482666
3518,-1.3439331
3519,-1.2135315
3520,-1.085266
3521,-0.95046973
3522,-0.80499244
3523,-0.65090954
3524,-0.47604346
3525,-0.27236938
3526,-0.05560267
3527,0.17095947
3528,0.39871246
3529,0.6154176
3530,0.80480963
3531,0.95056164
3532,1.0456543
3533,1.08136
3534,1.061554
3535,0.9837645
3536,0.8476257
3537,0.66903687
3538,0.44024637
3539,0.19293204
3540,-0.07440193
3541,-0.32916257
3542,-0.5594787
3543,-0.74737525
3544,-0.87713623
3545,-0.94006336
3546,-0.9322206
3547,-0.86099255
3548,-0.73645025
3549,-0.5691227
3550,-0.38046277
3551,-0.18228179
3552,-0.00061023235
3553,0.15875223
3554,0.27572647
3555,0.34948707
3556,0.37902823
3557,0.36941504
3558,0.3269348
3559,0.25875828
3560,0.1745607
3561,0.08010858
3562,-0.008269906
3563,-0.089782715
3564,-0.15051249
3565,-0.19583145
3566,-0.21746826
3567,-0.22500616
3568,-0.20858777
3569,-0.17898554
3570,-0.138672
3571,-0.094055235
3572,-0.050323606
3573,-0.003631711
3574,0.03540039
3575,0.07241821
3576,0.10800192
3577,0.13937384
3578,0.17916906
3579,0.21618661
3580,0.2540895
3581,0.28619358
3582,0.32098395
3583,0.3572997
3584,0.39511108
3585,0.4291076
3586,0.46325675
3587,0.48577887
3588,0.4909973
3589,0.4687806
3590,0.41918948
3591,0.3474122
3592,0.26641846
3593,0.18222046
3594,0.101867676
3595,0.026397616
3596,-0.039123595
3597,-0.0894776
3598,-0.12258917
3599,-0.13641363
3600,-0.13549805
3601,-0.12478635
3602,-0.10379034
3603,-0.08477783
3604,-0.06530762
3605,-0.048797607
3606,-0.033447266
3607,-0.012023926
3608,0.0067749023
3609,0.033813477
3610,0.05404669
3611,0.07846078
3612,0.098968655
3613,0.11920175
3614,0.13449118
3615,0.13739008
3616,0.13375863
3617,0.11553961
3618,0.09667972
3619,0.06951907
3620,0.04046601
3621,0.0073242486
3622,-0.02304101
3623,-0.04864502
3624,-0.061554253
3625,-0.081481665
3626,-0.099212795
3627,-0.11605814
3628,-0.123169035
3629,-0.12887561
3630,-0.14498913
3631,-0.15942381
3632,-0.17095947
3633,-0.17086792
3634,-0.16860962
3635,-0.1703186
3636,-0.17584229
3637,-0.18667604
3638,-0.19345093
3639,-0.20336917
3640,-0.21081544
3641,-0.2167969
3642,-0.21762086
3643,-0.20764163
3644,-0.18893433
3645,-0.16708374
3646,-0.13290405
3647,-0.095703155
3648,-0.049804688
3649,-0.0059509575
3650,0.034667954
3651,0.07928462
3652,0.11709593
3653,0.15603638
3654,0.1857605
3655,0.2000122
3656,0.20144652
3657,0.1831665
3658,0.15509033
3659,0.12268068
3660,0.08566283
3661,0.05331421
3662,0.021270761
3663,-0.0018920861
3664,-0.011322029
3665,-0.015228275
3666,-0.007049568
3667,-0.0034484789
3668,0.008087151
3669,0.014984146
3670,0.019287087
3671,0.016265884
3672,0.0003967136
3673,-0.015014628
3674,-0.03283692
3675,-0.045562737
3676,-0.054534912
3677,-0.06225586
3678,-0.0592041
3679,-0.054443374
3680,-0.04431152
3681,-0.034088153
3682,-0.02493285
3683,-0.019989017
3684,-0.0147399865
3685,-0.0106506385
3686,-0.0049438328
3687,0.00018311664
3688,0.0024108738
3689,0.012420652
3690,0.012084963
3691,0.018798836
3692,0.014099129
3693,0.013702391
3694,0.008636475
3695,0.0057678204
3696,0.0068359356
3697,0.01119995
3698,0.01635742
3699,0.021057129
3700,0.024932858
3701,0.027435303
3702,0.031066895
3703,0.029083252
3704,0.021728517
3705,0.014495852
3706,0.0023498565
3707,-0.009704587
3708,-0.030212399
3709,-0.053771965
3710,-0.07406618
3711,-0.09259033
3712,-0.09808349
3713,-0.10150145
3714,-0.097961396
3715,-0.08496094
3716,-0.06689449
3717,-0.06381224
3718,-0.035949677
3719,-0.024871826
3720,-0.0047302097
3721,0.0047607273
3722,0.0034484863
3723,0.022796616
3724,0.01071167
3725,0.016204834
3726,0.0019836128
3727,-0.009399414
3728,-0.01751712
3729,-0.02804564
3730,-0.033111587
3731,-0.037872314
3732,-0.03277588
3733,-0.023529068
3734,-0.007080063
3735,0.012420654
3736,0.033599883
3737,0.054443352
3738,0.07324223
3739,0.0866089
3740,0.093261756
3741,0.09405519
3742,0.091644295
3743,0.08627319
3744,0.07510375
3745,0.064483635
3746,0.048614495
3747,0.03482055
3748,0.017395014
3749,0.008697509
3750,-0.00021362305
3751,-0.007812501
3752,-0.00985718
3753,-0.014038088
3754,-0.012878416
3755,-0.014099121
3756,-0.010498043
3757,-0.0068969764
3758,-0.0041809063
3759,-0.0028381366
3760,-0.0020141583
3761,-0.0019226074
3762,-0.00082397275
3763,-0.0025329608
3764,-0.006408697
3765,-0.010711668
3766,-0.020935059
3767,-0.027801521
3768,-0.035522457
3769,-0.041381855
3770,-0.0392761
3771,-0.039276153
3772,-0.0303955
3773,-0.02963256
3774,-0.02767945
3775,-0.029785126
3776,-0.03305053
3777,-0.035064682
3778,-0.03402707
3779,-0.03482057
3780,-0.030822739
3781,-0.025421172
3782,-0.0137024075
3783,-0.001068145
3784,0.0133666545
3785,0.034423802
3786,0.05813597
3787,0.080535874
3788,0.1017151
3789,0.11676024
3790,0.13095096
3791,0.1359253
3792,0.13821413
3793,0.138031
3794,0.1305237
3795,0.1276245
3796,0.11880495
3797,0.11334227
3798,0.10568239
3799,0.091796875
3800,0.07714844
3801,0.05429074
3802,0.038146973
3803,0.020873994
3804,0.010498047
3805,0.0027465522
3806,-0.0034484863
3807,-0.009490967
3808,-0.018096924
3809,-0.022857651
3810,-0.031860337
3811,-0.042144775
3812,-0.05694577
3813,-0.07135013
3814,-0.0772705
3815,-0.082641624
3816,-0.08383177
3817,-0.08056643
3818,-0.07897946
3819,-0.072052
3820,-0.0714111
3821,-0.06637573
3822,-0.06280516
3823,-0.06375123
3824,-0.0609131
3825,-0.0578003
3826,-0.054473877
3827,-0.049285892
3828,-0.049682613
3829,-0.045989998
3830,-0.04867553
3831,-0.047851562
3832,-0.051940896
3833,-0.052459694
3834,-0.052154504
3835,-0.04724118
3836,-0.033508264
3837,-0.01644896
3838,0.006683357
3839,0.026947
3840,0.045867912
3841,0.062377907
3842,0.07254028
3843,0.07888793
3844,0.08023071
3845,0.08026123
3846,0.08309938
3847,0.08355713
3848,0.08233644
3849,0.074707024
3850,0.06600953
3851,0.059417732
3852,0.05496213
3853,0.050415054
3854,0.04754637
3855,0.04019168
3856,0.033020005
3857,0.018432662
3858,0.0033874437
3859,-0.016509995
3860,-0.037994407
3861,-0.054992676
3862,-0.06362914
3863,-0.06503299
3864,-0.058654793
3865,-0.049530037
3866,-0.038391117
3867,-0.030731194
3868,-0.026519787
3869,-0.024597151
3870,-0.024383541
3871,-0.025512686
3872,-0.03137207
3873,-0.03552246
3874,-0.04260254
3875,-0.046539307
3876,-0.04891967
3877,-0.05047607
3878,-0.04730224
3879,-0.05047606
3880,-0.049896248
3881,-0.05694577
3882,-0.06494142
3883,-0.07540894
3884,-0.08358766
3885,-0.091339126
3886,-0.096008286
3887,-0.10241699
3888,-0.09906007
3889,-0.093688965
3890,-0.08023077
3891,-0.060546875
3892,-0.03457649
3893,-0.00076293945
3894,0.03555292
3895,0.07543947
3896,0.11383055
3897,0.15106203
3898,0.18185423
3899,0.21029663
3900,0.2264099
3901,0.23535155
3902,0.23352051
3903,0.21939084
3904,0.19717407
3905,0.16281126
3906,0.124694824
3907,0.07919313
3908,0.033874527
3909,-0.007965073
3910,-0.046936005
3911,-0.07766725
3912,-0.10305784
3913,-0.11212158
3914,-0.11364742
3915,-0.10775757
3916,-0.09933472
3917,-0.08465576
3918,-0.06436159
3919,-0.03863524
3920,-0.015960712
3921,0.004974358
3922,0.017852757
3923,0.026947018
3924,0.027954102
3925,0.025695797
3926,0.019073464
3927,0.011962883
3928,0.007507317
3929,0.003387466
3930,0.004058853
3931,0.0042419434
3932,0.0037536845
3933,0.0034179613
3934,0.0004577823
3935,-0.002777107
3936,-0.0067749023
3937,-0.016052257
3938,-0.023895267
3939,-0.036102306
3940,-0.049621567
3941,-0.061828617
3942,-0.075897224
3943,-0.08367919
3944,-0.08822633
3945,-0.08578491
3946,-0.08010866
3947,-0.069854744
3948,-0.061737046
3949,-0.050018333
3950,-0.04541014
3951,-0.036834724
3952,-0.026916474
3953,-0.019561753
3954,-0.009155251
3955,0.0009765849
3956,0.013000503
3957,0.026824959
3958,0.033111557
3959,0.046142586
3960,0.05117797
3961,0.058990486
3962,0.063842766
3963,0.06576539
3964,0.070007324
3965,0.067596436
3966,0.064941406
3967,0.056762688
3968,0.045410164
3969,0.04110716
3970,0.031646747
3971,0.02490231
3972,0.019653331
3973,0.00933836
3974,0.006927494
3975,-0.005340576
3976,-0.010559093
3977,-0.01718138
3978,-0.024047852
3979,-0.025085434
3980,-0.02725219
3981,-0.028045647
3982,-0.03054809
3983,-0.038970947
3984,-0.04476929
3985,-0.05047607
3986,-0.0536194
3987,-0.05444335
3988,-0.05538941
3989,-0.052307125
3990,-0.050994888
3991,-0.045410156
3992,-0.039123528
3993,-0.032501236
3994,-0.024871819
3995,-0.017578147
3996,-0.013183579
3997,-0.00793457
3998,-0.006256111
3999,-0.0037841648
4000,-0.0027465746
4001,-0.0031432807
4002,-0.0028686598
4003,-0.004943818
4004,-0.0076904446
4005,-0.009521484
4006,-0.010009795
4007,-0.0072021335
4008,-0.0015258864
4009,0.003723152
4010,0.010131814
4011,0.014160164
4012,0.020385742
4013,0.025177002
4014,0.0310364
4015,0.03372192
4016,0.039031997
4017,0.04595946
4018,0.051818848
4019,0.057708744
4020,0.061218254
4021,0.06192017
4022,0.064331055
4023,0.057769787
4024,0.053863514
4025,0.04272463
4026,0.032684315
4027,0.022918731
4028,0.010040268
4029,0.0014953706
4030,-0.0079956055
4031,-0.015808113
4032,-0.0211792
4033,-0.029724129
4034,-0.036376953
4035,-0.04379273
4036,-0.050628655
4037,-0.051666267
4038,-0.048217762
4039,-0.039154056
4040,-0.022369375
4041,0.00024413329
4042,0.02368164
4043,0.042694084
4044,0.046112053
4045,0.029449467
4046,-0.0198059
4047,-0.08795166
4048,-0.15240477
4049,-0.20135501
4050,-0.19674681
4051,-0.14099124
4052,-0.03182984
4053,0.11025997
4054,0.24475095
4055,0.2991333
4056,0.2685547
4057,0.19781493
4058,0.1449585
4059,0.1329651
4060,0.21301264
4061,0.41400152
4062,0.6974487
4063,0.9491272
4064,1.0684204
4065,0.985016
4066,0.73239124
4067,0.37191796
4068,-0.015167475
4069,-0.357391
4070,-0.61355627
4071,-0.7615659
4072,-0.82186913
4073,-0.8203734
4074,-0.78927624
4075,-0.768219
4076,-0.74716175
4077,-0.71319574
4078,-0.66036993
4079,-0.59225446
4080,-0.5135805
4081,-0.4162289
4082,-0.2971803
4083,-0.15859973
4084,-0.015808314
4085,0.11691269
4086,0.218689
4087,0.27767923
4088,0.28982544
4089,0.2510376
4090,0.17834485
4091,0.08154306
4092,-0.017913789
4093,-0.10369855
4094,-0.16430667
4095,-0.18914786
4096,-0.1882934
4097,-0.16302502
4098,-0.12567121
4099,-0.07705712
4100,-0.025787055
4101,0.032714605
4102,0.09725982
4103,0.17391956
4104,0.260132
4105,0.3524474
4106,0.4448548
4107,0.52645874
4108,0.58581537
4109,0.61456305
4110,0.60980225
4111,0.56591797
4112,0.48886102
4113,0.37857062
4114,0.255005
4115,0.11959827
4116,-0.0097045
4117,-0.13006604
4118,-0.22961405
4119,-0.3060304
4120,-0.35546863
4121,-0.37789917
4122,-0.37445068
4123,-0.34396362
4124,-0.301117
4125,-0.24176025
4126,-0.18646242
4127,-0.127594
4128,-0.068573005
4129,-0.010437028
4130,0.0510254
4131,0.10140992
4132,0.14474489
4133,0.17810059
4134,0.19485475
4135,0.20248415
4136,0.1947937
4137,0.17749023
4138,0.15127563
4139,0.11694336
4140,0.08312988
4141,0.042053223
4142,0.008972168
4143,-0.027343765
4144,-0.05596924
4145,-0.08392334
4146,-0.10644531
4147,-0.12121582
4148,-0.13476562
4149,-0.13858032
4150,-0.14001465
4151,-0.13320924
4152,-0.120666504
4153,-0.10498047
4154,-0.08590698
4155,-0.0657959
4156,-0.04849243
4157,-0.034057617
4158,-0.026794434
4159,-0.025726326
4160,-0.027587883
4161,-0.032135032
4162,-0.034332253
4163,-0.036529556
4164,-0.04455565
4165,-0.04956054
4166,-0.056274436
4167,-0.06155394
4168,-0.068786636
4169,-0.07803342
4170,-0.08532716
4171,-0.092865005
4172,-0.103637695
4173,-0.11166385
4174,-0.12249756
4175,-0.12960818
4176,-0.13528433
4177,-0.1380004
4178,-0.13262936
4179,-0.12506089
4180,-0.10864252
4181,-0.09057623
4182,-0.064331025
4183,-0.03576669
4184,-0.0058287084
4185,0.024505466
4186,0.057037413
4187,0.088134736
4188,0.11956793
4189,0.14550778
4190,0.16882318
4191,0.18984978
4192,0.20288087
4193,0.2152405
4194,0.21630861
4195,0.21704105
4196,0.20980838
4197,0.19982913
4198,0.18624878
4199,0.16802979
4200,0.14758302
4201,0.1288147
4202,0.10882571
4203,0.09246829
4204,0.07629396
4205,0.060699478
4206,0.0479431
4207,0.034729004
4208,0.027191132
4209,0.018737778
4210,0.015899673
4211,0.008972153
4212,0.006561309
4213,-0.003051743
4214,-0.009643525
4215,-0.021453857
4216,-0.03161621
4217,-0.0418396
4218,-0.049011245
4219,-0.05203247
4220,-0.05581668
4221,-0.05871585
4222,-0.060882606
4223,-0.06271365
4224,-0.06289674
4225,-0.061645534
4226,-0.0585327
4227,-0.055297855
4228,-0.052276608
4229,-0.04721071
4230,-0.041961685
4231,-0.03845215
4232,-0.031860366
4233,-0.028472893
4234,-0.022308348
4235,-0.020599367
4236,-0.016235348
4237,-0.015258792
4238,-0.0111083975
4239,-0.010803225
4240,-0.009002687
4241,-0.00845337
4242,-0.004333498
4243,-0.0018005362
4244,0.0031738281
4245,0.004669193
4246,0.0064086933
4247,0.01113892
4248,0.013885504
4249,0.020111077
4250,0.020599369
4251,0.023895267
4252,0.025726326
4253,0.026306164
4254,0.022430416
4255,0.016937286
4256,0.011718743
4257,0.004821785
4258,-0.00085449964
4259,-0.012451172
4260,-0.015472414
4261,-0.020904548
4262,-0.022369375
4263,-0.018127449
4264,-0.013519291
4265,-0.0026245154
4266,0.0028686337
4267,0.008667011
4268,0.011566155
4269,0.011657741
4270,0.010070808
4271,0.0064392313
4272,0.00085450336
4273,-0.005432129
4274,-0.009796137
4275,-0.013610847
4276,-0.0140380915
4277,-0.017242445
4278,-0.018280033
4279,-0.018035889
4280,-0.021209713
4281,-0.021545406
4282,-0.028808592
4283,-0.027862545
4284,-0.031585697
4285,-0.03170776
4286,-0.029144285
4287,-0.02706909
4288,-0.022399895
4289,-0.022583012
4290,-0.021942139
4291,-0.024688713
4292,-0.027038574
4293,-0.03317258
4294,-0.03552247
4295,-0.041320764
4296,-0.038177483
4297,-0.035766594
4298,-0.025268555
4299,-0.014770538
4300,-0.0025940165
4301,0.0069884844
4302,0.018646214
4303,0.026702859
4304,0.03491211
4305,0.036560092
4306,0.036682144
4307,0.037292495
4308,0.034210213
4309,0.030914322
4310,0.024597153
4311,0.022430412
4312,0.014404297
4313,0.011718748
4314,0.0011901855
4315,-0.001800539
4316,-0.013580319
4317,-0.01879882
4318,-0.024749752
4319,-0.025543194
4320,-0.024322499
4321,-0.020385716
4322,-0.017578118
4323,-0.012725826
4324,-0.008239731
4325,0.0012817159
4326,0.008209225
4327,0.012847874
4328,0.016448941
4329,0.018127427
4330,0.018005352
4331,0.013671882
4332,0.005950913
4333,0.004089378
4334,-0.005065918
4335,-0.007873535
4336,-0.012786854
4337,-0.013671886
4338,-0.013580311
4339,-0.016113311
4340,-0.016845677
4341,-0.02035522
4342,-0.024597172
4343,-0.026641846
4344,-0.03015136
4345,-0.029022194
4346,-0.029235847
4347,-0.02627562
4348,-0.023620613
4349,-0.017974854
4350,-0.01077272
4351,-0.0021057352
4352,0.0028686523
4353,0.012969963
4354,0.019409187
4355,0.027832028
4356,0.02987672
4357,0.02993774
4358,0.029571574
4359,0.026855476
4360,0.025268588
4361,0.025268562
4362,0.0282593
4363,0.02993773
4364,0.0345459
4365,0.033050515
4366,0.040435784
4367,0.042205807
4368,0.04644776
4369,0.046356205
4370,0.045684814
4371,0.044860847
4372,0.041290276
4373,0.03790285
4374,0.034637444
4375,0.028533954
4376,0.023529056
4377,0.020477328
4378,0.017089862
4379,0.017089851
4380,0.01675418
4381,0.023101807
4382,0.023803726
4383,0.023132317
4384,0.01553347
4385,0.004302986
4386,-0.0051269457
4387,-0.01742553
4388,-0.026672378
4389,-0.034606934
4390,-0.04089357
4391,-0.03979493
4392,-0.037872322
4393,-0.038757317
4394,-0.028442383
4395,-0.029052736
4396,-0.016540527
4397,-0.013275148
4398,-0.0029907208
4399,0.0045166016
4400,0.007873537
4401,0.011596672
4402,0.016754158
4403,0.015930165
4404,0.019958504
4405,0.01815794
4406,0.019714374
4407,0.021301262
4408,0.0230713
4409,0.02609253
4410,0.029937744
4411,0.031341545
4412,0.030395508
4413,0.028137214
4414,0.021148711
4415,0.014953643
4416,-0.00042720884
4417,-0.006073002
4418,-0.0151367225
4419,-0.021759056
4420,-0.025695808
4421,-0.03060915
4422,-0.028625488
4423,-0.028320301
4424,-0.0243225
4425,-0.024414051
4426,-0.021789549
4427,-0.023101794
4428,-0.021057146
4429,-0.01824952
4430,-0.0119323805
4431,-0.0026550293
4432,0.003753662
4433,0.01119994
4434,0.0100402795
4435,0.0079956055
4436,0.004486095
4437,0.0026245154
4438,0.00067139417
4439,-0.0003967136
4440,-0.0036926232
4441,-0.0060119517
4442,-0.0065307654
4443,-0.0072937086
4444,-0.0059509315
4445,-0.009094244
4446,-0.000671383
4447,-0.010894773
4448,0.010223392
4449,-0.02319336
4450,0.005218506
4451,-0.012603767
4452,-0.017883299
4453,-0.014190676
4454,-0.043121338
4455,-0.0223999
4456,-0.059173584
4457,-0.048461907
4458,-0.039764404
4459,-0.020782465
4460,-0.001831051
4461,0.009246826
4462,0.007476799
4463,0.0009155385
4464,-0.015350357
4465,-0.034027096
4466,-0.04428102
4467,-0.049774148
4468,-0.04345703
4469,-0.03668213
4470,-0.029815651
4471,-0.026489265
4472,-0.024841309
4473,-0.022857696
4474,-0.019775376
4475,-0.013946548
4476,-0.007843003
4477,0.00015259534
4478,0.00784304
4479,0.018432632
4480,0.02770998
4481,0.037048325
4482,0.043457046
4483,0.04943846
4484,0.054901138
4485,0.06039428
4486,0.068237305
4487,0.07064819
4488,0.0743103
4489,0.07342529
4490,0.075622566
4491,0.07467652
4492,0.072052
4493,0.06854247
4494,0.06076049
4495,0.04827881
4496,0.03662111
4497,0.022277825
4498,0.010192871
4499,-0.0038147047
4500,-0.013092056
4501,-0.02120974
4502,-0.027496357
4503,-0.032745376
4504,-0.037384026
4505,-0.04315186
4506,-0.049194314
4507,-0.055084232
4508,-0.0588684
4509,-0.0557251
4510,-0.05816651
4511,-0.053894047
4512,-0.04534912
4513,-0.038360596
4514,-0.02859497
4515,-0.028442383
4516,-0.019714355
4517,-0.018249504
4518,-0.018188473
4519,-0.019866943
4520,-0.020965561
4521,-0.026458748
4522,-0.027160622
4523,-0.034362793
4524,-0.03530881
4525,-0.038909927
4526,-0.04190062
4527,-0.04425051
4528,-0.04809569
4529,-0.041351333
4530,-0.040496826
4531,-0.028625488
4532,-0.024627686
4533,-0.012329102
4534,-0.0029602349
4535,0.007202156
4536,0.018737763
4537,0.031890877
4538,0.044311505
4539,0.054779056
4540,0.06033324
4541,0.06436157
4542,0.06588745
4543,0.06295775
4544,0.058471665
4545,0.051116943
4546,0.043762207
4547,0.035064705
4548,0.029571539
4549,0.024597172
4550,0.01907349
4551,0.01638794
4552,0.009643556
4553,0.009857177
4554,0.008056642
4555,0.011108398
4556,0.015197746
4557,0.020690922
4558,0.025360107
4559,0.026123043
4560,0.027221672
4561,0.022216786
4562,0.020538334
4563,0.017730694
4564,0.011718735
4565,0.012237541
4566,0.010437004
4567,0.012969989
4568,0.0091247335
4569,0.0025329813
4570,0.0068664514
4571,0.003204383
4572,0.004730221
4573,0.00085451826
4574,0.0028076135
4575,0.0049438737
4576,0.0057372972
4577,0.006744366
4578,0.009368911
4579,0.012451187
4580,0.015258804
4581,0.014984123
4582,0.013763428
4583,0.009033203
4584,0.0040893555
4585,-0.0011901781
4586,-0.0013427809
4587,-0.0051879585
4588,-0.0011901855
4589,0.0030823052
4590,0.009368882
4591,0.012420684
4592,0.017547593
4593,0.02349855
4594,0.02847287
4595,0.029266372
4596,0.025878891
4597,0.020965576
4598,0.010284394
4599,0.0056152195
4600,-0.004394546
4601,-0.012512207
4602,-0.021087661
4603,-0.028381355
4604,-0.032714844
4605,-0.04208373
4606,-0.04785155
4607,-0.054534912
4608,-0.056182846
4609,-0.057250977
4610,-0.054962143
4611,-0.049346924
4612,-0.040618904
4613,-0.029479988
4614,-0.022186283
4615,-0.016845701
4616,-0.015716555
4617,-0.015686039
4618,-0.021942139
4619,-0.02886963
4620,-0.03829956
4621,-0.04501342
4622,-0.054290794
4623,-0.060546853
4624,-0.06683352
4625,-0.06634521
4626,-0.06674197
4627,-0.063262954
4628,-0.059570327
4629,-0.0497742
4630,-0.037323013
4631,-0.023956314
4632,-0.0115356445
4633,0.00030516088
4634,0.009399399
4635,0.015350312
4636,0.018188447
4637,0.018859819
4638,0.019836381
4639,0.019775368
4640,0.020324677
4641,0.021697998
4642,0.023071274
4643,0.026367202
4644,0.026397727
4645,0.026367184
4646,0.029876709
4647,0.031158444
4648,0.03640748
4649,0.035644528
4650,0.038879395
4651,0.038055435
4652,0.035919197
4653,0.03024292
4654,0.01818848
4655,0.0028381348
4656,-0.013549801
4657,-0.031158447
4658,-0.04754637
4659,-0.062744156
4660,-0.0703125
4661,-0.07720947
4662,-0.07769777
4663,-0.07843019
4664,-0.071258575
4665,-0.06411743
4666,-0.05334474
4667,-0.038696304
4668,-0.022949219
4669,-0.002227813
4670,0.020050049
4671,0.04644771
4672,0.074249275
4673,0.09631345
4674,0.115844734
4675,0.12600708
4676,0.12731934
4677,0.120758064
4678,0.10470581
4679,0.088226326
4680,0.06661988
4681,0.04809571
4682,0.029327396
4683,0.010040268
4684,-0.0029907245
4685,-0.014892573
4686,-0.021667486
4687,-0.025482176
4688,-0.024871834
4689,-0.019683836
4690,-0.015014639
4691,-0.007995602
4692,-0.00073242
4693,0.0075378437
4694,0.013977047
4695,0.018035896
4696,0.027648933
4697,0.032867447
4698,0.040069576
4699,0.044616714
4700,0.048706062
4701,0.050445564
4702,0.045623757
4703,0.037994377
4704,0.026885986
4705,0.010589592
4706,-0.0055236705
4707,-0.022308335
4708,-0.033538796
4709,-0.04058835
4710,-0.04309082
4711,-0.043609615
4712,-0.03982547
4713,-0.03427125
4714,-0.030456563
4715,-0.024719251
4716,-0.023345945
4717,-0.0166626
4718,-0.013000483
4719,-0.0070190392
4720,0.0042419415
4721,0.0061035138
4722,0.015716553
4723,0.009735107
4724,0.0150451735
4725,0.011108395
4726,0.013275154
4727,0.016723637
4728,0.021697998
4729,0.029296897
4730,0.032165527
4731,0.0376892
4732,0.039215066
4733,0.0357666
4734,0.032135032
4735,0.023406975
4736,0.020996101
4737,0.014160164
4738,0.010437027
4739,0.002227798
4740,0.007202156
4741,-0.0068969503
4742,-0.009857178
4743,-0.01379393
4744,-0.045166016
4745,-0.041870102
4746,-0.0680542
4747,-0.062438965
4748,-0.0736084
4749,-0.0736084
4750,-0.04864502
4751,-0.04257202
4752,-0.02908325
4753,-0.017028809
4754,-0.015350341
4755,-0.009246827
4756,-0.008087156
4757,-0.0041503897
4758,-0.0008544917
4759,0.0030212412
4760,0.012390137
4761,0.02255249
4762,0.032440186
4763,0.03823852
4764,0.0395813
4765,0.04275513
4766,0.037628174
4767,0.03298951
4768,0.020996086
4769,0.0118408315
4770,0.006561272
4771,-0.0056457557
4772,-0.004150398
4773,-0.012878425
4774,-0.007781986
4775,-0.016296389
4776,-0.015197752
4777,-0.027038574
4778,-0.013305662
4779,-0.015380859
4780,-0.016815186
4781,-0.019195557
4782,-0.021148682
4783,-0.019134521
4784,-0.035949707
4785,-0.0390625
4786,-0.042999268
4787,-0.02838135
4788,-0.02709961
4789,-0.010620117
4790,-0.006011963
4791,-0.001373291
4792,0.0023193248
4793,-0.0059814565
4794,-0.0057983436
4795,-0.0073852576
4796,-0.008056644
4797,-0.006835934
4798,-0.009216309
4799,-0.006652821
4800,-0.006317146
4801,-0.010559071
4802,-0.012847904
4803,-0.009979248
4804,-0.0044861026
4805,0.004058838
4806,0.006439209
4807,0.008911148
4808,0.005218502
4809,-0.0017700158
4810,-0.0062255897
4811,-0.016113292
4812,-0.02304075
4813,-0.031005852
4814,-0.03863526
4815,-0.034667976
4816,-0.03521727
4817,-0.027801521
4818,-0.018676765
4819,-0.014007576
4820,0.0037536547
4821,0.0043029636
4822,0.018585205
4823,0.015686013
4824,0.023498528
4825,0.033813473
4826,0.03674317
4827,0.04681395
4828,0.038696297
4829,0.04058838
4830,0.028717041
4831,0.021179207
4832,0.013641356
4833,0.0049743634
4834,0.0043029785
4835,0.0014648438
4836,0.0072631873
4837,0.008148194
4838,0.019500734
4839,0.015991211
4840,0.028381348
4841,0.033691406
4842,0.029754639
4843,0.037902832
4844,0.017272951
4845,0.026794434
4846,0.0039367694
4847,0.00552368
4848,-0.001953125
4849,-0.007934571
4850,-0.01184082
4851,-0.013916017
4852,-0.01776123
4853,-0.023254395
4854,-0.034301758
4855,-0.037841808
4856,-0.04360961
4857,-0.05108644
4858,-0.057434063
4859,-0.06390381
4860,-0.063903786
4861,-0.06359863
4862,-0.062591515
4863,-0.058197007
4864,-0.057006836
4865,-0.04724121
4866,-0.03640747
4867,-0.02709958
4868,-0.014892578
4869,-0.007842988
4870,0.0039673
4871,0.015045196
4872,0.02346804
4873,0.03540042
4874,0.04138183
4875,0.049255375
4876,0.05670165
4877,0.060424805
4878,0.06668089
4879,0.06655882
4880,0.07019043
4881,0.07299805
4882,0.073730476
4883,0.07543947
4884,0.06890869
4885,0.06826784
4886,0.05984495
4887,0.06127931
4888,0.051208496
4889,0.04925538
4890,0.043548554
4891,0.038604744
4892,0.035705544
4893,0.02227784
4894,0.019042939
4895,0.009735122
4896,0.01058957
4897,0.008789055
4898,0.00579831
4899,0.008300766
4900,0.009368867
4901,0.012207031
4902,0.011322007
4903,0.009033203
4904,0.0071105957
4905,0.0030212402
4906,0.00024415553
4907,-0.008026123
4908,-0.016387925
4909,-0.02444461
4910,-0.032165498
4911,-0.037414588
4912,-0.040679894
4913,-0.03982545
4914,-0.039672833
4915,-0.0399475
4916,-0.04144287
4917,-0.042022683
4918,-0.04373169
4919,-0.04544066
4920,-0.04653932
4921,-0.04846192
4922,-0.04891968
4923,-0.049560547
4924,-0.050872803
4925,-0.052612305
4926,-0.051727284
4927,-0.045471203
4928,-0.033203103
4929,-0.020751972
4930,-0.003967274
4931,0.009277336
4932,0.025604267
4933,0.037231445
4934,0.04876709
4935,0.056030266
4936,0.060485832
4937,0.0675659
4938,0.06985475
4939,0.07751463
4940,0.08105469
4941,0.09048458
4942,0.088195816
4943,0.08843994
4944,0.08200073
4945,0.07531738
4946,0.06521608
4947,0.05014038
4948,0.03668213
4949,0.022521958
4950,0.009490982
4951,-0.005493164
4952,-0.016601533
4953,-0.031433105
4954,-0.037841767
4955,-0.04681398
4956,-0.050537087
4957,-0.055023193
4958,-0.060546868
4959,-0.063262954
4960,-0.06390381
4961,-0.06594849
4962,-0.06417847
4963,-0.06835939
4964,-0.065582275
4965,-0.06790161
4966,-0.06576537
4967,-0.06411742
4968,-0.06912231
4969,-0.0697937
4970,-0.07910155
4971,-0.081665024
4972,-0.08715818
4973,-0.09011839
4974,-0.087463394
4975,-0.08703612
4976,-0.08129884
4977,-0.07485962
4978,-0.06500243
4979,-0.056427002
4980,-0.045623764
4981,-0.037292495
4982,-0.026458755
4983,-0.017517105
4984,-0.0079346
4985,0.0010070801
4986,0.005737275
4987,0.014007568
4988,0.021057129
4989,0.03042604
4990,0.038757354
4991,0.050598174
4992,0.060333252
4993,0.06900027
4994,0.07241821
4995,0.075714156
4996,0.07791137
4997,0.07681275
4998,0.07781982
4999,0.07565308
5000,0.07803344
5001,0.07458495
5002,0.07257079
5003,0.06958008
5004,0.06896973
5005,0.06567382
5006,0.06240844
5007,0.054779034
5008,0.04583739
5009,0.03192139
5010,0.017669678
5011,0.0028381385
5012,-0.009307865
5013,-0.021545395
5014,-0.030731194
5015,-0.040222175
5016,-0.042999268
5017,-0.046569824
5018,-0.045928948
5019,-0.044342037
5020,-0.04019165
5021,-0.03668213
5022,-0.031707764
5023,-0.026886001
5024,-0.023437504
5025,-0.023925781
5026,-0.028198238
5027,-0.030731209
5028,-0.034271225
5029,-0.036743164
5030,-0.03939818
5031,-0.038177483
5032,-0.03625489
5033,-0.03097535
5034,-0.02359011
5035,-0.014434822
5036,-0.0038452446
5037,0.006713845
5038,0.026580766
5039,0.037445046
5040,0.04916379
5041,0.059234627
5042,0.06991577
5043,0.07986452
5044,0.08029176
5045,0.0810547
5046,0.08047485
5047,0.07720947
5048,0.074035645
5049,0.068511985
5050,0.061859116
5051,0.058227554
5052,0.0556335
5053,0.05419922
5054,0.051300034
5055,0.04367064
5056,0.03753662
5057,0.025115952
5058,0.012390152
5059,-0.0017395169
5060,-0.014007568
5061,-0.02340699
5062,-0.031799316
5063,-0.039794944
5064,-0.044494636
5065,-0.049865745
5066,-0.053253178
5067,-0.05838015
5068,-0.061645508
5069,-0.061645515
5070,-0.0552063
5071,-0.04577636
5072,-0.03302002
5073,-0.02026367
5074,-0.008575439
5075,0.006011972
5076,0.01791381
5077,0.030426048
5078,0.040222175
5079,0.042236365
5080,0.0455017
5081,0.04055787
5082,0.035156243
5083,0.026672348
5084,0.016387947
5085,0.009399407
5086,0.0029907525
5087,0.0017395094
5088,0.0044555813
5089,0.0055847317
5090,0.011230469
5091,0.0136413425
5092,0.019958466
5093,0.020721406
5094,0.027832016
5095,0.029724091
5096,0.036010742
5097,0.035614014
5098,0.03961183
5099,0.036376953
5100,0.03353882
5101,0.025238022
5102,0.013305649
5103,0.00061032176
5104,-0.015228286
5105,-0.030731224
5106,-0.048614495
5107,-0.06692505
5108,-0.0769348
5109,-0.08929442
5110,-0.09164428
5111,-0.09484862
5112,-0.0868225
5113,-0.08029175
5114,-0.07250978
5115,-0.063323975
5116,-0.054687507
5117,-0.041656494
5118,-0.035705574
5119,-0.028869618
5120,-0.023651123
5121,-0.02081297
5122,-0.01641845
5123,-0.019470181
5124,-0.017394993
5125,-0.016448941
5126,-0.015319806
5127,-0.010375984
5128,-0.013977036
5129,-0.007995632
5130,-0.01266481
5131,-0.011322074
5132,-0.018157959
5133,-0.0266724
5134,-0.03427121
5135,-0.048614502
5136,-0.058044404
5137,-0.0697632
5138,-0.07559201
5139,-0.0802307
5140,-0.083801255
5141,-0.08496097
5142,-0.08560181
5143,-0.082611114
5144,-0.080841094
5145,-0.07537848
5146,-0.07406619
5147,-0.06655887
5148,-0.057403594
5149,-0.04333499
5150,-0.025146484
5151,-0.0036315918
5152,0.024627686
5153,0.052947983
5154,0.08319093
5155,0.11032103
5156,0.1367493
5157,0.15588379
5158,0.17141725
5159,0.1776123
5160,0.17926027
5161,0.17367555
5162,0.16445923
5163,0.14950562
5164,0.12991333
5165,0.10739136
5166,0.0847473
5167,0.057220444
5168,0.032958947
5169,0.008270264
5170,-0.010192886
5171,-0.0289917
5172,-0.041595444
5173,-0.05212404
5174,-0.056854233
5175,-0.06390382
5176,-0.06506347
5177,-0.06567383
5178,-0.060333252
5179,-0.05545044
5180,-0.042816162
5181,-0.031585697
5182,-0.014373779
5183,0.0016479455
5184,0.01776123
5185,0.03781128
5186,0.054626472
5187,0.07531738
5188,0.09182741
5189,0.107116684
5190,0.11795045
5191,0.12164307
5192,0.11724852
5193,0.10635376
5194,0.0918884
5195,0.0701599
5196,0.047576904
5197,0.024627686
5198,0.0007019192
5199,-0.01663208
5200,-0.038848877
5201,-0.0513916
5202,-0.06658934
5203,-0.07550049
5204,-0.079284646
5205,-0.07623288
5206,-0.06915282
5207,-0.0602722
5208,-0.048248306
5209,-0.03616334
5210,-0.023101807
5211,-0.011810329
5212,0.00097657
5213,0.012268033
5214,0.02020266
5215,0.028655984
5216,0.03378295
5217,0.04669191
5218,0.055602998
5219,0.06719972
5220,0.07565306
5221,0.08200075
5222,0.07086183
5223,0.035278335
5224,-0.025054902
5225,-0.106597885
5226,-0.21014403
5227,-0.32391357
5228,-0.44128424
5229,-0.55929565
5230,-0.669983
5231,-0.77182
5232,-0.84515405
5233,-0.87182605
5234,-0.8318788
5235,-0.72116077
5236,-0.54400635
5237,-0.30017066
5238,-0.011901617
5239,0.28628564
5240,0.5678406
5241,0.8156433
5242,1.019989
5243,1.1691896
5244,1.2538145
5245,1.2924193
5246,1.2905271
5247,1.2512817
5248,1.1862487
5249,1.0798033
5250,0.9732361
5251,0.8518677
5252,0.71115124
5253,0.5329894
5254,0.31167603
5255,0.071777225
5256,-0.18478405
5257,-0.44592297
5258,-0.6857605
5259,-0.8796693
5260,-0.997406
5261,-1.0504152
5262,-1.0408019
5263,-0.97232056
5264,-0.8554077
5265,-0.69958496
5266,-0.53558356
5267,-0.3658142
5268,-0.19238281
5269,-0.027709965
5270,0.13763428
5271,0.27731323
5272,0.3968811
5273,0.48852533
5274,0.53411865
5275,0.5529785
5276,0.5203247
5277,0.46319586
5278,0.37033093
5279,0.2599185
5280,0.13186657
5281,-0.002349496
5282,-0.14517212
5283,-0.27703846
5284,-0.41915905
5285,-0.54681396
5286,-0.66864014
5287,-0.7710877
5288,-0.8482361
5289,-0.90390015
5290,-0.92575073
5291,-0.91531354
5292,-0.8724364
5293,-0.7951355
5294,-0.68212867
5295,-0.5367129
5296,-0.3681029
5297,-0.19458032
5298,-0.027496457
5299,0.1172179
5300,0.22460926
5301,0.2929077
5302,0.31378174
5303,0.3024904
5304,0.25814837
5305,0.20144665
5306,0.13973993
5307,0.08239752
5308,0.047362864
5309,0.030273616
5310,0.053649843
5311,0.10504162
5312,0.19314587
5313,0.3029173
5314,0.427765
5315,0.55453473
5316,0.6659546
5317,0.7533568
5318,0.79486096
5319,0.7889099
5320,0.73037744
5321,0.6285094
5322,0.4922792
5323,0.33331296
5324,0.17230228
5325,0.022582859
5326,-0.10467532
5327,-0.20755005
5328,-0.28347766
5329,-0.33184814
5330,-0.3549804
5331,-0.35583496
5332,-0.34350586
5333,-0.32412714
5334,-0.299469
5335,-0.2663574
5336,-0.22711183
5337,-0.17843623
5338,-0.12869261
5339,-0.06826779
5340,-0.010070801
5341,0.04513549
5342,0.08465576
5343,0.11050415
5344,0.12454224
5345,0.13391113
5346,0.13757324
5347,0.14663696
5348,0.14471436
5349,0.14303589
5350,0.13851927
5351,0.13281249
5352,0.13046263
5353,0.121856675
5354,0.11553952
5355,0.104095444
5356,0.0913391
5357,0.08822629
5358,0.09414673
5359,0.10961914
5360,0.1295776
5361,0.1515809
5362,0.17117313
5363,0.18161023
5364,0.17907721
5365,0.16198742
5366,0.13195801
5367,0.09573358
5368,0.052459568
5369,0.02001959
5370,-0.014007658
5371,-0.033355683
5372,-0.056762874
5373,-0.07086161
5374,-0.08377072
5375,-0.09570283
5376,-0.108154446
5377,-0.12902826
5378,-0.1425476
5379,-0.15377808
5380,-0.16235352
5381,-0.17123415
5382,-0.18612672
5383,-0.19290161
5384,-0.1994629
5385,-0.19567871
5386,-0.18566896
5387,-0.16946411
5388,-0.1453247
5389,-0.11508178
5390,-0.07882689
5391,-0.045135498
5392,-0.018127434
5393,-0.0044555627
5394,0.002044674
5395,0.005859388
5396,0.012878416
5397,0.02191163
5398,0.028625483
5399,0.03543091
5400,0.039886475
5401,0.04043579
5402,0.036804203
5403,0.030364994
5404,0.021636963
5405,0.015106205
5406,0.0022277813
5407,-0.013854978
5408,-0.026153568
5409,-0.030090332
5410,-0.03115845
5411,-0.04031372
5412,-0.04718017
5413,-0.046173096
5414,-0.042114243
5415,-0.04949952
5416,-0.06744383
5417,-0.08441163
5418,-0.095245376
5419,-0.09625246
5420,-0.10095216
5421,-0.102447525
5422,-0.09951782
5423,-0.091796875
5424,-0.07803348
5425,-0.06588745
5426,-0.047973633
5427,-0.030273408
5428,-0.0060424805
5429,0.017913863
5430,0.046875045
5431,0.07519536
5432,0.105102554
5433,0.1282959
5434,0.14108275
5435,0.14337158
5436,0.13565063
5437,0.12133789
5438,0.09603882
5439,0.07003784
5440,0.03933716
5441,0.021270754
5442,0.005981448
5443,0.0033264142
5444,0.005798339
5445,0.017089842
5446,0.034790043
5447,0.050842274
5448,0.06552125
5449,0.06924437
5450,0.06884768
5451,0.059906006
5452,0.047576934
5453,0.02859497
5454,0.009918243
5455,-0.0107116625
5456,-0.027648937
5457,-0.040191658
5458,-0.04852298
5459,-0.05401612
5460,-0.05386354
5461,-0.05014038
5462,-0.040679928
5463,-0.034179688
5464,-0.028411862
5465,-0.022979734
5466,-0.019104006
5467,-0.014587399
5468,-0.010772707
5469,-0.0074157678
5470,0.00033569336
5471,0.012359621
5472,0.020416262
5473,0.023284912
5474,0.014617922
5475,0.0024108887
5476,-0.011688231
5477,-0.030212397
5478,-0.044616695
5479,-0.058349613
5480,-0.06665038
5481,-0.064941406
5482,-0.06127929
5483,-0.05053713
5484,-0.041931152
5485,-0.033813477
5486,-0.027130142
5487,-0.025970444
5488,-0.023284942
5489,-0.023712113
5490,-0.022064239
5491,-0.02301021
5492,-0.019134536
5493,-0.014312699
5494,-0.0038757473
5495,0.005859405
5496,0.018829346
5497,0.03195188
5498,0.043518066
5499,0.053009022
5500,0.054656982
5501,0.055511463
5502,0.0488281
5503,0.041748032
5504,0.029357884
5505,0.017700195
5506,0.010681171
5507,0.001007054
5508,0.00091554597
5509,-0.0118408315
5510,-0.012634259
5511,-0.023803711
5512,-0.028564438
5513,-0.037628144
5514,-0.04452516
5515,-0.04782103
5516,-0.046722427
5517,-0.041534424
5518,-0.03179933
5519,-0.016174309
5520,-0.0016784519
5521,0.019561797
5522,0.037200958
5523,0.056701668
5524,0.07293703
5525,0.080230705
5526,0.085632324
5527,0.08068846
5528,0.071685776
5529,0.056518547
5530,0.03918457
5531,0.021575928
5532,0.0049438514
5533,-0.0071411133
5534,-0.018554686
5535,-0.026306152
5536,-0.031829834
5537,-0.031188965
5538,-0.027740477
5539,-0.02102661
5540,-0.010559076
5541,-0.0041503925
5542,0.0032043485
5543,0.0052490206
5544,0.011657718
5545,0.020599362
5546,0.031158447
5547,0.04031373
5548,0.04815674
5549,0.050781265
5550,0.057220455
5551,0.050659195
5552,0.04806518
5553,0.036376953
5554,0.024780277
5555,0.017913796
5556,0.012512222
5557,0.00778196
5558,0.013061516
5559,0.013946526
5560,0.015808083
5561,0.03866575
5562,0.015258767
5563,0.043548554
5564,0.023834214
5565,0.03677365
5566,0.026031464
5567,0.011871368
5568,0.023162797
5569,0.017150879
5570,0.0234375
5571,0.02520752
5572,0.020751923
5573,0.016845703
5574,0.013122529
5575,0.0021972656
5576,-0.0062561184
5577,-0.017852768
5578,-0.025207534
5579,-0.026702866
5580,-0.03271485
5581,-0.03335569
5582,-0.043548565
5583,-0.048919678
5584,-0.056671124
5585,-0.061676033
5586,-0.06750488
5587,-0.070587166
5588,-0.07022095
5589,-0.062194824
5590,-0.053497314
5591,-0.043640137
5592,-0.033172607
5593,-0.023895266
5594,-0.013519289
5595,-0.004180912
5596,0.0095214825
5597,0.021484377
5598,0.036651615
5599,0.047943115
5600,0.05743409
5601,0.063110344
5602,0.061645523
5603,0.045379624
5604,0.020263681
5605,-0.008117692
5606,-0.037780754
5607,-0.07006837
5608,-0.10003662
5609,-0.10253906
5610,-0.08395386
5611,-0.064636216
5612,-0.02822876
5613,-0.017120346
5614,0.011962887
5615,0.019958504
5616,0.027435297
5617,0.04238891
5618,0.031921387
5619,0.048065178
5620,0.03799438
5621,0.049468994
5622,0.042846672
5623,0.0447693
5624,0.03344726
5625,0.020446803
5626,0.006225586
5627,-0.0047912374
5628,-0.011840822
5629,-0.017669672
5630,-0.018127449
5631,-0.016479498
5632,-0.009155281
5633,-0.0043640137
5634,0.0040588453
5635,0.0075988695
5636,0.011138931
5637,0.012145989
5638,0.004608169
5639,-0.0015564021
5640,-0.016082756
5641,-0.023712164
5642,-0.031494144
5643,-0.028503418
5644,-0.024932865
5645,-0.018493652
5646,-0.013031004
5647,-0.013580323
5648,-0.015655516
5649,-0.03009032
5650,-0.046356216
5651,-0.06384276
5652,-0.080963165
5653,-0.08767697
5654,-0.09527592
5655,-0.09133908
5656,-0.08911136
5657,-0.079772905
5658,-0.068573
5659,-0.054962143
5660,-0.043121338
5661,-0.029785186
5662,-0.015319854
5663,0.0010681152
5664,0.017486557
5665,0.028900161
5666,0.04129027
5667,0.05175782
5668,0.06323242
5669,0.07247923
5670,0.07708739
5671,0.08123777
5672,0.08078003
5673,0.077514626
5674,0.072448716
5675,0.065704346
5676,0.05905152
5677,0.051666267
5678,0.043365486
5679,0.03607178
5680,0.02819824
5681,0.021575928
5682,0.015777586
5683,0.010070803
5684,0.006011963
5685,0.0046081543
5686,-0.00015258789
5687,-0.0014648456
5688,-0.009765625
5689,-0.013305666
5690,-0.022003174
5691,-0.02719116
5692,-0.029571533
5693,-0.035369873
5694,-0.03372192
5695,-0.037933342
5696,-0.03445434
5697,-0.031250004
5698,-0.028350823
5699,-0.020690922
5700,-0.013641369
5701,-0.00878907
5702,0.0006713867
5703,0.0010986291
5704,0.0040893704
5705,-0.0050354116
5706,-0.013977028
5707,-0.017608639
5708,-0.027557336
5709,-0.026489224
5710,-0.029693574
5711,-0.021728516
5712,-0.016479477
5713,-0.00051880255
5714,0.014465336
5715,0.03228759
5716,0.0470581
5717,0.063995376
5718,0.07336426
5719,0.08370972
5720,0.08697508
5721,0.089202866
5722,0.08969116
5723,0.083984375
5724,0.08099363
5725,0.07012938
5726,0.06326291
5727,0.053161636
5728,0.043243393
5729,0.039978027
5730,0.035339326
5731,0.034088165
5732,0.026550278
5733,0.022399917
5734,0.015869156
5735,0.011230484
5736,0.0024719387
5737,-0.0061035007
5738,-0.013305649
5739,-0.020446748
5740,-0.02764894
5741,-0.034820534
5742,-0.037628174
5743,-0.038848877
5744,-0.041442886
5745,-0.042816162
5746,-0.043334972
5747,-0.04421997
5748,-0.044158954
5749,-0.04611206
5750,-0.047424316
5751,-0.049743645
5752,-0.050415024
5753,-0.047821045
5754,-0.044799805
5755,-0.042907715
5756,-0.042694096
5757,-0.044525146
5758,-0.045104973
5759,-0.045013428
5760,-0.049743656
5761,-0.048522953
5762,-0.053192116
5763,-0.048034668
5764,-0.045959458
5765,-0.042633064
5766,-0.040008508
5767,-0.037170418
5768,-0.03332518
5769,-0.023010269
5770,-0.018585205
5771,-0.009002686
5772,-0.0063782036
5773,-0.0004272163
5774,0.0059203804
5775,0.009063736
5776,0.014282204
5777,0.02148439
5778,0.037750237
5779,0.04171753
5780,0.046752937
5781,0.03683474
5782,0.03305056
5783,0.018646237
5784,-0.000335671
5785,-0.02069094
5786,-0.04418944
5787,-0.07162479
5788,-0.10928345
5789,-0.14718628
5790,-0.18344116
5791,-0.20065317
5792,-0.17959595
5793,-0.13482672
5794,-0.055847153
5795,0.039306596
5796,0.13894653
5797,0.19003302
5798,0.16329956
5799,0.098083496
5800,0.039916992
5801,0.0071716234
5802,0.042633057
5803,0.18630978
5804,0.43731695
5805,0.7246094
5806,0.93960583
5807,1.0292053
5808,0.9676517
5809,0.76657104
5810,0.4837954
5811,0.18133521
5812,-0.06137097
5813,-0.21405059
5814,-0.2971192
5815,-0.3078615
5816,-0.32156384
5817,-0.33551034
5818,-0.38067624
5819,-0.43704224
5820,-0.4844055
5821,-0.5444031
5822,-0.6008911
5823,-0.64559925
5824,-0.6624146
5825,-0.63317853
5826,-0.557129
5827,-0.443817
5828,-0.30090344
5829,-0.15988165
5830,-0.032470822
5831,0.053924292
5832,0.096191585
5833,0.08169547
5834,0.033843845
5835,-0.03701794
5836,-0.107299834
5837,-0.16043103
5838,-0.18698132
5839,-0.19262725
5840,-0.16632092
5841,-0.12536639
5842,-0.068329096
5843,-0.0052491426
5844,0.05291739
5845,0.123168945
5846,0.19250494
5847,0.27133185
5848,0.362793
5849,0.44107056
5850,0.52120996
5851,0.56549084
5852,0.593567
5853,0.585083
5854,0.5488892
5855,0.48684675
5856,0.4069519
5857,0.31964102
5858,0.23855567
5859,0.1418457
5860,0.08044413
5861,0.015258938
5862,-0.043060392
5863,-0.08343503
5864,-0.13885498
5865,-0.15753174
5866,-0.20336899
5867,-0.22241203
5868,-0.23648061
5869,-0.24676514
5870,-0.23666376
5871,-0.22799683
5872,-0.21365356
5873,-0.18301392
5874,-0.16958618
5875,-0.13998416
5876,-0.12731932
5877,-0.106567405
5878,-0.087463364
5879,-0.07138063
5880,-0.03421019
5881,-0.0039978055
5882,0.0328064
5883,0.055206314
5884,0.06570434
5885,0.05905151
5886,0.03240966
5887,-0.005065929
5888,-0.056701645
5889,-0.0971985
5890,-0.12829588
5891,-0.14364626
5892,-0.14474486
5893,-0.13583376
5894,-0.11367798
5895,-0.08682251
5896,-0.054748535
5897,-0.02166745
5898,0.012298599
5899,0.035247803
5900,0.06182863
5901,0.079956025
5902,0.09747315
5903,0.10910031
5904,0.117675774
5905,0.12631224
5906,0.13134766
5907,0.1315918
5908,0.12521364
5909,0.11645508
5910,0.102142364
5911,0.0866394
5912,0.07293704
5913,0.060791
5914,0.056549102
5915,0.0390625
5916,0.027984604
5917,0.007232681
5918,-0.009857185
5919,-0.028625473
5920,-0.043701172
5921,-0.055664077
5922,-0.06530762
5923,-0.06982423
5924,-0.075042725
5925,-0.07733156
5926,-0.08001709
5927,-0.08261109
5928,-0.08346556
5929,-0.07543945
5930,-0.070312485
5931,-0.06362914
5932,-0.06262206
5933,-0.060455285
5934,-0.063476555
5935,-0.07110593
5936,-0.076416
5937,-0.07684325
5938,-0.0758972
5939,-0.068359375
5940,-0.06005861
5941,-0.050140396
5942,-0.03649904
5943,-0.022094741
5944,-0.008453369
5945,0.0019836277
5946,0.008392334
5947,0.023498505
5948,0.03872679
5949,0.050964355
5950,0.059631318
5951,0.068573005
5952,0.07229611
5953,0.07934574
5954,0.081542954
5955,0.086608894
5956,0.09112549
5957,0.08651734
5958,0.09036255
5959,0.07977295
5960,0.075042725
5961,0.057769787
5962,0.04684447
5963,0.03280641
5964,0.030120853
5965,0.024963394
5966,0.026977528
5967,0.029205315
5968,0.028900161
5969,0.02551271
5970,0.02560427
5971,0.020965569
5972,0.022827148
5973,0.014617927
5974,0.012084946
5975,0.010986306
5976,0.0076293945
5977,0.008575432
5978,0.0017394945
5979,0.0013427809
5980,0.0033874437
5981,0.0029907227
5982,0.0029907227
5983,-0.0044860914
5984,-0.009002704
5985,-0.015258804
5986,-0.02136233
5987,-0.026733384
5988,-0.031616244
5989,-0.033477753
5990,-0.029388443
5991,-0.026672348
5992,-0.016418472
5993,-0.014068589
5994,-0.0067444034
5995,-0.0032653771
5996,0.0028381199
5997,0.0066528507
5998,0.0049438328
5999,0.0029297061
6000,-0.0022888295
6001,-0.008880619
6002,-0.0095825195
6003,-0.010986336
6004,-0.006195046
6005,-0.0038757548
6006,-9.154156e-05
6007,0.0030212104
6008,0.0034485087
6009,-0.00070191175
6010,-0.005615227
6011,-0.013641359
6012,-0.015777592
6013,-0.017425535
6014,-0.015075691
6015,-0.011047361
6016,-0.0087890625
6017,-0.005859375
6018,-0.006378173
6019,-0.007080077
6020,-0.011993407
6021,-0.015197753
6022,-0.01828003
6023,-0.017730713
6024,-0.018463135
6025,-0.0152282715
6026,-0.009063721
6027,-0.0018615727
6028,0.004058837
6029,0.008361815
6030,0.014587402
6031,0.020294188
6032,0.024932861
6033,0.026123049
6034,0.025512695
6035,0.025360119
6036,0.026519787
6037,0.02859499
6038,0.025848389
6039,0.024414085
6040,0.01608276
6041,0.0093688965
6042,-0.0012207255
6043,-0.014160162
6044,-0.02532959
6045,-0.043029793
6046,-0.05328369
6047,-0.06539918
6048,-0.071228035
6049,-0.07775879
6050,-0.081970215
6051,-0.08728028
6052,-0.08728026
6053,-0.08779909
6054,-0.08547972
6055,-0.08197023
6056,-0.074157715
6057,-0.06460574
6058,-0.05316162
6059,-0.04156497
6060,-0.02651976
6061,-0.014556885
6062,0.0
6063,0.009613037
6064,0.023101807
6065,0.036315903
6066,0.04733278
6067,0.05706784
6068,0.06375125
6069,0.06814572
6070,0.07061771
6071,0.071258515
6072,0.07260134
6073,0.07443236
6074,0.072082534
6075,0.07165528
6076,0.06765747
6077,0.05905152
6078,0.05316163
6079,0.03894043
6080,0.03405763
6081,0.023864746
6082,0.016998298
6083,0.011474617
6084,0.0060119703
6085,0.0073852576
6086,0.0020446666
6087,0.0055237003
6088,0.002532959
6089,0.00094604865
6090,-0.0041198805
6091,-0.011199957
6092,-0.014312746
6093,-0.019439712
6094,-0.020233162
6095,-0.021911629
6096,-0.024627686
6097,-0.025329592
6098,-0.027526855
6099,-0.026580812
6100,-0.029174805
6101,-0.030303955
6102,-0.034179684
6103,-0.032531746
6104,-0.032135013
6105,-0.025787361
6106,-0.024780277
6107,-0.017395016
6108,-0.013000503
6109,-0.0021972582
6110,0.008239742
6111,0.020843519
6112,0.036926273
6113,0.04763794
6114,0.061584473
6115,0.06747436
6116,0.073516846
6117,0.074523926
6118,0.07418823
6119,0.07330323
6120,0.0670166
6121,0.0605774
6122,0.05288697
6123,0.04418944
6124,0.03659056
6125,0.026489243
6126,0.020355225
6127,0.012634277
6128,0.003906265
6129,-0.0075073317
6130,-0.014800996
6131,-0.021362327
6132,-0.028076157
6133,-0.030578628
6134,-0.035552986
6135,-0.034912124
6136,-0.039154056
6137,-0.03866576
6138,-0.037353504
6139,-0.03610227
6140,-0.033416737
6141,-0.031616185
6142,-0.026580796
6143,-0.021362308
6144,-0.015441909
6145,-0.0119018685
6146,-0.0071716346
6147,-0.0047302376
6148,-0.0014343224
6149,-0.0004272461
6150,0.00021362491
6151,-0.0007629413
6152,-0.0010070819
6153,-0.004699707
6154,-0.006866457
6155,-0.0120544415
6156,-0.015747072
6157,-0.022186276
6158,-0.02999878
6159,-0.03552246
6160,-0.04437255
6161,-0.047882076
6162,-0.051818836
6163,-0.053039555
6164,-0.053070046
6165,-0.05133056
6166,-0.04663086
6167,-0.04251101
6168,-0.039154068
6169,-0.03326419
6170,-0.027038582
6171,-0.01736451
6172,-0.009307846
6173,-0.0023193434
6174,0.002563499
6175,0.006835945
6176,0.010498062
6177,0.012481712
6178,0.01254271
6179,0.015014678
6180,0.015777573
6181,0.014312759
6182,0.011474609
6183,0.009063713
6184,0.0075073466
6185,0.0035400167
6186,0.0014648587
6187,-0.0010071024
6188,-0.0027770698
6189,-0.0003357157
6190,-0.0039062425
6191,-0.0022277832
6192,-3.0521303e-05
6193,-0.0017395169
6194,0.0038146824
6195,0.0033569112
6196,0.011810295
6197,0.015411355
6198,0.018554688
6199,0.02801513
6200,0.035644546
6201,0.043090813
6202,0.05001831
6203,0.04913331
6204,0.05010987
6205,0.045867927
6206,0.0413208
6207,0.032318115
6208,0.027862549
6209,0.02081299
6210,0.017944336
6211,0.014923096
6212,0.013061523
6213,0.014129644
6214,0.011779778
6215,0.011810312
6216,0.009124756
6217,0.008422855
6218,0.007843003
6219,0.006896969
6220,0.0058288537
6221,0.0048523135
6222,0.0039062388
6223,0.0019226447
6224,0.0
6225,-0.002441369
6226,-0.0011291318
6227,0.00088500977
6228,0.004180908
6229,0.0051574595
6230,0.00634766
6231,0.0054016
6232,0.00094603375
6233,-0.0021057054
6234,-0.010131832
6235,-0.013916008
6236,-0.018615738
6237,-0.018432617
6238,-0.01849365
6239,-0.01589966
6240,-0.01464843
6241,-0.015167237
6242,-0.015594483
6243,-0.014099122
6244,-0.010131836
6245,-0.0069885254
6246,-0.0013732892
6247,0.004760744
6248,0.009796144
6249,0.01678467
6250,0.01919556
6251,0.024230957
6252,0.021575935
6253,0.021575917
6254,0.019958492
6255,0.019165028
6256,0.02069093
6257,0.022155765
6258,0.024292015
6259,0.026519764
6260,0.024566673
6261,0.025787331
6262,0.021636985
6263,0.018341042
6264,0.015350349
6265,0.013000481
6266,0.011383072
6267,0.010101326
6268,0.010498077
6269,0.010253921
6270,0.010864288
6271,0.011474624
6272,0.012939446
6273,0.010528564
6274,0.0066833496
6275,0.0036316067
6276,0.00021360815
6277,-0.0059509203
6278,-0.011779778
6279,-0.02038572
6280,-0.026000962
6281,-0.036895733
6282,-0.04653929
6283,-0.056274414
6284,-0.06610109
6285,-0.07119751
6286,-0.0786438
6287,-0.08282472
6288,-0.08505248
6289,-0.08728027
6290,-0.08627317
6291,-0.08645632
6292,-0.08172605
6293,-0.07330322
6294,-0.06335448
6295,-0.051391616
6296,-0.036071777
6297,-0.02249144
6298,-0.005340591
6299,0.0068359226
6300,0.019866943
6301,0.031982414
6302,0.04281617
6303,0.056640614
6304,0.06546021
6305,0.07559204
6306,0.07989503
6307,0.08544923
6308,0.08666991
6309,0.08755495
6310,0.0847778
6311,0.07846069
6312,0.07052611
6313,0.057525642
6314,0.044616695
6315,0.026275635
6316,0.0065002628
6317,-0.014129624
6318,-0.032379128
6319,-0.04791259
6320,-0.063171394
6321,-0.06878663
6322,-0.07751466
6323,-0.076690674
6324,-0.08599855
6325,-0.08306885
6326,-0.0880127
6327,-0.08999634
6328,-0.08850096
6329,-0.08529663
6330,-0.0730896
6331,-0.063995376
6332,-0.047637954
6333,-0.031402603
6334,-0.015258804
6335,-0.001373291
6336,0.010925293
6337,0.021240264
6338,0.032043457
6339,0.038299575
6340,0.044433594
6341,0.046691895
6342,0.04644774
6343,0.04556272
6344,0.044647202
6345,0.046905514
6346,0.044403058
6347,0.047973648
6348,0.04391479
6349,0.04843141
6350,0.04718018
6351,0.04788208
6352,0.049346924
6353,0.045043945
6354,0.049407963
6355,0.04708863
6356,0.048706047
6357,0.05056764
6358,0.048065174
6359,0.05178836
6360,0.04754637
6361,0.045257606
6362,0.039886475
6363,0.029876716
6364,0.026794448
6365,0.014099106
6366,0.0071106106
6367,-0.0058898926
6368,-0.0148620345
6369,-0.022766098
6370,-0.03015136
6371,-0.036560044
6372,-0.04132081
6373,-0.043701164
6374,-0.045043953
6375,-0.04446412
6376,-0.044769287
6377,-0.041778564
6378,-0.040252686
6379,-0.030639648
6380,-0.022033691
6381,-0.00970459
6382,-0.0011291495
6383,0.008789061
6384,0.016784668
6385,0.02380371
6386,0.026519781
6387,0.03295898
6388,0.031463634
6389,0.031768806
6390,0.027832031
6391,0.024566673
6392,0.017700195
6393,0.007843047
6394,-0.0028076358
6395,-0.011016829
6396,-0.019866941
6397,-0.02609253
6398,-0.029876715
6399,-0.027618421
6400,-0.023376472
6401,-0.016571045
6402,-0.01296997
6403,-0.0073547345
6404,-0.0047302283
6405,0.0010681152
6406,0.0026245117
6407,0.00708008
6408,0.008239748
6409,0.010925293
6410,0.009765627
6411,0.0076904297
6412,0.0074157715
6413,0.0019836444
6414,-0.00070190243
6415,-0.007110592
6416,-0.013000486
6417,-0.019805904
6418,-0.029052734
6419,-0.032409664
6420,-0.038391113
6421,-0.038024902
6422,-0.040039062
6423,-0.039031975
6424,-0.039947502
6425,-0.037567124
6426,-0.03579711
6427,-0.03216553
6428,-0.027526848
6429,-0.025482174
6430,-0.01846315
6431,-0.015716571
6432,-0.009429939
6433,-0.0059814565
6434,-0.00088500977
6435,0.0039978065
6436,0.008270271
6437,0.01336671
6438,0.020477302
6439,0.03002932
6440,0.03674318
6441,0.044799812
6442,0.046936035
6443,0.051940903
6444,0.052734368
6445,0.05490112
6446,0.05422973
6447,0.051452644
6448,0.044586174
6449,0.032348648
6450,0.019256588
6451,0.0043029916
6452,-0.010681149
6453,-0.027923578
6454,-0.03878784
6455,-0.04898072
6456,-0.050231934
6457,-0.052551273
6458,-0.048980717
6459,-0.045715343
6460,-0.043701176
6461,-0.036376953
6462,-0.032958973
6463,-0.024200443
6464,-0.018402081
6465,-0.011047367
6466,-0.0057983287
6467,-0.0013428032
6468,0.004150398
6469,0.0035705306
6470,0.004028324
6471,0.0014648363
6472,0.0021667816
6473,0.001831077
6474,0.0003051944
6475,0.002136238
6476,0.00061036274
6477,0.00024414808
6478,0.00033568218
6479,0.0029907115
6480,0.00939941
6481,0.016632069
6482,0.02340698
6483,0.029602038
6484,0.035095215
6485,0.04043579
6486,0.046142586
6487,0.048858643
6488,0.05215455
6489,0.051574692
6490,0.050811775
6491,0.046325665
6492,0.044006366
6493,0.041412342
6494,0.043395996
6495,0.044097893
6496,0.04675293
6497,0.048706084
6498,0.050079346
6499,0.04989624
6500,0.048919678
6501,0.0440979
6502,0.03936766
6503,0.030731201
6504,0.023651108
6505,0.012115464
6506,0.0022582859
6507,-0.007904053
6508,-0.014282241
6509,-0.019927979
6510,-0.024902374
6511,-0.030609123
6512,-0.035186812
6513,-0.037200913
6514,-0.04046633
6515,-0.042297345
6516,-0.04321291
6517,-0.043121327
6518,-0.04003909
6519,-0.037811257
6520,-0.029602084
6521,-0.022338852
6522,-0.012603771
6523,-0.0043029524
6524,0.0007934645
6525,0.0035095476
6526,0.0035400502
6527,0.0014038235
6528,-0.0012207255
6529,-0.0026245005
6530,-0.003997825
6531,-0.002349835
6532,-0.0059204437
6533,-0.008605942
6534,-0.014404317
6535,-0.020233154
6536,-0.025390632
6537,-0.031219482
6538,-0.03808593
6539,-0.040405273
6540,-0.047454834
6541,-0.04849243
6542,-0.0536499
6543,-0.0541687
6544,-0.05709839
6545,-0.055969253
6546,-0.05496215
6547,-0.050323486
6548,-0.046173103
6549,-0.04052736
6550,-0.035583504
6551,-0.030120865
6552,-0.022064224
6553,-0.015533492
6554,-0.0074463114
6555,-0.00064089894
6556,0.0060424805
6557,0.012756348
6558,0.0172119
6559,0.02352909
6560,0.02764893
6561,0.034118664
6562,0.040832527
6563,0.045532227
6564,0.051086433
6565,0.05136107
6566,0.05395507
6567,0.05065918
6568,0.04864502
6569,0.04483033
6570,0.039764408
6571,0.033721924
6572,0.026855469
6573,0.019836428
6574,0.015716555
6575,0.007843018
6576,0.0052490253
6577,0.0003967248
6578,0.00033569522
6579,0.002105711
6580,0.004608156
6581,0.010101322
6582,0.013183586
6583,0.01571656
6584,0.013732903
6585,0.008850105
6586,0.003082268
6587,-0.002655035
6588,-0.009002686
6589,-0.010986328
6590,-0.015747068
6591,-0.01901245
6592,-0.024688719
6593,-0.029418942
6594,-0.035186768
6595,-0.04171752
6596,-0.050109856
6597,-0.05859376
6598,-0.06939696
6599,-0.07684328
6600,-0.08355712
6601,-0.089843765
6602,-0.09140018
6603,-0.08596803
6604,-0.06863405
6605,-0.04605104
6606,-0.016937256
6607,0.007141091
6608,0.0270691
6609,0.041748032
6610,0.039093032
6611,0.024352998
6612,-0.012268066
6613,-0.0424805
6614,-0.06945804
6615,-0.08187869
6616,-0.080322295
6617,-0.06692508
6618,-0.039550796
6619,-0.011688232
6620,0.020904541
6621,0.045959473
6622,0.06808471
6623,0.08267209
6624,0.0908203
6625,0.098022416
6626,0.09997557
6627,0.0997009
6628,0.10122679
6629,0.096191406
6630,0.09918214
6631,0.09545899
6632,0.09158327
6633,0.084747314
6634,0.071838394
6635,0.06375119
6636,0.048858657
6637,0.0375366
6638,0.025054932
6639,0.014984101
6640,0.0057373047
6641,0.0012512058
6642,-0.0015563965
6643,-0.002990745
6644,-0.0024719238
6645,0.0010681152
6646,0.008392304
6647,0.017120346
6648,0.026306108
6649,0.031799316
6650,0.041809052
6651,0.041686997
6652,0.046691895
6653,0.03759764
6654,0.029327393
6655,0.014648423
6656,0.0005798191
6657,-0.008422852
6658,-0.0150756985
6659,-0.01840207
6660,-0.013000488
6661,-0.016998261
6662,-0.008331299
6663,-0.009918183
6664,-0.014099143
6665,-0.014007561
6666,-0.023498572
6667,-0.014312722
6668,-0.020813018
6669,-0.021545403
6670,-0.015441909
6671,-0.019989021
6672,-0.019073464
6673,-0.024902351
6674,-0.030700672
6675,-0.028778095
6676,-0.031097412
6677,-0.02752687
6678,-0.024505604
6679,-0.028137222
6680,-0.02563474
6681,-0.028381363
6682,-0.027679428
6683,-0.02468872
6684,-0.02267456
6685,-0.018280027
6686,-0.0146179255
6687,-0.011444092
6688,-0.006805422
6689,-0.006866457
6690,-0.005004883
6691,-0.004913333
6692,-0.0036621075
6693,-0.0032043485
6694,-0.004913329
6695,-0.0017700233
6696,-0.00054931734
6697,0.004943846
6698,0.007965088
6699,0.012268068
6700,0.018280037
6701,0.025512688
6702,0.026916519
6703,0.029754627
6704,0.022033703
6705,0.021942131
6706,0.013580319
6707,0.0039062388
6708,-0.0051574856
6709,-0.016571052
6710,-0.02349854
6711,-0.03967286
6712,-0.043182373
6713,-0.05718994
6714,-0.05456543
6715,-0.06228638
6716,-0.053802498
6717,-0.052490246
6718,-0.054779053
6719,-0.051971436
6720,-0.04943847
6721,-0.042999253
6722,-0.042999238
6723,-0.0456848
6724,-0.045684807
6725,-0.045806885
6726,-0.049041748
6727,-0.042877182
6728,-0.04196167
6729,-0.034454316
6730,-0.024993896
6731,-0.00976558
6732,0.008300766
6733,0.016174331
6734,0.028076142
6735,0.035156265
6736,0.043518044
6737,0.04483033
6738,0.048736554
6739,0.048828136
6740,0.04730222
6741,0.042205784
6742,0.03424068
6743,0.029937707
6744,0.02621457
6745,0.02545166
6746,0.022613522
6747,0.019775406
6748,0.014251735
6749,-0.0007629208
6750,-0.023132302
6751,-0.04022214
6752,-0.060913093
6753,-0.045837387
6754,0.003295865
6755,0.05770874
6756,0.120544404
6757,0.16976926
6758,0.21566772
6759,0.20223999
6760,0.1199646
6761,0.01593019
6762,-0.07046509
6763,-0.10116576
6764,-0.08938597
6765,-0.06854248
6766,-0.058502186
6767,-0.06463622
6768,-0.08190918
6769,-0.09924316
6770,-0.112213135
6771,-0.11584471
6772,-0.11898804
6773,-0.110504135
6774,-0.1020813
6775,-0.088470444
6776,-0.075164795
6777,-0.05621338
6778,-0.031982422
6779,-0.0076293796
6780,0.02331543
6781,0.04931643
6782,0.07904054
6783,0.09655764
6784,0.11691286
6785,0.12680054
6786,0.136322
6787,0.14266968
6788,0.1446228
6789,0.14300536
6790,0.13394164
6791,0.12042238
6792,0.1027832
6793,0.0831604
6794,0.062225327
6795,0.043457046
6796,0.022888154
6797,0.012329087
6798,0.00024409592
6799,-0.00894165
6800,-0.019409217
6801,-0.028350815
6802,-0.03253174
6803,-0.04025264
6804,-0.03948977
6805,-0.041717514
6806,-0.036193848
6807,-0.030029297
6808,-0.022125252
6809,-0.013427734
6810,-0.0087890625
6811,-0.004669182
6812,-0.00070189685
6813,0.00061033666
6814,0.0037231445
6815,0.00094603
6816,-3.052503e-05
6817,7.450581e-09
6818,0.003662102
6819,0.008544952
6820,0.016052261
6821,0.022644058
6822,0.029876709
6823,0.031280518
6824,0.030731171
6825,0.023803681
6826,0.014221184
6827,0.0052184984
6828,-0.002655007
6829,-0.0050964355
6830,-0.0079345405
6831,-0.0057983473
6832,-0.008789033
6833,-0.010528587
6834,-0.016754143
6835,-0.02230838
6836,-0.029754668
6837,-0.03384399
6838,-0.033264183
6839,-0.03204343
6840,-0.025451664
6841,-0.020416241
6842,-0.011047374
6843,-0.0022277683
6844,0.0033569448
6845,0.009368878
6846,0.005249027
6847,0.0034179762
6848,-0.004730221
6849,-0.012817394
6850,-0.023651108
6851,-0.03549194
6852,-0.043762222
6853,-0.050903317
6854,-0.05606079
6855,-0.059967034
6856,-0.06341552
6857,-0.062957756
6858,-0.064758316
6859,-0.062042236
6860,-0.0612488
6861,-0.055511475
6862,-0.04949954
6863,-0.042083748
6864,-0.032287605
6865,-0.02142334
6866,-0.009460442
6867,0.0012207031
6868,0.01272583
6869,0.020477269
6870,0.03048705
6871,0.031860314
6872,0.035308838
6873,0.03045655
6874,0.02413943
6875,0.016632076
6876,0.0017700195
6877,-0.0057067685
6878,-0.01620483
6879,-0.023040771
6880,-0.030670188
6881,-0.040496796
6882,-0.04400637
6883,-0.053314194
6884,-0.056945816
6885,-0.064392105
6886,-0.06466675
6887,-0.06405637
6888,-0.059051514
6889,-0.04946898
6890,-0.039428726
6891,-0.02438353
6892,-0.01165773
6893,0.0022583157
6894,0.019500703
6895,0.0345459
6896,0.051788308
6897,0.06948851
6898,0.083526574
6899,0.09909056
6900,0.10623168
6901,0.113037094
6902,0.114074714
6903,0.11154175
6904,0.10891725
6905,0.102813736
6906,0.09265137
6907,0.08316042
6908,0.06692504
6909,0.05187992
6910,0.03088376
6911,0.01364138
6912,-0.0035400428
6913,-0.017456047
6914,-0.030853286
6915,-0.040008552
6916,-0.04724121
6917,-0.050415047
6918,-0.055206314
6919,-0.05697631
6920,-0.056671135
6921,-0.054534905
6922,-0.049713135
6923,-0.04321289
6924,-0.040191643
6925,-0.036437985
6926,-0.036590576
6927,-0.032928463
6928,-0.03417968
6929,-0.035766613
6930,-0.03631594
6931,-0.03698732
6932,-0.03591921
6933,-0.035827607
6934,-0.029846184
6935,-0.030944794
6936,-0.019988984
6937,-0.0134277195
6938,0.004119888
6939,0.01638794
6940,0.02795408
6941,0.039123505
6942,0.045196503
6943,0.055664048
6944,0.06118773
6945,0.07220458
6946,0.08337402
6947,0.10342408
6948,0.12054445
6949,0.13223267
6950,0.13964842
6951,0.13342284
6952,0.12802123
6953,0.11004639
6954,0.09045406
6955,0.070953384
6956,0.053405747
6957,0.035766587
6958,0.006225586
6959,-0.041931182
6960,-0.10952759
6961,-0.18499759
6962,-0.26416016
6963,-0.33877563
6964,-0.41241452
6965,-0.4873658
6966,-0.55966175
6967,-0.6401979
6968,-0.7194212
6969,-0.79086316
6970,-0.8351134
6971,-0.8239441
6972,-0.7438046
6973,-0.5857847
6974,-0.36605835
6975,-0.1043396
6976,0.16928113
6977,0.42825288
6978,0.65985113
6979,0.8538513
6980,1.012146
6981,1.1460571
6982,1.2534484
6983,1.3467407
6984,1.4136046
6985,1.4441223
6986,1.4395139
6987,1.3957214
6988,1.3114009
6989,1.1950381
6990,1.0623167
6991,0.91442895
6992,0.75259376
6993,0.5630493
6994,0.3523252
6995,0.11038184
6996,-0.15301538
6997,-0.40521252
6998,-0.6401676
6999,-0.84637475
7000,-1.0294191
7001,-1.1886597
7002,-1.3082886
7003,-1.3866575
7004,-1.3990479
7005,-1.3587953
7006,-1.2659912
7007,-1.1420898
7008,-1.007904
7009,-0.86688226
7010,-0.73098767
7011,-0.5795896
7012,-0.41586292
7013,-0.2324524
7014,-0.04812634
7015,0.13043195
7016,0.29504386
7017,0.43643183
7018,0.542114
7019,0.6077576
7020,0.6258849
7021,0.5975343
7022,0.52429205
7023,0.41305542
7024,0.2807007
7025,0.120056145
7026,-0.04519649
7027,-0.2164917
7028,-0.3715209
7029,-0.5013124
7030,-0.60098267
7031,-0.652466
7032,-0.66671735
7033,-0.6248475
7034,-0.5358277
7035,-0.400665
7036,-0.2323913
7037,-0.049773812
7038,0.13384989
7039,0.3020328
7040,0.4383545
7041,0.5308533
7042,0.5691527
7043,0.55447376
7044,0.4907837
7045,0.38882446
7046,0.2657166
7047,0.13772582
7048,0.015167221
7049,-0.089965835
7050,-0.16958627
7051,-0.21438599
7052,-0.22442648
7053,-0.19906616
7054,-0.14627093
7055,-0.06707764
7056,0.02136229
7057,0.11682135
7058,0.19656377
7059,0.26147473
7060,0.2943421
7061,0.2994385
7062,0.27426144
7063,0.22796628
7064,0.15847778
7065,0.08364867
7066,0.009948742
7067,-0.048156753
7068,-0.10171506
7069,-0.14263916
7070,-0.1673889
7071,-0.17276001
7072,-0.1590271
7073,-0.12854001
7074,-0.088958755
7075,-0.04830931
7076,-0.013488784
7077,0.007171616
7078,0.016021714
7079,0.014373764
7080,0.011138916
7081,0.015472397
7082,0.028259277
7083,0.052124023
7084,0.072937
7085,0.08489991
7086,0.09155273
7087,0.09014895
7088,0.08740234
7089,0.07757569
7090,0.068206795
7091,0.05709839
7092,0.04837036
7093,0.048553463
7094,0.059661865
7095,0.072601326
7096,0.10067748
7097,0.12673953
7098,0.1691284
7099,0.20346072
7100,0.24053958
7101,0.26525885
7102,0.27319336
7103,0.2643739
7104,0.23809817
7105,0.19757086
7106,0.14395127
7107,0.08569324
7108,0.02771014
7109,-0.024658203
7110,-0.06948838
7111,-0.1010437
7112,-0.12158197
7113,-0.12731919
7114,-0.12207043
7115,-0.113220185
7116,-0.10470587
7117,-0.09790036
7118,-0.0965576
7119,-0.10116574
7120,-0.11685178
7121,-0.1373901
7122,-0.15615842
7123,-0.17974854
7124,-0.20184322
7125,-0.22091676
7126,-0.23818971
7127,-0.2321167
7128,-0.22674562
7129,-0.1965637
7130,-0.17102054
7131,-0.13327026
7132,-0.09448242
7133,-0.058288574
7134,-0.019622803
7135,0.011413589
7136,0.04498288
7137,0.069488555
7138,0.09146117
7139,0.10705568
7140,0.121093735
7141,0.12814331
7142,0.13290405
7143,0.13299559
7144,0.13412476
7145,0.13183595
7146,0.13531496
7147,0.13513185
7148,0.13757324
7149,0.13568117
7150,0.13153076
7151,0.1211243
7152,0.102752656
7153,0.080200225
7154,0.059173554
7155,0.036865294
7156,0.018615693
7157,0.005615279
7158,-0.008453354
7159,-0.018798783
7160,-0.028869629
7161,-0.03710939
7162,-0.041046143
7163,-0.044067413
7164,-0.04034424
7165,-0.03491214
7166,-0.027435318
7167,-0.019622818
7168,-0.013000488
7169,-0.013183609
7170,-0.015777603
7171,-0.024291992
7172,-0.033721954
7173,-0.04519652
7174,-0.06149295
7175,-0.07327267
7176,-0.08901979
7177,-0.09533689
7178,-0.105773926
7179,-0.107818596
7180,-0.10421753
7181,-0.09585573
7182,-0.07797241
7183,-0.06408692
7184,-0.043640137
7185,-0.02896119
7186,-0.010803226
7187,0.0009460524
7188,0.010314945
7189,0.015289299
7190,0.017578127
7191,0.01913452
7192,0.018951429
7193,0.020538328
7194,0.01730346
7195,0.014465323
7196,0.0017089918
7197,-0.010955811
7198,-0.033325188
7199,-0.05343627
7200,-0.07400511
7201,-0.090515114
7202,-0.10131836
7203,-0.10775757
7204,-0.10665895
7205,-0.101928696
7206,-0.09094238
7207,-0.08135988
7208,-0.06738281
7209,-0.05731201
7210,-0.046783447
7211,-0.038116485
7212,-0.02722168
7213,-0.01687625
7214,-0.007354766
7215,0.0017699897
7216,0.00845331
7217,0.0126953125
7218,0.01550287
7219,0.016052231
7220,0.018676743
7221,0.019988984
7222,0.026031494
7223,0.035003647
7224,0.04788205
7225,0.06506349
7226,0.07949827
7227,0.09228518
7228,0.10028073
7229,0.10556033
7230,0.103302
7231,0.09182739
7232,0.07687378
7233,0.05416871
7234,0.038787853
7235,0.018219009
7236,0.0020141639
7237,-0.014617894
7238,-0.027099606
7239,-0.035858158
7240,-0.0404053
7241,-0.049377464
7242,-0.054016113
7243,-0.057342544
7244,-0.053649902
7245,-0.04165651
7246,-0.029083237
7247,-0.0072936863
7248,0.012634277
7249,0.03756716
7250,0.060516357
7251,0.08102419
7252,0.09841919
7253,0.10757447
7254,0.11532593
7255,0.11111449
7256,0.10818483
7257,0.0934448
7258,0.07443237
7259,0.049682602
7260,0.02050782
7261,-0.009552011
7262,-0.04330445
7263,-0.078247055
7264,-0.107147194
7265,-0.123413086
7266,-0.13534544
7267,-0.13305667
7268,-0.12692258
7269,-0.11343387
7270,-0.10144043
7271,-0.09365848
7272,-0.08374022
7273,-0.06796266
7274,-0.053741485
7275,-0.03125
7276,-0.015014678
7277,0.004699692
7278,0.023651108
7279,0.046081513
7280,0.06707763
7281,0.08676145
7282,0.1005249
7283,0.11505127
7284,0.12298584
7285,0.12353516
7286,0.11135864
7287,0.09573365
7288,0.07794189
7289,0.0677185
7290,0.061340332
7291,0.057311993
7292,0.06259153
7293,0.06826783
7294,0.08642578
7295,0.09469606
7296,0.10366823
7297,0.10360719
7298,0.1004639
7299,0.0909729
7300,0.08169559
7301,0.068481445
7302,0.06185916
7303,0.04888916
7304,0.040283233
7305,0.029693574
7306,0.012298584
7307,0.0022277534
7308,-0.015380859
7309,-0.027252212
7310,-0.042144775
7311,-0.05825804
7312,-0.07235719
7313,-0.08590698
7314,-0.09332276
7315,-0.09921263
7316,-0.10449217
7317,-0.102081284
7318,-0.09387205
7319,-0.09024046
7320,-0.07250974
7321,-0.05969239
7322,-0.033203147
7323,-0.015533432
7324,0.009429902
7325,0.0360718
7326,0.042358354
7327,0.057525657
7328,0.05316159
7329,0.053924598
7330,0.036437973
7331,0.025909439
7332,0.02053833
7333,0.016784698
7334,0.017028809
7335,0.019409195
7336,0.02313231
7337,0.026611328
7338,0.024505585
7339,0.022888154
7340,0.020568818
7341,0.021026567
7342,0.024658218
7343,0.027313218
7344,0.027313262
7345,0.025176987
7346,0.017150894
7347,0.007171601
7348,-0.0066222996
7349,-0.0180054
7350,-0.028015137
7351,-0.033081055
7352,-0.04196167
7353,-0.042846695
7354,-0.04708863
7355,-0.04165651
7356,-0.03976439
7357,-0.034484886
7358,-0.01834105
7359,-0.051910415
7360,0.006011963
7361,-0.05566407
7362,-0.014038084
7363,-0.067474365
7364,-0.05288697
7365,-0.05987549
7366,-0.08557129
7367,-0.06945801
7368,-0.07580565
7369,-0.0598755
7370,-0.05081174
7371,-0.047882088
7372,-0.045410134
7373,-0.039794926
7374,-0.03274535
7375,-0.032989502
7376,-0.030334465
7377,-0.03448488
7378,-0.030029297
7379,-0.025299117
7380,-0.02056884
7381,-0.013214141
7382,-0.009613052
7383,-0.0030823052
7384,-0.0006714016
7385,0.00079345703
7386,0.0007934496
7387,0.0019531548
7388,0.0029602274
7389,0.0075378567
7390,0.013885498
7391,0.025909413
7392,0.035980195
7393,0.042755086
7394,0.047607392
7395,0.047271714
7396,0.04449463
7397,0.03259279
7398,0.022644058
7399,0.00912476
7400,-0.00021360442
7401,-0.010772716
7402,-0.019805904
7403,-0.029144306
7404,-0.039062515
7405,-0.046081517
7406,-0.051971436
7407,-0.058349594
7408,-0.06481932
7409,-0.07019043
7410,-0.07369995
7411,-0.07577516
7412,-0.07290651
7413,-0.065216064
7414,-0.054718047
7415,-0.041748032
7416,-0.030914307
7417,-0.013030991
7418,0.0015564263
7419,0.02124022
7420,0.037322998
7421,0.051086396
7422,0.060516357
7423,0.06274414
7424,0.05923461
7425,0.048584
7426,0.031158432
7427,0.012634322
7428,-0.0027160943
7429,-0.008972123
7430,-0.0034790263
7431,0.016815174
7432,0.04690551
7433,0.081207275
7434,0.111541755
7435,0.13183591
7436,0.13632204
7437,0.12789916
7438,0.10791017
7439,0.08193968
7440,0.052490264
7441,0.023467999
7442,-0.0027160458
7443,-0.02539065
7444,-0.044738755
7445,-0.058929436
7446,-0.069732666
7447,-0.076263435
7448,-0.0802307
7449,-0.07998659
7450,-0.08087155
7451,-0.07977299
7452,-0.07714839
7453,-0.071685806
7454,-0.06600948
7455,-0.058624297
7456,-0.047241196
7457,-0.034057632
7458,-0.023712128
7459,-0.015655547
7460,-0.0069884956
7461,0.00079344213
7462,0.005920425
7463,0.011749253
7464,0.0150756985
7465,0.020690918
7466,0.026092544
7467,0.030487053
7468,0.03439331
7469,0.036529522
7470,0.04330443
7471,0.050109837
7472,0.05798337
7473,0.06488034
7474,0.07165527
7475,0.07672121
7476,0.08169556
7477,0.08416749
7478,0.0853882
7479,0.087371826
7480,0.08779906
7481,0.08758545
7482,0.08422853
7483,0.07595825
7484,0.07000734
7485,0.057220444
7486,0.049011216
7487,0.036102265
7488,0.024505585
7489,0.015777588
7490,0.008239761
7491,0.0058288425
7492,0.0031128079
7493,0.00189206
7494,0.0027770996
7495,0.00039672852
7496,0.0018005222
7497,0.000427261
7498,0.004547119
7499,0.0048828125
7500,0.00491336
7501,0.000427261
7502,-0.004730195
7503,-0.012847871
7504,-0.021850586
7505,-0.03244014
7506,-0.040954575
7507,-0.05001829
7508,-0.058837906
7509,-0.068389885
7510,-0.07556154
7511,-0.08303833
7512,-0.08911134
7513,-0.09020996
7514,-0.0910034
7515,-0.08792114
7516,-0.084259
7517,-0.07943727
7518,-0.07464598
7519,-0.070465095
7520,-0.062591545
7521,-0.055053733
7522,-0.0454712
7523,-0.03460694
7524,-0.020263664
7525,-0.007110618
7526,0.0076294243
7527,0.021514889
7528,0.03350834
7529,0.041839603
7530,0.045318644
7531,0.049987793
7532,0.05401614
7533,0.057495117
7534,0.06378174
7535,0.06649779
7536,0.065612786
7537,0.04840087
7538,0.014282227
7539,-0.042816166
7540,-0.11157225
7541,-0.1723938
7542,-0.1994934
7543,-0.17111208
7544,-0.098175034
7545,0.019378632
7546,0.14657593
7547,0.27224728
7548,0.31600952
7549,0.27072144
7550,0.17807007
7551,0.10183716
7552,0.08529666
7553,0.17013559
7554,0.36682138
7555,0.64150995
7556,0.87820435
7557,1.0034485
7558,0.9713744
7559,0.78494227
7560,0.48211634
7561,0.13204932
7562,-0.20153809
7563,-0.46707162
7564,-0.64590454
7565,-0.7433779
7566,-0.7767638
7567,-0.78414917
7568,-0.7763059
7569,-0.7569885
7570,-0.73059076
7571,-0.69659436
7572,-0.6716003
7573,-0.63665795
7574,-0.58612037
7575,-0.50787383
7576,-0.37564057
7577,-0.22110015
7578,-0.06466663
7579,0.072784245
7580,0.15982062
7581,0.20602408
7582,0.17785627
7583,0.10296613
7584,0.0068662763
7585,-0.09692389
7586,-0.17132586
7587,-0.2165528
7588,-0.22354138
7589,-0.20187378
7590,-0.15682983
7591,-0.099365056
7592,-0.032562017
7593,0.034240782
7594,0.10208142
7595,0.17926025
7596,0.26663202
7597,0.36462402
7598,0.47051984
7599,0.56735235
7600,0.6602478
7601,0.7265016
7602,0.7616272
7603,0.7484131
7604,0.68966687
7605,0.59487915
7606,0.48608404
7607,0.3625489
7608,0.25616467
7609,0.15506
7610,0.087616205
7611,0.01702869
7612,-0.049590856
7613,-0.11077914
7614,-0.1791074
7615,-0.23892236
7616,-0.30584714
7617,-0.36163342
7618,-0.39474487
7619,-0.40911865
7620,-0.3848877
7621,-0.3449096
7622,-0.28497314
7623,-0.22039795
7624,-0.16442871
7625,-0.11651612
7626,-0.080780014
7627,-0.05117798
7628,-0.028747566
7629,-0.012268074
7630,-0.0025024563
7631,0.0013122596
7632,0.00051878765
7633,-0.0036620982
7634,-0.01416016
7635,-0.025451683
7636,-0.037414543
7637,-0.049835235
7638,-0.052459717
7639,-0.051513717
7640,-0.035064697
7641,-0.0185242
7642,0.0058593825
7643,0.029571533
7644,0.056945793
7645,0.079834014
7646,0.10028077
7647,0.11538698
7648,0.12454222
7649,0.12911986
7650,0.12670897
7651,0.12896727
7652,0.086242646
7653,0.103881836
7654,0.031311005
7655,0.03732302
7656,-0.026214637
7657,-0.034790024
7658,-0.0626526
7659,-0.09274293
7660,-0.093811035
7661,-0.10174562
7662,-0.10522461
7663,-0.11126709
7664,-0.125
7665,-0.13525389
7666,-0.13479616
7667,-0.13586423
7668,-0.12704466
7669,-0.11483762
7670,-0.09994504
7671,-0.08407596
7672,-0.06680296
7673,-0.05041507
7674,-0.035614014
7675,-0.02279666
7676,-0.011352524
7677,0.0036315918
7678,0.015533477
7679,0.028564453
7680,0.042144805
7681,0.05508423
7682,0.06695557
7683,0.07336426
7684,0.0762634
7685,0.07809449
7686,0.07843013
7687,0.07760621
7688,0.076385476
7689,0.074646
7690,0.07351685
7691,0.072875984
7692,0.06738282
7693,0.06317139
7694,0.05621338
7695,0.050903317
7696,0.042938232
7697,0.037200928
7698,0.033660896
7699,0.032196034
7700,0.03244018
7701,0.032989502
7702,0.03778075
7703,0.04187012
7704,0.0465393
7705,0.04696659
7706,0.046234153
7707,0.042053223
7708,0.037567146
7709,0.030395493
7710,0.024230942
7711,0.0178833
7712,0.014404297
7713,0.009857208
7714,0.011566162
7715,0.011993453
7716,0.018615723
7717,0.017181441
7718,0.01745604
7719,0.0119018555
7720,0.008117661
7721,-0.0014037937
7722,-0.014282227
7723,-0.028594963
7724,-0.04260254
7725,-0.049957253
7726,-0.0534973
7727,-0.051452614
7728,-0.04721069
7729,-0.043090824
7730,-0.04226686
7731,-0.041137695
7732,-0.04147339
7733,-0.041595474
7734,-0.038970947
7735,-0.03616333
7736,-0.03164673
7737,-0.028961178
7738,-0.022338869
7739,-0.018463133
7740,-0.01071167
7741,-0.005523679
7742,0.0025329571
7743,0.009674074
7744,0.016937256
7745,0.02368164
7746,0.027313229
7747,0.027893059
7748,0.028564442
7749,0.022735588
7750,0.01687621
7751,0.008300781
7752,-0.0053100586
7753,-0.016204832
7754,-0.027374268
7755,-0.033630364
7756,-0.037597656
7757,-0.043701172
7758,-0.04248046
7759,-0.044158936
7760,-0.040039062
7761,-0.035522453
7762,-0.031005848
7763,-0.0206909
7764,-0.013061538
7765,-0.002197262
7766,0.006622309
7767,0.015594484
7768,0.023925772
7769,0.03192137
7770,0.039062493
7771,0.04678344
7772,0.048431396
7773,0.052459713
7774,0.04940797
7775,0.0474243
7776,0.03845215
7777,0.03054808
7778,0.020202637
7779,0.011932369
7780,0.0040893555
7781,0.0018615648
7782,-0.0014953576
7783,0.0018005371
7784,-0.00430296
7785,-0.0038147084
7786,-0.0100708045
7787,-0.012847913
7788,-0.019958502
7789,-0.028045652
7790,-0.03024292
7791,-0.036010727
7792,-0.036560047
7793,-0.038024895
7794,-0.036956783
7795,-0.033996582
7796,-0.034912102
7797,-0.031860344
7798,-0.032257065
7799,-0.030334473
7800,-0.028106682
7801,-0.0265503
7802,-0.020751957
7803,-0.015777595
7804,-0.007843051
7805,6.105006e-05
7806,0.009857163
7807,0.01910404
7808,0.026245102
7809,0.033752464
7810,0.034179688
7811,0.0345459
7812,0.026306152
7813,0.020202633
7814,0.010345459
7815,0.0005798321
7816,-0.008850098
7817,-0.020263674
7818,-0.031707756
7819,-0.04412842
7820,-0.05303955
7821,-0.06311034
7822,-0.065155014
7823,-0.07107544
7824,-0.06814572
7825,-0.06738283
7826,-0.06054686
7827,-0.053253174
7828,-0.044464096
7829,-0.030731186
7830,-0.016906738
7831,0.0018310398
7832,0.017761208
7833,0.03710936
7834,0.05252073
7835,0.06524658
7836,0.07272339
7837,0.07785036
7838,0.080657974
7839,0.07952882
7840,0.07528688
7841,0.068145745
7842,0.05987548
7843,0.050994866
7844,0.039581295
7845,0.030548092
7846,0.019927979
7847,0.014831541
7848,0.013305662
7849,0.011718739
7850,0.015075691
7851,0.015747052
7852,0.019958518
7853,0.020355206
7854,0.019378666
7855,0.016021717
7856,0.011505127
7857,0.0072326623
7858,0.0050659142
7859,0.0036620945
7860,0.0027160607
7861,0.0017089546
7862,0.0033569522
7863,0.008087166
7864,0.010589622
7865,0.013061516
7866,0.010009799
7867,0.00878907
7868,0.0023498759
7869,-0.007568352
7870,-0.020568851
7871,-0.036926277
7872,-0.04885867
7873,-0.062927246
7874,-0.06826784
7875,-0.073913574
7876,-0.07296754
7877,-0.07040405
7878,-0.06344604
7879,-0.05102538
7880,-0.036743138
7881,-0.016052242
7882,0.0008240044
7883,0.022430412
7884,0.03842163
7885,0.055603012
7886,0.06970213
7887,0.07846068
7888,0.08828735
7889,0.09002684
7890,0.094268814
7891,0.093170136
7892,0.08599858
7893,0.08035277
7894,0.0671387
7895,0.059783906
7896,0.04339601
7897,0.033355683
7898,0.01461792
7899,0.00030514598
7900,-0.0172119
7901,-0.029022232
7902,-0.04022216
7903,-0.047851548
7904,-0.04669188
7905,-0.038543686
7906,-0.023315407
7907,-0.012084931
7908,-0.0018615574
7909,0.00082399696
7910,0.002380371
7911,-0.0010375977
7912,-0.00683596
7913,-0.010009766
7914,-0.012023948
7915,-0.017852765
7916,-0.019805897
7917,-0.028747544
7918,-0.03363036
7919,-0.048217762
7920,-0.061309803
7921,-0.069976814
7922,-0.075500496
7923,-0.0696106
7924,-0.06225587
7925,-0.047943108
7926,-0.037689228
7927,-0.026153568
7928,-0.020202652
7929,-0.015411384
7930,-0.011016831
7931,-0.010559097
7932,-0.008483861
7933,-0.011261009
7934,-0.014862031
7935,-0.015777603
7936,-0.022644013
7937,-0.020385765
7938,-0.028015122
7939,-0.030212417
7940,-0.037658706
7941,-0.045654282
7942,-0.055725127
7943,-0.06405635
7944,-0.07153323
7945,-0.073211655
7946,-0.07571411
7947,-0.06991577
7948,-0.06417845
7949,-0.0558777
7950,-0.04849243
7951,-0.038757324
7952,-0.029937744
7953,-0.01928711
7954,-0.008056641
7955,0.002899155
7956,0.01763916
7957,0.033203095
7958,0.05001831
7959,0.064147934
7960,0.07504271
7961,0.08557129
7962,0.093231186
7963,0.09884643
7964,0.09985351
7965,0.09936523
7966,0.09387208
7967,0.08676147
7968,0.075500496
7969,0.06311035
7970,0.050872803
7971,0.039489746
7972,0.03201294
7973,0.028137205
7974,0.02801515
7975,0.030090338
7976,0.037658706
7977,0.044982895
7978,0.056762718
7979,0.063629135
7980,0.06958007
7981,0.073913544
7982,0.0741577
7983,0.07101439
7984,0.06072998
7985,0.047363266
7986,0.034210205
7987,0.01693727
7988,0.0035705715
7989,-0.00875853
7990,-0.016723633
7991,-0.021392822
7992,-0.026123017
7993,-0.031066917
7994,-0.031738266
7995,-0.035278358
7996,-0.03225708
7997,-0.029113784
7998,-0.020751953
7999,-0.0101623535
8000,0.00076293945
8001,0.010467559
8002,0.01693727
8003,0.017150909
8004,0.015045181
8005,0.011383057
8006,0.0059814453
8007,0.0019531548
8008,-9.1560185e-05
8009,-0.0015868694
8010,-0.0030517653
8011,-0.0041198283
8012,-0.008697495
8013,-0.008911103
8014,-0.0125122
8015,-0.013854973
8016,-0.015106216
8017,-0.018676765
8018,-0.019134514
8019,-0.020477291
8020,-0.019439671
8021,-0.017913833
8022,-0.01727293
8023,-0.017700229
8024,-0.015747081
8025,-0.01983643
8026,-0.020172138
8027,-0.027832016
8028,-0.029876703
8029,-0.03659056
8030,-0.041839592
8031,-0.04699707
8032,-0.051330566
8033,-0.05502319
8034,-0.05880738
8035,-0.06311035
8036,-0.061309826
8037,-0.061431877
8038,-0.0539856
8039,-0.049316414
8040,-0.037872322
8041,-0.027740464
8042,-0.017486557
8043,-0.0045165867
8044,0.0068969913
8045,0.021118172
8046,0.032806415
8047,0.04330446
8048,0.051757827
8049,0.05725097
8050,0.058532715
8051,0.05804442
8052,0.052490227
8053,0.04714965
8054,0.040252686
8055,0.031127928
8056,0.02444458
8057,0.0123291
8058,0.0055541974
8059,-0.0047912607
8060,-0.012420656
8061,-0.020263672
8062,-0.030456543
8063,-0.036315914
8064,-0.04229737
8065,-0.044403076
8066,-0.047088623
8067,-0.04824831
8068,-0.047393776
8069,-0.043182388
8070,-0.04040527
8071,-0.03375246
8072,-0.029083267
8073,-0.024261482
8074,-0.017974868
8075,-0.014343262
8076,-0.009033196
8077,-0.0070495307
8078,-0.009063706
8079,-0.003204301
8080,0.0042114295
8081,-0.0011901632
8082,0.0104370415
8083,0.010345459
8084,0.026611332
8085,0.021087639
8086,0.022155747
8087,0.026153553
8088,0.0250244
8089,0.024536133
8090,0.01873779
8091,0.01742554
8092,0.013580352
8093,0.012420651
8094,0.0044250563
8095,-0.00045776367
8096,-0.0046997108
8097,-0.0049133226
8098,-0.003936764
8099,0.00067139044
8100,0.0035705753
8101,0.00793457
8102,0.012817392
8103,0.015808107
8104,0.021423329
8105,0.024139399
8106,0.029693596
8107,0.034484863
8108,0.039916992
8109,0.043029785
8110,0.04428101
8111,0.039581303
8112,0.032867424
8113,0.02340699
8114,0.015411355
8115,0.007781986
8116,0.0012512021
8117,-0.0046691895
8118,-0.0068969764
8119,-0.0127563495
8120,-0.016326899
8121,-0.025573729
8122,-0.03256225
8123,-0.04016113
8124,-0.046173103
8125,-0.05221557
8126,-0.056182865
8127,-0.059844956
8128,-0.059753433
8129,-0.06005857
8130,-0.058380134
8131,-0.054687485
8132,-0.049011223
8133,-0.04006958
8134,-0.0311279
8135,-0.02053833
8136,-0.0085448995
8137,-0.0016479492
8138,0.009216301
8139,0.017364487
8140,0.028350808
8141,0.037017796
8142,0.04061886
8143,0.04638671
8144,0.04711912
8145,0.04949952
8146,0.046447754
8147,0.04330446
8148,0.042968757
8149,0.042633057
8150,0.044311523
8151,0.043884277
8152,0.046661373
8153,0.048828118
8154,0.050537113
8155,0.05139159
8156,0.048492447
8157,0.047912568
8158,0.044158965
8159,0.045104958
8160,0.043670654
8161,0.048095666
8162,0.048736572
8163,0.052825898
8164,0.051208466
8165,0.05047606
8166,0.046966553
8167,0.04156494
8168,0.038055435
8169,0.03256227
8170,0.033142105
8171,0.028961182
8172,0.029541016
8173,0.024383515
8174,0.015411377
8175,0.0025939643
8176,-0.014617905
8177,-0.028137222
8178,-0.041900635
8179,-0.050537124
8180,-0.056854263
8181,-0.059692398
8182,-0.06112674
8183,-0.05908206
8184,-0.060577415
8185,-0.058044463
8186,-0.058410645
8187,-0.05603029
8188,-0.054656968
8189,-0.052337646
8190,-0.051483147
8191,-0.040893547
8192,-0.0354309
8193,-0.023132315
8194,-0.018768305
8195,-0.006896971
8196,0.0037231464
8197,0.014373787
8198,0.02331543
8199,0.029418953
8200,0.0340271
8201,0.035675064
8202,0.032470696
8203,0.027954102
8204,0.018646222
8205,0.008605972
8206,-0.00054934993
8207,-0.009063702
8208,-0.015350372
8209,-0.02282712
8210,-0.029144304
8211,-0.032012925
8212,-0.034729004
8213,-0.03515625
8214,-0.034088135
8215,-0.03320313
8216,-0.029205322
8217,-0.026947021
8218,-0.026824951
8219,-0.026245117
8220,-0.029327404
8221,-0.03051757
8222,-0.0343628
8223,-0.037658688
8224,-0.04208374
8225,-0.0491333
8226,-0.05612181
8227,-0.06561281
8228,-0.074462906
8229,-0.08053589
8230,-0.086639404
8231,-0.087066635
8232,-0.086639404
8233,-0.08343504
8234,-0.07739259
8235,-0.07211304
8236,-0.06350708
8237,-0.056030273
8238,-0.047821045
8239,-0.041656494
8240,-0.034057617
8241,-0.027252197
8242,-0.01928711
8243,-0.013793945
8244,-0.007293701
8245,-0.0009765625
8246,0.0066223145
8247,0.0154418945
8248,0.02697751
8249,0.036315918
8250,0.04733272
8251,0.056701675
8252,0.06857297
8253,0.079193115
8254,0.09146118
8255,0.10275268
8256,0.111785874
8257,0.12149048
8258,0.1293945
8259,0.1359253
8260,0.14108273
8261,0.14144897
8262,0.13909912
8263,0.1312561
8264,0.12039183
8265,0.108612046
8266,0.09326172
8267,0.08096312
8268,0.065338165
8269,0.051574677
8270,0.037048355
8271,0.022094712
8272,0.009063721
8273,-0.006164551
8274,-0.017913833
8275,-0.03036499
8276,-0.041656516
8277,-0.050048828
8278,-0.05862429
8279,-0.05984496
8280,-0.060424805
8281,-0.05685423
8282,-0.055084217
8283,-0.052185044
8284,-0.051818833
8285,-0.050750732
8286,-0.05526733
8287,-0.057128914
8288,-0.06130982
8289,-0.060272228
8290,-0.056457527
8291,-0.051666252
8292,-0.040252686
8293,-0.030181892
8294,-0.016906727
8295,-0.0064697377
8296,0.0066528544
8297,0.016418435
8298,0.029968273
8299,0.041259754
8300,0.055572517
8301,0.067169204
8302,0.0774231
8303,0.08630371
8304,0.08984378
8305,0.08911134
8306,0.08898926
8307,0.08392334
8308,0.08111571
8309,0.07409671
8310,0.06906128
8311,0.061065674
8312,0.04959105
8313,0.040863037
8314,0.029449448
8315,0.02059938
8316,0.009338364
8317,0.0019836575
8318,-0.006164551
8319,-0.014923096
8320,-0.024719223
8321,-0.032897964
8322,-0.04367064
8323,-0.057556137
8324,-0.0580139
8325,-0.06802367
8326,-0.06961057
8327,-0.077606186
8328,-0.07537841
8329,-0.0718689
8330,-0.075622566
8331,-0.07437134
8332,-0.07272339
8333,-0.0687561
8334,-0.059875503
8335,-0.05517578
8336,-0.045715347
8337,-0.035614014
8338,-0.022888195
8339,-0.008758545
8340,-0.00094603375
8341,0.0072937086
8342,0.009796152
8343,0.010681154
8344,0.012817383
8345,0.0088500995
8346,0.01193237
8347,0.009552004
8348,0.010742186
8349,0.007385256
8350,0.0011901837
8351,-0.0030822735
8352,-0.008666992
8353,-0.011199949
8354,-0.015411373
8355,-0.015869137
8356,-0.015380859
8357,-0.014312733
8358,-0.014068611
8359,-0.017608635
8360,-0.019592304
8361,-0.025604233
8362,-0.030609142
8363,-0.03512571
8364,-0.037170418
8365,-0.03564451
8366,-0.031951897
8367,-0.026794426
8368,-0.020019531
8369,-0.014465332
8370,-0.008483902
8371,-0.0058593825
8372,-0.0016174391
8373,0.00289917
8374,0.013122544
8375,0.022277854
8376,0.031341545
8377,0.04077152
8378,0.04724122
8379,0.050781272
8380,0.05130005
8381,0.04833985
8382,0.048980705
8383,0.043792717
8384,0.03939819
8385,0.030578611
8386,0.021575928
8387,0.012634279
8388,0.0032043448
8389,-0.0043640123
8390,-0.014007568
8391,-0.019714355
8392,-0.026794434
8393,-0.028015139
8394,-0.029785149
8395,-0.030212406
8396,-0.03015136
8397,-0.030700669
8398,-0.03170774
8399,-0.032287594
8400,-0.033294696
8401,-0.03039553
8402,-0.026977554
8403,-0.0213013
8404,-0.014282241
8405,-0.00634769
8406,0.0015258715
8407,0.008392345
8408,0.013427753
8409,0.017272975
8410,0.017578118
8411,0.018127475
8412,0.018951405
8413,0.017761238
8414,0.018402077
8415,0.013763431
8416,0.012817368
8417,0.008880619
8418,0.008514423
8419,0.011383079
8420,0.009063732
8421,0.01300049
8422,0.011749255
8423,0.018524159
8424,0.022582997
8425,0.028717041
8426,0.031585686
8427,0.033966064
8428,0.040466305
8429,0.041961674
8430,0.048217766
8431,0.04260254
8432,0.045104973
8433,0.038085945
8434,0.033325195
8435,0.024719235
8436,0.014801033
8437,0.0049743652
8438,-0.0035094917
8439,-0.010955811
8440,-0.014556885
8441,-0.01815797
8442,-0.01986695
8443,-0.022094723
8444,-0.024017336
8445,-0.026184093
8446,-0.026153564
8447,-0.024139402
8448,-0.020202635
8449,-0.013610834
8450,-0.0081481915
8451,-0.0036315885
8452,-0.0025939909
8453,-0.0065917955
8454,-0.013397215
8455,-0.018890383
8456,-0.024597168
8457,-0.028167725
8458,-0.032562252
8459,-0.035400387
8460,-0.036865227
8461,-0.040710453
8462,-0.042053208
8463,-0.043029785
8464,-0.042358372
8465,-0.043334946
8466,-0.041748002
8467,-0.04031372
8468,-0.032531723
8469,-0.024871834
8470,-0.011383072
8471,0.003234841
8472,0.019927952
8473,0.039215095
8474,0.054779038
8475,0.06835938
8476,0.08044432
8477,0.089080825
8478,0.09851074
8479,0.10299685
8480,0.108306885
8481,0.110199004
8482,0.10961915
8483,0.10568239
8484,0.095214844
8485,0.08105469
8486,0.06607054
8487,0.047668427
8488,0.03552243
8489,0.016296387
8490,0.008361816
8491,-0.0075683445
8492,-0.014312714
8493,-0.026458755
8494,-0.034240723
8495,-0.03894046
8496,-0.04156494
8497,-0.03942874
8498,-0.03677369
8499,-0.031707786
8500,-0.026824959
8501,-0.0218506
8502,-0.01928714
8503,-0.018219002
8504,-0.019317664
8505,-0.02026368
8506,-0.023498558
8507,-0.026611332
8508,-0.031127915
8509,-0.035827637
8510,-0.03897094
8511,-0.045928955
8512,-0.04742431
8513,-0.051849365
8514,-0.05178833
8515,-0.05169678
8516,-0.053161625
8517,-0.049713127
8518,-0.05035401
8519,-0.04547117
8520,-0.044738777
8521,-0.04379269
8522,-0.041900642
8523,-0.040801987
8524,-0.036224365
8525,-0.032867454
8526,-0.02645874
8527,-0.022247322
8528,-0.017150864
8529,-0.014373764
8530,-0.010986313
8531,-0.0056457445
8532,-0.0032348335
8533,0.0062866285
8534,0.01156617
8535,0.022369374
8536,0.027374245
8537,0.03253173
8538,0.036682103
8539,0.041168205
8540,0.044708237
8541,0.047729507
8542,0.04617311
8543,0.04660035
8544,0.04522706
8545,0.04626465
8546,0.044982918
8547,0.044128418
8548,0.04562379
8549,0.048217766
8550,0.052337658
8551,0.048889145
8552,0.047546387
8553,0.04553219
8554,0.04434202
8555,0.04751584
8556,0.04348755
8557,0.043273926
8558,0.044006363
8559,0.03811647
8560,0.03823851
8561,0.02532959
8562,0.024658188
8563,0.017364487
8564,0.012054443
8565,0.0069274604
8566,0.0038452148
8567,-0.00030517578
8568,-0.0022888333
8569,-0.009918198
8570,-0.007232666
8571,-0.02020263
8572,-0.026947007
8573,-0.03945923
8574,-0.05651854
8575,-0.068908684
8576,-0.08654785
8577,-0.090301506
8578,-0.09890747
8579,-0.10156251
8580,-0.10336304
8581,-0.10388183
8582,-0.10638428
8583,-0.100219734
8584,-0.102081314
8585,-0.09817505
8586,-0.09686279
8587,-0.08917238
8588,-0.08087157
8589,-0.070190445
8590,-0.056976303
8591,-0.04345706
8592,-0.030090332
8593,-0.019104019
8594,-0.006225571
8595,0.0064697266
8596,0.02355957
8597,0.03759767
8598,0.05239865
8599,0.06439211
8600,0.07321165
8601,0.07604982
8602,0.07437135
8603,0.067199685
8604,0.05938721
8605,0.049285874
8606,0.039550778
8607,0.0343628
8608,0.026489254
8609,0.022644065
8610,0.015502956
8611,0.012084968
8612,0.0071105957
8613,0.0036620945
8614,0.0012512095
8615,0.001861576
8616,0.001190152
8617,0.0052185208
8618,-9.1575086e-05
8619,0.0041809343
8620,0.0023498423
8621,-0.013610832
8622,-0.012054455
8623,-0.0292053
8624,-0.016998298
8625,-0.030670136
8626,-0.025360145
8627,-0.024566643
8628,-0.018341072
8629,-0.014251716
8630,-0.014251724
8631,-0.019683838
8632,-0.018920891
8633,-0.0148315355
8634,-0.0075683594
8635,0.0021362454
8636,0.009948738
8637,0.02215578
8638,0.03225708
8639,0.043823257
8640,0.053527847
8641,0.06167604
8642,0.06597901
8643,0.06903076
8644,0.064849846
8645,0.060943596
8646,0.049621582
8647,0.04171753
8648,0.031341553
8649,0.018829346
8650,0.007232666
8651,-0.00091552734
8652,-0.0047607403
8653,-0.007904053
8654,-0.008972166
8655,-0.010345459
8656,-0.009063719
8657,-0.008880615
8658,-0.0050964355
8659,-0.0026855469
8660,0.0027770977
8661,0.0095825195
8662,0.016113285
8663,0.022674564
8664,0.025634762
8665,0.030731212
8666,0.031707767
8667,0.032012958
8668,0.026855461
8669,0.02404787
8670,0.02005006
8671,0.019042984
8672,0.017883293
8673,0.017669685
8674,0.02044677
8675,0.02041626
8676,0.023345947
8677,0.025390632
8678,0.02725222
8679,0.030975357
8680,0.031311035
8681,0.03372194
8682,0.034790054
8683,0.037689194
8684,0.044769287
8685,0.04837036
8686,0.054107666
8687,0.056671157
8688,0.05746463
8689,0.054656968
8690,0.04870607
8691,0.04351805
8692,0.03067018
8693,0.012756333
8694,0.0010376126
8695,-0.014160186
8696,-0.033264145
8697,-0.07653809
8698,-0.12936401
8699,-0.18893434
8700,-0.2602539
8701,-0.3317566
8702,-0.41491702
8703,-0.49362174
8704,-0.5686035
8705,-0.64263916
8706,-0.7165525
8707,-0.79016125
8708,-0.8316344
8709,-0.8544316
8710,-0.80361927
8711,-0.703583
8712,-0.5270078
8713,-0.3122865
8714,-0.07043433
8715,0.19738752
8716,0.45281988
8717,0.7009579
8718,0.925354
8719,1.1228939
8720,1.2980652
8721,1.4441526
8722,1.5585022
8723,1.6317445
8724,1.6573794
8725,1.6363828
8726,1.5732727
8727,1.4790037
8728,1.3592527
8729,1.2182615
8730,1.04776
8731,0.8347776
8732,0.5815127
8733,0.28161597
8734,-0.048217535
8735,-0.381958
8736,-0.6958004
8737,-0.9772644
8738,-1.2081907
8739,-1.3761597
8740,-1.4717103
8741,-1.5104675
8742,-1.4909059
8743,-1.4255981
8744,-1.3319702
8745,-1.2388916
8746,-1.1617125
8747,-1.1185608
8748,-1.0955808
8749,-1.0824585
8750,-1.075134
8751,-1.0485535
8752,-0.9823606
8753,-0.8428955
8754,-0.62969947
8755,-0.34402478
8756,-0.0025023222
8757,0.364563
8758,0.7377012
8759,1.0779725
8760,1.356323
8761,1.5402528
8762,1.6188352
8763,1.5868835
8764,1.4490662
8765,1.2178649
8766,0.908722
8767,0.5516052
8768,0.18182376
8769,-0.16473378
8770,-0.4575806
8771,-0.6785581
8772,-0.82019037
8773,-0.87881464
8774,-0.86273205
8775,-0.7840271
8776,-0.66049194
8777,-0.51449585
8778,-0.35562122
8779,-0.20205697
8780,-0.055755436
8781,0.06979373
8782,0.17269903
8783,0.24600208
8784,0.28546116
8785,0.2956543
8786,0.27825925
8787,0.24542235
8788,0.19821166
8789,0.14816278
8790,0.10446167
8791,0.06936644
8792,0.042114243
8793,0.0194702
8794,0.004760757
8795,-0.013244614
8796,-0.02658081
8797,-0.043212876
8798,-0.05487059
8799,-0.06619266
8800,-0.073394746
8801,-0.068603545
8802,-0.06201169
8803,-0.050567627
8804,-0.043182373
8805,-0.030944794
8806,-0.017730743
8807,-0.0010681152
8808,0.01852414
8809,0.042114213
8810,0.06954953
8811,0.10116571
8812,0.1316223
8813,0.16226195
8814,0.18762206
8815,0.21026611
8816,0.22775266
8817,0.24447635
8818,0.25906372
8819,0.27105716
8820,0.26672363
8821,0.24810791
8822,0.20291138
8823,0.13995361
8824,0.06048584
8825,-0.016326904
8826,-0.07604979
8827,-0.11804198
8828,-0.13613892
8829,-0.14407349
8830,-0.13812256
8831,-0.123443596
8832,-0.10260011
8833,-0.07861327
8834,-0.059539817
8835,-0.044738747
8836,-0.030578643
8837,-0.016998254
8838,0.00097654015
8839,0.015197754
8840,0.03170775
8841,0.047851562
8842,0.067779526
8843,0.085510254
8844,0.10128784
8845,0.1156006
8846,0.119659424
8847,0.11566162
8848,0.09442136
8849,0.060394287
8850,0.01965329
8851,-0.029632568
8852,-0.07122806
8853,-0.11154174
8854,-0.13775633
8855,-0.15130614
8856,-0.15188597
8857,-0.1394348
8858,-0.11810301
8859,-0.090972885
8860,-0.056488045
8861,-0.025878906
8862,0.005523663
8863,0.02023317
8864,0.029296871
8865,0.02075196
8866,0.0047607245
8867,-0.019805908
8868,-0.04614259
8869,-0.06845093
8870,-0.08908082
8871,-0.09698485
8872,-0.09799194
8873,-0.089172356
8874,-0.08059692
8875,-0.07339477
8876,-0.061431885
8877,-0.04995726
8878,-0.029998772
8879,-0.010070801
8880,0.015624985
8881,0.045349106
8882,0.07272338
8883,0.09820555
8884,0.11099244
8885,0.114868164
8886,0.107849136
8887,0.09350586
8888,0.0758667
8889,0.062103257
8890,0.052948017
8891,0.05175782
8892,0.053131104
8893,0.057617195
8894,0.063507095
8895,0.06542967
8896,0.063934326
8897,0.057373032
8898,0.049438506
8899,0.04260254
8900,0.037323013
8901,0.03353882
8902,0.028350845
8903,0.024169922
8904,0.011871368
8905,0.0005798489
8906,-0.022735596
8907,-0.04168701
8908,-0.060516387
8909,-0.07385255
8910,-0.078430206
8911,-0.081207275
8912,-0.076629646
8913,-0.07385253
8914,-0.06735229
8915,-0.059814446
8916,-0.054382317
8917,-0.049896233
8918,-0.046783447
8919,-0.041717537
8920,-0.035461426
8921,-0.027679447
8922,-0.017669678
8923,-0.0051574726
8924,0.010375977
8925,0.022735601
8926,0.03509522
8927,0.04504394
8928,0.058349613
8929,0.064361565
8930,0.06707766
8931,0.06463619
8932,0.06393435
8933,0.0580139
8934,0.046966568
8935,0.03372194
8936,0.022888184
8937,0.004150383
8938,-0.0010071024
8939,-0.017944358
8940,-0.025115974
8941,-0.036041267
8942,-0.048339836
8943,-0.051269513
8944,-0.060852043
8945,-0.059661865
8946,-0.055908225
8947,-0.053710938
8948,-0.04360962
8949,-0.04425049
8950,-0.045410156
8951,-0.053955093
8952,-0.06433106
8953,-0.07409667
8954,-0.08773805
8955,-0.10003662
8956,-0.10946658
8957,-0.11480713
8958,-0.11834717
8959,-0.12191774
8960,-0.12301634
8961,-0.12164307
8962,-0.12173462
8963,-0.120025635
8964,-0.11364746
8965,-0.1010437
8966,-0.08404541
8967,-0.06652832
8968,-0.04373166
8969,-0.019897461
8970,0.002380401
8971,0.01889038
8972,0.032073975
8973,0.04849243
8974,0.056518555
8975,0.061920136
8976,0.056671143
8977,0.04904172
8978,0.04345706
8979,0.037017792
8980,0.036743224
8981,0.03753662
8982,0.03884895
8983,0.04525757
8984,0.043457076
8985,0.049621567
8986,0.05130005
8987,0.051757798
8988,0.056549072
8989,0.054534927
8990,0.063995376
8991,0.066436775
8992,0.07846071
8993,0.09054566
8994,0.107116714
8995,0.1191101
8996,0.12356567
8997,0.12826538
8998,0.1293335
8999,0.11538697
9000,0.121795654
9001,0.08755496
9002,0.0819397
9003,0.046142586
9004,0.025909416
9005,0.0060424656
9006,-0.025299087
9007,-0.027709965
9008,-0.037536617
9009,-0.03723145
9010,-0.030456528
9011,-0.027801506
9012,-0.012237519
9013,-0.0014648288
9014,0.014617927
9015,0.0270691
9016,0.03784179
9017,0.045928955
9018,0.04574585
9019,0.042480454
9020,0.03320311
9021,0.024322495
9022,0.014862031
9023,0.008392319
9024,0.003692612
9025,-0.0022583008
9026,-0.0073242188
9027,-0.0131225735
9028,-0.011962861
9029,-0.009307876
9030,-0.002685517
9031,0.003265366
9032,0.0075378716
9033,0.012054428
9034,0.014434844
9035,0.014526367
9036,0.016449004
9037,0.015472412
9038,0.018676773
9039,0.019958481
9040,0.022705093
9041,0.022766098
9042,0.018188506
9043,0.011108384
9044,0.002532974
9045,-0.006439224
9046,-0.014373779
9047,-0.02160643
9048,-0.027709961
9049,-0.035949707
9050,-0.041564927
9051,-0.04922484
9052,-0.050689675
9053,-0.056152336
9054,-0.056213364
9055,-0.057647683
9056,-0.06173706
9057,-0.06906127
9058,-0.07977295
9059,-0.0909424
9060,-0.100006096
9061,-0.10467531
9062,-0.101928696
9063,-0.09249879
9064,-0.07592772
9065,-0.054992653
9066,-0.029815644
9067,-0.0064086504
9068,0.01748661
9069,0.038116485
9070,0.05694581
9071,0.06945801
9072,0.0784912
9073,0.07769774
9074,0.07971191
9075,0.07330321
9076,0.07031249
9077,0.06295776
9078,0.06335448
9079,0.060272217
9080,0.05276486
9081,0.034637474
9082,0.015289299
9083,0.0036316253
9084,-0.0068969764
9085,-0.01614378
9086,-0.035644535
9087,-0.053894036
9088,-0.07070924
9089,-0.072052
9090,-0.06668091
9091,-0.050994873
9092,-0.02426147
9093,0.042480476
9094,0.116607666
9095,0.18368527
9096,0.22616574
9097,0.25744635
9098,0.2739563
9099,0.25762948
9100,0.21173096
9101,0.13650525
9102,0.04940799
9103,-0.04144287
9104,-0.12591559
9105,-0.20037846
9106,-0.2610169
9107,-0.30499268
9108,-0.3385315
9109,-0.3545227
9110,-0.3591919
9111,-0.34988406
9112,-0.33538818
9113,-0.3123169
9114,-0.2857667
9115,-0.25341806
9116,-0.21475235
9117,-0.16839615
9118,-0.11859149
9119,-0.067322016
9120,-0.018005311
9121,0.03253165
9122,0.075012326
9123,0.11138913
9124,0.14340222
9125,0.16534424
9126,0.18344109
9127,0.18762209
9128,0.18981928
9129,0.18164062
9130,0.16806029
9131,0.15399168
9132,0.1390686
9133,0.12551878
9134,0.1121521
9135,0.09750365
9136,0.08859254
9137,0.07766724
9138,0.07107545
9139,0.06521608
9140,0.061431885
9141,0.05670168
9142,0.048950195
9143,0.042541508
9144,0.03347779
9145,0.020935055
9146,0.0105896
9147,9.152293e-05
9148,-0.008544929
9149,-0.009796154
9150,-0.012176525
9151,-0.008361805
9152,-0.00878907
9153,-0.0036010519
9154,-0.005432114
9155,-0.005981434
9156,-0.009399403
9157,-0.008087158
9158,-0.0020446517
9159,-0.006225597
9160,0.003753662
9161,-0.00039673224
9162,0.004272472
9163,0.006988503
9164,0.0021362193
9165,0.0033874288
9166,-0.00094603375
9167,-0.0009765513
9168,0.0026245192
9169,0.00012207776
9170,0.0045166016
9171,0.007141117
9172,-0.002166748
9173,-0.004882833
9174,-0.017028807
9175,-0.022033695
9176,-0.032165512
9177,-0.035858147
9178,-0.038909905
9179,-0.036865227
9180,-0.03063965
9181,-0.022399899
9182,-0.012664797
9183,-0.0046997056
9184,0.009033202
9185,0.018157959
9186,0.027008059
9187,0.032592773
9188,0.030090336
9189,0.029479984
9190,0.02615358
9191,0.027770992
9192,0.02908326
9193,0.029113773
9194,0.03079224
9195,0.03289794
9196,0.03338622
9197,0.031829815
9198,0.0231018
9199,0.02114869
9200,0.01629635
9201,0.010284454
9202,0.003814675
9203,-0.007202111
9204,-0.016906738
9205,-0.031188946
9206,-0.043884277
9207,-0.054382335
9208,-0.06350707
9209,-0.06762695
9210,-0.06762695
9211,-0.0663147
9212,-0.057434082
9213,-0.049468994
9214,-0.038330067
9215,-0.026916504
9216,-0.018890373
9217,-0.010803226
9218,-0.0050354004
9219,0.0016479418
9220,0.009185776
9221,0.011444071
9222,0.01818847
9223,0.022613527
9224,0.029144295
9225,0.034210213
9226,0.03143311
9227,0.025543215
9228,0.014587402
9229,0.008087157
9230,-3.0517578e-05
9231,-0.0053100567
9232,-0.011047363
9233,-0.012817381
9234,-0.015045168
9235,-0.012054443
9236,-0.008361817
9237,0.00073242
9238,0.008178709
9239,0.023498533
9240,0.0387268
9241,0.061492927
9242,0.09475706
9243,0.11981202
9244,0.12811278
9245,0.10543824
9246,0.061706528
9247,-0.024475083
9248,-0.1505432
9249,-0.27679443
9250,-0.37289426
9251,-0.405365
9252,-0.38525385
9253,-0.31121817
9254,-0.21908563
9255,-0.13088971
9256,-0.063446164
9257,-0.012298435
9258,0.02532953
9259,0.06637573
9260,0.10549921
9261,0.14947496
9262,0.18756098
9263,0.22604363
9264,0.25668335
9265,0.28320312
9266,0.29519653
9267,0.29125977
9268,0.27178955
9269,0.23776245
9270,0.19763184
9271,0.15365599
9272,0.11087036
9273,0.07482913
9274,0.045440644
9275,0.023162872
9276,0.0013733059
9277,-0.025115937
9278,-0.058685303
9279,-0.10205079
9280,-0.16091917
9281,-0.22198486
9282,-0.26953122
9283,-0.2914734
9284,-0.29211426
9285,-0.25204468
9286,-0.1517944
9287,-0.01101682
9288,0.12942505
9289,0.22579958
9290,0.25872803
9291,0.23919678
9292,0.18255612
9293,0.10836792
9294,0.036590584
9295,0.0337829
9296,0.17541516
9297,0.43124366
9298,0.7178956
9299,0.9171139
9300,0.96157837
9301,0.86154133
9302,0.62026966
9303,0.29916364
9304,-0.059783995
9305,-0.378174
9306,-0.6025084
9307,-0.72140497
9308,-0.75354
9309,-0.7141114
9310,-0.6644897
9311,-0.6025391
9312,-0.54241943
9313,-0.4715271
9314,-0.40063477
9315,-0.34420776
9316,-0.3005066
9317,-0.25827032
9318,-0.21536246
9319,-0.16473389
9320,-0.115356475
9321,-0.07827753
9322,-0.060669094
9323,-0.07134998
9324,-0.10873437
9325,-0.1654967
9326,-0.23355111
9327,-0.29229718
9328,-0.3353575
9329,-0.34417725
9330,-0.31390375
9331,-0.2479555
9332,-0.148987
9333,-0.04068035
9334,0.06326288
9335,0.15734845
9336,0.22451782
9337,0.28414914
9338,0.31900027
9339,0.3585206
9340,0.3958435
9341,0.4377137
9342,0.48196423
9343,0.51727295
9344,0.5445862
9345,0.5521546
9346,0.5386963
9347,0.4974671
9348,0.42938235
9349,0.34146118
9350,0.2438662
9351,0.14477518
9352,0.05227664
9353,-0.03360012
9354,-0.10726935
9355,-0.17065448
9356,-0.21939094
9357,-0.2543946
9358,-0.26947016
9359,-0.2725219
9360,-0.25820917
9361,-0.22970581
9362,-0.18588255
9363,-0.13241577
9364,-0.08532714
9365,-0.032562267
9366,0.0051574707
9367,0.038421605
9368,0.055480957
9369,0.061401322
9370,0.06002807
9371,0.043029778
9372,0.02636721
9373,0.0013732873
9374,-0.020446766
9375,-0.04699707
9376,-0.073913574
9377,-0.101074226
9378,-0.123565674
9379,-0.1396179
9380,-0.14941405
9381,-0.14791869
9382,-0.13989255
9383,-0.122222885
9384,-0.1047363
9385,-0.083038315
9386,-0.06295775
9387,-0.04019162
9388,-0.017456055
9389,0.001800552
9390,0.023895264
9391,0.041442886
9392,0.06121827
9393,0.0744324
9394,0.08779906
9395,0.095459014
9396,0.099304184
9397,0.09887697
9398,0.092254624
9399,0.08404541
9400,0.06890869
9401,0.053466797
9402,0.032073975
9403,0.006378174
9404,-0.01672363
9405,-0.041473385
9406,-0.057464607
9407,-0.071746826
9408,-0.07788085
9409,-0.07760618
9410,-0.07946777
9411,-0.07824704
9412,-0.07794188
9413,-0.075683564
9414,-0.07312012
9415,-0.07025145
9416,-0.06161499
9417,-0.04895021
9418,-0.03366089
9419,-0.016571045
9420,0.003478989
9421,0.025390625
9422,0.049804658
9423,0.07348632
9424,0.09713742
9425,0.11566162
9426,0.12948607
9427,0.14053346
9428,0.1459961
9429,0.15032959
9430,0.14474486
9431,0.14129639
9432,0.12902829
9433,0.12332153
9434,0.11151123
9435,0.10650636
9436,0.096160874
9437,0.09103395
9438,0.07666013
9439,0.06845093
9440,0.055023134
9441,0.0473938
9442,0.028747499
9443,0.028717041
9444,0.0028686225
9445,-0.0010681301
9446,-0.0155029
9447,-0.018829346
9448,-0.019256577
9449,-0.024841294
9450,-0.009063706
9451,-0.0014343262
9452,0.007232666
9453,0.009521484
9454,0.0025024414
9455,-0.004272461
9456,-0.022003159
9457,-0.039459214
9458,-0.062377915
9459,-0.07437134
9460,-0.08297728
9461,-0.08862307
9462,-0.09027098
9463,-0.09127811
9464,-0.08694455
9465,-0.079833984
9466,-0.07162473
9467,-0.062316895
9468,-0.05599975
9469,-0.053131104
9470,-0.05239868
9471,-0.054840095
9472,-0.057739265
9473,-0.059448242
9474,-0.054718032
9475,-0.059692383
9476,-0.047546405
9477,-0.05114747
9478,-0.045776386
9479,-0.049041755
9480,-0.05218505
9481,-0.04528807
9482,-0.04840085
9483,-0.040740952
9484,-0.03448485
9485,-0.02609253
9486,-0.018432617
9487,-0.016174346
9488,-0.015411407
9489,-0.016601607
9490,-0.018859878
9491,-0.022705108
9492,-0.026153564
9493,-0.02734375
9494,-0.026367173
9495,-0.01959227
9496,-0.010284409
9497,0.0030822605
9498,0.015838653
9499,0.031555146
9500,0.046478316
9501,0.06011959
9502,0.070404075
9503,0.074096665
9504,0.07394409
9505,0.06530765
9506,0.05935667
9507,0.04812625
9508,0.04504393
9509,0.04113771
9510,0.043975823
9511,0.046722405
9512,0.050750732
9513,0.053405765
9514,0.049377438
9515,0.041351322
9516,0.030883785
9517,0.018432619
9518,0.0048217736
9519,-0.0069580153
9520,-0.016204836
9521,-0.02230835
9522,-0.025024416
9523,-0.022705078
9524,-0.021789553
9525,-0.018554688
9526,-0.0178833
9527,-0.0145874005
9528,-0.015930178
9529,-0.015899654
9530,-0.017974855
9531,-0.02200317
9532,-0.025909418
9533,-0.027435303
9534,-0.027191162
9535,-0.030181877
9536,-0.034515392
9537,-0.038207985
9538,-0.03793336
9539,-0.03756713
9540,-0.032318123
9541,-0.026214585
9542,-0.016418442
9543,-0.0066833347
9544,0.0022583082
9545,0.015380904
9546,0.024627678
9547,0.03665164
9548,0.04721068
9549,0.059783943
9550,0.069213845
9551,0.078277595
9552,0.078857414
9553,0.07879639
9554,0.07476808
9555,0.07012938
9556,0.06399536
9557,0.052917458
9558,0.04339599
9559,0.03225708
9560,0.022247285
9561,0.015838653
9562,0.00863646
9563,0.0018921122
9564,-0.0023498684
9565,-0.011627216
9566,-0.019012474
9567,-0.033599854
9568,-0.041748066
9569,-0.05041504
9570,-0.049865738
9571,-0.047515847
9572,-0.04006958
9573,-0.029968264
9574,-0.01751709
9575,-0.005249027
9576,0.0053100586
9577,0.017578132
9578,0.02740477
9579,0.033630397
9580,0.03375244
9581,0.030883808
9582,0.025390636
9583,0.019592296
9584,0.013000514
9585,0.008911148
9586,0.00689698
9587,0.0061950423
9588,0.004730195
9589,0.0013732798
9590,-0.0013122857
9591,-0.00070191175
9592,0.0007934496
9593,0.0027160756
9594,0.0019226074
9595,0.00067137927
9596,-0.0035095364
9597,-0.0070190616
9598,-0.014007583
9599,-0.018371578
9600,-0.020874012
9601,-0.021575913
9602,-0.023376461
9603,-0.027923573
9604,-0.032958973
9605,-0.040588375
9606,-0.052001953
9607,-0.061584473
9608,-0.07324219
9609,-0.07876587
9610,-0.08639525
9611,-0.085388176
9612,-0.08798218
9613,-0.08563231
9614,-0.08377075
9615,-0.07843016
9616,-0.07519534
9617,-0.06863403
9618,-0.06289673
9619,-0.055542007
9620,-0.051727295
9621,-0.04821776
9622,-0.04089357
9623,-0.033996567
9624,-0.022857666
9625,-0.013244629
9626,0.002899155
9627,0.015838638
9628,0.0350952
9629,0.053344756
9630,0.07015991
9631,0.08395388
9632,0.097869866
9633,0.10952762
9634,0.1227417
9635,0.12857056
9636,0.13726807
9637,0.13870238
9638,0.13656616
9639,0.13333128
9640,0.12658691
9641,0.115814194
9642,0.09854126
9643,0.08007811
9644,0.059753448
9645,0.0383911
9646,0.028259307
9647,0.011688232
9648,0.016723663
9649,0.010620117
9650,0.022247344
9651,0.023590088
9652,0.021148711
9653,0.01657106
9654,0.002166763
9655,-0.008087158
9656,-0.02160643
9657,-0.032348618
9658,-0.044311494
9659,-0.05307006
9660,-0.05996701
9661,-0.06509398
9662,-0.07141112
9663,-0.07122802
9664,-0.07211305
9665,-0.06927491
9666,-0.073272705
9667,-0.07382202
9668,-0.07537843
9669,-0.075531
9670,-0.07556153
9671,-0.07528687
9672,-0.07369994
9673,-0.066101074
9674,-0.059967026
9675,-0.0527649
9676,-0.046997078
9677,-0.04037474
9678,-0.03433229
9679,-0.027282715
9680,-0.02090457
9681,-0.012695298
9682,-0.0072632134
9683,0.0036926419
9684,0.011779763
9685,0.022186294
9686,0.027130112
9687,0.033630364
9688,0.04055787
9689,0.04702756
9690,0.0553589
9691,0.060272202
9692,0.065765396
9693,0.06729126
9694,0.06924438
9695,0.07046509
9696,0.071685776
9697,0.07312013
9698,0.07040405
9699,0.06781006
9700,0.06277465
9701,0.058197007
9702,0.05337522
9703,0.045043945
9704,0.040161133
9705,0.029205337
9706,0.020538323
9707,0.0068359375
9708,0.0015258938
9709,-0.010345466
9710,-0.012756355
9711,-0.02227784
9712,-0.029266365
9713,-0.033691406
9714,-0.0399475
9715,-0.036804203
9716,-0.03610227
9717,-0.03234864
9718,-0.025695793
9719,-0.020874042
9720,-0.01452636
9721,-0.015747087
9722,-0.021942146
9723,-0.030151375
9724,-0.03845215
9725,-0.04312133
9726,-0.042449944
9727,-0.036560055
9728,-0.029327393
9729,-0.01739502
9730,-0.0073547345
9731,0.0010681144
9732,0.0057373056
9733,0.0071105957
9734,0.008880615
9735,0.0046691904
9736,-0.001739501
9737,-0.009887694
9738,-0.016418457
9739,-0.022247314
9740,-0.027099608
9741,-0.031036384
9742,-0.03689575
9743,-0.037872322
9744,-0.03744508
9745,-0.032775886
9746,-0.026824955
9747,-0.017761223
9748,-0.004730236
9749,0.00842287
9750,0.016479507
9751,0.025024433
9752,0.024353039
9753,0.027191164
9754,0.025268555
9755,0.024780266
9756,0.020660391
9757,0.0203247
9758,0.01757812
9759,0.011474609
9760,0.0062561017
9761,-0.0018615723
9762,-0.0052490234
9763,-0.012420654
9764,-0.013732908
9765,-0.01071167
9766,-0.0074157715
9767,-0.0048217773
9768,-0.0032958984
9769,-0.0028381385
9770,-0.0021972656
9771,-0.0042419396
9772,-0.0061645545
9773,-0.0065307654
9774,-0.005676262
9775,-0.0025329553
9776,0.004394537
9777,0.01358031
9778,0.027160639
9779,0.036773674
9780,0.05004882
9781,0.051849373
9782,0.053832997
9783,0.047546394
9784,0.037445065
9785,0.028289806
9786,0.010070795
9787,-0.0024719276
9788,-0.017272947
9789,-0.026153572
9790,-0.034576416
9791,-0.043060306
9792,-0.046478275
9793,-0.049407963
9794,-0.046783447
9795,-0.046813965
9796,-0.041259762
9797,-0.03585817
9798,-0.023803707
9799,-0.010192875
9800,0.0016479641
9801,0.010559071
9802,0.016082764
9803,0.01675415
9804,0.01559449
9805,0.010070823
9806,0.0061035305
9807,0.0003662184
9808,-0.005310055
9809,-0.00814819
9810,-0.011016842
9811,-0.008758541
9812,-0.010192875
9813,-0.0113220215
9814,-0.010589603
9815,-0.011260975
9816,-0.0060119927
9817,-0.0065613016
9818,-0.0068359636
9819,-0.007659886
9820,-0.0085754655
9821,-0.0039062276
9822,-0.0031738281
9823,0.0026550442
9824,0.008697521
9825,0.017822264
9826,0.02667236
9827,0.033386216
9828,0.03912353
9829,0.04638672
9830,0.047546387
9831,0.051757816
9832,0.04977417
9833,0.055419933
9834,0.061004642
9835,0.06768799
9836,0.07336426
9837,0.07495118
9838,0.07406618
9839,0.075347915
9840,0.06677246
9841,0.05883792
9842,0.047973663
9843,0.04147342
9844,0.03515625
9845,0.027557373
9846,0.019073457
9847,0.016052261
9848,0.010131821
9849,0.005493164
9850,-0.0030517727
9851,-0.008605987
9852,-0.015655518
9853,-0.018615738
9854,-0.026031464
9855,-0.029785171
9856,-0.0386047
9857,-0.04568483
9858,-0.054687466
9859,-0.06744386
9860,-0.07681273
9861,-0.08767702
9862,-0.09277342
9863,-0.09933472
9864,-0.09667968
9865,-0.09591676
9866,-0.0906677
9867,-0.08804323
9868,-0.08447263
9869,-0.0806885
9870,-0.07611081
9871,-0.07037355
9872,-0.060516357
9873,-0.048706084
9874,-0.032775894
9875,-0.017425567
9876,-0.004119888
9877,0.009979233
9878,0.020111091
9879,0.03131102
9880,0.038940445
9881,0.049041726
9882,0.06048584
9883,0.070739724
9884,0.07467651
9885,0.07910157
9886,0.078430176
9887,0.076782234
9888,0.07128907
9889,0.06262207
9890,0.054077156
9891,0.042877194
9892,0.03112793
9893,0.020355232
9894,0.0058593564
9895,-0.004272446
9896,-0.014648454
9897,-0.019073468
9898,-0.02230835
9899,-0.019958496
9900,-0.017852781
9901,-0.010345463
9902,-0.0046081506
9903,-0.0021362286
9904,-0.0011901837
9905,-0.0066528292
9906,-0.010681152
9907,-0.016418455
9908,-0.020935062
9909,-0.02420044
9910,-0.028747559
9911,-0.029815674
9912,-0.03225707
9913,-0.031616215
9914,-0.031036362
9915,-0.02529908
9916,-0.02050779
9917,-0.010437019
9918,-0.0020446703
9919,0.0055847075
9920,0.010833735
9921,0.01174926
9922,0.013122549
9923,0.01071167
9924,0.0074157696
9925,0.0061035138
9926,0.0032653827
9927,0.0018920898
9928,0.0025024451
9929,0.002166748
9930,0.005981449
9931,0.006439208
9932,0.007781985
9933,0.009979248
9934,0.0069274902
9935,0.0036621094
9936,-0.0042419434
9937,-0.012237541
9938,-0.0237732
9939,-0.034240726
9940,-0.042572036
9941,-0.046966556
9942,-0.046691924
9943,-0.04849246
9944,-0.04327394
9945,-0.04061892
9946,-0.033935525
9947,-0.027465813
9948,-0.017150864
9949,-0.0049438477
9950,0.010498073
9951,0.024627686
9952,0.036529563
9953,0.046478268
9954,0.049285896
9955,0.054718032
9956,0.054962166
9957,0.05853273
9958,0.0635681
9959,0.06613159
9960,0.06890869
9961,0.06582639
9962,0.06408693
9963,0.053344708
9964,0.041168243
9965,0.027435299
9966,0.016906742
9967,0.011291504
9968,0.0069274753
9969,0.0029297173
9970,0.0029296838
9971,0.0040283278
9972,0.009399384
9973,0.015167251
9974,0.017303474
9975,0.025787361
9976,0.02536013
9977,0.027313262
9978,0.021637
9979,0.012329124
9980,0.0018921047
9981,-0.010467529
9982,-0.017456066
9983,-0.025817893
9984,-0.029602062
9985,-0.033966098
9986,-0.037902847
9987,-0.04486086
9988,-0.049011216
9989,-0.055267334
9990,-0.05792235
9991,-0.061645504
9992,-0.061614994
9993,-0.064880356
9994,-0.06723024
9995,-0.0715332
9996,-0.07592776
9997,-0.076629646
9998,-0.07672121
9999,-0.068359375
10000,-0.063079834
10001,-0.050140396
10002,-0.03762813
10003,-0.020721436
10004,-0.007232651
10005,0.004119858
10006,0.015014641
10007,0.024841316
10008,0.040832497
10009,0.05410766
10010,0.06866455
10011,0.07601927
10012,0.0809021
10013,0.078491196
10014,0.071868904
10015,0.059814453
10016,0.049896248
10017,0.039794926
10018,0.033111572
10019,0.029174805
10020,0.02633667
10021,0.025878904
10022,0.024719246
10023,0.024963371
10024,0.025817879
10025,0.025329597
10026,0.025573745
10027,0.021972656
10028,0.016601562
10029,0.008422863
10030,-0.0011901967
10031,-0.0068359524
10032,-0.014770526
10033,-0.018310547
10034,-0.02154541
10035,-0.022888178
10036,-0.021667471
10037,-0.021301268
10038,-0.016784659
10039,-0.012145998
10040,-0.0064392053
10041,0.0017089825
10042,0.0076904427
10043,0.014404289
10044,0.016967777
10045,0.022094712
10046,0.02349855
10047,0.025451645
10048,0.024322525
10049,0.023406986
10050,0.024688732
10051,0.020996127
10052,0.020935059
10053,0.017425567
10054,0.01638794
10055,0.01550293
10056,0.010498047
10057,0.0113220215
10058,0.009948723
10059,0.012359619
10060,0.010375962
10061,0.009155266
10062,0.009857163
10063,0.008209214
10064,0.010131836
10065,0.009704575
10066,0.0119629055
10067,0.013122544
10068,0.012207046
10069,0.009490974
10070,0.0027465746
10071,-0.005249001
10072,-0.013580345
10073,-0.023406986
10074,-0.03381349
10075,-0.04067995
10076,-0.04541016
10077,-0.04718019
10078,-0.04937744
10079,-0.050811768
10080,-0.048706055
10081,-0.046081543
10082,-0.044372555
10083,-0.045471184
10084,-0.043334957
10085,-0.04321289
10086,-0.04138184
10087,-0.04360961
10088,-0.04498292
10089,-0.047882058
10090,-0.051635735
10091,-0.05502317
10092,-0.055358864
10093,-0.057006814
10094,-0.053344697
10095,-0.04769896
10096,-0.039550766
10097,-0.02792357
10098,-0.018920898
10099,-0.0075683445
10100,0.0039062425
10101,0.011016846
10102,0.025024392
10103,0.027618408
10104,0.03811644
10105,0.041442867
10106,0.045776337
10107,0.050445594
10108,0.048797607
10109,0.050659202
10110,0.04656981
10111,0.04345704
10112,0.037597656
10113,0.03390503
10114,0.029052733
10115,0.027862549
10116,0.023590088
10117,0.026733398
10118,0.025024416
10119,0.025939941
10120,0.01992798
10121,0.014251707
10122,0.006469726
10123,-0.001434328
10124,-0.009002686
10125,-0.0147094745
10126,-0.019012451
10127,-0.020263674
10128,-0.023925781
10129,-0.026519774
10130,-0.030151362
10131,-0.033325184
10132,-0.035156257
10133,-0.03506468
10134,-0.029510505
10135,-0.02453611
10136,-0.016937263
10137,-0.011962872
10138,-0.003967285
10139,-0.00030517578
10140,0.007385254
10141,0.015624989
10142,0.02700805
10143,0.033874493
10144,0.042144775
10145,0.041900635
10146,0.044128418
10147,0.035461426
10148,0.033447266
10149,0.030090334
10150,0.027099611
10151,0.029022224
10152,0.023620602
10153,0.023559574
10154,0.017944321
10155,0.0133056715
10156,0.005676247
10157,-0.0051574633
10158,-0.012817394
10159,-0.021545395
10160,-0.027709957
10161,-0.038177487
10162,-0.044189453
10163,-0.049774162
10164,-0.04928589
10165,-0.05187987
10166,-0.048400883
10167,-0.045288082
10168,-0.034973163
10169,-0.024047863
10170,-0.0150451735
10171,-0.0075988993
10172,-0.0063476562
10173,-0.002655048
10174,-0.0012817271
10175,-0.0011291467
10176,0.000732407
10177,0.0023193248
10178,0.0067443848
10179,0.007385269
10180,0.013580341
10181,0.016052257
10182,0.021575939
10183,0.023559568
10184,0.024230957
10185,0.026580805
10186,0.024414055
10187,0.027465813
10188,0.025939938
10189,0.027465822
10190,0.030334473
10191,0.0340271
10192,0.04168702
10193,0.04281617
10194,0.04568482
10195,0.0446167
10196,0.0412903
10197,0.03659059
10198,0.027099624
10199,0.023345944
10200,0.02020266
10201,0.024200454
10202,0.025787376
10203,0.026733384
10204,0.026977547
10205,0.02050779
10206,0.014801048
10207,0.00070189685
10208,-0.00784301
10209,-0.017028816
10210,-0.026367195
10211,-0.02798462
10212,-0.033508286
10213,-0.027954109
10214,-0.030151356
10215,-0.029632583
10216,-0.027709935
10217,-0.029388452
10218,-0.023864744
10219,-0.023864752
10220,-0.019317636
10221,-0.013702389
10222,-0.011199959
10223,-0.00637817
10224,-0.009094237
10225,-0.009613034
10226,-0.0123901395
10227,-0.016113278
10228,-0.020599367
10229,-0.024719238
10230,-0.026031498
10231,-0.02908325
10232,-0.025787354
10233,-0.02694702
10234,-0.0211792
10235,-0.019104004
10236,-0.016387943
10237,-0.013336174
10238,-0.01208498
10239,-0.0073852465
10240,-0.005859386
10241,0.003540052
10242,0.013000482
10243,0.024719236
10244,0.032287598
10245,0.03793335
10246,0.044342045
10247,0.04397583
10248,0.043304443
10249,0.03286743
10250,0.026519775
10251,0.016357422
10252,0.0040893555
10253,-0.008453368
10254,-0.022949217
10255,-0.0234375
10256,-0.02871704
10257,-0.024597168
10258,-0.025695799
10259,-0.015747068
10260,-0.010467529
10261,-0.009002686
10262,-0.014343261
10263,-0.02212524
10264,-0.02905273
10265,-0.03735351
10266,-0.048034664
10267,-0.027740479
10268,-0.043670654
10269,-0.029052734
10270,-0.029479984
10271,-0.01583863
10272,-0.007537838
10273,-0.018310547
10274,-0.011108406
10275,-0.009826653
10276,-0.006744392
10277,-0.0012512133
10278,-0.002532944
10279,-0.0059204027
10280,-0.0037536249
10281,-0.008331299
10282,-0.006347649
10283,-0.004791267
10284,0.0035095066
10285,0.009277359
10286,0.022705067
10287,0.022979744
10288,0.026519753
10289,0.029327385
10290,0.029724099
10291,0.04071044
10292,0.033477783
10293,0.04257202
10294,0.055145256
10295,0.07040407
10296,0.08416748
10297,0.08135987
10298,0.077545166
10299,0.069274895
10300,0.060821548
10301,0.056518562
10302,0.043151855
10303,0.04171753
10304,0.03433226
10305,0.038513184
10306,0.03161618
10307,0.032348633
10308,0.028808564
10309,0.029083267
10310,0.020935029
10311,0.013488814
10312,-0.0032348782
10313,-0.017517075
10314,-0.0274048
10315,-0.039337173
10316,-0.04077147
10317,-0.042724654
10318,-0.039367646
10319,-0.031951945
10320,-0.029052716
10321,-0.036926292
10322,-0.03747558
10323,-0.04321292
10324,-0.04180909
10325,-0.040893555
10326,-0.04058837
10327,-0.030975334
10328,-0.032501206
10329,-0.026672363
10330,-0.021606443
10331,-0.018890377
10332,-0.01901245
10333,-0.016113281
10334,-0.009246825
10335,-0.00656128
10336,-0.007110598
10337,-0.010009766
10338,-0.01199341
10339,-0.016204834
10340,-0.019165039
10341,-0.013519288
10342,-0.00842285
10343,-0.0020446805
10344,-0.0018615723
10345,-0.0020141583
10346,0.003479004
10347,-6.1033294e-05
10348,0.0038146982
10349,-0.0035705534
10350,-0.0057678195
10351,0.0010375995
10352,0.0013427767
10353,0.011962891
10354,-0.00088500674
10355,0.009765625
10356,0.017944338
10357,0.021820066
10358,0.018493652
10359,0.014831543
10360,0.015014648
10361,0.00082397694
10362,-0.009429932
10363,-0.021392822
10364,-0.018127441
10365,-0.033172607
10366,-0.031249994
10367,-0.033447266
10368,-0.022247307
10369,-0.01821899
10370,-0.019256584
10371,-0.011901867
10372,-0.007873528
10373,-0.011932403
10374,-0.018646233
10375,-0.030090362
10376,-0.032958984
10377,-0.053009033
10378,-0.06408694
10379,-0.08468628
10380,-0.096008316
10381,-0.11077881
10382,-0.11346437
10383,-0.11883542
10384,-0.10763553
10385,-0.09820554
10386,-0.083221465
10387,-0.0656738
10388,-0.045043975
10389,-0.015960723
10390,0.00881961
10391,0.028167695
10392,0.04830937
10393,0.06658934
10394,0.077117965
10395,0.10528566
10396,0.11227416
10397,0.13726807
10398,0.14645386
10399,0.1437378
10400,0.15200806
10401,0.1232605
10402,0.12252809
10403,0.09301758
10404,0.07904054
10405,0.06060791
10406,0.048553493
10407,0.04986571
10408,0.043396
10409,0.024261475
10410,0.015838604
10411,0.009796135
10412,-0.0021057539
10413,-0.01586911
10414,-0.029663108
10415,-0.028259253
10416,-0.039276145
10417,-0.042449944
10418,-0.041198738
10419,-0.02435302
10420,-0.0069275014
10421,0.012390152
10422,0.03808591
10423,0.044921905
10424,0.06881711
10425,0.059265144
10426,0.05599975
10427,0.049438484
10428,0.031738304
10429,0.021881111
10430,-0.0017700046
10431,-0.025512688
10432,-0.030944794
10433,-0.04537962
10434,-0.0369873
10435,-0.039947517
10436,-0.035583507
10437,-0.016326897
10438,-0.027923593
10439,-0.015960705
10440,-0.02517701
10441,-0.009826671
10442,-0.0051879883
10443,0.0076293945
10444,0.01678465
10445,0.02233886
10446,0.03479005
10447,0.045440704
10448,0.061523445
10449,0.046203643
10450,0.058136
10451,0.06106572
10452,0.06185913
10453,0.076049834
10454,0.06671141
10455,0.08642578
10456,0.07922362
10457,0.05374144
10458,0.006469704
10459,-0.07199098
10460,-0.15701295
10461,-0.24862671
10462,-0.33602905
10463,-0.41644293
10464,-0.49301147
10465,-0.5752868
10466,-0.6350403
10467,-0.6795652
10468,-0.6970823
10469,-0.6613158
10470,-0.580902
10471,-0.42572033
10472,-0.22790527
10473,0.0055844784
10474,0.23892212
10475,0.45385718
10476,0.64169323
10477,0.80847156
10478,0.9201356
10479,1.0231627
10480,1.0918884
10481,1.1286316
10482,1.1887513
10483,1.1610413
10484,1.1552433
10485,1.0612792
10486,0.98425317
10487,0.9021913
10488,0.75381446
10489,0.607208
10490,0.3919065
10491,0.16491675
10492,-0.11154199
10493,-0.42703283
10494,-0.73687744
10495,-1.0101014
10496,-1.2142029
10497,-1.3232118
10498,-1.36203
10499,-1.3460999
10500,-1.2800903
10501,-1.2236938
10502,-1.1373901
10503,-1.0571597
10504,-0.9430845
10505,-0.79293865
10506,-0.5968931
10507,-0.3358767
10508,-0.045348883
10509,0.24572763
10510,0.5103456
10511,0.71981835
10512,0.87939453
10513,0.9651185
10514,0.9958189
10515,0.96807873
10516,0.90841675
10517,0.8008729
10518,0.66787714
10519,0.4991457
10520,0.32580572
10521,0.116089046
10522,-0.08728045
10523,-0.29754627
10524,-0.51303095
10525,-0.7072142
10526,-0.8879395
10527,-1.000366
10528,-1.0621644
10529,-1.0592955
10530,-0.99539185
10531,-0.87808216
10532,-0.6999513
10533,-0.49313343
10534,-0.27072155
10535,-0.053772032
10536,0.15975952
10537,0.33700556
10538,0.47357213
10539,0.5545956
10540,0.5849308
10541,0.5719298
10542,0.52291894
10543,0.45312485
10544,0.37469494
10545,0.29739377
10546,0.233612
10547,0.18609618
10548,0.15884393
10549,0.15161136
10550,0.16873169
10551,0.20010379
10552,0.24581912
10553,0.2839661
10554,0.31521606
10555,0.33319092
10556,0.3229981
10557,0.29003894
10558,0.22335821
10559,0.14456165
10560,0.056976408
10561,-0.025848508
10562,-0.089599594
10563,-0.1436462
10564,-0.16796869
10565,-0.18136586
10566,-0.16473383
10567,-0.13818361
10568,-0.100433335
10569,-0.06478883
10570,-0.039276093
10571,-0.028137207
10572,-0.040130585
10573,-0.07009888
10574,-0.117004395
10575,-0.15554808
10576,-0.17849731
10577,-0.17297365
10578,-0.14617918
10579,-0.10668948
10580,-0.0635986
10581,-0.03366092
10582,-0.018157952
10583,-0.0180054
10584,-0.023712173
10585,-0.03237915
10586,-0.030731216
10587,-0.020050064
10588,-1.4901161e-08
10589,0.028869633
10590,0.068054184
10591,0.10635376
10592,0.14776608
10593,0.17437747
10594,0.20169066
10595,0.21273808
10596,0.22149655
10597,0.22680663
10598,0.22799689
10599,0.22268674
10600,0.21698007
10601,0.20098877
10602,0.17654425
10603,0.13867188
10604,0.09017947
10605,0.041870058
10606,-0.013610929
10607,-0.058685362
10608,-0.09161383
10609,-0.11328119
10610,-0.12487793
10611,-0.1263428
10612,-0.12957759
10613,-0.11413585
10614,-0.121978715
10615,-0.11535649
10616,-0.12207034
10617,-0.13064574
10618,-0.14050296
10619,-0.16116332
10620,-0.16253665
10621,-0.16485594
10622,-0.16723634
10623,-0.15652466
10624,-0.15689088
10625,-0.14114383
10626,-0.13348389
10627,-0.116424575
10628,-0.10699463
10629,-0.092987046
10630,-0.07312012
10631,-0.062499985
10632,-0.02835083
10633,-0.008636475
10634,0.032775864
10635,0.05450438
10636,0.082824685
10637,0.1051941
10638,0.12286374
10639,0.13391113
10640,0.1423645
10641,0.13775636
10642,0.13272093
10643,0.11846925
10644,0.093872055
10645,0.06600954
10646,0.03692625
10647,0.010528574
10648,-0.012146002
10649,-0.027801514
10650,-0.034301758
10651,-0.033050537
10652,-0.028900139
10653,-0.022033691
10654,-0.011505129
10655,-0.0038146991
10656,0.005706789
10657,0.0139160175
10658,0.014953613
10659,0.018127441
10660,0.0072021466
10661,0.005920412
10662,-0.015594486
10663,-0.020965576
10664,-0.018859865
10665,-0.02429199
10666,-0.017730711
10667,-0.028991697
10668,-0.01968384
10669,-0.017974854
10670,-0.021575928
10671,-0.013244631
10672,-0.021636965
10673,-0.008941652
10674,-0.0004882794
10675,-0.00033569336
10676,0.004364012
10677,-0.008300789
10678,-0.005706776
10679,-0.011962902
10680,-0.008544909
10681,0.00326537
10682,0.015045181
10683,0.036987305
10684,0.05111695
10685,0.06625366
10686,0.07278443
10687,0.07080078
10688,0.06652832
10689,0.05429077
10690,0.046661384
10691,0.033752434
10692,0.0206604
10693,0.009643525
10694,-0.006378185
10695,-0.015228305
10696,-0.028198238
10697,-0.04037476
10698,-0.05291748
10699,-0.06518555
10700,-0.06842041
10701,-0.06683348
10702,-0.063110344
10703,-0.057373036
10704,-0.05316162
10705,-0.049407955
10706,-0.04745481
10707,-0.04568482
10708,-0.05212401
10709,-0.048706084
10710,-0.051696785
10711,-0.041381843
10712,-0.03668213
10713,-0.02917479
10714,-0.019470222
10715,-0.01846312
10716,-0.003356941
10717,0.0075683594
10718,0.0152282715
10719,0.014068589
10720,0.017486565
10721,0.022369377
10722,0.027465835
10723,0.019165039
10724,0.0077514723
10725,-0.012420662
10726,-0.025482193
10727,-0.030639634
10728,-0.030151397
10729,-0.026306137
10730,-0.027435318
10731,-0.028656006
10732,-0.034057602
10733,-0.03863527
10734,-0.047393784
10735,-0.057800293
10736,-0.060760528
10737,-0.06967163
10738,-0.06784059
10739,-0.067993194
10740,-0.057617188
10741,-0.04675296
10742,-0.026977524
10743,-0.004180923
10744,0.020080566
10745,0.04159546
10746,0.0545654
10747,0.06124878
10748,0.065917954
10749,0.06823732
10750,0.07196044
10751,0.07077029
10752,0.07211303
10753,0.072387725
10754,0.0677185
10755,0.06292727
10756,0.055358876
10757,0.050201423
10758,0.051818818
10759,0.05270385
10760,0.066162094
10761,0.06860353
10762,0.08471679
10763,0.09487917
10764,0.108612046
10765,0.120788604
10766,0.12158199
10767,0.13241577
10768,0.12643431
10769,0.11978151
10770,0.100494385
10771,0.07876587
10772,0.051330566
10773,0.027801514
10774,0.0026855618
10775,-0.018066406
10776,-0.035736084
10777,-0.04309082
10778,-0.04586792
10779,-0.040801972
10780,-0.038085952
10781,-0.031677246
10782,-0.033782974
10783,-0.033935577
10784,-0.03286743
10785,-0.028198257
10786,-0.021331757
10787,-0.012603745
10788,0.0013733059
10789,0.008209258
10790,0.01593019
10791,0.016265899
10792,0.015869156
10793,0.01065065
10794,-0.0025024265
10795,-0.009796113
10796,-0.019256577
10797,-0.027404755
10798,-0.031463623
10799,-0.040435754
10800,-0.034179702
10801,-0.035858132
10802,-0.028961167
10803,-0.025299087
10804,-0.025665276
10805,-0.012481689
10806,-0.023071293
10807,-0.015350334
10808,-0.02938845
10809,-0.031677224
10810,-0.03784182
10811,-0.04617309
10812,-0.04003907
10813,-0.039489746
10814,-0.02246093
10815,-0.007415764
10816,0.009002678
10817,0.019378662
10818,0.02368164
10819,0.028625492
10820,0.019958489
10821,0.02127074
10822,0.01168824
10823,0.012146011
10824,0.0069580115
10825,0.0028991587
10826,0.0027771145
10827,-0.00067139417
10828,0.00027465448
10829,0.00030513853
10830,-0.0029907152
10831,-0.009857185
10832,-0.018096944
10833,-0.027008051
10834,-0.035003655
10835,-0.04244993
10836,-0.047332756
10837,-0.051971428
10838,-0.05178833
10839,-0.047973637
10840,-0.04156494
10841,-0.029846191
10842,-0.019012453
10843,-0.004211424
10844,0.008880613
10845,0.019134523
10846,0.03237915
10847,0.03933716
10848,0.04681397
10849,0.049926758
10850,0.05041504
10851,0.044158947
10852,0.04086304
10853,0.031585697
10854,0.027252205
10855,0.0103454515
10856,0.0013733059
10857,-0.013153087
10858,-0.019989
10859,-0.020812992
10860,-0.03863526
10861,-0.034576416
10862,-0.021484382
10863,-0.0054626465
10864,0.0070495605
10865,0.0072936974
10866,0.03363037
10867,0.0022582952
10868,0.022247316
10869,-0.0066528358
10870,-0.0026550277
10871,-0.032684326
10872,-0.051879883
10873,-0.044891357
10874,-0.055023193
10875,-0.049316414
10876,-0.048889164
10877,-0.049713142
10878,-0.04647827
10879,-0.029724129
10880,-0.025970452
10881,0.0009460449
10882,0.00897219
10883,0.02743531
10884,0.04013063
10885,0.04244995
10886,0.037933335
10887,0.023437494
10888,0.0066223107
10889,-0.008941645
10890,-0.02722168
10891,-0.043884277
10892,-0.06826782
10893,-0.07693482
10894,-0.09518434
10895,-0.102203384
10896,-0.10614017
10897,-0.11041263
10898,-0.10116579
10899,-0.10137944
10900,-0.08605957
10901,-0.07498172
10902,-0.059570312
10903,-0.043273956
10904,-0.025512695
10905,-0.0070495456
10906,0.01266478
10907,0.034698486
10908,0.05538939
10909,0.080963135
10910,0.09698485
10911,0.11325073
10912,0.119842514
10913,0.124176025
10914,0.12069701
10915,0.11914061
10916,0.108795166
10917,0.10498047
10918,0.09420778
10919,0.0874939
10920,0.07952881
10921,0.06600951
10922,0.05401612
10923,0.036621083
10924,0.024383537
10925,0.013916019
10926,0.0007018931
10927,-0.0076598935
10928,-0.02029422
10929,-0.029541012
10930,-0.03952029
10931,-0.04922485
10932,-0.054962166
10933,-0.06655884
10934,-0.06832884
10935,-0.07040407
10936,-0.06625365
10937,-0.06448366
10938,-0.062347412
10939,-0.055755615
10940,-0.051971436
10941,-0.04269407
10942,-0.036926255
10943,-0.026916496
10944,-0.018920876
10945,-0.008209258
10946,0.004394524
10947,0.016021714
10948,0.024932854
10949,0.035705555
10950,0.038391113
10951,0.045135487
10952,0.04714966
10953,0.049682602
10954,0.048980705
10955,0.043975823
10956,0.042938232
10957,0.0371399
10958,0.032806404
10959,0.028503424
10960,0.023162842
10961,0.018341064
10962,0.012420652
10963,0.011169434
10964,0.011596678
10965,0.007110594
10966,0.0069580097
10967,0.0058898926
10968,0.009368898
10969,0.011749268
10970,0.014923092
10971,0.023284912
10972,0.027374264
10973,0.03186034
10974,0.03201292
10975,0.030395504
10976,0.028686535
10977,0.023529049
10978,0.016082771
10979,0.008972164
10980,0.0027160794
10981,0.00064084306
10982,-0.0018310398
10983,0.0025939755
10984,0.005462639
10985,0.006378159
10986,0.0019531362
10987,-0.0021972768
10988,-0.0058593787
10989,-0.012878407
10990,-0.021789528
10991,-0.027435303
10992,-0.032501213
10993,-0.03015136
10994,-0.03262329
10995,-0.025543215
10996,-0.020721445
10997,-0.010437019
10998,0.00030518696
10999,0.00991822
11000,0.020355228
11001,0.029785164
11002,0.036621094
11003,0.043060303
11004,0.04306028
11005,0.044280984
11006,0.03884884
11007,0.03427121
11008,0.027954087
11009,0.024536148
11010,0.016082771
11011,0.009277388
11012,0.0013427809
11013,-0.005950883
11014,-0.014953621
11015,-0.026092488
11016,-0.03326417
11017,-0.046142563
11018,-0.05685426
11019,-0.071380615
11020,-0.082092285
11021,-0.08963012
11022,-0.091552734
11023,-0.08804323
11024,-0.08377075
11025,-0.08236696
11026,-0.08331301
11027,-0.0917664
11028,-0.10903932
11029,-0.13479617
11030,-0.16363524
11031,-0.19107062
11032,-0.19915766
11033,-0.17160043
11034,-0.10476677
11035,-0.018127516
11036,0.076141424
11037,0.17886347
11038,0.24148558
11039,0.2435913
11040,0.19277947
11041,0.14401244
11042,0.13143916
11043,0.20989981
11044,0.38113403
11045,0.61358637
11046,0.8125
11047,0.9115294
11048,0.8871767
11049,0.7343141
11050,0.5046694
11051,0.24700916
11052,0.011841118
11053,-0.17840588
11054,-0.31564313
11055,-0.40710467
11056,-0.46670532
11057,-0.51214606
11058,-0.54437256
11059,-0.5588073
11060,-0.5605469
11061,-0.5552063
11062,-0.55718994
11063,-0.5636292
11064,-0.5651549
11065,-0.5389406
11066,-0.47024524
11067,-0.36401385
11068,-0.23168924
11069,-0.096557856
11070,0.017456025
11071,0.09118658
11072,0.11349487
11073,0.08584601
11074,0.022094727
11075,-0.05606085
11076,-0.12738019
11077,-0.17318738
11078,-0.19290131
11079,-0.18252581
11080,-0.15542585
11081,-0.115752995
11082,-0.067108035
11083,-0.013610631
11084,0.050170958
11085,0.119629174
11086,0.1969299
11087,0.27722186
11088,0.35351562
11089,0.4219665
11090,0.46768194
11091,0.49215692
11092,0.48718262
11093,0.45437616
11094,0.39694214
11095,0.3190918
11096,0.23452762
11097,0.15258789
11098,0.08898929
11099,0.03845215
11100,0.001159668
11101,-0.01272583
11102,-0.015289336
11103,-0.019744858
11104,-0.039428696
11105,-0.06488037
11106,-0.08306885
11107,-0.090148956
11108,-0.08929443
11109,-0.08471681
11110,-0.07778929
11111,-0.05810547
11112,-0.022308335
11113,0.014068589
11114,0.05575563
11115,0.08877559
11116,0.11203003
11117,0.11846921
11118,0.10247803
11119,0.06466673
11120,0.0032959133
11121,-0.07229613
11122,-0.14675902
11123,-0.21737668
11124,-0.27035522
11125,-0.3103943
11126,-0.3296814
11127,-0.32666016
11128,-0.30621338
11129,-0.26712036
11130,-0.2197876
11131,-0.15917969
11132,-0.09237671
11133,-0.02178958
11134,0.04870607
11135,0.11016841
11136,0.15823367
11137,0.1931457
11138,0.21734619
11139,0.23284909
11140,0.23986818
11141,0.23648071
11142,0.23184204
11143,0.21697998
11144,0.20037843
11145,0.1755676
11146,0.1493225
11147,0.12408444
11148,0.09844971
11149,0.07684323
11150,0.055633545
11151,0.030090332
11152,0.008666992
11153,-0.016113281
11154,-0.034179702
11155,-0.05267334
11156,-0.06927493
11157,-0.08074951
11158,-0.09509279
11159,-0.10473633
11160,-0.116607666
11161,-0.12207031
11162,-0.12417601
11163,-0.118499756
11164,-0.11206053
11165,-0.10241701
11166,-0.09573364
11167,-0.08905032
11168,-0.08398436
11169,-0.07806398
11170,-0.07150266
11171,-0.066497825
11172,-0.057678208
11173,-0.050964333
11174,-0.03839112
11175,-0.030487046
11176,-0.022552505
11177,-0.017822266
11178,-0.015380889
11179,-0.013488784
11180,-0.010528594
11181,-0.0067749023
11182,-0.0013733208
11183,0.0015564263
11184,0.0056762546
11185,0.008148223
11186,0.0077514797
11187,0.0077819973
11188,0.008941665
11189,0.009460457
11190,0.010375991
11191,0.01062011
11192,0.013549797
11193,0.017791718
11194,0.020935036
11195,0.027008012
11196,0.03237912
11197,0.043121308
11198,0.05313109
11199,0.064453125
11200,0.07162476
11201,0.074554466
11202,0.07400514
11203,0.06805421
11204,0.059539795
11205,0.04537964
11206,0.032684322
11207,0.018920887
11208,0.008270266
11209,-0.0029907338
11210,-0.01437377
11211,-0.028076181
11212,-0.03945922
11213,-0.047088623
11214,-0.05218506
11215,-0.047546376
11216,-0.04272461
11217,-0.032134995
11218,-0.027435295
11219,-0.018402077
11220,-0.013885491
11221,-0.011138912
11222,-0.008880626
11223,-0.009460453
11224,-0.006896969
11225,-0.0034484752
11226,0.0049133077
11227,0.018310558
11228,0.027618416
11229,0.043518074
11230,0.051391598
11231,0.06332396
11232,0.06961058
11233,0.07400512
11234,0.07778929
11235,0.077148445
11236,0.07736202
11237,0.07107547
11238,0.06475827
11239,0.05178836
11240,0.036254868
11241,0.02066043
11242,0.0049743503
11243,-0.0075683296
11244,-0.023071282
11245,-0.03536985
11246,-0.04882814
11247,-0.060150154
11248,-0.07138063
11249,-0.080047615
11250,-0.08694459
11251,-0.09085083
11252,-0.0932007
11253,-0.09118652
11254,-0.089263916
11255,-0.08508303
11256,-0.080657974
11257,-0.07409671
11258,-0.06466676
11259,-0.05783081
11260,-0.047760025
11261,-0.04122922
11262,-0.029785186
11263,-0.020599335
11264,-0.010101348
11265,-0.002380371
11266,0.0009765178
11267,0.00970456
11268,0.013244614
11269,0.021850549
11270,0.023681656
11271,0.026641808
11272,0.029357925
11273,0.029785171
11274,0.03128051
11275,0.029235817
11276,0.030303944
11277,0.030914307
11278,0.03128054
11279,0.032653823
11280,0.032440208
11281,0.040130623
11282,0.043640144
11283,0.054901116
11284,0.062957756
11285,0.07312012
11286,0.0803833
11287,0.085540764
11288,0.09039305
11289,0.087738045
11290,0.08560179
11291,0.07989502
11292,0.07299802
11293,0.06442262
11294,0.052520737
11295,0.04254152
11296,0.031646714
11297,0.023803756
11298,0.011993393
11299,0.00195314
11300,-0.0105896
11301,-0.017822266
11302,-0.028015152
11303,-0.032623306
11304,-0.03314209
11305,-0.032470696
11306,-0.027191184
11307,-0.020751938
11308,-0.010772698
11309,-0.003295891
11310,0.0027160794
11311,0.009155288
11312,0.008697495
11313,0.010559082
11314,0.007385254
11315,0.0052185208
11316,0.004272446
11317,0.0031738281
11318,0.0025939643
11319,0.0024719238
11320,0.0008239597
11321,0.0010375679
11322,-0.0018615723
11323,-0.010375991
11324,-0.011962861
11325,-0.019042976
11326,-0.016632065
11327,-0.017364495
11328,-0.015136696
11329,-0.012054458
11330,-0.011505112
11331,-0.009948753
11332,-0.012756325
11333,-0.016449012
11334,-0.021179177
11335,-0.020202644
11336,-0.02352902
11337,-0.027557395
11338,-0.036254864
11339,-0.041107185
11340,-0.04769896
11341,-0.051910415
11342,-0.05166626
11343,-0.050720222
11344,-0.044311523
11345,-0.044769283
11346,-0.04116822
11347,-0.044525146
11348,-0.046630867
11349,-0.04864503
11350,-0.052825943
11351,-0.054382335
11352,-0.05715944
11353,-0.059204087
11354,-0.06030275
11355,-0.063446015
11356,-0.058380157
11357,-0.053253144
11358,-0.03900148
11359,-0.026031464
11360,-0.009429932
11361,0.0050964504
11362,0.017822288
11363,0.029907234
11364,0.03884889
11365,0.04812623
11366,0.05181884
11367,0.058624268
11368,0.06018068
11369,0.064758286
11370,0.0625
11371,0.05764769
11372,0.047698975
11373,0.033203125
11374,0.01727295
11375,-0.002807606
11376,-0.018127441
11377,-0.03338623
11378,-0.043792732
11379,-0.05532838
11380,-0.06250001
11381,-0.07083134
11382,-0.07675174
11383,-0.08258061
11384,-0.08551027
11385,-0.08837895
11386,-0.087524414
11387,-0.084289566
11388,-0.07824707
11389,-0.06796265
11390,-0.05618286
11391,-0.03817749
11392,-0.019989029
11393,0.0016174316
11394,0.019897431
11395,0.036956787
11396,0.052978486
11397,0.065032974
11398,0.07418822
11399,0.08346559
11400,0.0920105
11401,0.1001587
11402,0.10122681
11403,0.10272216
11404,0.100982666
11405,0.095092766
11406,0.08627319
11407,0.075408936
11408,0.06808472
11409,0.06011962
11410,0.05755616
11411,0.0546875
11412,0.056640618
11413,0.057708748
11414,0.06030272
11415,0.063018836
11416,0.061431877
11417,0.061706573
11418,0.05804442
11419,0.05441284
11420,0.04763791
11421,0.03918457
11422,0.029693559
11423,0.019378647
11424,0.009155244
11425,-0.0012817234
11426,-0.010284394
11427,-0.018371567
11428,-0.026000947
11429,-0.031524643
11430,-0.042022668
11431,-0.047760025
11432,-0.055175774
11433,-0.057525665
11434,-0.058898933
11435,-0.057098415
11436,-0.05404664
11437,-0.052886963
11438,-0.05062864
11439,-0.054016106
11440,-0.052368157
11441,-0.057098385
11442,-0.05648803
11443,-0.05859374
11444,-0.058380127
11445,-0.05541992
11446,-0.053894043
11447,-0.048553467
11448,-0.04541017
11449,-0.036773704
11450,-0.029907256
11451,-0.018005408
11452,-0.007934593
11453,0.0057372972
11454,0.019378677
11455,0.030548096
11456,0.04238893
11457,0.050109863
11458,0.059082046
11459,0.064819336
11460,0.07122803
11461,0.076110825
11462,0.075500496
11463,0.07598877
11464,0.07003783
11465,0.06576538
11466,0.056426995
11467,0.04724122
11468,0.038513176
11469,0.026794434
11470,0.019042991
11471,0.00973513
11472,0.0043640435
11473,-0.0029601902
11474,-0.0067443773
11475,-0.010559052
11476,-0.0091247335
11477,-0.012664765
11478,-0.008911118
11479,-0.012023918
11480,-0.011932362
11481,-0.014801033
11482,-0.019989006
11483,-0.01950077
11484,-0.022064224
11485,-0.018005393
11486,-0.01782228
11487,-0.016571064
11488,-0.018524177
11489,-0.020568836
11490,-0.026641848
11491,-0.032745358
11492,-0.03656005
11493,-0.042022698
11494,-0.043121334
11495,-0.045623776
11496,-0.04315186
11497,-0.04147338
11498,-0.041503906
11499,-0.03967285
11500,-0.03735351
11501,-0.03338623
11502,-0.029113747
11503,-0.024688743
11504,-0.023529038
11505,-0.022613518
11506,-0.020935066
11507,-0.019653313
11508,-0.0146789625
11509,-0.0109252855
11510,-0.0024719313
11511,0.0037841722
11512,0.011077862
11513,0.023040757
11514,0.030822728
11515,0.045410164
11516,0.05480957
11517,0.06710816
11518,0.07452394
11519,0.07574463
11520,0.07492067
11521,0.07116699
11522,0.067230225
11523,0.064147934
11524,0.057281494
11525,0.054016083
11526,0.046447754
11527,0.041107133
11528,0.032989517
11529,0.025909409
11530,0.017974876
11531,0.011840805
11532,0.007659942
11533,0.005004868
11534,0.0021973029
11535,-0.00048826635
11536,-0.006134011
11537,-0.009674087
11538,-0.014801048
11539,-0.016296402
11540,-0.017456047
11541,-0.019104019
11542,-0.020111084
11543,-0.02166748
11544,-0.026153576
11545,-0.031097405
11546,-0.03616333
11547,-0.040252693
11548,-0.042907715
11549,-0.040557884
11550,-0.03259276
11551,-0.020416267
11552,-0.007904056
11553,0.006103497
11554,0.01574706
11555,0.021667477
11556,0.022064205
11557,0.014617939
11558,0.0020751841
11559,-0.014434783
11560,-0.0241089
11561,-0.034423813
11562,-0.036071777
11563,-0.036682136
11564,-0.03567505
11565,-0.03497315
11566,-0.036193848
11567,-0.032318115
11568,-0.03207398
11569,-0.03240967
11570,-0.03762818
11571,-0.043975826
11572,-0.051483177
11573,-0.059234627
11574,-0.06533816
11575,-0.06814577
11576,-0.06851196
11577,-0.06387329
11578,-0.061096177
11579,-0.05551146
11580,-0.054077134
11581,-0.048461914
11582,-0.044128433
11583,-0.03692627
11584,-0.030151382
11585,-0.019622773
11586,-0.010192856
11587,0.0036621243
11588,0.01373291
11589,0.027648926
11590,0.039031968
11591,0.049102783
11592,0.05752562
11593,0.06127929
11594,0.06628417
11595,0.06930542
11596,0.071502686
11597,0.07141115
11598,0.069366455
11599,0.06353761
11600,0.060089126
11601,0.05102539
11602,0.043060303
11603,0.030822746
11604,0.020965572
11605,0.01751709
11606,0.003967285
11607,-0.00067138486
11608,-0.013061523
11609,-0.016296385
11610,-0.021728514
11611,-0.025756842
11612,-0.022949211
11613,-0.02160646
11614,-0.013244621
11615,-0.0075988937
11616,0.0018310621
11617,0.0103454515
11618,0.0206604
11619,0.027465818
11620,0.03253174
11621,0.03427124
11622,0.0357666
11623,0.03317261
11624,0.029693607
11625,0.022369388
11626,0.016143803
11627,0.009246826
11628,0.00317383
11629,-0.0030517597
11630,-0.0100097675
11631,-0.012145997
11632,-0.016479492
11633,-0.013000489
11634,-0.013702394
11635,-0.006958009
11636,-0.006134033
11637,-0.0027465834
11638,-0.0025634766
11639,-0.0038452153
11640,-0.0026550298
11641,-0.0018615723
11642,0.0032348628
11643,0.006866456
11644,0.00790405
11645,0.00997925
11646,0.0054931617
11647,0.0031433133
11648,-0.0028686547
11649,-0.0050964337
11650,-0.004638671
11651,-0.00070190337
11652,0.00592041
11653,0.012298586
11654,0.016418457
11655,0.019287111
11656,0.015930174
11657,0.01373291
11658,0.0056152344
11659,0.0010070782
11660,-0.005859375
11661,-0.012451173
11662,-0.016601562
11663,-0.018249512
11664,-0.015777588
11665,-0.012908936
11666,-0.010192871
11667,-0.0064392076
11668,-0.003601075
11669,-0.0010986319
11670,-0.0016479502
11671,-0.00039672782
11672,-0.0031433115
11673,-0.0025329597
11674,-0.0057067866
11675,-0.007751464
11676,-0.011474609
11677,-0.011047361
11678,-0.011657718
11679,-0.011993407
11680,-0.011688237
11681,-0.009887699
11682,-0.004455571
11683,-0.0035705613
11684,0.0015258817
11685,0.004974363
11686,0.011169435
11687,0.015319826
11688,0.023712156
11689,0.029998781
11690,0.03747558
11691,0.04421998
11692,0.048126217
11693,0.050933838
11694,0.05181884
11695,0.04812622
11696,0.04537964
11697,0.037506104
11698,0.032592773
11699,0.027465843
11700,0.021728508
11701,0.02087406
11702,0.017822258
11703,0.015960708
11704,0.012542702
11705,0.004425049
11706,-0.0006408915
11707,-0.0102234185
11708,-0.016296417
11709,-0.023590118
11710,-0.030578628
11711,-0.031921376
11712,-0.038360592
11713,-0.03829953
11714,-0.04248047
11715,-0.04431151
11716,-0.046844468
11717,-0.048706055
11718,-0.052001953
11719,-0.05236817
11720,-0.052001953
11721,-0.048583984
11722,-0.043975838
11723,-0.040985093
11724,-0.035797127
11725,-0.03399656
11726,-0.032531753
11727,-0.030822735
11728,-0.032806396
11729,-0.029907234
11730,-0.031341568
11731,-0.025756873
11732,-0.022155754
11733,-0.016296417
11734,-0.011413552
11735,-0.008087188
11736,-0.00015257299
11737,0.008422811
11738,0.018859848
11739,0.027496304
11740,0.039093003
11741,0.049041744
11742,0.0621643
11743,0.067901626
11744,0.07553101
11745,0.07406616
11746,0.07293702
11747,0.06622315
11748,0.05996704
11749,0.05065917
11750,0.042358395
11751,0.033111576
11752,0.022521973
11753,0.011261001
11754,0.0016479269
11755,-0.003417965
11756,-0.0077514797
11757,-0.011260975
11758,-0.0151977725
11759,-0.016967762
11760,-0.015991226
11761,-0.018768296
11762,-0.02200318
11763,-0.02651976
11764,-0.026885994
11765,-0.030700685
11766,-0.032104492
11767,-0.034210213
11768,-0.036895752
11769,-0.040435784
11770,-0.049407974
11771,-0.054412838
11772,-0.06033326
11773,-0.06356811
11774,-0.06317141
11775,-0.06381225
11776,-0.056549095
11777,-0.05227658
11778,-0.045257583
11779,-0.04046628
11780,-0.03546141
11781,-0.026367188
11782,-0.023101762
11783,-0.0068969727
11784,-0.00012205541
11785,0.012176499
11786,0.023284897
11787,0.03305053
11788,0.046813935
11789,0.053436253
11790,0.06295775
11791,0.07180785
11792,0.0742798
11793,0.07571411
11794,0.073883064
11795,0.07196044
11796,0.06750488
11797,0.0618286
11798,0.054473877
11799,0.053375233
11800,0.047851562
11801,0.04467775
11802,0.043029793
11803,0.039123572
11804,0.03442382
11805,0.024749793
11806,0.016265854
11807,0.003997825
11808,-0.0050964653
11809,-0.012329087
11810,-0.01687624
11811,-0.021179218
11812,-0.025238048
11813,-0.023742698
11814,-0.02661132
11815,-0.02505495
11816,-0.02566529
11817,-0.023315433
11818,-0.020538323
11819,-0.017272934
11820,-0.014282219
11821,-0.011993408
11822,-0.007873535
11823,-0.005279541
11824,-0.0023498535
11825,-0.003112793
11826,-0.0016479492
11827,-0.0008544922
11828,0.0013122559
11829,0.0025939941
11830,0.0034790114
11831,0.0038757287
11832,0.0049133264
11833,0.0067443848
11834,0.007934563
11835,0.007415775
11836,0.0053710677
11837,0.001800552
11838,-0.00030518323
11839,-0.0066222996
11840,-0.012329109
11841,-0.023010254
11842,-0.032562256
11843,-0.043518066
11844,-0.05297851
11845,-0.0609436
11846,-0.0680542
11847,-0.068237305
11848,-0.06530763
11849,-0.05895996
11850,-0.05160527
11851,-0.042327903
11852,-0.030334495
11853,-0.020507805
11854,-0.009124748
11855,0.0007934831
11856,0.011383068
11857,0.018219039
11858,0.027069107
11859,0.032440208
11860,0.039154053
11861,0.04437255
11862,0.049865708
11863,0.056060776
11864,0.05737304
11865,0.06011962
11866,0.052978516
11867,0.049407963
11868,0.03839111
11869,0.032165535
11870,0.022064202
11871,0.015686035
11872,0.009674061
11873,0.0055542067
11874,0.003295891
11875,-0.00021362677
11876,-0.0019226186
11877,-0.00436401
11878,-0.00866699
11879,-0.012023924
11880,-0.0163269
11881,-0.01733398
11882,-0.018280031
11883,-0.016265867
11884,-0.012298585
11885,-0.0065612793
11886,-0.0010681152
11887,0.0057373066
11888,0.0077209473
11889,0.014343267
11890,0.019378655
11891,0.026702885
11892,0.029937752
11893,0.03222655
11894,0.03286743
11895,0.029357873
11896,0.022857673
11897,0.013824426
11898,0.0071411133
11899,-0.00094607845
11900,-0.0065002367
11901,-0.01602175
11902,-0.019744866
11903,-0.030090334
11904,-0.03656005
11905,-0.04623414
11906,-0.0520935
11907,-0.059356682
11908,-0.061492912
11909,-0.0630188
11910,-0.06210327
11911,-0.061187744
11912,-0.05703736
11913,-0.050872825
11914,-0.042541526
11915,-0.031494156
11916,-0.017211922
11917,-0.0021057278
11918,0.012298562
11919,0.02893065
11920,0.042907715
11921,0.0560913
11922,0.06561279
11923,0.07437134
11924,0.07659913
11925,0.07449341
11926,0.0664673
11927,0.057678215
11928,0.040252697
11929,0.024627678
11930,0.00912476
11931,0.0002746433
11932,-0.009552002
11933,-0.016754158
11934,-0.017700195
11935,-0.014038086
11936,-0.008483887
11937,-0.0065917987
11938,-0.011016848
11939,-0.015197756
11940,-0.022064209
11941,-0.030944828
11942,-0.04046631
11943,-0.04943847
11944,-0.05685425
11945,-0.061126694
11946,-0.06515504
11947,-0.065795876
11948,-0.064208984
11949,-0.06262207
11950,-0.055511475
11951,-0.046905532
11952,-0.037261978
11953,-0.025634795
11954,-0.017547622
11955,-0.0035705864
11956,0.0037841871
11957,0.01538083
11958,0.021728553
11959,0.028900139
11960,0.032043472
11961,0.030670173
11962,0.029998787
11963,0.020751938
11964,0.015533455
11965,0.006256096
11966,0.0015563965
11967,-0.002197273
11968,-0.004852295
11969,-0.004669182
11970,-0.0058899075
11971,-0.0058898777
11972,-0.006439224
11973,-0.008392319
11974,-0.008453377
11975,-0.01187133
11976,-0.011261009
11977,-0.011779785
11978,-0.010864288
11979,-0.009521484
11980,-0.010162368
11981,-0.010131836
11982,-0.0075072944
11983,-0.0059204176
11984,-0.00064082444
11985,0.0032043234
11986,0.0102844685
11987,0.018890355
11988,0.027221687
11989,0.034637406
11990,0.042968746
11991,0.048217744
11992,0.05569458
11993,0.059478752
11994,0.063507095
11995,0.06619264
11996,0.06484985
11997,0.064575195
11998,0.061706536
11999,0.056488037
12000,0.049987774
12001,0.041198723
12002,0.035491936
12003,0.023864731
12004,0.01644899
12005,0.0070800893
12006,0.0015869103
12007,-0.004119877
12008,-0.0068054125
12009,-0.007415753
12010,-0.0049438626
12011,-0.004211433
12012,0.0031738244
12013,0.0071716346
12014,0.01470945
12015,0.021057114
12016,0.028625466
12017,0.038665786
12018,0.041809075
12019,0.04757692
12020,0.04562378
12021,0.042419463
12022,0.034027115
12023,0.018859893
12024,0.00585936
12025,-0.00799562
12026,-0.015716553
12027,-0.020690903
12028,-0.027008072
12029,-0.028381355
12030,-0.032226577
12031,-0.033386238
12032,-0.033386253
12033,-0.033721946
12034,-0.028320324
12035,-0.024078384
12036,-0.014770478
12037,-0.008605942
12038,-0.0021667294
12039,0.002532959
12040,0.0033874623
12041,0.0051269457
12042,0.0044555515
12043,0.0036010817
12044,0.0022278056
12045,-0.0035400204
12046,-0.0044555515
12047,-0.008972146
12048,-0.0052185096
12049,-0.004882816
12050,-0.0017089844
12051,3.0487776e-05
12052,0.0037231483
12053,0.007934529
12054,0.0117798075
12055,0.013702355
12056,0.017791733
12057,0.01879882
12058,0.020904519
12059,0.017608665
12060,0.013061501
12061,0.0077209845
12062,-0.0002746433
12063,-0.00885009
12064,-0.016662575
12065,-0.022613518
12066,-0.027221672
12067,-0.027404822
12068,-0.026397713
12069,-0.020050079
12070,-0.014404297
12071,-0.0041809194
12072,0.0054016337
12073,0.014343251
12074,0.020477325
12075,0.026214577
12076,0.027191147
12077,0.028076142
12078,0.024597153
12079,0.022705056
12080,0.021759048
12081,0.022735573
12082,0.026184097
12083,0.027099624
12084,0.028686553
12085,0.024017349
12086,0.014953628
12087,0.0026855543
12088,-0.0155029
12089,-0.02920533
12090,-0.04400632
12091,-0.05358886
12092,-0.06216428
12093,-0.06848144
12094,-0.07080077
12095,-0.07424926
12096,-0.07666016
12097,-0.07632448
12098,-0.080413826
12099,-0.08148193
12100,-0.08285524
12101,-0.08316039
12102,-0.08197022
12103,-0.087371826
12104,-0.08386232
12105,-0.08666994
12106,-0.085113525
12107,-0.08377078
12108,-0.08135986
12109,-0.07513429
12110,-0.068481475
12111,-0.06060791
12112,-0.052490264
12113,-0.045684814
12114,-0.04083255
12115,-0.03479004
12116,-0.032318085
12117,-0.02407837
12118,-0.018096864
12119,-0.008239716
12120,0.0021973252
12121,0.014556944
12122,0.025360137
12123,0.034515426
12124,0.041809067
12125,0.0491333
12126,0.057739228
12127,0.062744126
12128,0.0670166
12129,0.06710817
12130,0.06732179
12131,0.06744386
12132,0.062988296
12133,0.05804444
12134,0.04855346
12135,0.03988646
12136,0.02767945
12137,0.014404304
12138,-0.00289917
12139,-0.016204804
12140,-0.027435303
12141,-0.03381346
12142,-0.036346436
12143,-0.035186768
12144,-0.030700654
12145,-0.02520755
12146,-0.019103989
12147,-0.012512207
12148,-0.0065307617
12149,-0.0014648587
12150,0.007537827
12151,0.019012444
12152,0.03280639
12153,0.049255367
12154,0.061096195
12155,0.07513426
12156,0.08187868
12157,0.08828735
12158,0.08615114
12159,0.082855225
12160,0.074798584
12161,0.064819336
12162,0.051330563
12163,0.039428703
12164,0.025634766
12165,0.014190672
12166,0.0022583008
12167,-0.004211422
12168,-0.008728027
12169,-0.0095214825
12170,-0.009033203
12171,-0.0050964355
12172,-0.0017700195
12173,0.005065918
12174,0.010833746
12175,0.018554684
12176,0.023437498
12177,0.025878906
12178,0.024383552
12179,0.021667477
12180,0.016876206
12181,0.008087147
12182,0.003051754
12183,-0.0031127818
12184,-0.003234852
12185,-0.004791241
12186,-0.002655007
12187,-0.0018310249
12188,0.0013733134
12189,0.005554214
12190,0.011535659
12191,0.014282241
12192,0.01834105
12193,0.022796623
12194,0.030883789
12195,0.03576658
12196,0.044189423
12197,0.053161584
12198,0.06820677
12199,0.08306883
12200,0.09942627
12201,0.10589598
12202,0.10897827
12203,0.10543826
12204,0.101989746
12205,0.088134766
12206,0.06744385
12207,0.048553437
12208,0.033325195
12209,0.016235262
12210,-0.009918183
12211,-0.05203253
12212,-0.10546872
12213,-0.16329959
12214,-0.2254028
12215,-0.28884888
12216,-0.35891724
12217,-0.41882315
12218,-0.4800111
12219,-0.5403442
12220,-0.60638434
12221,-0.66531354
12222,-0.7026978
12223,-0.7045591
12224,-0.6481018
12225,-0.53488135
12226,-0.369568
12227,-0.17156959
12228,0.039672613
12229,0.2514344
12230,0.4476622
12231,0.62066656
12232,0.7753297
12233,0.910675
12234,1.0328982
12235,1.1369324
12236,1.2204895
12237,1.2767944
12238,1.2916868
12239,1.2658689
12240,1.1998594
12241,1.1054075
12242,0.9968567
12243,0.8670957
12244,0.71038795
12245,0.51751685
12246,0.29226637
12247,0.04186976
12248,-0.22992003
12249,-0.49194384
12250,-0.73538244
12251,-0.9414675
12252,-1.1175537
12253,-1.2523499
12254,-1.35379
12255,-1.416626
12256,-1.4365234
12257,-1.4022827
12258,-1.3132935
12259,-1.1908264
12260,-1.0425416
12261,-0.87893677
12262,-0.69042957
12263,-0.48242176
12264,-0.25643933
12265,-0.01727283
12266,0.22348028
12267,0.46136495
12268,0.6853637
12269,0.8909608
12270,1.0601807
12271,1.1791077
12272,1.2240295
12273,1.1865538
12274,1.0634767
12275,0.8548887
12276,0.5890502
12277,0.27664167
12278,-0.042236328
12279,-0.35385132
12280,-0.6232606
12281,-0.8345946
12282,-0.9757385
12283,-1.0413816
12284,-1.0334473
12285,-0.9544982
12286,-0.825165
12287,-0.65270984
12288,-0.46243298
12289,-0.25756848
12290,-0.06253052
12291,0.11062619
12292,0.24704003
12293,0.33789062
12294,0.3826906
12295,0.3753661
12296,0.3253173
12297,0.23901355
12298,0.13812235
12299,0.037017882
12300,-0.051452726
12301,-0.11257899
12302,-0.14471442
12303,-0.13803068
12304,-0.10140988
12305,-0.033965975
12306,0.05517581
12307,0.15652475
12308,0.26223755
12309,0.35641488
12310,0.43685907
12311,0.48931885
12312,0.50988764
12313,0.49588013
12314,0.44900513
12315,0.38049316
12316,0.29312137
12317,0.19796756
12318,0.10757443
12319,0.02520755
12320,-0.03961186
12321,-0.102386445
12322,-0.14630133
12323,-0.17892458
12324,-0.18984985
12325,-0.18753053
12326,-0.17138672
12327,-0.15307619
12328,-0.13833618
12329,-0.14849854
12330,-0.19323729
12331,-0.26089478
12332,-0.28994754
12333,-0.26400763
12334,-0.18447879
12335,-0.055053756
12336,0.13803098
12337,0.35955805
12338,0.53134155
12339,0.5834656
12340,0.50231934
12341,0.32669064
12342,0.119567886
12343,-0.058410667
12344,-0.17834471
12345,-0.24023438
12346,-0.24783325
12347,-0.22000122
12348,-0.16421509
12349,-0.092041016
12350,-0.017883316
12351,0.05526735
12352,0.11325072
12353,0.15002443
12354,0.15914917
12355,0.14208986
12356,0.110961944
12357,0.07211302
12358,0.031005874
12359,-0.003967285
12360,-0.03158571
12361,-0.050506562
12362,-0.07220461
12363,-0.0835571
12364,-0.09249882
12365,-0.092559785
12366,-0.08761596
12367,-0.07632445
12368,-0.06103515
12369,-0.044250473
12370,-0.035339348
12371,-0.03363037
12372,-0.04208374
12373,-0.049041755
12374,-0.056671143
12375,-0.056152344
12376,-0.054718018
12377,-0.04220581
12378,-0.029846199
12379,-0.016479488
12380,-0.0075073373
12381,-0.0065917857
12382,-0.0023193508
12383,-0.0020446759
12384,0.0025329515
12385,0.006225586
12386,0.0028686598
12387,-0.0038757324
12388,-0.016632073
12389,-0.021881096
12390,-0.023956291
12391,-0.016296394
12392,-0.0036010798
12393,0.013549796
12394,0.03265382
12395,0.05130005
12396,0.06378175
12397,0.06674194
12398,0.062408444
12399,0.051544197
12400,0.041687004
12401,0.032409668
12402,0.030151375
12403,0.029418953
12404,0.031311043
12405,0.028778076
12406,0.025299095
12407,0.018615734
12408,0.0064392164
12409,-0.005920414
12410,-0.023162834
12411,-0.030883782
12412,-0.03152464
12413,-0.036590584
12414,-0.015899666
12415,-0.0080261305
12416,0.023101803
12417,0.038879395
12418,0.061279267
12419,0.07928466
12420,0.08447264
12421,0.08346559
12422,0.06634523
12423,0.04486084
12424,0.015502945
12425,-0.010864243
12426,-0.03988646
12427,-0.05770871
12428,-0.06771849
12429,-0.06832885
12430,-0.05935667
12431,-0.04556275
12432,-0.026947
12433,-0.009246845
12434,0.0044860914
12435,0.01586913
12436,0.015624996
12437,0.01467894
12438,0.0025329404
12439,-0.009704597
12440,-0.027923608
12441,-0.042022713
12442,-0.0519104
12443,-0.055511475
12444,-0.056671135
12445,-0.052246086
12446,-0.047454834
12447,-0.043304443
12448,-0.035247803
12449,-0.028900146
12450,-0.017578125
12451,-0.012329098
12452,-0.007873535
12453,-0.0040283184
12454,-0.005645752
12455,-0.009155281
12456,-0.018310543
12457,-0.024810806
12458,-0.029449467
12459,-0.034973152
12460,-0.034851074
12461,-0.036560066
12462,-0.034484856
12463,-0.033294648
12464,-0.032440208
12465,-0.025817856
12466,-0.020385742
12467,-0.012786858
12468,-0.0026245266
12469,0.0057983324
12470,0.015106216
12471,0.020141602
12472,0.024230942
12473,0.026000965
12474,0.027404796
12475,0.033203114
12476,0.039886467
12477,0.046356186
12478,0.049652115
12479,0.046875015
12480,0.039520264
12481,0.02267456
12482,0.003509514
12483,-0.020050038
12484,-0.039642334
12485,-0.05661011
12486,-0.0672302
12487,-0.07122804
12488,-0.06619258
12489,-0.058319137
12490,-0.049011216
12491,-0.04348758
12492,-0.036285385
12493,-0.029327407
12494,-0.018249527
12495,-0.004974358
12496,0.011413559
12497,0.028930657
12498,0.0430908
12499,0.05093383
12500,0.056793228
12501,0.060668953
12502,0.057922393
12503,0.05667115
12504,0.043334976
12505,0.03735351
12506,0.018005349
12507,0.0068664476
12508,-0.013000492
12509,-0.025756836
12510,-0.039520252
12511,-0.05041504
12512,-0.05828856
12513,-0.06655881
12514,-0.06637575
12515,-0.066406235
12516,-0.05511476
12517,-0.04437259
12518,-0.028900161
12519,-0.011535674
12520,0.0045776367
12521,0.022949204
12522,0.03329467
12523,0.04641723
12524,0.050048836
12525,0.055297848
12526,0.055328384
12527,0.057220444
12528,0.062255874
12529,0.066528305
12530,0.0755005
12531,0.0802307
12532,0.08630371
12533,0.08703614
12534,0.08221435
12535,0.0773926
12536,0.07043456
12537,0.059845008
12538,0.050567634
12539,0.03887941
12540,0.035919204
12541,0.032012932
12542,0.03515628
12543,0.039886475
12544,0.049438477
12545,0.05929564
12546,0.06909177
12547,0.07733153
12548,0.08432005
12549,0.08340451
12550,0.078430176
12551,0.06637573
12552,0.053253174
12553,0.032196045
12554,0.007110581
12555,-0.024444565
12556,-0.05404666
12557,-0.0847168
12558,-0.1074219
12559,-0.12573239
12560,-0.13632202
12561,-0.13729855
12562,-0.13607785
12563,-0.12524414
12564,-0.12158204
12565,-0.11389159
12566,-0.11627198
12567,-0.1118469
12568,-0.109802246
12569,-0.107086144
12570,-0.107604966
12571,-0.107116655
12572,-0.10916135
12573,-0.1121521
12574,-0.12438963
12575,-0.14273071
12576,-0.18893442
12577,-0.25244132
12578,-0.31039432
12579,-0.2862549
12580,-0.17794806
12581,-0.022888152
12582,0.184662
12583,0.45547476
12584,0.75039685
12585,0.9244385
12586,0.9256897
12587,0.7723999
12588,0.59680164
12589,0.4349367
12590,0.32180774
12591,0.20083633
12592,0.045135498
12593,-0.12039164
12594,-0.27944937
12595,-0.39282215
12596,-0.46072388
12597,-0.48837292
12598,-0.48117074
12599,-0.4574585
12600,-0.41851807
12601,-0.3798828
12602,-0.33364865
12603,-0.2859497
12604,-0.23178095
12605,-0.17501831
12606,-0.120758
12607,-0.06301883
12608,-0.016448945
12609,0.028991684
12610,0.06512451
12611,0.10043335
12612,0.13482666
12613,0.16772462
12614,0.19998169
12615,0.21972659
12616,0.22976685
12617,0.2227173
12618,0.19921875
12619,0.16342163
12620,0.116180435
12621,0.06597898
12622,0.01458741
12623,-0.028869655
12624,-0.059875496
12625,-0.0796814
12626,-0.08328248
12627,-0.07559204
12628,-0.066223145
12629,-0.05404663
12630,-0.04882812
12631,-0.04568481
12632,-0.046997078
12633,-0.05322264
12634,-0.05398562
12635,-0.058074947
12636,-0.053772
12637,-0.048767067
12638,-0.03903199
12639,-0.02856443
12640,-0.018890373
12641,-0.0039672554
12642,0.005310066
12643,0.020904563
12644,0.025360115
12645,0.03149414
12646,0.027832046
12647,0.021453872
12648,0.010955825
12649,-0.004272457
12650,-0.017364524
12651,-0.029388431
12652,-0.036315918
12653,-0.040802002
12654,-0.041290283
12655,-0.03689576
12656,-0.031433083
12657,-0.020172104
12658,-0.008605935
12659,0.008117676
12660,0.022216812
12661,0.03851318
12662,0.050994888
12663,0.06347656
12664,0.07153322
12665,0.07455443
12666,0.08016968
12667,0.079528816
12668,0.0845642
12669,0.080505386
12670,0.081298806
12671,0.07489015
12672,0.06695555
12673,0.055664055
12674,0.04141236
12675,0.028289795
12676,0.015502937
12677,0.0067749023
12678,-0.004577644
12679,-0.012298562
12680,-0.021545433
12681,-0.024658184
12682,-0.03182985
12683,-0.03536987
12684,-0.035308834
12685,-0.03710938
12686,-0.033081044
12687,-0.033020042
12688,-0.03237915
12689,-0.030731218
12690,-0.030853271
12691,-0.02700805
12692,-0.027435303
12693,-0.025054935
12694,-0.022033691
12695,-0.020629883
12696,-0.021972656
12697,-0.024383543
12698,-0.024414062
12699,-0.02774048
12700,-0.025512703
12701,-0.029205319
12702,-0.023468021
12703,-0.021606438
12704,-0.020385742
12705,-0.017333984
12706,-0.021545384
12707,-0.02230835
12708,-0.026367184
12709,-0.027191151
12710,-0.026702896
12711,-0.022888146
12712,-0.027374305
12713,-0.019042939
12714,-0.012847938
12715,-0.009033181
12716,0.0010681152
12717,0.0017700493
12718,0.015960682
12719,0.015289344
12720,0.01409911
12721,0.016449004
12722,0.013336148
12723,0.022125248
12724,0.026519753
12725,0.037994396
12726,0.0449524
12727,0.053131107
12728,0.058807373
12729,0.06118774
12730,0.059661865
12731,0.057434082
12732,0.05087281
12733,0.04782104
12734,0.044555664
12735,0.04458618
12736,0.04388427
12737,0.039337143
12738,0.035400376
12739,0.029724121
12740,0.023162842
12741,0.014190666
12742,0.004638687
12743,-0.00531004
12744,-0.015472397
12745,-0.02365113
12746,-0.033874504
12747,-0.04086304
12748,-0.045928963
12749,-0.04724121
12750,-0.04345704
12751,-0.038970947
12752,-0.030670164
12753,-0.024902346
12754,-0.01968384
12755,-0.017303469
12756,-0.014495848
12757,-0.017242435
12758,-0.017120361
12759,-0.021392822
12760,-0.022491453
12761,-0.024841309
12762,-0.023468016
12763,-0.025421131
12764,-0.027557373
12765,-0.03036499
12766,-0.036254883
12767,-0.040252697
12768,-0.04544068
12769,-0.043365493
12770,-0.04214479
12771,-0.04101564
12772,-0.035095215
12773,-0.031616226
12774,-0.023986816
12775,-0.0151062235
12776,-0.009582542
12777,0.002655007
12778,0.003692627
12779,0.012145966
12780,0.0124206245
12781,0.0132751465
12782,0.01171875
12783,0.008056641
12784,0.010223389
12785,0.011810329
12786,0.012878392
12787,0.012512222
12788,0.0061340034
12789,-0.008361787
12790,-0.037689224
12791,-0.09078978
12792,-0.14828491
12793,-0.20559695
12794,-0.23403925
12795,-0.22241229
12796,-0.16687
12797,-0.05563371
12798,0.091919065
12799,0.2623595
12800,0.3841858
12801,0.43173224
12802,0.40948486
12803,0.36566168
12804,0.31448367
12805,0.2975769
12806,0.36468503
12807,0.5236817
12808,0.7287291
12809,0.867157
12810,0.8863219
12811,0.7766725
12812,0.5627136
12813,0.28268445
12814,-0.014892459
12815,-0.27053833
12816,-0.43853742
12817,-0.5247805
12818,-0.5361937
12819,-0.51287854
12820,-0.48437506
12821,-0.47668457
12822,-0.48196417
12823,-0.48669422
12824,-0.49630737
12825,-0.50601196
12826,-0.52960205
12827,-0.5395507
12828,-0.53042597
12829,-0.49023438
12830,-0.4238892
12831,-0.35363758
12832,-0.28393555
12833,-0.23107922
12834,-0.20428461
12835,-0.20864868
12836,-0.2421261
12837,-0.28823853
12838,-0.32699585
12839,-0.34640515
12840,-0.33349633
12841,-0.28976476
12842,-0.21673596
12843,-0.12634301
12844,-0.025024295
12845,0.07009888
12846,0.16564941
12847,0.2534181
12848,0.34460467
12849,0.43557745
12850,0.52484137
12851,0.60711664
12852,0.6737365
12853,0.71948236
12854,0.73968506
12855,0.72982794
12856,0.69015497
12857,0.6242066
12858,0.53665173
12859,0.43301404
12860,0.32827765
12861,0.22418213
12862,0.13330102
12863,0.05117798
12864,-0.008880407
12865,-0.05529791
12866,-0.08969101
12867,-0.12136847
12868,-0.14541605
12869,-0.166107
12870,-0.18969718
12871,-0.21453846
12872,-0.2405702
12873,-0.25384527
12874,-0.2625733
12875,-0.26037598
12876,-0.24969482
12877,-0.22454834
12878,-0.18402101
12879,-0.13598633
12880,-0.084869385
12881,-0.037567135
12882,0.0035705566
12883,0.041625988
12884,0.069213875
12885,0.08874513
12886,0.093139656
12887,0.084198
12888,0.06762698
12889,0.044433564
12890,0.022918701
12891,0.0008544773
12892,-0.011413567
12893,-0.016693115
12894,-0.010498039
12895,-0.0009460151
12896,0.011291534
12897,0.022735626
12898,0.027374312
12899,0.026733413
12900,0.018676743
12901,0.009613052
12902,-0.0012207031
12903,-0.0063171536
12904,-0.016021743
12905,-0.016174316
12906,-0.02798462
12907,-0.031188987
12908,-0.044769295
12909,-0.053039562
12910,-0.06384278
12911,-0.07662964
12912,-0.07705689
12913,-0.08758545
12914,-0.08337401
12915,-0.09329224
12916,-0.09405516
12917,-0.10839842
12918,-0.112548836
12919,-0.11941527
12920,-0.12490848
12921,-0.12826537
12922,-0.13421634
12923,-0.13211057
12924,-0.13378906
12925,-0.12634274
12926,-0.117767334
12927,-0.10424805
12928,-0.08816528
12929,-0.07086182
12930,-0.052947998
12931,-0.03527832
12932,-0.014678955
12933,0.0027770996
12934,0.019622803
12935,0.03756711
12936,0.050842285
12937,0.06668088
12938,0.074523926
12939,0.08276363
12940,0.08801268
12941,0.0942993
12942,0.095581025
12943,0.10186769
12944,0.10363767
12945,0.10784913
12946,0.10519408
12947,0.097869866
12948,0.08862308
12949,0.07299803
12950,0.0638428
12951,0.052581772
12952,0.051757827
12953,0.049865715
12954,0.058807373
12955,0.062194828
12956,0.06838989
12957,0.06817627
12958,0.06265259
12959,0.055358876
12960,0.04330446
12961,0.032775853
12962,0.019226093
12963,0.005157467
12964,-0.004058808
12965,-0.011871327
12966,-0.013824467
12967,-0.01379393
12968,-0.006073002
12969,0.0025940053
12970,0.011779793
12971,0.015380859
12972,0.017944343
12973,0.016845714
12974,0.01336671
12975,0.006439198
12976,-0.0018005371
12977,-0.008728046
12978,-0.011901844
12979,-0.0143432915
12980,-0.01290895
12981,-0.012695316
12982,-0.009063713
12983,-0.009307839
12984,-0.005676262
12985,-0.0046081245
12986,-0.0021057166
12987,-0.00097654015
12988,0.004455548
12989,0.011322036
12990,0.018341072
12991,0.025878899
12992,0.02825927
12993,0.03182981
12994,0.029968284
12995,0.02734375
12996,0.02456665
12997,0.01760865
12998,0.012634277
12999,0.0012817383
13000,-0.009399399
13001,-0.021606445
13002,-0.034423806
13003,-0.04425049
13004,-0.051696755
13005,-0.0552063
13006,-0.056762688
13007,-0.054748543
13008,-0.052581787
13009,-0.04501343
13010,-0.036499027
13011,-0.023681642
13012,-0.012023928
13013,0.00097656157
13014,0.016967773
13015,0.027038574
13016,0.03378296
13017,0.03491211
13018,0.035583492
13019,0.031799324
13020,0.026855472
13021,0.022705093
13022,0.017608639
13023,0.010955803
13024,0.003082279
13025,-0.001159668
13026,-0.0118408315
13027,-0.012207046
13028,-0.01849365
13029,-0.01959229
13030,-0.02548217
13031,-0.029907227
13032,-0.027832031
13033,-0.03082275
13034,-0.02493286
13035,-0.023468018
13036,-0.019683838
13037,-0.016418457
13038,-0.011688232
13039,-0.0027770998
13040,0.0045165997
13041,0.013916016
13042,0.01699829
13043,0.023223877
13044,0.024841309
13045,0.025115967
13046,0.023803713
13047,0.023529042
13048,0.02322388
13049,0.015289303
13050,0.016815186
13051,0.0076904222
13052,0.0010986347
13053,-0.02163696
13054,-0.050567627
13055,-0.09585571
13056,-0.14532472
13057,-0.17404173
13058,-0.184906
13059,-0.17071532
13060,-0.09475708
13061,0.013854988
13062,0.15890503
13063,0.30758664
13064,0.43862906
13065,0.52441406
13066,0.5700379
13067,0.5816344
13068,0.5557558
13069,0.44091797
13070,0.26574737
13071,0.028656095
13072,-0.21874996
13073,-0.4453124
13074,-0.61431885
13075,-0.71520996
13076,-0.7468262
13077,-0.7153321
13078,-0.6367798
13079,-0.53375256
13080,-0.41992185
13081,-0.31320193
13082,-0.21585101
13083,-0.13787848
13084,-0.0749208
13085,-0.032440215
13086,0.004364103
13087,0.031036377
13088,0.06570423
13089,0.10272205
13090,0.14227295
13091,0.17898574
13092,0.2052306
13093,0.22375499
13094,0.23178095
13095,0.23339842
13096,0.2270508
13097,0.21731566
13098,0.20651247
13099,0.19412228
13100,0.18344119
13101,0.17385864
13102,0.1656189
13103,0.15737915
13104,0.14602658
13105,0.13308717
13106,0.11752318
13107,0.09744263
13108,0.07275389
13109,0.03286743
13110,-0.018096939
13111,-0.07192993
13112,-0.116241485
13113,-0.13031004
13114,-0.12362671
13115,-0.08471681
13116,-0.008483857
13117,0.10293575
13118,0.19311523
13119,0.23828118
13120,0.20437622
13121,0.16561884
13122,0.10848999
13123,0.060791016
13124,0.038604766
13125,-0.010955796
13126,-0.038269043
13127,-0.100921616
13128,-0.13897705
13129,-0.17337036
13130,-0.19906616
13131,-0.20535278
13132,-0.19979858
13133,-0.18707274
13134,-0.15817262
13135,-0.12719725
13136,-0.082031265
13137,-0.04141233
13138,-9.154808e-05
13139,0.03381349
13140,0.059906006
13141,0.083038315
13142,0.08947754
13143,0.09753417
13144,0.08767699
13145,0.074645996
13146,0.048767094
13147,0.019256607
13148,-0.010314945
13149,-0.037261955
13150,-0.05828859
13151,-0.075134285
13152,-0.08703614
13153,-0.092987046
13154,-0.096923836
13155,-0.098663315
13156,-0.100799575
13157,-0.10064697
13158,-0.09390257
13159,-0.09277347
13160,-0.08456418
13161,-0.07952885
13162,-0.073730454
13163,-0.062927246
13164,-0.054565445
13165,-0.040466294
13166,-0.027435318
13167,-0.012329102
13168,0.008850083
13169,0.022155747
13170,0.039031953
13171,0.047546357
13172,0.058227524
13173,0.06167601
13174,0.062133774
13175,0.06655883
13176,0.052856445
13177,0.05847168
13178,0.04501345
13179,0.04757689
13180,0.039337173
13181,0.035827637
13182,0.038299564
13183,0.031555172
13184,0.037689216
13185,0.037780765
13186,0.044952393
13187,0.048156735
13188,0.050354004
13189,0.054077145
13190,0.049652092
13191,0.047637947
13192,0.044219963
13193,0.040679943
13194,0.03845213
13195,0.03170777
13196,0.025970463
13197,0.022521976
13198,0.018920884
13199,0.019592255
13200,0.013580326
13201,0.0153808445
13202,0.01684571
13203,0.021026611
13204,0.025970481
13205,0.02948001
13206,0.034057617
13207,0.03292848
13208,0.031036377
13209,0.027862549
13210,0.022033677
13211,0.016662568
13212,0.009521499
13213,0.003204316
13214,-0.00289917
13215,-0.007507339
13216,-0.009155266
13217,-0.013366707
13218,-0.01464843
13219,-0.019256584
13220,-0.021087661
13221,-0.023010246
13222,-0.028961197
13223,-0.030914292
13224,-0.0366211
13225,-0.041900616
13226,-0.048522957
13227,-0.055114735
13228,-0.061370857
13229,-0.06793213
13230,-0.07333373
13231,-0.07531738
13232,-0.06793213
13233,-0.058441166
13234,-0.04357911
13235,-0.028381344
13236,-0.011444114
13237,0.0057373047
13238,0.023406968
13239,0.037200943
13240,0.05331421
13241,0.061584476
13242,0.07095337
13243,0.073974594
13244,0.073150635
13245,0.068939194
13246,0.058532737
13247,0.045013413
13248,0.02606203
13249,0.008148193
13250,-0.011383038
13251,-0.027526855
13252,-0.044586174
13253,-0.056488037
13254,-0.065948494
13255,-0.07122802
13256,-0.07226563
13257,-0.07257079
13258,-0.07223512
13259,-0.07104492
13260,-0.06903078
13261,-0.064453155
13262,-0.061615005
13263,-0.055633575
13264,-0.048400894
13265,-0.035919204
13266,-0.02359008
13267,-0.003753677
13268,0.010314941
13269,0.026428223
13270,0.038604718
13271,0.050628684
13272,0.059967026
13273,0.066070564
13274,0.068176255
13275,0.07073975
13276,0.07495117
13277,0.074646
13278,0.07452391
13279,0.06567384
13280,0.059875473
13281,0.048583996
13282,0.03601072
13283,0.023834225
13284,0.012939438
13285,0.0037231445
13286,-0.007904053
13287,-0.01461792
13288,-0.023925772
13289,-0.026061995
13290,-0.033355713
13291,-0.03359986
13292,-0.03359986
13293,-0.031524666
13294,-0.028076172
13295,-0.028869625
13296,-0.02862549
13297,-0.030975342
13298,-0.03253173
13299,-0.033172615
13300,-0.03311157
13301,-0.030883804
13302,-0.023742676
13303,-0.0168152
13304,-0.010009762
13305,-0.0027771182
13306,6.1027706e-05
13307,0.008392334
13308,0.00891115
13309,0.014373794
13310,0.018890385
13311,0.023712166
13312,0.029602058
13313,0.034301765
13314,0.038696297
13315,0.04159546
13316,0.04223633
13317,0.042022713
13318,0.041046135
13319,0.03753663
13320,0.036682107
13321,0.030212421
13322,0.027801476
13323,0.021820087
13324,0.020050034
13325,0.015716568
13326,0.00942995
13327,0.0063476637
13328,0.001678478
13329,0.0009765774
13330,-0.0038147122
13331,-0.008422837
13332,-0.012969986
13333,-0.020751942
13334,-0.026916508
13335,-0.033935536
13336,-0.038970932
13337,-0.042480465
13338,-0.04663086
13339,-0.047393806
13340,-0.05133057
13341,-0.05157471
13342,-0.0541687
13343,-0.05322265
13344,-0.05343627
13345,-0.05242919
13346,-0.047149666
13347,-0.042633027
13348,-0.029479973
13349,-0.021423325
13350,-0.005584728
13351,0.0053405836
13352,0.0198059
13353,0.030120857
13354,0.039459225
13355,0.04650879
13356,0.050384536
13357,0.052886963
13358,0.05014038
13359,0.04565429
13360,0.038787834
13361,0.03012085
13362,0.021057127
13363,0.011444091
13364,0.003051756
13365,-0.0020141597
13366,-0.007080078
13367,-0.009979247
13368,-0.011260985
13369,-0.015258789
13370,-0.017425537
13371,-0.02432251
13372,-0.030242916
13373,-0.035247803
13374,-0.039093003
13375,-0.03933716
13376,-0.041900624
13377,-0.03851319
13378,-0.039062485
13379,-0.032379173
13380,-0.028289773
13381,-0.016082797
13382,-0.0075378343
13383,0.0015868843
13384,0.010375991
13385,0.016632065
13386,0.010498047
13387,0.0061035305
13388,0.0061035305
13389,0.0069275014
13390,3.0536205e-05
13391,-0.0046386756
13392,-0.008850109
13393,-0.025360093
13394,-0.077056915
13395,-0.048187256
13396,0.0016173907
13397,0.07342529
13398,0.1254882
13399,0.21191406
13400,0.3207092
13401,0.33853152
13402,0.2392883
13403,0.067932166
13404,-0.07278444
13405,-0.10971069
13406,-0.06372072
13407,0.00289917
13408,0.041198716
13409,0.037780747
13410,0.008026116
13411,-0.028411873
13412,-0.054748535
13413,-0.068939246
13414,-0.07339476
13415,-0.07073975
13416,-0.0663147
13417,-0.06320191
13418,-0.061431885
13419,-0.06259155
13420,-0.061828613
13421,-0.060638428
13422,-0.055908203
13423,-0.04989624
13424,-0.04431154
13425,-0.03735351
13426,-0.028900154
13427,-0.020446785
13428,-0.0113525465
13429,-0.005035404
13430,-0.000671383
13431,0.005645737
13432,0.0067748986
13433,0.012695309
13434,0.011199949
13435,0.014434809
13436,0.015228274
13437,0.015350341
13438,0.015899656
13439,0.013122559
13440,0.008575439
13441,0.002258299
13442,-0.00854492
13443,-0.013519285
13444,-0.023620605
13445,-0.02780151
13446,-0.03179933
13447,-0.034912106
13448,-0.0340271
13449,-0.026550286
13450,-0.019653328
13451,-0.0068359263
13452,0.00012206286
13453,0.012908939
13454,0.022735596
13455,0.02740479
13456,0.035125732
13457,0.03561402
13458,0.0376892
13459,0.038818352
13460,0.035217278
13461,0.034851074
13462,0.03198242
13463,0.031768806
13464,0.0331726
13465,0.03298952
13466,0.033355694
13467,0.033172626
13468,0.030456532
13469,0.026672378
13470,0.022216804
13471,0.0132751465
13472,0.0055236965
13473,-0.0034179874
13474,-0.013336152
13475,-0.01596072
13476,-0.023895256
13477,-0.02249147
13478,-0.024261475
13479,-0.022705078
13480,-0.020843508
13481,-0.024200436
13482,-0.024932863
13483,-0.02557373
13484,-0.021545414
13485,-0.018341064
13486,-0.01651001
13487,-0.012969969
13488,-0.00854492
13489,-0.002929685
13490,0.0010986344
13491,0.0016479508
13492,0.004333497
13493,0.0030822754
13494,0.007080078
13495,0.0041503906
13496,0.008514403
13497,0.009338381
13498,0.015502929
13499,0.024139412
13500,0.03186034
13501,0.045379654
13502,0.050079327
13503,0.059692405
13504,0.05804439
13505,0.052398704
13506,0.04171753
13507,0.023925789
13508,0.008667003
13509,-0.010986324
13510,-0.023712154
13511,-0.032928478
13512,-0.038665786
13513,-0.039459243
13514,-0.038421646
13515,-0.034240738
13516,-0.025756834
13517,-0.021087645
13518,-0.012664789
13519,-0.008666985
13520,9.155087e-05
13521,0.005432125
13522,0.010620125
13523,0.014587399
13524,0.014526367
13525,0.015747055
13526,0.0086059645
13527,0.0029907152
13528,-0.0072631817
13529,-0.017211922
13530,-0.026885977
13531,-0.03823852
13532,-0.04660034
13533,-0.05187989
13534,-0.058471687
13535,-0.060821537
13536,-0.06649781
13537,-0.065979004
13538,-0.068725586
13539,-0.06958006
13540,-0.074035645
13541,-0.07409668
13542,-0.07656862
13543,-0.072052
13544,-0.06988527
13545,-0.059204087
13546,-0.051422134
13547,-0.03939818
13548,-0.028015152
13549,-0.013977036
13550,0.0012817532
13551,0.016693115
13552,0.032989517
13553,0.049621567
13554,0.06448365
13555,0.07296751
13556,0.08920287
13557,0.0989685
13558,0.11294555
13559,0.116271965
13560,0.11764526
13561,0.11431885
13562,0.10479738
13563,0.09341431
13564,0.07733156
13565,0.06222534
13566,0.04922487
13567,0.037322983
13568,0.028015152
13569,0.02264405
13570,0.020050064
13571,0.017700188
13572,0.015716538
13573,0.01663208
13574,0.015319787
13575,0.0139160305
13576,0.008850098
13577,0.0074768364
13578,0.0043945387
13579,0.0026245266
13580,0.0048828423
13581,0.004547119
13582,0.008728072
13583,0.0055236667
13584,0.0060730428
13585,0.0005798489
13586,0.00024417788
13587,-0.006195046
13588,-0.008728042
13589,-0.017639153
13590,-0.024749763
13591,-0.031494148
13592,-0.03903199
13593,-0.043396
13594,-0.045562744
13595,-0.048065186
13596,-0.04751587
13597,-0.046813965
13598,-0.04537963
13599,-0.037078857
13600,-0.03567505
13601,-0.026855467
13602,-0.022644043
13603,-0.0173645
13604,-0.013397216
13605,-0.019897461
13606,-0.01889038
13607,-0.023162842
13608,-0.027801516
13609,-0.030242912
13610,-0.031402595
13611,-0.028808586
13612,-0.027557384
13613,-0.028411847
13614,-0.026763916
13615,-0.02886961
13616,-0.028045628
13617,-0.027801506
13618,-0.027740449
13619,-0.01974488
13620,-0.015624993
13621,-0.004394546
13622,0.0011901706
13623,0.011596702
13624,0.020690892
13625,0.027526874
13626,0.033966046
13627,0.03948975
13628,0.043060288
13629,0.049987804
13630,0.05078125
13631,0.050170906
13632,0.045074467
13633,0.03945923
13634,0.03375244
13635,0.029663088
13636,0.023498531
13637,0.02041626
13638,0.015441887
13639,0.011962883
13640,0.008544907
13641,0.007507324
13642,0.0049133226
13643,0.0022583082
13644,0.0013427734
13645,-0.0030517466
13646,-0.006988516
13647,-0.015045161
13648,-0.020324703
13649,-0.027801517
13650,-0.034576416
13651,-0.035614014
13652,-0.03781128
13653,-0.026123043
13654,-0.030426025
13655,-0.022552487
13656,-0.008087157
13657,-0.01422119
13658,0.0
13659,-0.01419067
13660,-0.0023498517
13661,-0.0058898907
13662,-0.008697508
13663,0.0008544922
13664,-0.0010375977
13665,0.00363159
13666,0.002960205
13667,-0.0037231464
13668,-0.0065917857
13669,-0.015014656
13670,-0.016204815
13671,-0.027923603
13672,-0.015563954
13673,-0.041381862
13674,-0.016998295
13675,-0.047027603
13676,-0.037536636
13677,-0.047027566
13678,-0.05892943
13679,-0.053955063
13680,-0.07565306
13681,-0.06030272
13682,-0.052307114
13683,-0.041229233
13684,-0.025360093
13685,-0.01626587
13686,-0.001892075
13687,0.015686035
13688,0.028320335
13689,0.0406494
13690,0.053588882
13691,0.06381225
13692,0.072753906
13693,0.079864495
13694,0.081909165
13695,0.08462524
13696,0.08639525
13697,0.08428956
13698,0.095336914
13699,0.0864563
13700,0.087646484
13701,0.075958245
13702,0.066284195
13703,0.055114716
13704,0.034820564
13705,0.02362059
13706,0.011688247
13707,0.006072983
13708,-0.0005493164
13709,-0.0072326846
13710,-0.0164795
13711,-0.018554695
13712,-0.026062027
13713,-0.02514647
13714,-0.028198253
13715,-0.025299057
13716,-0.026458748
13717,-0.024963371
13718,-0.03329468
13719,-0.036834717
13720,-0.040710453
13721,-0.040679935
13722,-0.041931152
13723,-0.044403076
13724,-0.035247803
13725,-0.033355713
13726,-0.027252188
13727,-0.031188965
13728,-0.03527831
13729,-0.039306637
13730,-0.043731682
13731,-0.043548577
13732,-0.0493164
13733,-0.047943108
13734,-0.049163803
13735,-0.04464723
13736,-0.038421616
13737,-0.03363037
13738,-0.026245087
13739,-0.018615723
13740,-0.011016816
13741,-0.0031432807
13742,0.0035095364
13743,0.014953613
13744,0.028503407
13745,0.04006956
13746,0.052032445
13747,0.05822754
13748,0.0635681
13749,0.062866226
13750,0.06277467
13751,0.060699463
13752,0.055633545
13753,0.054901116
13754,0.051391605
13755,0.05255127
13756,0.050781243
13757,0.051910404
13758,0.053802487
13759,0.05111693
13760,0.049682602
13761,0.047668457
13762,0.04354859
13763,0.037353523
13764,0.028991722
13765,0.023590095
13766,0.02072145
13767,0.016967759
13768,0.014373794
13769,0.011810273
13770,0.009185784
13771,0.005218506
13772,-0.0025024563
13773,-0.009460434
13774,-0.01571656
13775,-0.015014611
13776,-0.011962876
13777,-0.0065307394
13778,-0.0035705566
13779,-0.0049133524
13780,-0.008972138
13781,-0.016326908
13782,-0.026428211
13783,-0.03634646
13784,-0.048706055
13785,-0.054595977
13786,-0.058837876
13787,-0.05914308
13788,-0.05593872
13789,-0.0579834
13790,-0.049713135
13791,-0.045654297
13792,-0.037841797
13793,-0.031951904
13794,-0.027923586
13795,-0.018005371
13796,-0.0132751465
13797,-0.0040893555
13798,0.0004882794
13799,0.0053710956
13800,0.009002686
13801,0.011840822
13802,0.011718753
13803,0.01107788
13804,0.0086975135
13805,0.010253908
13806,0.009307861
13807,0.014709474
13808,0.015136719
13809,0.022552492
13810,0.02658081
13811,0.034454342
13812,0.036132812
13813,0.037506092
13814,0.03781129
13815,0.03601073
13816,0.03311158
13817,0.02725219
13818,0.021148697
13819,0.015258823
13820,0.007904049
13821,0.0055541955
13822,-0.0015259273
13823,-0.0047912523
13824,-0.006988555
13825,-0.008850098
13826,-0.005889911
13827,-0.009704586
13828,-0.004699707
13829,-0.003997799
13830,0.0009460561
13831,0.0041503906
13832,0.00839233
13833,0.016418472
13834,0.025085442
13835,0.030059807
13836,0.036102265
13837,0.03845214
13838,0.042144775
13839,0.04049684
13840,0.039550766
13841,0.037048355
13842,0.033416733
13843,0.029479995
13844,0.025421113
13845,0.019287124
13846,0.011505097
13847,0.00390628
13848,-0.0057373196
13849,-0.012695298
13850,-0.021728516
13851,-0.028045647
13852,-0.03625486
13853,-0.045349143
13854,-0.051574703
13855,-0.06353761
13856,-0.071624756
13857,-0.082397476
13858,-0.08694458
13859,-0.092742905
13860,-0.09506225
13861,-0.09823608
13862,-0.100036606
13863,-0.102386475
13864,-0.10174558
13865,-0.09851074
13866,-0.09317015
13867,-0.08560184
13868,-0.0757751
13869,-0.06732176
13870,-0.056365937
13871,-0.048919663
13872,-0.037109375
13873,-0.028808594
13874,-0.01693727
13875,-0.007110581
13876,0.0036010891
13877,0.010406494
13878,0.015899688
13879,0.024261475
13880,0.029785171
13881,0.039611846
13882,0.046569824
13883,0.059387237
13884,0.06729125
13885,0.07513432
13886,0.08230589
13887,0.08673099
13888,0.09097289
13889,0.08795166
13890,0.08657835
13891,0.07791138
13892,0.064941406
13893,0.048980713
13894,0.027496338
13895,0.011627195
13896,-0.0076599107
13897,-0.017120363
13898,-0.022491455
13899,-0.02801514
13900,-0.020141598
13901,-0.022277836
13902,-0.01803588
13903,-0.022338875
13904,-0.025817864
13905,-0.03262329
13906,-0.042144768
13907,-0.049774155
13908,-0.053283684
13909,-0.054290757
13910,-0.048980698
13911,-0.043914773
13912,-0.039886467
13913,-0.034759507
13914,-0.027252197
13915,-0.02658081
13916,-0.02142334
13917,-0.014129654
13918,-0.0027771145
13919,0.0025634468
13920,0.0076293647
13921,0.011291474
13922,0.020263635
13923,0.029449433
13924,0.033996552
13925,0.03439331
13926,0.029449463
13927,0.019989058
13928,0.0041809157
13929,-0.011566117
13930,-0.021789536
13931,-0.014129616
13932,-0.004180908
13933,0.019409161
13934,0.036407463
13935,0.054443315
13936,0.06808471
13937,0.08123778
13938,0.09609987
13939,0.10729981
13940,0.11758424
13941,0.120025635
13942,0.117553726
13943,0.11294555
13944,0.10018921
13945,0.08676146
13946,0.07287595
13947,0.05413817
13948,0.04067993
13949,0.025604218
13950,0.01889038
13951,0.012878388
13952,0.005706772
13953,0.006530732
13954,0.0043640137
13955,0.008117676
13956,0.005859375
13957,0.007537842
13958,0.0069885403
13959,0.007110581
13960,0.0051574707
13961,0.0018615574
13962,-0.0050964653
13963,-0.007965103
13964,-0.016296417
13965,-0.018127456
13966,-0.023681656
13967,-0.022399902
13968,-0.021301255
13969,-0.02124022
13970,-0.016967759
13971,-0.016998291
13972,-0.01083371
13973,-0.015411377
13974,-0.015350327
13975,-0.017608657
13976,-0.01876831
13977,-0.011749253
13978,-0.007354751
13979,0.002166748
13980,0.011230469
13981,0.016571045
13982,0.019653335
13983,0.009582505
13984,-0.005767815
13985,-0.01956179
13986,-0.04357911
13987,-0.07641602
13988,-0.12713625
13989,-0.18289185
13990,-0.23477173
13991,-0.30181885
13992,-0.3606872
13993,-0.42575082
13994,-0.4788512
13995,-0.5267031
13996,-0.5735472
13997,-0.6270144
13998,-0.67388916
13999,-0.72302246
14000,-0.72705066
14001,-0.69802845
14002,-0.61245716
14003,-0.46194458
14004,-0.27621448
14005,-0.04788196
14006,0.1929934
14007,0.43777484
14008,0.67373693
14009,0.8775637
14010,1.0738528
14011,1.2434082
14012,1.3845521
14013,1.4800414
14014,1.5381469
14015,1.5488894
14016,1.5322266
14017,1.4736329
14018,1.3944092
14019,1.2841797
14020,1.1591797
14021,1.0188291
14022,0.8493655
14023,0.6504817
14024,0.41006494
14025,0.13760352
14026,-0.15533447
14027,-0.45803857
14028,-0.74038744
14029,-0.99707043
14030,-1.2096561
14031,-1.3800662
14032,-1.5096132
14033,-1.5859072
14034,-1.611023
14035,-1.5722964
14036,-1.5091856
14037,-1.4398804
14038,-1.3795778
14039,-1.3245543
14040,-1.2728884
14041,-1.2316283
14042,-1.1998599
14043,-1.1360781
14044,-1.0044556
14045,-0.7710879
14046,-0.45068336
14047,-0.065948725
14048,0.34628296
14049,0.7748108
14050,1.1754149
14051,1.5337219
14052,1.8018799
14053,1.966339
14054,2.0108647
14055,1.9373777
14056,1.7329105
14057,1.4273373
14058,1.0450137
14059,0.6055906
14060,0.16986108
14061,-0.25408974
14062,-0.59176624
14063,-0.8507693
14064,-1.006958
14065,-1.0573425
14066,-1.0237427
14067,-0.90597534
14068,-0.7455749
14069,-0.55926514
14070,-0.3764954
14071,-0.20150769
14072,-0.048583925
14073,0.07553089
14074,0.16912837
14075,0.23068233
14076,0.2625122
14077,0.2717591
14078,0.26007086
14079,0.23681647
14080,0.20657352
14081,0.17718504
14082,0.14938356
14083,0.12127685
14084,0.09088134
14085,0.06402588
14086,0.03051757
14087,-0.0024108868
14088,-0.03903199
14089,-0.071716316
14090,-0.09741211
14091,-0.11947633
14092,-0.12780762
14093,-0.1296387
14094,-0.1220703
14095,-0.11141969
14096,-0.09585571
14097,-0.07485962
14098,-0.044952393
14099,-0.010498047
14100,0.026733413
14101,0.06674194
14102,0.103698745
14103,0.14144897
14104,0.16693114
14105,0.18572998
14106,0.19174194
14107,0.18630981
14108,0.17419435
14109,0.15533447
14110,0.14245607
14111,0.12200926
14112,0.09741214
14113,0.05718991
14114,0.002929695
14115,-0.059631355
14116,-0.11904907
14117,-0.15844727
14118,-0.17178345
14119,-0.15911864
14120,-0.13119505
14121,-0.1043396
14122,-0.07324217
14123,-0.04742434
14124,-0.022277817
14125,-0.016052255
14126,0.017730717
14127,0.026275635
14128,0.03756713
14129,0.04159546
14130,0.052581787
14131,0.06335449
14132,0.05282593
14133,0.05062865
14134,0.053833008
14135,0.06408692
14136,0.080535874
14137,0.09271242
14138,0.09387204
14139,0.08450319
14140,0.061126694
14141,0.023956299
14142,-0.0206604
14143,-0.06347656
14144,-0.10806273
14145,-0.14459229
14146,-0.1741028
14147,-0.19406128
14148,-0.20040894
14149,-0.20828247
14150,-0.19091795
14151,-0.15112306
14152,-0.08514401
14153,0.010314941
14154,0.11108399
14155,0.22332762
14156,0.32217404
14157,0.38580322
14158,0.4115295
14159,0.37200928
14160,0.29574582
14161,0.18182373
14162,0.063812256
14163,-0.047210693
14164,-0.14212035
14165,-0.21691895
14166,-0.2684326
14167,-0.2809143
14168,-0.26873776
14169,-0.22845457
14170,-0.17126463
14171,-0.106628425
14172,-0.042572014
14173,0.009735107
14174,0.0461731
14175,0.074279755
14176,0.088287346
14177,0.10076901
14178,0.10726929
14179,0.10397337
14180,0.0963745
14181,0.078063965
14182,0.059722885
14183,0.043640167
14184,0.028655991
14185,0.019775435
14186,0.010131851
14187,0.0025634915
14188,-0.006896965
14189,-0.016998298
14190,-0.026123054
14191,-0.029205345
14192,-0.029632583
14193,-0.02532959
14194,-0.023315437
14195,-0.017608643
14196,-0.013397202
14197,-0.01358033
14198,-0.01638794
14199,-0.024719257
14200,-0.031341538
14201,-0.04309082
14202,-0.049346916
14203,-0.055908218
14204,-0.054443344
14205,-0.05532837
14206,-0.049743645
14207,-0.044036865
14208,-0.030975342
14209,-0.014434815
14210,0.0034179697
14211,0.022705078
14212,0.039611824
14213,0.050628655
14214,0.05709839
14215,0.060363777
14216,0.0675354
14217,0.07101443
14218,0.0734253
14219,0.0648499
14220,0.056457534
14221,0.039215133
14222,0.022399925
14223,-0.00079344213
14224,-0.021087654
14225,-0.037872285
14226,-0.04730227
14227,-0.05084228
14228,-0.049926788
14229,-0.047424324
14230,-0.043396026
14231,-0.03897094
14232,-0.036041267
14233,-0.03887938
14234,-0.04660035
14235,-0.05603027
14236,-0.06448364
14237,-0.07070921
14238,-0.06945801
14239,-0.07537842
14240,-0.074523956
14241,-0.084106445
14242,-0.089599624
14243,-0.0991516
14244,-0.10696411
14245,-0.11019896
14246,-0.10879515
14247,-0.102508545
14248,-0.08895871
14249,-0.07675171
14250,-0.0568237
14251,-0.036346436
14252,-0.019988984
14253,-0.002960205
14254,0.0028076172
14255,0.016448975
14256,0.018371582
14257,0.027770996
14258,0.029846177
14259,0.028808609
14260,0.03479001
14261,0.03182985
14262,0.03994751
14263,0.037658677
14264,0.033081055
14265,0.025115967
14266,0.012847871
14267,0.011230469
14268,0.008392304
14269,0.013824463
14270,0.015228257
14271,0.029022217
14272,0.037078857
14273,0.05325316
14274,0.06610106
14275,0.07568358
14276,0.09179686
14277,0.09402466
14278,0.10073851
14279,0.09100342
14280,0.07598877
14281,0.056488037
14282,0.03494263
14283,0.018493652
14284,0.005950929
14285,-0.0007324233
14286,-0.0036315904
14287,-0.007965092
14288,-0.013824459
14289,-0.02682496
14290,-0.04647828
14291,-0.064453125
14292,-0.079681404
14293,-0.09329225
14294,-0.09750369
14295,-0.09851076
14296,-0.089538574
14297,-0.083801284
14298,-0.07629393
14299,-0.063507095
14300,-0.05474855
14301,-0.032562286
14302,-0.011810303
14303,0.0152282715
14304,0.040496826
14305,0.06460574
14306,0.091033936
14307,0.10675051
14308,0.11819458
14309,0.11834717
14310,0.11022949
14311,0.09350585
14312,0.07266235
14313,0.048461907
14314,0.026580812
14315,0.0039367676
14316,-0.008453367
14317,-0.014984133
14318,-0.013122555
14319,-0.005279543
14320,0.0074157733
14321,0.019073486
14322,0.028900146
14323,0.030456545
14324,0.030761715
14325,0.029113773
14326,0.026855465
14327,0.030273452
14328,0.030792229
14329,0.041503906
14330,0.053955063
14331,0.07003786
14332,0.0887146
14333,0.09906007
14334,0.1116638
14335,0.11395267
14336,0.11669922
14337,0.113220215
14338,0.10256958
14339,0.089538574
14340,0.07241821
14341,0.058410674
14342,0.045928955
14343,0.034057617
14344,0.022003174
14345,0.008880615
14346,-0.006134033
14347,-0.024841338
14348,-0.045990005
14349,-0.07131958
14350,-0.091918945
14351,-0.115661636
14352,-0.12783813
14353,-0.13940433
14354,-0.13671875
14355,-0.13088992
14356,-0.116821304
14357,-0.098938
14358,-0.07962036
14359,-0.05526732
14360,-0.03305053
14361,-0.0088500865
14362,0.015319824
14363,0.035552986
14364,0.056732178
14365,0.07022096
14366,0.081909165
14367,0.086761504
14368,0.087951645
14369,0.08428955
14370,0.07608029
14371,0.06710817
14372,0.061340332
14373,0.045715332
14374,0.044403076
14375,0.03988646
14376,0.037902832
14377,0.032867417
14378,0.02230835
14379,0.02154541
14380,0.0050964206
14381,-0.0045776367
14382,-0.017639175
14383,-0.021881133
14384,-0.026184112
14385,-0.030456573
14386,-0.037872314
14387,-0.047088653
14388,-0.05191037
14389,-0.05557254
14390,-0.053771935
14391,-0.045776382
14392,-0.03857419
14393,-0.022644028
14394,-0.011993408
14395,0.0063171536
14396,0.016540542
14397,0.021331787
14398,0.021636993
14399,0.0107421875
14400,0.0043640584
14401,-0.01348874
14402,-0.020843461
14403,-0.03494259
14404,-0.04257203
14405,-0.05242919
14406,-0.05801391
14407,-0.06332399
14408,-0.06732177
14409,-0.071685806
14410,-0.076599106
14411,-0.07641603
14412,-0.07595825
14413,-0.07324219
14414,-0.07049562
14415,-0.07156373
14416,-0.065094
14417,-0.062347412
14418,-0.050079353
14419,-0.040283196
14420,-0.028564446
14421,-0.016906738
14422,-0.006042488
14423,0.003326401
14424,0.012664773
14425,0.016235314
14426,0.020050026
14427,0.021698002
14428,0.023132313
14429,0.019897468
14430,0.013030976
14431,0.0003357157
14432,-0.014740005
14433,-0.029327363
14434,-0.048278794
14435,-0.059783906
14436,-0.07653807
14437,-0.080444306
14438,-0.08901979
14439,-0.09219359
14440,-0.09365846
14441,-0.09234619
14442,-0.085235596
14443,-0.072784424
14444,-0.05105591
14445,-0.0289917
14446,-0.00793457
14447,0.009552002
14448,0.023986816
14449,0.038940415
14450,0.036895752
14451,0.03756714
14452,0.031402588
14453,0.029235855
14454,0.028259277
14455,0.023254395
14456,0.023925781
14457,0.020904526
14458,0.016845688
14459,0.01864624
14460,0.015350342
14461,0.019805938
14462,0.02136232
14463,0.024566665
14464,0.028839096
14465,0.03460692
14466,0.034637436
14467,0.03723143
14468,0.03781125
14469,0.04318235
14470,0.04235837
14471,0.039245583
14472,0.042480454
14473,0.04382324
14474,0.039123494
14475,0.03152466
14476,0.024414044
14477,0.023437507
14478,0.022613548
14479,0.025512688
14480,0.024078388
14481,0.020294197
14482,0.014373783
14483,0.011566155
14484,0.0054321177
14485,0.0005798526
14486,-0.003082279
14487,0.0003967248
14488,-0.0004882924
14489,0.0043335035
14490,0.0072937068
14491,0.01705932
14492,0.023101803
14493,0.02902221
14494,0.03668213
14495,0.037200928
14496,0.041412354
14497,0.040344235
14498,0.042419422
14499,0.04229737
14500,0.040924054
14501,0.04238893
14502,0.042541485
14503,0.040985126
14504,0.04037475
14505,0.03881838
14506,0.039550774
14507,0.037078872
14508,0.03503418
14509,0.031005874
14510,0.026245132
14511,0.028930664
14512,0.027221695
14513,0.030853257
14514,0.028503403
14515,0.03259276
14516,0.033081025
14517,0.030761704
14518,0.02792357
14519,0.026855469
14520,0.02374269
14521,0.020446807
14522,0.015502945
14523,0.009857193
14524,0.006561294
14525,0.0007324219
14526,0.002655059
14527,0.0031738281
14528,0.0097961575
14529,0.013153076
14530,0.01947023
14531,0.018615723
14532,0.016052276
14533,0.0037841648
14534,-0.01083371
14535,-0.032470703
14536,-0.05236814
14537,-0.0734253
14538,-0.09045407
14539,-0.10568237
14540,-0.115478516
14541,-0.12094116
14542,-0.12365722
14543,-0.12277223
14544,-0.11849974
14545,-0.11691286
14546,-0.117645256
14547,-0.11828615
14548,-0.11535643
14549,-0.10903932
14550,-0.10021974
14551,-0.08935547
14552,-0.0721741
14553,-0.055511445
14554,-0.034606963
14555,-0.013549775
14556,0.0038146824
14557,0.02639772
14558,0.045776352
14559,0.06735231
14560,0.086883515
14561,0.10101321
14562,0.11441037
14563,0.11288455
14564,0.11120604
14565,0.096527115
14566,0.08377075
14567,0.06323242
14568,0.044281006
14569,0.019104
14570,-0.003692625
14571,-0.027221672
14572,-0.055389397
14573,-0.09143066
14574,-0.13696288
14575,-0.17565916
14576,-0.197113
14577,-0.1887207
14578,-0.13098145
14579,-0.046966538
14580,0.076660156
14581,0.2017212
14582,0.30218506
14583,0.3137207
14584,0.25909424
14585,0.17294312
14586,0.10427856
14587,0.066589326
14588,0.116607666
14589,0.27725223
14590,0.52996814
14591,0.76062036
14592,0.8847959
14593,0.8499146
14594,0.6705929
14595,0.41076648
14596,0.10589576
14597,-0.17569
14598,-0.41363537
14599,-0.57244873
14600,-0.6580504
14601,-0.6854857
14602,-0.68551636
14603,-0.67141724
14604,-0.6364441
14605,-0.57724
14606,-0.49642938
14607,-0.42266846
14608,-0.36541748
14609,-0.31814575
14610,-0.270111
14611,-0.20672607
14612,-0.13146967
14613,-0.059906006
14614,0.00943011
14615,0.05279559
14616,0.073272794
14617,0.055511713
14618,0.0026853085
14619,-0.06707758
14620,-0.1468507
14621,-0.20083612
14622,-0.22402948
14623,-0.20428455
14624,-0.15447974
14625,-0.08139014
14626,-0.0036619008
14627,0.07519543
14628,0.1476441
14629,0.21252456
14630,0.27267447
14631,0.32421878
14632,0.37933338
14633,0.428131
14634,0.4710998
14635,0.49725336
14636,0.5089416
14637,0.4995118
14638,0.4591064
14639,0.38879403
14640,0.29272452
14641,0.19104019
14642,0.08880603
14643,-0.0031126738
14644,-0.0771181
14645,-0.13369745
14646,-0.16854863
14647,-0.18093872
14648,-0.17861937
14649,-0.16210943
14650,-0.14422606
14651,-0.11813353
14652,-0.09182736
14653,-0.067108124
14654,-0.03765869
14655,-0.01266478
14656,0.013092011
14657,0.037261978
14658,0.05822751
14659,0.078765884
14660,0.08953856
14661,0.094940156
14662,0.09371948
14663,0.08065793
14664,0.05606079
14665,0.031951874
14666,-0.00091554224
14667,-0.033569336
14668,-0.066711456
14669,-0.097229004
14670,-0.1097107
14671,-0.12835695
14672,-0.13552856
14673,-0.14743043
14674,-0.15847778
14675,-0.16467287
14676,-0.16326903
14677,-0.15637209
14678,-0.14608762
14679,-0.1393738
14680,-0.12368773
14681,-0.10882568
14682,-0.0860901
14683,-0.0718994
14684,-0.053985626
14685,-0.037872285
14686,-0.019500747
14687,-0.0048217773
14688,0.001892075
14689,0.011016816
14690,0.018463135
14691,0.02468872
14692,0.028076172
14693,0.027893081
14694,0.028961182
14695,0.029571578
14696,0.029724121
14697,0.02734378
14698,0.023895256
14699,0.016235381
14700,0.01556395
14701,0.01678469
14702,0.02441407
14703,0.030700706
14704,0.03778078
14705,0.043304455
14706,0.045501716
14707,0.047027603
14708,0.040008537
14709,0.0331726
14710,0.019195545
14711,0.0064086914
14712,-0.010192875
14713,-0.026824959
14714,-0.03869629
14715,-0.047668457
14716,-0.054901153
14717,-0.054412857
14718,-0.053924605
14719,-0.04574585
14720,-0.03671266
14721,-0.026336685
14722,-0.015228227
14723,-0.0023498386
14724,0.007904097
14725,0.018219002
14726,0.024383575
14727,0.031494148
14728,0.03564454
14729,0.04016111
14730,0.0423889
14731,0.04275511
14732,0.044769287
14733,0.04949951
14734,0.05438233
14735,0.053802505
14736,0.056030273
14737,0.054473877
14738,0.05349731
14739,0.046905518
14740,0.039916985
14741,0.03775026
14742,0.03512571
14743,0.035522465
14744,0.034393296
14745,0.032073986
14746,0.026947025
14747,0.022674568
14748,0.009674087
14749,0.004089378
14750,-0.0066223033
14751,-0.006011978
14752,-0.005371116
14753,-0.0011902042
14754,0.0005493276
14755,0.0035705492
14756,-0.00033569336
14757,-0.0034484714
14758,-0.00790403
14759,-0.013519272
14760,-0.012237541
14761,-0.014739979
14762,-0.008789085
14763,-0.005981449
14764,-0.0031738319
14765,-0.0029907227
14766,-0.0027160533
14767,-0.0025939904
14768,-0.0022887886
14769,-0.0046997108
14770,-0.010070793
14771,-0.014068615
14772,-0.01974488
14773,-0.019042984
14774,-0.019836433
14775,-0.0094604455
14776,0.008972153
14777,0.038787846
14778,0.072723396
14779,0.103698716
14780,0.12295535
14781,0.13247678
14782,0.13079837
14783,0.11691283
14784,0.09716797
14785,0.06600951
14786,0.03842163
14787,0.007019013
14788,-0.021026611
14789,-0.045898452
14790,-0.071319595
14791,-0.09494017
14792,-0.116180435
14793,-0.1314392
14794,-0.13986208
14795,-0.14401245
14796,-0.1434021
14797,-0.1409607
14798,-0.13256837
14799,-0.12603758
14800,-0.113250755
14801,-0.10275264
14802,-0.08599855
14803,-0.065826386
14804,-0.04443361
14805,-0.023223862
14806,-0.008239776
14807,0.007354751
14808,0.01950071
14809,0.032226592
14810,0.044647224
14811,0.05572512
14812,0.062683135
14813,0.06497194
14814,0.061737087
14815,0.054595932
14816,0.04367064
14817,0.035095207
14818,0.026611313
14819,0.022338869
14820,0.015014641
14821,0.011077883
14822,0.0052490234
14823,-0.00079345517
14824,-0.0048828237
14825,-0.010467526
14826,-0.013671875
14827,-0.01931763
14828,-0.024749745
14829,-0.02917482
14830,-0.029144261
14831,-0.02865601
14832,-0.020721424
14833,-0.017791744
14834,-0.008270264
14835,-0.002716042
14836,0.0057372972
14837,0.013946556
14838,0.022216793
14839,0.03002931
14840,0.039367657
14841,0.045715325
14842,0.055633526
14843,0.06210327
14844,0.067535385
14845,0.07180786
14846,0.071044914
14847,0.06921388
14848,0.06503296
14849,0.05545044
14850,0.051269546
14851,0.04330446
14852,0.04260254
14853,0.03924559
14854,0.03616333
14855,0.035064682
14856,0.026946992
14857,0.02313231
14858,0.01473999
14859,0.009490967
14860,0.004058823
14861,-0.00485228
14862,-0.0072936863
14863,-0.013580337
14864,-0.018035874
14865,-0.022918724
14866,-0.026092492
14867,-0.027923614
14868,-0.031982414
14869,-0.03524782
14870,-0.038177498
14871,-0.037353523
14872,-0.03756714
14873,-0.037109368
14874,-0.04315184
14875,-0.046264634
14876,-0.04867553
14877,-0.049346924
14878,-0.051818855
14879,-0.054870613
14880,-0.055999756
14881,-0.055938717
14882,-0.05795288
14883,-0.059936527
14884,-0.060363755
14885,-0.058532715
14886,-0.053832993
14887,-0.052642837
14888,-0.0449524
14889,-0.040222168
14890,-0.032470733
14891,-0.025634766
14892,-0.017883316
14893,-0.009674087
14894,-0.0037841946
14895,0.0025634617
14896,0.0059509277
14897,0.009429917
14898,0.010009766
14899,0.010681137
14900,0.008026153
14901,0.0056152344
14902,0.0011596829
14903,-0.003997788
14904,-0.006164551
14905,-0.011993393
14906,-0.012329116
14907,-0.015411377
14908,-0.014404282
14909,-0.013397217
14910,-0.012420639
14911,-0.0027160496
14912,0.0019226372
14913,0.007080093
14914,0.007507339
14915,0.010345459
14916,0.014770508
14917,0.015777573
14918,0.0213928
14919,0.02432248
14920,0.034057602
14921,0.03765866
14922,0.046295185
14923,0.051483154
14924,0.057434097
14925,0.06292726
14926,0.064025894
14927,0.06274414
14928,0.05728149
14929,0.048065178
14930,0.0390625
14931,0.027465817
14932,0.022125248
14933,0.0147399865
14934,0.01501465
14935,0.015075676
14936,0.015075687
14937,0.016540512
14938,0.019622821
14939,0.024627663
14940,0.027526878
14941,0.02807615
14942,0.03271485
14943,0.03387452
14944,0.034362786
14945,0.031066924
14946,0.02316285
14947,0.012847938
14948,0.00082398206
14949,-0.011688214
14950,-0.021423336
14951,-0.03125003
14952,-0.038421646
14953,-0.044281036
14954,-0.04812622
14955,-0.046722427
14956,-0.048400864
14957,-0.044342034
14958,-0.04162597
14959,-0.032257076
14960,-0.023162846
14961,-0.013916012
14962,-0.0052490253
14963,0.000457766
14964,0.009582518
14965,0.013305664
14966,0.019195553
14967,0.017761229
14968,0.022247314
14969,0.022216788
14970,0.030090332
14971,0.034851063
14972,0.043884292
14973,0.049377408
14974,0.053955078
14975,0.050445527
14976,0.043060333
14977,0.03094484
14978,0.02062989
14979,0.009216316
14980,-0.0033568963
14981,-0.011108372
14982,-0.016906738
14983,-0.01821902
14984,-0.021911632
14985,-0.024932884
14986,-0.02813723
14987,-0.0293274
14988,-0.03250122
14989,-0.032073952
14990,-0.0317688
14991,-0.028442381
14992,-0.019958496
14993,-0.01171875
14994,-0.0011901855
14995,0.0054321364
14996,0.012603749
14997,0.018432613
14998,0.019103993
14999,0.018157959
15000,0.014495842
15001,0.005981449
15002,-0.0021057092
15003,-0.014373768
15004,-0.0252075
15005,-0.041137688
15006,-0.053375237
15007,-0.06326293
15008,-0.070922844
15009,-0.06619261
15010,-0.056518544
15011,-0.034271225
15012,-0.011383051
15013,0.010192869
15014,0.02853393
15015,0.03570555
15016,0.043151848
15017,0.04299926
15018,0.03817749
15019,0.034240723
15020,0.026733402
15021,0.023284912
15022,0.017639164
15023,0.0133972205
15024,0.008941652
15025,0.0040588398
15026,0.0017089825
15027,0.0016479492
15028,-0.00039673038
15029,0.0017700214
15030,-0.0009155255
15031,0.0025329608
15032,0.0059204046
15033,0.015411377
15034,0.024322513
15035,0.029632553
15036,0.035339367
15037,0.035613984
15038,0.037078887
15039,0.033050522
15040,0.028839111
15041,0.024230942
15042,0.01760865
15043,0.014739998
15044,0.0048827976
15045,-0.000335671
15046,-0.008911122
15047,-0.016296376
15048,-0.02148436
15049,-0.030029327
15050,-0.03332518
15051,-0.039764434
15052,-0.041625954
15053,-0.041412376
15054,-0.043121338
15055,-0.042175286
15056,-0.040710445
15057,-0.03778076
15058,-0.032775875
15059,-0.028442385
15060,-0.020141598
15061,-0.011718752
15062,-0.007995604
15063,-0.0031433105
15064,-0.00289917
15065,-0.0005493164
15066,-0.0018310547
15067,-0.004577635
15068,-0.005126955
15069,-0.00866699
15070,-0.0070495624
15071,-0.011260986
15072,-0.011169426
15073,-0.016052257
15074,-0.017578125
15075,-0.019744895
15076,-0.020019509
15077,-0.021759067
15078,-0.021789555
15079,-0.022094741
15080,-0.01913451
15081,-0.018432595
15082,-0.015991226
15083,-0.016693115
15084,-0.014923088
15085,-0.013580345
15086,-0.012390129
15087,-0.013275184
15088,-0.016632088
15089,-0.018432647
15090,-0.019042976
15091,-0.019500732
15092,-0.017639153
15093,-0.013977058
15094,-0.011108406
15095,-0.00680542
15096,-0.005950935
15097,-0.0023498386
15098,0.0011291504
15099,0.0069275275
15100,0.015594497
15101,0.019561782
15102,0.026275653
15103,0.02529909
15104,0.029693618
15105,0.02609253
15106,0.026184075
15107,0.019409165
15108,0.013610847
15109,0.0074767806
15110,0.0067443848
15111,0.0065612756
15112,0.0075683743
15113,0.010009762
15114,0.0138244685
15115,0.018341076
15116,0.020782486
15117,0.021697998
15118,0.02294922
15119,0.0203247
15120,0.018463125
15121,0.015838623
15122,0.017181393
15123,0.015136719
15124,0.018798824
15125,0.020111084
15126,0.026702877
15127,0.030181885
15128,0.035095215
15129,0.042907707
15130,0.04809571
15131,0.053955078
15132,0.054992676
15133,0.05435182
15134,0.051544182
15135,0.044769302
15136,0.03744506
15137,0.023193374
15138,0.015136726
15139,0.0049133226
15140,0.0013427585
15141,-0.0022278056
15142,-0.0031128004
15143,-0.0030822903
15144,-0.004302971
15145,-0.003295906
15146,-0.004089318
15147,-0.004333526
15148,-0.0063171163
15149,-0.007720966
15150,-0.009796139
15151,-0.01461792
15152,-0.017639168
15153,-0.023803711
15154,-0.02566528
15155,-0.031890884
15156,-0.03427124
15157,-0.041442886
15158,-0.04528807
15159,-0.050323486
15160,-0.050323486
15161,-0.04837036
15162,-0.0449524
15163,-0.03994751
15164,-0.033111572
15165,-0.022155762
15166,-0.012939455
15167,-0.0024414044
15168,0.0067749014
15169,0.015441896
15170,0.024353027
15171,0.027984623
15172,0.031311035
15173,0.031158447
15174,0.03161621
15175,0.029693604
15176,0.0267334
15177,0.02465821
15178,0.020935066
15179,0.018493649
15180,0.00964357
15181,0.006591793
15182,-0.00048826635
15183,-0.004638681
15184,-0.0057678223
15185,-0.006561283
15186,0.00033570454
15187,0.005645763
15188,0.014587402
15189,0.020233154
15190,0.025177017
15191,0.026428197
15192,0.02371214
15193,0.016723618
15194,0.010070812
15195,0.0062866397
15196,0.0018310733
15197,-0.0003966987
15198,-0.0038146637
15199,-0.005554173
15200,-0.0062255748
15201,-0.009521473
15202,-0.014251713
15203,-0.02273559
15204,-0.0315857
15205,-0.04003907
15206,-0.048919685
15207,-0.053588875
15208,-0.059844982
15209,-0.06045533
15210,-0.060546875
15211,-0.059112556
15212,-0.055145267
15213,-0.053436294
15214,-0.044677705
15215,-0.042694084
15216,-0.034728974
15217,-0.029754631
15218,-0.023681618
15219,-0.015045166
15220,-0.006805435
15221,0.00592041
15222,0.016082726
15223,0.024871822
15224,0.032928452
15225,0.035095204
15226,0.037841797
15227,0.038909897
15228,0.03640748
15229,0.037170395
15230,0.02981569
15231,0.028900154
15232,0.021850584
15233,0.021148682
15234,0.016418453
15235,0.013214111
15236,0.010162349
15237,0.00830078
15238,0.009429931
15239,0.009368895
15240,0.01571655
15241,0.02218628
15242,0.030364996
15243,0.035675053
15244,0.03616333
15245,0.03558351
15246,0.026885975
15247,0.015533462
15248,0.004089333
15249,-0.007263178
15250,-0.017700208
15251,-0.02896118
15252,-0.035003662
15253,-0.041107178
15254,-0.041015625
15255,-0.04360962
15256,-0.04034423
15257,-0.034271244
15258,-0.029235832
15259,-0.019378662
15260,-0.015289295
15261,-0.0067749023
15262,-0.003753651
15263,-0.0018310584
15264,-0.00244141
15265,-0.004119888
15266,-0.0058288537
15267,-0.0037231557
15268,-0.00390625
15269,-0.0005188063
15270,-0.00067137927
15271,-0.000244122
15272,0.0012512319
15273,-0.004821766
15274,-0.0059204213
15275,-0.01507568
15276,-0.01672364
15277,-0.020660412
15278,-0.01977541
15279,-0.016998291
15280,-0.014190674
15281,-0.01498412
15282,-0.0122070275
15283,-0.013336152
15284,-0.0115051195
15285,-0.010742158
15286,-0.00680542
15287,0.0019836575
15288,0.012115497
15289,0.022888195
15290,0.030853275
15291,0.03665161
15292,0.042175293
15293,0.0440979
15294,0.041290276
15295,0.040191643
15296,0.03240966
15297,0.029937739
15298,0.02432251
15299,0.024017332
15300,0.022705078
15301,0.020629883
15302,0.022827148
15303,0.023040777
15304,0.028839115
15305,0.031921394
15306,0.037658684
15307,0.040557858
15308,0.04443358
15309,0.045898445
15310,0.047058083
15311,0.044677727
15312,0.040313706
15313,0.036102295
15314,0.025970459
15315,0.02349855
15316,0.014770493
15317,0.01083374
15318,0.0044250265
15319,-0.0024108961
15320,-0.010345481
15321,-0.023406997
15322,-0.033996593
15323,-0.044281006
15324,-0.05108644
15325,-0.05404664
15326,-0.055969253
15327,-0.053192146
15328,-0.05047609
15329,-0.045806877
15330,-0.040924057
15331,-0.035247795
15332,-0.027832028
15333,-0.022644045
15334,-0.019836426
15335,-0.017303467
15336,-0.016754152
15337,-0.016082764
15338,-0.015960697
15339,-0.016479494
15340,-0.016418464
15341,-0.014099121
15342,-0.013366703
15343,-0.013580322
15344,-0.01037598
15345,-0.010986328
15346,-0.009307869
15347,-0.013580315
15348,-0.017425548
15349,-0.023162834
15350,-0.028289791
15351,-0.032165535
15352,-0.0328674
15353,-0.033874534
15354,-0.027618408
15355,-0.024688728
15356,-0.018554695
15357,-0.016418457
15358,-0.013275176
15359,-0.00970459
15360,-0.0038452148
15361,0.004272461
15362,0.013793968
15363,0.023468021
15364,0.03176882
15365,0.042388916
15366,0.047027595
15367,0.056030273
15368,0.057586662
15369,0.06127929
15370,0.06823728
15371,0.069732666
15372,0.07730102
15373,0.073516846
15374,0.07620238
15375,0.06835938
15376,0.06256104
15377,0.052215554
15378,0.04351808
15379,0.0317688
15380,0.018066436
15381,0.0024108961
15382,-0.01330566
15383,-0.029327385
15384,-0.042663608
15385,-0.051605225
15386,-0.060333267
15387,-0.060791016
15388,-0.060638428
15389,-0.054656982
15390,-0.052764893
15391,-0.053344723
15392,-0.054290764
15393,-0.053253166
15394,-0.05056762
15395,-0.0402832
15396,-0.031372067
15397,-0.018157952
15398,-0.0065002516
15399,0.0068969633
15400,0.015258776
15401,0.028808584
15402,0.032409668
15403,0.03866577
15404,0.03314209
15405,0.031158445
15406,0.027008057
15407,0.02230835
15408,0.016326904
15409,0.011718748
15410,0.005371093
15411,0.003692626
15412,-0.00027465774
15413,-0.004913329
15414,-0.0067443843
15415,-0.011627196
15416,-0.010803223
15417,-0.012023925
15418,-0.010101319
15419,-0.0058898926
15420,-0.0050964365
15421,-0.00042724563
15422,0.0006408682
15423,0.0044555664
15424,0.0062561035
15425,0.0070190434
15426,0.011169434
15427,0.009887696
15428,0.011627195
15429,0.008758543
15430,0.013671873
15431,0.0121154785
15432,0.0123291
15433,0.011108398
15434,0.011108398
15435,0.011444092
15436,0.0093688965
15437,0.009002686
15438,0.007019043
15439,0.001953125
15440,-0.0024414044
15441,-0.006591795
15442,-0.010620115
15443,-0.010314938
15444,-0.012786865
15445,-0.01168823
15446,-0.012969971
15447,-0.016571041
15448,-0.016204834
15449,-0.022399902
15450,-0.020050049
15451,-0.020843506
15452,-0.013427735
15453,-0.0032958984
15454,0.003692626
15455,0.014801026
15456,0.018676756
15457,0.02798462
15458,0.03103638
15459,0.032165516
15460,0.036254894
15461,0.029083252
15462,0.031463638
15463,0.023559578
15464,0.023345958
15465,0.020233165
15466,0.018432617
15467,0.020477306
15468,0.017547585
15469,0.016937252
15470,0.014190629
15471,0.0075073317
15472,0.003478974
15473,-0.0033569522
15474,-0.008331314
15475,-0.015777599
15476,-0.0234375
15477,-0.030487068
15478,-0.03884887
15479,-0.0432434
15480,-0.05017089
15481,-0.054687493
15482,-0.057281494
15483,-0.057830803
15484,-0.05187989
15485,-0.045165997
15486,-0.035491955
15487,-0.025390599
15488,-0.017761234
15489,-0.004943829
15490,0.0020141639
15491,0.010498051
15492,0.0154419
15493,0.019378651
15494,0.021057125
15495,0.023803711
15496,0.029510489
15497,0.027923584
15498,0.030731197
15499,0.026062012
15500,0.02658081
15501,0.022979738
15502,0.015594482
15503,0.008331298
15504,3.0517578e-05
15505,-0.007171632
15506,-0.01159668
15507,-0.020233158
15508,-0.022735596
15509,-0.028869629
15510,-0.03137207
15511,-0.03335572
15512,-0.030700682
15513,-0.025573742
15514,-0.020141602
15515,-0.015899654
15516,-0.01327515
15517,-0.01083374
15518,-0.012023922
15519,-0.019744858
15520,-0.03009031
15521,-0.044799812
15522,-0.056426972
15523,-0.06842042
15524,-0.07592769
15525,-0.078765854
15526,-0.07934569
15527,-0.07199097
15528,-0.06851196
15529,-0.059936523
15530,-0.053009033
15531,-0.042938218
15532,-0.035278305
15533,-0.023071274
15534,-0.010162368
15535,0.0066223294
15536,0.022033677
15537,0.035949692
15538,0.054260254
15539,0.0661621
15540,0.08221437
15541,0.089080796
15542,0.09567262
15543,0.09872435
15544,0.09963991
15545,0.101562485
15546,0.09576416
15547,0.09039307
15548,0.08169554
15549,0.07492067
15550,0.06646726
15551,0.06018068
15552,0.056854226
15553,0.05252078
15554,0.049926735
15555,0.04751589
15556,0.044952378
15557,0.035522476
15558,0.025726326
15559,0.0130920485
15560,0.0017395094
15561,-0.0110778585
15562,-0.01644896
15563,-0.020629868
15564,-0.017059334
15565,-0.017852783
15566,-0.013305664
15567,-0.0104370415
15568,-0.013763435
15569,-0.011657756
15570,-0.016174331
15571,-0.016876243
15572,-0.018005364
15573,-0.02127076
15574,-0.017669648
15575,-0.018615711
15576,-0.009033188
15577,-0.0031433105
15578,0.008331329
15579,0.017211929
15580,0.026153557
15581,0.030761696
15582,0.031158417
15583,0.032287613
15584,0.023834199
15585,0.01589965
15586,0.0016479343
15587,-0.01174926
15588,-0.025512688
15589,-0.035919186
15590,-0.037994374
15591,-0.03295899
15592,-0.019470226
15593,-0.002502434
15594,0.011962894
15595,0.024841331
15596,0.027343735
15597,0.024475113
15598,0.012298595
15599,0.0039977953
15600,-0.010284413
15601,-0.020599376
15602,-0.036315903
15603,-0.040466316
15604,-0.04632567
15605,-0.04425049
15606,-0.036102302
15607,-0.01693727
15608,0.0010681003
15609,0.01803587
15610,0.033905044
15611,0.04666136
15612,0.04724122
15613,0.03970337
15614,0.028594974
15615,0.013305664
15616,0.0010070689
15617,-0.0084533505
15618,-0.015808132
15619,-0.0141906515
15620,-0.017974861
15621,-0.012329068
15622,-0.011505123
15623,-0.004333481
15624,-0.0047912486
15625,-0.010894775
15626,-0.010498039
15627,-0.016296383
15628,-0.018646255
15629,-0.025146486
15630,-0.03060913
15631,-0.034118652
15632,-0.04214477
15633,-0.03933716
15634,-0.03942871
15635,-0.031280514
15636,-0.024261475
15637,-0.008361815
15638,-0.0044555673
15639,0.005981446
15640,0.0038757315
15641,0.010253907
15642,-0.0010070819
15643,-0.0075378455
15644,-0.019500736
15645,-0.027862545
15646,-0.033599854
15647,-0.046234123
15648,-0.046081554
15649,-0.046936024
15650,-0.04403685
15651,-0.037841767
15652,-0.042846695
15653,-0.0340271
15654,-0.036468536
15655,-0.0340271
15656,-0.03381349
15657,-0.02734378
15658,-0.019805923
15659,-0.011383072
15660,0.00057984143
15661,0.0074767917
15662,0.011047371
15663,0.017547593
15664,0.021850556
15665,0.03030394
15666,0.028381329
15667,0.03518673
15668,0.035705574
15669,0.03265383
15670,0.026702914
15671,0.018981945
15672,0.014282234
15673,0.0065307766
15674,0.002349846
15675,-0.0005493276
15676,0.0036010891
15677,0.01223756
15678,0.014495842
15679,0.017211925
15680,0.012390129
15681,0.0076599196
15682,0.006103508
15683,0.00021361187
15684,-0.007934574
15685,-0.013549823
15686,-0.02313232
15687,-0.027679458
15688,-0.039825432
15689,-0.04663088
15690,-0.046173073
15691,-0.04537966
15692,-0.035369843
15693,-0.025024429
15694,0.0010376275
15695,0.020507812
15696,0.03710938
15697,0.04501341
15698,0.052581757
15699,0.059204087
15700,0.05889891
15701,0.060272202
15702,0.06121826
15703,0.06362916
15704,0.06640626
15705,0.0706482
15706,0.066162094
15707,0.06048584
15708,0.04522703
15709,0.030242935
15710,0.014587402
15711,-0.0072326586
15712,-0.022552488
15713,-0.042144768
15714,-0.05169677
15715,-0.060150154
15716,-0.06607055
15717,-0.07092285
15718,-0.06674195
15719,-0.05529784
15720,-0.041320797
15721,-0.02505492
15722,-0.008850109
15723,0.015808102
15724,0.03250122
15725,0.046630863
15726,0.058593754
15727,0.06851195
15728,0.0777588
15729,0.081787094
15730,0.07662964
15731,0.069335915
15732,0.055206284
15733,0.03948973
15734,0.018981915
15735,-0.001190193
15736,-0.01858522
15737,-0.032531735
15738,-0.048095696
15739,-0.057891842
15740,-0.063415535
15741,-0.07070923
15742,-0.0734253
15743,-0.08050537
15744,-0.07437133
15745,-0.06460572
15746,-0.055114742
15747,-0.041748066
15748,-0.029083245
15749,-0.0071106106
15750,0.014526369
15751,0.03567505
15752,0.06100464
15753,0.081726074
15754,0.1023865
15755,0.114379875
15756,0.12219241
15757,0.12496948
15758,0.12326054
15759,0.12686157
15760,0.12551883
15761,0.12890625
15762,0.12265015
15763,0.11502075
15764,0.092681915
15765,0.051757812
15766,-0.010192826
15767,-0.08428954
15768,-0.16983028
15769,-0.2654419
15770,-0.36727905
15771,-0.46511844
15772,-0.56277466
15773,-0.6572571
15774,-0.7356872
15775,-0.7735902
15776,-0.75433326
15777,-0.66470337
15778,-0.5065
15779,-0.29351807
15780,-0.037750125
15781,0.22155765
15782,0.46499634
15783,0.65063477
15784,0.7810669
15785,0.8681029
15786,0.9279785
15787,0.9732055
15788,1.0041809
15789,1.0202941
15790,1.0377196
15791,1.0349423
15792,1.0137634
15793,0.9556273
15794,0.85614
15795,0.719452
15796,0.5316161
15797,0.29714954
15798,0.012817383
15799,-0.29153442
15800,-0.5794678
15801,-0.8176573
15802,-1.0008545
15803,-1.1137693
15804,-1.1624452
15805,-1.1553955
15806,-1.110199
15807,-1.0463562
15808,-0.97250366
15809,-0.88983154
15810,-0.7954713
15811,-0.66738904
15812,-0.50576794
15813,-0.30526757
15814,-0.0725708
15815,0.16622913
15816,0.3937379
15817,0.5863954
15818,0.7303468
15819,0.82388306
15820,0.86346424
15821,0.86251837
15822,0.81109595
15823,0.7181398
15824,0.5849912
15825,0.4187929
15826,0.22753903
15827,0.014648557
15828,-0.19763175
15829,-0.41073608
15830,-0.60964954
15831,-0.786316
15832,-0.93045044
15833,-1.0235595
15834,-1.0651248
15835,-1.0430906
15836,-0.9657593
15837,-0.8312377
15838,-0.6533202
15839,-0.4366454
15840,-0.20544422
15841,0.019958377
15842,0.22732556
15843,0.39306653
15844,0.5256041
15845,0.6022644
15846,0.6449888
15847,0.64431775
15848,0.6183777
15849,0.56811523
15850,0.5097046
15851,0.44754028
15852,0.3918152
15853,0.3470459
15854,0.3139648
15855,0.29815674
15856,0.2896423
15857,0.29440305
15858,0.30020148
15859,0.30645743
15860,0.3043213
15861,0.28256226
15862,0.24157706
15863,0.1748046
15864,0.09677103
15865,0.0082398355
15866,-0.071258605
15867,-0.14254749
15868,-0.18734747
15869,-0.21450794
15870,-0.21670522
15871,-0.21075444
15872,-0.19476326
15873,-0.17272955
15874,-0.15173346
15875,-0.13143922
15876,-0.12594603
15877,-0.124237075
15878,-0.13375853
15879,-0.14248659
15880,-0.15069577
15881,-0.15240479
15882,-0.14624023
15883,-0.13098145
15884,-0.11257934
15885,-0.09466551
15886,-0.08419798
15887,-0.078613296
15888,-0.07650757
15889,-0.0709839
15890,-0.06295778
15891,-0.047943115
15892,-0.025665313
15893,0.0045776367
15894,0.03948974
15895,0.0737915
15896,0.107818596
15897,0.1333923
15898,0.15505983
15899,0.17260739
15900,0.18908693
15901,0.20187375
15902,0.20742798
15903,0.21633908
15904,0.2218628
15905,0.22155759
15906,0.20776358
15907,0.18261716
15908,0.14755237
15909,0.10342416
15910,0.051879734
15911,0.0016785562
15912,-0.042175293
15913,-0.074554354
15914,-0.09863284
15915,-0.11169438
15916,-0.12524419
15917,-0.13421635
15918,-0.14831549
15919,-0.15988158
15920,-0.17367555
15921,-0.18676753
15922,-0.19363405
15923,-0.19897458
15924,-0.20095824
15925,-0.2041931
15926,-0.19772339
15927,-0.18472289
15928,-0.16583253
15929,-0.14239499
15930,-0.11666876
15931,-0.08657834
15932,-0.05883795
15933,-0.0340271
15934,-0.017547637
15935,-0.0071106255
15936,-0.0018005371
15937,-0.0013428032
15938,0.0031432807
15939,0.010498032
15940,0.022979692
15941,0.039093018
15942,0.057250917
15943,0.07916261
15944,0.09457397
15945,0.11291504
15946,0.12423707
15947,0.13409424
15948,0.13284302
15949,0.12738037
15950,0.11239625
15951,0.08590698
15952,0.056671143
15953,0.01461792
15954,-0.03381347
15955,-0.08694458
15956,-0.12963867
15957,-0.15774535
15958,-0.1557617
15959,-0.12600708
15960,-0.063384995
15961,0.018432586
15962,0.09906009
15963,0.17074585
15964,0.20877075
15965,0.22311404
15966,0.20758055
15967,0.18029787
15968,0.14514157
15969,0.10803223
15970,0.070068344
15971,0.03173825
15972,-0.0014953613
15973,-0.035034206
15974,-0.059539773
15975,-0.08218387
15976,-0.09451292
15977,-0.094757095
15978,-0.08218383
15979,-0.06185913
15980,-0.03732299
15981,-0.011260986
15982,0.013854999
15983,0.03372191
15984,0.044494662
15985,0.051269494
15986,0.05545046
15987,0.053741433
15988,0.051239006
15989,0.04824826
15990,0.04931639
15991,0.04656981
15992,0.0394592
15993,0.025146484
15994,0.0079956055
15995,-0.009552024
15996,-0.021942146
15997,-0.03558352
15998,-0.048645012
15999,-0.06387329
16000,-0.07406616
16001,-0.087005615
16002,-0.09298706
16003,-0.09350586
16004,-0.08581543
16005,-0.07116699
16006,-0.055542
16007,-0.04400634
16008,-0.030609146
16009,-0.023803707
16010,-0.015655536
16011,-0.012023937
16012,-0.015075672
16013,-0.01687621
16014,-0.02462767
16015,-0.030364998
16016,-0.036315903
16017,-0.041015647
16018,-0.037017792
16019,-0.02703859
16020,-0.013610803
16021,0.006042488
16022,0.026458763
16023,0.05032351
16024,0.07174683
16025,0.08325196
16026,0.085083
16027,0.07955932
16028,0.06704712
16029,0.0548706
16030,0.034729004
16031,0.019378664
16032,0.0035095252
16033,-0.0057678195
16034,-0.014282229
16035,-0.019012447
16036,-0.021423344
16037,-0.021575928
16038,-0.020477299
16039,-0.02230835
16040,-0.02282715
16041,-0.021514893
16042,-0.028076163
16043,-0.030670166
16044,-0.041778546
16045,-0.04470825
16046,-0.050720204
16047,-0.051818833
16048,-0.0529785
16049,-0.054779068
16050,-0.04989624
16051,-0.047912627
16052,-0.04156491
16053,-0.03912355
16054,-0.030975327
16055,-0.02224733
16056,-0.01361081
16057,-0.00573729
16058,0.0013427734
16059,0.0058898926
16060,0.013397217
16061,0.020263687
16062,0.030334458
16063,0.03585817
16064,0.036529556
16065,0.032318115
16066,0.025146484
16067,0.016723648
16068,0.013610847
16069,0.01132201
16070,0.008789048
16071,0.0064086877
16072,0.008026127
16073,0.007476829
16074,0.009429939
16075,0.0059204213
16076,0.005767837
16077,0.0007324107
16078,0.0010376051
16079,0.0065917857
16080,0.010162365
16081,0.015197765
16082,0.024383547
16083,0.035156272
16084,0.047424316
16085,0.055542
16086,0.061370842
16087,0.06344603
16088,0.063781746
16089,0.055938713
16090,0.051818848
16091,0.038970944
16092,0.02987672
16093,0.020843506
16094,0.010894772
16095,0.009338379
16096,0.007904064
16097,0.010375988
16098,0.0144348405
16099,0.019531246
16100,0.023773175
16101,0.031372055
16102,0.03567504
16103,0.040557876
16104,0.03985592
16105,0.03659059
16106,0.034332275
16107,0.031799316
16108,0.026672348
16109,0.026397705
16110,0.019866943
16111,0.01650998
16112,0.011413544
16113,0.0035095215
16114,-0.0068054497
16115,-0.020904548
16116,-0.031127974
16117,-0.040069573
16118,-0.049713157
16119,-0.054901112
16120,-0.0584717
16121,-0.05484008
16122,-0.053527832
16123,-0.046844475
16124,-0.044067398
16125,-0.037841804
16126,-0.033935547
16127,-0.030426025
16128,-0.02850341
16129,-0.026062008
16130,-0.021118164
16131,-0.016693115
16132,-0.008178709
16133,0.00024414062
16134,0.008422852
16135,0.018585205
16136,0.02029419
16137,0.02944946
16138,0.026489258
16139,0.032806385
16140,0.024688732
16141,0.02062986
16142,0.013854984
16143,0.00640868
16144,0.003295906
16145,-0.0028381273
16146,-0.003692627
16147,-0.004089348
16148,-0.0037536696
16149,0.0047607347
16150,0.0061035194
16151,0.013092026
16152,0.018646251
16153,0.026000954
16154,0.03802494
16155,0.039031968
16156,0.054718047
16157,0.052764907
16158,0.061218277
16159,0.050598174
16160,0.04705809
16161,0.036010757
16162,0.02111815
16163,0.005950913
16164,-0.012146011
16165,-0.022979766
16166,-0.034179725
16167,-0.03503421
16168,-0.04275515
16169,-0.045318604
16170,-0.053039555
16171,-0.053009015
16172,-0.05255127
16173,-0.050292954
16174,-0.046020508
16175,-0.046936035
16176,-0.04571534
16177,-0.05114746
16178,-0.053375244
16179,-0.06362915
16180,-0.07452392
16181,-0.089233406
16182,-0.09695433
16183,-0.10327148
16184,-0.10580441
16185,-0.10202028
16186,-0.09332274
16187,-0.07546997
16188,-0.057983384
16189,-0.038482666
16190,-0.026489273
16191,-0.0155944675
16192,-0.008148208
16193,-0.008117661
16194,-0.007171631
16195,-0.0065002292
16196,-0.0017700344
16197,0.0040588677
16198,0.012023896
16199,0.0251465
16200,0.0396118
16201,0.051788345
16202,0.06439208
16203,0.0690613
16204,0.07781982
16205,0.07440187
16206,0.071716286
16207,0.06753539
16208,0.059020974
16209,0.053863518
16210,0.0462036
16211,0.047821052
16212,0.046417244
16213,0.04483033
16214,0.048492435
16215,0.05395509
16216,0.05923462
16217,0.060180664
16218,0.055297848
16219,0.048431393
16220,0.040893544
16221,0.030395482
16222,0.017425515
16223,0.0003967136
16224,-0.015502939
16225,-0.03308104
16226,-0.044921868
16227,-0.057067864
16228,-0.057037354
16229,-0.055694588
16230,-0.046722416
16231,-0.045562744
16232,-0.04013062
16233,-0.04174804
16234,-0.03857422
16235,-0.035919182
16236,-0.025115967
16237,-0.006988518
16238,0.014648444
16239,0.042633057
16240,0.060180664
16241,0.0758972
16242,0.071502686
16243,0.06417845
16244,0.047546383
16245,0.033172593
16246,0.022247318
16247,0.011993408
16248,0.007415805
16249,0.0022888184
16250,-0.0036620982
16251,-0.0025024675
16252,-0.0037536658
16253,-0.00088500977
16254,-0.003570579
16255,-0.0083618015
16256,-0.01019289
16257,-0.018432602
16258,-0.024383541
16259,-0.037139885
16260,-0.046020508
16261,-0.048797607
16262,-0.049713142
16263,-0.049224846
16264,-0.056488052
16265,-0.065277085
16266,-0.076751746
16267,-0.08389279
16268,-0.08810425
16269,-0.0870056
16270,-0.08584596
16271,-0.0769348
16272,-0.07260132
16273,-0.061340332
16274,-0.056549087
16275,-0.046997055
16276,-0.03503418
16277,-0.020080552
16278,0.003479004
16279,0.027954102
16280,0.056915283
16281,0.08621215
16282,0.1138916
16283,0.1394043
16284,0.15866089
16285,0.16946408
16286,0.17697144
16287,0.1722717
16288,0.16772461
16289,0.15057369
16290,0.13061523
16291,0.106414765
16292,0.08047482
16293,0.056549057
16294,0.034240708
16295,0.0153808445
16296,0.0046691895
16297,-0.004455596
16298,-0.008422852
16299,-0.012146026
16300,-0.016235366
16301,-0.020202667
16302,-0.026641876
16303,-0.029052764
16304,-0.034301773
16305,-0.028961226
16306,-0.03024292
16307,-0.018829346
16308,-0.013763428
16309,-0.0062561035
16310,-0.00015258789
16311,-0.0024719238
16312,0.00088499486
16313,-0.0034179688
16314,-0.00683593
16315,-0.013336152
16316,-0.02221679
16317,-0.029754631
16318,-0.04190063
16319,-0.053771965
16320,-0.06539917
16321,-0.074005134
16322,-0.08688356
16323,-0.09524536
16324,-0.104492195
16325,-0.106903076
16326,-0.108001694
16327,-0.10302736
16328,-0.095336914
16329,-0.08099368
16330,-0.06921387
16331,-0.053588897
16332,-0.0548096
16333,-0.06451419
16334,-0.10266115
16335,-0.15148938
16336,-0.20935065
16337,-0.24960327
16338,-0.25094613
16339,-0.2076416
16340,-0.1269227
16341,-0.019775271
16342,0.0899353
16343,0.1592713
16344,0.15911871
16345,0.11050409
16346,0.09533697
16347,0.12042236
16348,0.24633789
16349,0.45388788
16350,0.74179083
16351,1.0109862
16352,1.136719
16353,1.0820923
16354,0.8377994
16355,0.48464954
16356,0.09960973
16357,-0.23907459
16358,-0.46780396
16359,-0.57855225
16360,-0.59170556
16361,-0.5335692
16362,-0.45123303
16363,-0.3676147
16364,-0.30966187
16365,-0.2760315
16366,-0.27691644
16367,-0.31500244
16368,-0.38195795
16369,-0.456543
16370,-0.5029906
16371,-0.49716184
16372,-0.42858875
16373,-0.30718988
16374,-0.16015628
16375,-0.014099032
16376,0.100952
16377,0.16305545
16378,0.1618042
16379,0.10949698
16380,0.010375977
16381,-0.09490985
16382,-0.18734735
16383,-0.2531739
16384,-0.27566534
16385,-0.26556408
16386,-0.21398914
16387,-0.13928199
16388,-0.043060273
16389,0.059143126
16390,0.16812125
16391,0.2632753
16392,0.36270118
16393,0.44058242
16394,0.501953
16395,0.54681396
16396,0.5654298
16397,0.5661317
16398,0.5304565
16399,0.4714357
16400,0.38497916
16401,0.28222665
16402,0.17727649
16403,0.07885745
16404,0.0022886992
16405,-0.051238924
16406,-0.082733154
16407,-0.09881577
16408,-0.105651855
16409,-0.10635361
16410,-0.100890994
16411,-0.10519409
16412,-0.11380005
16413,-0.12692262
16414,-0.13726805
16415,-0.14157104
16416,-0.15087889
16417,-0.15734863
16418,-0.14801024
16419,-0.12188719
16420,-0.07296753
16421,-0.0140686035
16422,0.04574585
16423,0.110565156
16424,0.16714476
16425,0.2233276
16426,0.25674435
16427,0.26000977
16428,0.23968506
16429,0.17611706
16430,0.100616425
16431,-3.0487776e-05
16432,-0.09573369
16433,-0.18655398
16434,-0.2581482
16435,-0.29440308
16436,-0.30807495
16437,-0.2861023
16438,-0.24417114
16439,-0.19308472
16440,-0.13476562
16441,-0.08465575
16442,-0.040222187
16443,-0.01318359
16444,0.004974354
16445,0.022247316
16446,0.036346436
16447,0.048614487
16448,0.058013923
16449,0.06555177
16450,0.06900026
16451,0.072906494
16452,0.07064821
16453,0.067169175
16454,0.05728153
16455,0.04495237
16456,0.030853283
16457,0.010528538
16458,-0.012329083
16459,-0.037872322
16460,-0.05380249
16461,-0.06680299
16462,-0.07342529
16463,-0.0848999
16464,-0.095764175
16465,-0.10958863
16466,-0.12246705
16467,-0.13073729
16468,-0.1352844
16469,-0.12924193
16470,-0.12194823
16471,-0.10516356
16472,-0.092498794
16473,-0.07254028
16474,-0.05996701
16475,-0.046295166
16476,-0.03793332
16477,-0.03225705
16478,-0.025848359
16479,-0.020446748
16480,-0.0121765435
16481,-0.0013427734
16482,0.0066222847
16483,0.017181396
16484,0.023651108
16485,0.032714844
16486,0.042144805
16487,0.04983525
16488,0.05728151
16489,0.06121829
16490,0.063964844
16491,0.06085205
16492,0.05603029
16493,0.05184935
16494,0.043701187
16495,0.03866574
16496,0.028930679
16497,0.027496308
16498,0.02084352
16499,0.018981911
16500,0.016082771
16501,0.015167244
16502,0.018585213
16503,0.023590118
16504,0.034423836
16505,0.044555683
16506,0.055023186
16507,0.066040024
16508,0.079925545
16509,0.08792114
16510,0.08377075
16511,0.08584595
16512,0.07669068
16513,0.07684326
16514,0.042480476
16515,0.029327381
16516,0.010284416
16517,0.00537109
16518,-0.005584743
16519,-0.010925256
16520,-0.0063476786
16521,0.002227813
16522,0.010559082
16523,0.016448975
16524,0.015228245
16525,0.01583863
16526,0.0120239295
16527,0.01129153
16528,0.00054929033
16529,-0.0053405613
16530,-0.010681175
16531,-0.010284413
16532,-0.0057068095
16533,-0.0030517243
16534,-0.0024719425
16535,-0.0012817048
16536,0.0020446815
16537,0.010314938
16538,0.01608276
16539,0.021820053
16540,0.026550315
16541,0.033142082
16542,0.037841797
16543,0.03555297
16544,0.02667237
16545,0.013336159
16546,0.0014343262
16547,-0.008270264
16548,-0.014831528
16549,-0.016265858
16550,-0.022460923
16551,-0.02719114
16552,-0.035980206
16553,-0.0397644
16554,-0.042785645
16555,-0.042053238
16556,-0.04638672
16557,-0.045806907
16558,-0.044555664
16559,-0.03878784
16560,-0.030944826
16561,-0.025421143
16562,-0.013549805
16563,-0.006011964
16564,0.006073
16565,0.013122556
16566,0.01766968
16567,0.023376463
16568,0.028747557
16569,0.034881596
16570,0.03573609
16571,0.03607179
16572,0.03707886
16573,0.039947502
16574,0.041656487
16575,0.035827637
16576,0.029205292
16577,0.019348145
16578,0.010284409
16579,-0.0021056943
16580,-0.006408684
16581,-0.017974827
16582,-0.018310543
16583,-0.028198224
16584,-0.0274048
16585,-0.033630382
16586,-0.03561403
16587,-0.039062515
16588,-0.046356216
16589,-0.053619385
16590,-0.05895995
16591,-0.059783936
16592,-0.06268309
16593,-0.06323243
16594,-0.0661926
16595,-0.0671997
16596,-0.066650346
16597,-0.06726071
16598,-0.062286347
16599,-0.05694577
16600,-0.0496521
16601,-0.035613984
16602,-0.024780333
16603,-0.008148164
16604,0.008697495
16605,0.023559615
16606,0.043334953
16607,0.052124053
16608,0.068084724
16609,0.07629396
16610,0.08370971
16611,0.090972885
16612,0.09368895
16613,0.095184326
16614,0.09112549
16615,0.08422852
16616,0.07342526
16617,0.060394272
16618,0.045166
16619,0.032440208
16620,0.02023317
16621,0.008148201
16622,0.0019226223
16623,-0.0021667406
16624,0.0018921122
16625,0.0038452372
16626,0.01083377
16627,0.017425567
16628,0.023895279
16629,0.029174805
16630,0.030212402
16631,0.026672348
16632,0.019500732
16633,0.0139464885
16634,0.005920455
16635,0.00085446984
16636,-0.00775142
16637,-0.011260986
16638,-0.015258752
16639,-0.019317612
16640,-0.02313231
16641,-0.030334473
16642,-0.037933357
16643,-0.044799812
16644,-0.052459724
16645,-0.05892945
16646,-0.06237793
16647,-0.06790161
16648,-0.0670166
16649,-0.069610596
16650,-0.06991577
16651,-0.07095336
16652,-0.073120125
16653,-0.07202147
16654,-0.07092285
16655,-0.06964108
16656,-0.063568115
16657,-0.059448212
16658,-0.049377456
16659,-0.04177855
16660,-0.036254898
16661,-0.031524673
16662,-0.026672348
16663,-0.02084352
16664,-0.013702363
16665,-0.008850098
16666,-0.000518769
16667,0.007842988
16668,0.01669313
16669,0.028106675
16670,0.040618904
16671,0.056121826
16672,0.06689452
16673,0.08160402
16674,0.08694457
16675,0.09567262
16676,0.09313964
16677,0.092376694
16678,0.08605956
16679,0.07672118
16680,0.068756096
16681,0.05899047
16682,0.044769295
16683,0.035125732
16684,0.019378673
16685,0.010986332
16686,-0.0002746284
16687,-0.008056659
16688,-0.014862068
16689,-0.02362063
16690,-0.03311158
16691,-0.040252686
16692,-0.05041504
16693,-0.05639647
16694,-0.063323975
16695,-0.07064818
16696,-0.06765746
16697,-0.070434555
16698,-0.065887466
16699,-0.06088256
16700,-0.05471801
16701,-0.040252686
16702,-0.03283693
16703,-0.017059349
16704,-0.0028991848
16705,0.014617924
16706,0.033233646
16707,0.047607437
16708,0.06341553
16709,0.07525636
16710,0.086425796
16711,0.092590325
16712,0.09643555
16713,0.092437744
16714,0.08932495
16715,0.0788574
16716,0.072265625
16717,0.05691527
16718,0.044494644
16719,0.03259275
16720,0.018981919
16721,0.0113220215
16722,0.000427261
16723,-0.0054931417
16724,-0.008422807
16725,-0.007568337
16726,-0.0025634468
16727,-0.000732407
16728,-0.0005798191
16729,-0.004394546
16730,-0.00973513
16731,-0.019226082
16732,-0.0246582
16733,-0.03289794
16734,-0.037506077
16735,-0.04476928
16736,-0.049438447
16737,-0.05169677
16738,-0.055786118
16739,-0.058105484
16740,-0.060150154
16741,-0.05767823
16742,-0.054748528
16743,-0.04705811
16744,-0.038940422
16745,-0.0322876
16746,-0.02563475
16747,-0.02264404
16748,-0.017578121
16749,-0.013214119
16750,-0.010467529
16751,-0.004302975
16752,-0.0050659142
16753,-0.0022888146
16754,-0.0005798638
16755,0.0002746582
16756,-0.00067140907
16757,-0.0020446517
16758,-0.004455555
16759,-0.0012512244
16760,-0.0010375902
16761,0.0013732798
16762,0.0023193508
16763,0.0026550107
16764,0.0061340258
16765,0.0056762695
16766,0.007965062
16767,0.005096443
16768,0.0068664327
16769,0.0062866285
16770,0.0080871545
16771,0.008514404
16772,0.009368908
16773,0.013488764
16774,0.013580319
16775,0.017181406
16776,0.01705933
16777,0.020294193
16778,0.021575928
16779,0.025085453
16780,0.029388428
16781,0.028289795
16782,0.027557375
16783,0.026641842
16784,0.022949222
16785,0.01937866
16786,0.015258793
16787,0.012298586
16788,0.012512207
16789,0.009094242
16790,0.009002686
16791,0.0073852576
16792,0.0043640137
16793,0.0064697303
16794,0.0016784668
16795,0.0022583008
16796,-0.0018005371
16797,-0.0052185077
16798,-0.009033201
16799,-0.016662598
16800,-0.022857664
16801,-0.032318115
16802,-0.03842163
16803,-0.04577636
16804,-0.048614502
16805,-0.053955063
16806,-0.052673344
16807,-0.050750703
16808,-0.04315186
16809,-0.038757317
16810,-0.03063967
16811,-0.025878891
16812,-0.015197776
16813,-0.011566155
16814,-0.0036010817
16815,0.0025329627
16816,0.0072936937
16817,0.015716549
16818,0.022186287
16819,0.033142082
16820,0.041259743
16821,0.051177993
16822,0.055450432
16823,0.059631355
16824,0.05627442
16825,0.050567627
16826,0.039459236
16827,0.025085444
16828,0.015014651
16829,0.0022888165
16830,-0.002593995
16831,-0.0070495605
16832,-0.00784302
16833,-0.005950927
16834,-0.0063171424
16835,-0.0018920917
16836,-0.0046691904
16837,-0.0016174307
16838,-0.002227785
16839,0.004119877
16840,0.0070800763
16841,0.012908941
16842,0.0126342755
16843,0.016082766
16844,0.014190674
16845,0.014251709
16846,0.012908936
16847,0.011474606
16848,0.0074768066
16849,0.002990719
16850,-0.0016784668
16851,-0.0060119666
16852,-0.010528564
16853,-0.013946533
16854,-0.015624998
16855,-0.013732911
16856,-0.014556884
16857,-0.008453369
16858,-0.0061035175
16859,0.0
16860,0.005218506
16861,0.010528564
16862,0.015655525
16863,0.016510021
16864,0.018035894
16865,0.017059345
16866,0.016479485
16867,0.012725849
16868,0.0087585375
16869,0.00976564
16870,0.009979244
16871,0.013153069
16872,0.01229858
16873,0.013336178
16874,0.01803587
16875,0.018859867
16876,0.018524136
16877,0.015625007
16878,0.012634251
16879,0.01464843
16880,0.010833744
16881,0.00790403
16882,0.0027160868
16883,-0.0013733171
16884,-0.0034179538
16885,-0.010467533
16886,-0.012145989
16887,-0.017181411
16888,-0.020019539
16889,-0.022003185
16890,-0.025512695
16891,-0.027862553
16892,-0.033905037
16893,-0.03356934
16894,-0.03256224
16895,-0.031677235
16896,-0.029296868
16897,-0.026428217
16898,-0.02078247
16899,-0.020050049
16900,-0.019958498
16901,-0.01876831
16902,-0.019287111
16903,-0.017547607
16904,-0.015899662
16905,-0.00881958
16906,-0.0007629427
16907,0.008453369
16908,0.015350338
16909,0.022247313
16910,0.025115965
16911,0.024108883
16912,0.022125244
16913,0.015533446
16914,0.00894165
16915,-0.0015258789
16916,-0.012481692
16917,-0.022369385
16918,-0.032257084
16919,-0.04013061
16920,-0.048919693
16921,-0.05484009
16922,-0.058410656
16923,-0.059509292
16924,-0.057769775
16925,-0.05303956
16926,-0.046173066
16927,-0.036071755
16928,-0.026733346
16929,-0.013244577
16930,-0.0028991476
16931,0.012512229
16932,0.026519764
16933,0.04287719
16934,0.053741425
16935,0.065612786
16936,0.06823729
16937,0.06860351
16938,0.06011963
16939,0.048431404
16940,0.033691414
16941,0.01580811
16942,0.0029907227
16943,-0.008422849
16944,-0.012237553
16945,-0.014648437
16946,-0.013702396
16947,-0.011138918
16948,-0.011444097
16949,-0.012207033
16950,-0.014129641
16951,-0.018066414
16952,-0.021514889
16953,-0.02633667
16954,-0.02947998
16955,-0.028076187
16956,-0.025421154
16957,-0.015655518
16958,-0.0063171387
16959,0.0050964057
16960,0.01693727
16961,0.024932845
16962,0.029968286
16963,0.030426016
16964,0.029937752
16965,0.02804566
16966,0.02319336
16967,0.021759037
16968,0.017059326
16969,0.017028805
16970,0.012664796
16971,0.014343262
16972,0.011413574
16973,0.011108397
16974,0.007934571
16975,0.0062255845
16976,0.0023498544
16977,-0.0006713872
16978,-0.0031738272
16979,-0.004058837
16980,-0.0015869136
16981,-0.0017700192
16982,-0.0001831055
16983,-0.0021972659
16984,-0.0019226073
16985,-0.003326416
16986,-0.0042114262
16987,-0.0058288574
16988,-0.0074157715
16989,-0.0093688965
16990,-0.009796141
16991,-0.01086426
16992,-0.010009763
16993,-0.0066223163
16994,-0.00024413876
16995,0.007720946
16996,0.015930176
16997,0.022735598
16998,0.027374268
16999,0.03027344
17000,0.03012085
17001,0.02883911
17002,0.022613525
17003,0.021392826
17004,0.013916008
17005,0.010040294
17006,0.0059509203
17007,0.0008850172
17008,0.000732407
17009,-0.006225586
17010,-0.002105713
17011,-0.002960205
17012,0.00033569336
17013,0.0002746582
17014,9.1552734e-05
17015,-0.0032653827
17016,-0.005859375
17017,-0.0076904334
17018,-0.006134033
17019,-0.003753664
17020,0.0006103404
17021,0.0057067797
17022,0.011810306
17023,0.01849366
17024,0.022064216
17025,0.023254402
17026,0.019195557
17027,0.018524177
17028,0.009948734
17029,0.005584717
17030,-0.0044250637
17031,-0.010681152
17032,-0.018859852
17033,-0.027862532
17034,-0.03585815
17035,-0.042175293
17036,-0.04522705
17037,-0.0446167
17038,-0.041748047
17039,-0.034820557
17040,-0.026977539
17041,-0.017517088
17042,-0.009796143
17043,9.155553e-05
17044,0.0059814453
17045,0.012847901
17046,0.016845703
17047,0.020751953
17048,0.019744873
17049,0.020874023
17050,0.015411375
17051,0.0148620615
17052,0.009033201
17053,0.00753784
17054,0.007690426
17055,0.004913332
17056,0.006164551
17057,0.0021057148
17058,9.1552734e-05
17059,0.0008239765
17060,-0.0018920898
17061,0.00027466007
17062,-0.0015258826
17063,0.0033264197
17064,0.005432127
17065,0.005706791
17066,0.0017089862
17067,-0.0013732892
17068,-0.0039062463
17069,-0.0071716323
17070,-0.01043701
17071,-0.014404299
17072,-0.0146484375
17073,-0.014617922
17074,-0.012481689
17075,-0.009490967
17076,-0.005615234
17077,-0.0014648433
17078,0.0012817383
17079,0.005371094
17080,0.0049743643
17081,0.0030822759
17082,0.00085449126
17083,-0.0050353995
17084,-0.0057373056
17085,-0.013244629
17086,-0.014678955
17087,-0.019042969
17088,-0.018341066
17089,-0.01965332
17090,-0.019165052
17091,-0.020111077
17092,-0.021331802
17093,-0.023864731
17094,-0.027374297
17095,-0.028625488
17096,-0.030761734
17097,-0.028961167
17098,-0.029480003
17099,-0.027832035
17100,-0.023284927
17101,-0.017272927
17102,-0.013244636
17103,-0.007141106
17104,-0.0017395169
17105,0.008087147
17106,0.01306152
17107,0.020507794
17108,0.02554321
17109,0.02841184
17110,0.033569347
17111,0.03393554
17112,0.035339355
17113,0.033966057
17114,0.03555298
17115,0.03463746
17116,0.03189087
17117,0.027770996
17118,0.023437502
17119,0.019012451
17120,0.017700195
17121,0.014434813
17122,0.013519285
17123,0.01156616
17124,0.014068602
17125,0.014678951
17126,0.014251711
17127,0.013183592
17128,0.013244625
17129,0.013671882
17130,0.012817383
17131,0.013366699
17132,0.01034547
17133,0.009704601
17134,0.0057678446
17135,0.005004879
17136,0.00079346076
17137,-0.0009460524
17138,-0.0036315918
17139,-0.0067138746
17140,-0.010772707
17141,-0.015350355
17142,-0.016265878
17143,-0.018524177
17144,-0.0151977595
17145,-0.011840822
17146,-0.0018310528
17147,0.006988516
17148,0.016326908
17149,0.026855469
17150,0.034790054
17151,0.04272462
17152,0.042816173
17153,0.04272463
17154,0.040008545
17155,0.033233635
17156,0.026397668
17157,0.014770485
17158,0.0076599047
17159,-0.00030519813
17160,-0.0066528097
17161,-0.012878407
17162,-0.020385731
17163,-0.02468872
17164,-0.03091432
17165,-0.037200928
17166,-0.043548577
17167,-0.048645034
17168,-0.05084227
17169,-0.050933838
17170,-0.045684807
17171,-0.042053223
17172,-0.03656006
17173,-0.034240723
17174,-0.029907234
17175,-0.027679436
17176,-0.027526863
17177,-0.024902325
17178,-0.024169926
17179,-0.01989745
17180,-0.0178833
17181,-0.014801022
17182,-0.011596683
17183,-0.007659938
17184,-0.0044860914
17185,0.0013732761
17186,0.0033264086
17187,0.007537842
17188,0.0059203953
17189,0.0083923265
17190,0.008209221
17191,0.00845338
17192,0.0095825195
17193,0.010589592
17194,0.011535652
17195,0.010986324
17196,0.007873543
17197,0.0054931566
17198,0.00039673597
17199,-0.0037536733
17200,-0.0073242076
17201,-0.008483902
17202,-0.008697499
17203,-0.008514404
17204,-0.008148205
17205,-0.0054321215
17206,-0.0011901967
17207,0.0022888407
17208,0.008819582
17209,0.012817396
17210,0.019775392
17211,0.024993896
17212,0.030334473
17213,0.03262329
17214,0.031036379
17215,0.028778076
17216,0.026885988
17217,0.022979736
17218,0.019866945
17219,0.014923098
17220,0.013885498
17221,0.012542728
17222,0.007843018
17223,0.0017089872
17224,-0.007598877
17225,-0.0148010235
17226,-0.020904541
17227,-0.02456665
17228,-0.02709961
17229,-0.027069094
17230,-0.025115967
17231,-0.022094727
17232,-0.017486574
17233,-0.015533447
17234,-0.009185791
17235,-0.0022277804
17236,0.007446289
17237,0.016510012
17238,0.023651127
17239,0.02947998
17240,0.030548096
17241,0.025421143
17242,0.017364502
17243,0.0019531222
17244,-0.0115356445
17245,-0.02334595
17246,-0.034606926
17247,-0.038238525
17248,-0.042114258
17249,-0.036956787
17250,-0.028259283
17251,-0.018554688
17252,-0.0014343373
17253,0.0070495643
17254,0.019012444
17255,0.020172125
17256,0.020568857
17257,0.018554684
17258,0.01651001
17259,0.018310543
17260,0.020172121
17261,0.026794432
17262,0.032287598
17263,0.039337162
17264,0.04309082
17265,0.041442882
17266,0.03552246
17267,0.027221702
17268,0.015655525
17269,0.005218532
17270,-0.0010986365
17271,-0.00024412572
17272,0.005310055
17273,0.019928
17274,0.0378723
17275,0.060546875
17276,0.076599106
17277,0.09042357
17278,0.09127806
17279,0.07696532
17280,0.05017087
17281,0.014129654
17282,-0.018707298
17283,-0.049896218
17284,-0.07165529
17285,-0.08749389
17286,-0.099548355
17287,-0.10165406
17288,-0.107360855
17289,-0.10394286
17290,-0.10473631
17291,-0.10693358
17292,-0.11172485
17293,-0.1227417
17294,-0.12982179
17295,-0.13613896
17296,-0.13781744
17297,-0.12976077
17298,-0.109954864
17299,-0.076690674
17300,-0.02413939
17301,0.043365486
17302,0.13668822
17303,0.2426453
17304,0.36706543
17305,0.48593146
17306,0.5815735
17307,0.619629
17308,0.5754088
17309,0.43936178
17310,0.21231061
17311,-0.07473746
17312,-0.38272107
17313,-0.66513073
17314,-0.8825074
17315,-1.0209961
17316,-1.0692444
17317,-1.0481567
17318,-0.9762574
17319,-0.8691405
17320,-0.72976685
17321,-0.5610962
17322,-0.3769226
17323,-0.19058228
17324,-0.016815066
17325,0.14892566
17326,0.2956239
17327,0.42742908
17328,0.5346987
17329,0.617401
17330,0.67449963
17331,0.70303345
17332,0.71539307
17333,0.70913696
17334,0.67807007
17335,0.6341858
17336,0.57318115
17337,0.5072022
17338,0.41973883
17339,0.3360595
17340,0.2410585
17341,0.15750125
17342,0.07968137
17343,0.026001006
17344,-0.03176886
17345,-0.07107532
17346,-0.09805304
17347,-0.08502197
17348,-0.05984485
17349,-0.024597079
17350,0.017974913
17351,0.08828741
17352,0.16796899
17353,0.22000113
17354,0.23718292
17355,0.2479245
17356,0.19729638
17357,0.17016602
17358,0.080200434
17359,0.04397577
17360,-0.00015258789
17361,-0.04156512
17362,-0.036957026
17363,-0.061065733
17364,-0.05215475
17365,-0.056732
17366,-0.05126956
17367,-0.031554997
17368,-0.023010373
17369,-0.017852694
17370,-0.008453488
17371,0.016998142
17372,-0.0051577985
17373,-0.014526486
17374,-0.009765774
17375,-0.055145293
17376,-0.092315555
17377,-0.15893546
17378,-0.194
17379,-0.27026355
17380,-0.30368036
17381,-0.36166382
17382,-0.32220465
17383,-0.27432257
17384,-0.21011354
17385,-0.08151245
17386,-0.07171632
17387,0.04510498
17388,0.026702851
17389,0.05310057
17390,0.022705056
17391,-0.014465358
17392,-0.044921905
17393,-0.095245376
17394,-0.09207154
17395,-0.0873413
17396,-0.06982421
17397,-0.055389397
17398,-0.061767578
17399,-0.03399659
17400,-0.05117798
17401,-0.0616455
17402,-0.050109867
17403,-0.058441155
17404,-0.059265155
17405,-0.05917357
17406,-0.07382202
17407,-0.07507325
17408,-0.08337402
17409,-0.10940553
17410,-0.11370848
17411,-0.13378909
17412,-0.100555435
17413,-0.10479741
17414,-0.05831909
17415,-0.021087706
17416,0.017181396
17417,0.029418916
17418,0.002105698
17419,-0.019165054
17420,-0.05975339
17421,-0.09201053
17422,-0.11694339
17423,-0.14608756
17424,-0.12988281
17425,-0.113098085
17426,-0.10644543
17427,-0.08468616
17428,-0.06011951
17429,-0.028381199
17430,-0.01876837
17431,-0.0028686821
17432,0.021850556
17433,0.024017334
17434,0.03707865
17435,0.032806277
17436,0.0494079
17437,0.028686464
17438,0.06311029
17439,0.05807498
17440,0.069488555
17441,0.062164396
17442,0.05718997
17443,0.073638916
17444,0.059783936
17445,0.039916962
17446,0.03451535
17447,0.01663205
17448,0.027008027
17449,0.03863524
17450,0.041931152
17451,0.05883792
17452,0.052703843
17453,0.06042482
17454,0.04367064
17455,0.009704605
17456,0.01669313
17457,-0.003692627
17458,0.007537842
17459,-0.0068359673
17460,0.019103974
17461,0.03161621
17462,0.017852768
17463,0.027801514
17464,0.051879883
17465,0.079223625
17466,0.078613274
17467,0.07461546
17468,0.065643296
17469,0.093963616
17470,0.088684075
17471,0.08865357
17472,0.11041258
17473,0.0642395
17474,0.09387207
17475,0.076538086
17476,0.095367424
17477,0.07177735
17478,0.02355957
17479,0.028167747
17480,0.024261482
17481,0.033569366
17482,0.026733384
17483,0.014038101
17484,-0.007598892
17485,-0.017791761
17486,-0.03921511
17487,-0.07080078
17488,-0.07421876
17489,-0.06765747
17490,-0.05154419
17491,-0.058349617
17492,-0.030731194
17493,-0.032775886
17494,-0.024078365
17495,-0.03182984
17496,-0.016204827
17497,0.0022582933
17498,-0.0057372954
17499,-0.010345467
17500,-0.016754143
17501,-0.0043029906
17502,0.018249512
17503,0.038665775
17504,0.025573734
17505,0.032531746
17506,0.022888184
17507,0.030120848
17508,0.03906251
17509,0.042755116
17510,0.04357911
17511,0.04077148
17512,0.034149177
17513,0.031066902
17514,0.02334594
17515,0.024688743
17516,0.01922609
17517,0.035949714
17518,0.033996597
17519,0.05526732
17520,0.06808473
17521,0.07275389
17522,0.081970215
17523,0.05947873
17524,0.06896973
17525,0.037445053
17526,0.03042601
17527,-0.0031738132
17528,0.014190674
17529,-0.006652802
17530,-0.026824936
17531,-0.06628415
17532,-0.104949936
17533,-0.1470947
17534,-0.21221924
17535,-0.27246094
17536,-0.3125
17537,-0.3387452
17538,-0.37472528
17539,-0.43472308
17540,-0.49694818
17541,-0.5356447
17542,-0.5263671
17543,-0.48330683
17544,-0.38360584
17545,-0.24383539
17546,-0.08370948
17547,0.094055295
17548,0.2464602
17549,0.3888853
17550,0.4920045
17551,0.57806385
17552,0.6483154
17553,0.70773315
17554,0.7788084
17555,0.8034364
17556,0.8454589
17557,0.84030163
17558,0.8512572
17559,0.82406604
17560,0.786163
17561,0.7457273
17562,0.69253504
17563,0.61331177
17564,0.4885559
17565,0.30477905
17566,0.07916272
17567,-0.18557763
17568,-0.4567259
17569,-0.68469256
17570,-0.85290504
17571,-0.93664575
17572,-0.9490051
17573,-0.8957825
17574,-0.7848511
17575,-0.6581726
17576,-0.5333557
17577,-0.43792722
17578,-0.3650818
17579,-0.29724124
17580,-0.23400879
17581,-0.16616821
17582,-0.08966066
17583,-0.01644896
17584,0.05957029
17585,0.11260989
17586,0.1486511
17587,0.15625001
17588,0.1557007
17589,0.13296509
17590,0.10766603
17591,0.07678221
17592,0.037139907
17593,-0.008911144
17594,-0.078552246
17595,-0.14614865
17596,-0.2300415
17597,-0.31964102
17598,-0.40951532
17599,-0.49081412
17600,-0.55316156
17601,-0.5929258
17602,-0.6020201
17603,-0.5777283
17604,-0.51104736
17605,-0.4069215
17606,-0.2714845
17607,-0.11871326
17608,0.033111572
17609,0.18115234
17610,0.30007935
17611,0.39266992
17612,0.4421692
17613,0.4589234
17614,0.447937
17615,0.40875238
17616,0.3626097
17617,0.30194083
17618,0.25451654
17619,0.21429439
17620,0.19207764
17621,0.19247437
17622,0.2029419
17623,0.23187253
17624,0.26849365
17625,0.30682373
17626,0.34777832
17627,0.36087045
17628,0.36087036
17629,0.33441162
17630,0.2833252
17631,0.21276855
17632,0.12387079
17633,0.031219363
17634,-0.05316177
17635,-0.13067627
17636,-0.18545535
17637,-0.22766119
17638,-0.25296023
17639,-0.2665711
17640,-0.27227783
17641,-0.26791382
17642,-0.2562561
17643,-0.222229
17644,-0.18603517
17645,-0.14715576
17646,-0.12463379
17647,-0.11273195
17648,-0.10888672
17649,-0.1112366
17650,-0.10958862
17651,-0.10443118
17652,-0.08758545
17653,-0.06512454
17654,-0.008087143
17655,0.03445433
17656,0.08764649
17657,0.119262666
17658,0.1590271
17659,0.19097897
17660,0.2041626
17661,0.19995114
17662,0.17626955
17663,0.15197752
17664,0.14089967
17665,0.14053343
17666,0.15097047
17667,0.16555785
17668,0.17868043
17669,0.18997192
17670,0.20364371
17671,0.20718375
17672,0.20816031
17673,0.20678702
17674,0.18884286
17675,0.16561872
17676,0.11157259
17677,0.07839954
17678,0.023834467
17679,-0.023620784
17680,-0.072143406
17681,-0.120147824
17682,-0.14556882
17683,-0.17770392
17684,-0.18441772
17685,-0.19519044
17686,-0.19302367
17687,-0.18536377
17688,-0.16989134
17689,-0.15704346
17690,-0.15121458
17691,-0.15023804
17692,-0.14233398
17693,-0.13903809
17694,-0.13256836
17695,-0.116699226
17696,-0.08877562
17697,-0.078063965
17698,-0.059478734
17699,-0.05377198
17700,-0.037200913
17701,-0.021057136
17702,-0.015075706
17703,0.005065888
17704,0.0018615425
17705,0.020141583
17706,0.032440163
17707,0.04119874
17708,0.055816658
17709,0.050659195
17710,0.06848145
17711,0.06994629
17712,0.08493041
17713,0.095489495
17714,0.10626219
17715,0.119720474
17716,0.1116333
17717,0.10360722
17718,0.08688356
17719,0.065399185
17720,0.056426987
17721,0.0362854
17722,0.031402573
17723,0.013488799
17724,0.00039672852
17725,-0.0127258
17726,-0.028930664
17727,-0.04000853
17728,-0.048614517
17729,-0.055206284
17730,-0.05090335
17731,-0.050903305
17732,-0.036163367
17733,-0.026153564
17734,-0.01760865
17735,-0.012237549
17736,-0.0067749023
17737,-0.01077272
17738,-0.020996083
17739,-0.037139893
17740,-0.050781235
17741,-0.06536865
17742,-0.08242796
17743,-0.08764648
17744,-0.09451294
17745,-0.093749985
17746,-0.095336914
17747,-0.09194946
17748,-0.09188843
17749,-0.090209976
17750,-0.088012695
17751,-0.0855408
17752,-0.07839964
17753,-0.074401885
17754,-0.06439209
17755,-0.063262954
17756,-0.059448227
17757,-0.06237793
17758,-0.05633542
17759,-0.05630493
17760,-0.046081483
17761,-0.03604129
17762,-0.017089784
17763,0.0037536472
17764,0.026733458
17765,0.050140366
17766,0.06613161
17767,0.087310776
17768,0.09686277
17769,0.109283425
17770,0.10928341
17771,0.11380002
17772,0.11386108
17773,0.1060791
17774,0.09872437
17775,0.08526612
17776,0.07275391
17777,0.057159424
17778,0.03945923
17779,0.030853268
17780,0.02005005
17781,0.0121154785
17782,-0.0027770987
17783,-0.016815184
17784,-0.030181885
17785,-0.042968743
17786,-0.05474853
17787,-0.06335448
17788,-0.0673828
17789,-0.060363773
17790,-0.053588837
17791,-0.04324341
17792,-0.03579709
17793,-0.01840213
17794,0.004119899
17795,0.017761223
17796,0.034576442
17797,0.04321287
17798,0.05474855
17799,0.056182854
17800,0.045440674
17801,0.023986809
17802,-0.002868656
17803,-0.023956306
17804,-0.037231434
17805,-0.039947517
17806,-0.036895752
17807,-0.029754627
17808,-0.024902374
17809,-0.020416241
17810,-0.012084976
17811,-0.0059509017
17812,0.0011901893
17813,0.005157478
17814,0.0071716234
17815,0.008972153
17816,0.008422814
17817,0.007354714
17818,0.0070190094
17819,0.0033569336
17820,0.01071167
17821,0.008544937
17822,0.022857679
17823,0.030456556
17824,0.0407715
17825,0.039154053
17826,0.033050537
17827,0.024108889
17828,0.0072021484
17829,-0.007843031
17830,-0.018920895
17831,-0.02078247
17832,-0.02545166
17833,-0.024414074
17834,-0.024932873
17835,-0.01855468
17836,-0.012390129
17837,-0.0008544959
17838,0.008728035
17839,0.017181402
17840,0.027679466
17841,0.033660904
17842,0.039855964
17843,0.039642327
17844,0.038970944
17845,0.03286743
17846,0.027160645
17847,0.022735598
17848,0.014709473
17849,0.010559082
17850,0.0014648438
17851,-0.0023498544
17852,-0.0020446787
17853,0.0033569355
17854,0.013854981
17855,0.014038088
17856,0.027862556
17857,0.03445433
17858,0.04254151
17859,0.04830931
17860,0.051239014
17861,0.05133056
17862,0.031311013
17863,0.018829353
17864,0.0051879585
17865,0.0011596642
17866,-0.0003662184
17867,-0.0027160943
17868,-0.0030212402
17869,-0.0066223443
17870,0.006652847
17871,0.009796135
17872,0.014953613
17873,0.018646263
17874,0.021270752
17875,0.0251465
17876,0.021789536
17877,0.024597198
17878,0.024017349
17879,0.020843536
17880,0.0066223145
17881,-0.0061950386
17882,-0.025817871
17883,-0.036773667
17884,-0.052063003
17885,-0.0647278
17886,-0.06881714
17887,-0.0765686
17888,-0.07080078
17889,-0.06869507
17890,-0.057250977
17891,-0.042663574
17892,-0.028350832
17893,-0.008300781
17894,0.008758541
17895,0.029724127
17896,0.046142578
17897,0.05139161
17898,0.04031372
17899,0.022491466
17900,-0.0048217713
17901,-0.028930655
17902,-0.045623787
17903,-0.045684822
17904,-0.027832035
17905,0.0014648475
17906,0.032409675
17907,0.06375122
17908,0.081848145
17909,0.0888672
17910,0.08676146
17911,0.0713501
17912,0.057769746
17913,0.03677368
17914,0.031219468
17915,0.020416245
17916,0.01828003
17917,0.019012436
17918,0.026245117
17919,0.030670151
17920,0.027313218
17921,0.023925781
17922,0.0126953125
17923,0.0066223145
17924,-0.007354751
17925,-0.026611336
17926,-0.052368157
17927,-0.07910156
17928,-0.09216309
17929,-0.10733031
17930,-0.11553955
17931,-0.120605454
17932,-0.11959839
17933,-0.11553955
17934,-0.1055298
17935,-0.08908081
17936,-0.07351684
17937,-0.058227547
17938,-0.04833985
17939,-0.036071792
17940,-0.030914277
17941,-0.023925766
17942,-0.013824418
17943,0.0018920824
17944,0.01986695
17945,0.040893532
17946,0.063476555
17947,0.08026122
17948,0.08883669
17949,0.07977296
17950,0.05731201
17951,0.021606456
17952,-0.02233889
17953,-0.060119618
17954,-0.09036256
17955,-0.10620116
17956,-0.10958862
17957,-0.098236084
17958,-0.073638916
17959,-0.045043945
17960,-0.009277344
17961,0.023468018
17962,0.055419922
17963,0.07897948
17964,0.092987075
17965,0.09826659
17966,0.105529785
17967,0.101440415
17968,0.10452272
17969,0.09811401
17970,0.09982301
17971,0.09451294
17972,0.08590701
17973,0.076202385
17974,0.059570312
17975,0.045928963
17976,0.02911377
17977,0.019256622
17978,0.009490937
17979,0.008728042
17980,0.008453369
17981,0.008209258
17982,0.0095825195
17983,0.0065307915
17984,0.002197288
17985,-0.009155259
17986,-0.020935066
17987,-0.041290283
17988,-0.056976333
17989,-0.07653807
17990,-0.09066774
17991,-0.10430906
17992,-0.11859133
17993,-0.12704468
17994,-0.13723755
17995,-0.13919067
17996,-0.13864133
17997,-0.13269043
17998,-0.118255585
17999,-0.10171509
18000,-0.07107544
18001,-0.040191665
18002,-0.0038757324
18003,0.03167723
18004,0.05892943
18005,0.08078
18006,0.08584595
18007,0.084075905
18008,0.07479859
18009,0.059448242
18010,0.041503914
18011,0.026611328
18012,0.0101623535
18013,-0.002380386
18014,-0.016906746
18015,-0.029479988
18016,-0.03585816
18017,-0.038421646
18018,-0.035247833
18019,-0.026733413
18020,-0.017761275
18021,-0.0054015815
18022,0.0021667108
18023,0.001068145
18024,0.008178689
18025,0.009887725
18026,0.008239768
18027,0.019531272
18028,0.014038064
18029,0.030242935
18030,0.020477287
18031,0.031372063
18032,0.031127911
18033,0.035919167
18034,0.04626465
18035,0.050262436
18036,0.057678238
18037,0.05734253
18038,0.06393434
18039,0.065002464
18040,0.06356813
18041,0.06088259
18042,0.055511467
18043,0.05279543
18044,0.048858628
18045,0.04116822
18046,0.036163293
18047,0.026611306
18048,0.021820046
18049,0.016693085
18050,0.011230454
18051,0.007629387
18052,0.002532944
18053,0.00091551244
18054,0.002532944
18055,0.0042114407
18056,0.00778196
18057,0.008575454
18058,0.0137939155
18059,0.01675418
18060,0.01791381
18061,0.015991211
18062,0.011047348
18063,0.00399781
18064,-0.0053405687
18065,-0.018554702
18066,-0.033843968
18067,-0.050445564
18068,-0.059387177
18069,-0.067962654
18070,-0.06890868
18071,-0.06768799
18072,-0.059143066
18073,-0.052246094
18074,-0.04193116
18075,-0.036224365
18076,-0.029846191
18077,-0.02392578
18078,-0.01687622
18079,-0.010772701
18080,-0.0175476
18081,-0.021087658
18082,-0.036346436
18083,-0.052276623
18084,-0.065734856
18085,-0.0848694
18086,-0.08123778
18087,-0.07553099
18088,-0.04479976
18089,-0.00881958
18090,0.02389529
18091,0.062072754
18092,0.086242676
18093,0.11035155
18094,0.1177063
18095,0.11947633
18096,0.11047365
18097,0.09747314
18098,0.083313
18099,0.06958006
18100,0.063079834
18101,0.05581662
18102,0.057861328
18103,0.052154526
18104,0.044250518
18105,0.018402122
18106,-0.02233884
18107,-0.0836487
18108,-0.15823364
18109,-0.23706056
18110,-0.30072019
18111,-0.34228516
18112,-0.33099362
18113,-0.270813
18114,-0.1557617
18115,0.0009460449
18116,0.17300412
18117,0.32745355
18118,0.3975219
18119,0.3773193
18120,0.31011963
18121,0.24197388
18122,0.2071229
18123,0.24337757
18124,0.36999518
18125,0.57125854
18126,0.75799567
18127,0.8352355
18128,0.76589954
18129,0.5447998
18130,0.24401838
18131,-0.07461569
18132,-0.3455506
18133,-0.5223999
18134,-0.5960387
18135,-0.582672
18136,-0.5162047
18137,-0.44302356
18138,-0.38565063
18139,-0.35946655
18140,-0.3538819
18141,-0.36868286
18142,-0.394104
18143,-0.42532352
18144,-0.4441834
18145,-0.43438712
18146,-0.39010632
18147,-0.31295773
18148,-0.22015393
18149,-0.12753302
18150,-0.058929324
18151,-0.029022247
18152,-0.047363043
18153,-0.10980216
18154,-0.19869983
18155,-0.2960509
18156,-0.36682117
18157,-0.405823
18158,-0.40774542
18159,-0.3733827
18160,-0.31289637
18161,-0.21636951
18162,-0.11181629
18163,-0.0028381944
18164,0.09979272
18165,0.21313459
18166,0.33944714
18167,0.46929896
18168,0.59307873
18169,0.7010802
18170,0.79541016
18171,0.86294556
18172,0.90039057
18173,0.89425653
18174,0.85223395
18175,0.78750604
18176,0.6937255
18177,0.5652159
18178,0.39041132
18179,0.20516944
18180,0.026580513
18181,-0.124389976
18182,-0.25634763
18183,-0.36172497
18184,-0.42663562
18185,-0.44519043
18186,-0.41958594
18187,-0.36587524
18188,-0.29788202
18189,-0.22875975
18190,-0.17459114
18191,-0.14004517
18192,-0.1311951
18193,-0.13616943
18194,-0.14794925
18195,-0.15924075
18196,-0.16415405
18197,-0.1565552
18198,-0.13110349
18199,-0.092681885
18200,-0.04498291
18201,0.0015564021
18202,0.04244995
18203,0.074157745
18204,0.09033203
18205,0.09472656
18206,0.07894899
18207,0.05725097
18208,0.030120872
18209,0.007354729
18210,-0.0023803562
18211,-0.0073852576
18212,0.0027771033
18213,0.011840824
18214,0.028472867
18215,0.036224373
18216,0.04165648
18217,0.04125978
18218,0.03836058
18219,0.036315896
18220,0.029571518
18221,0.030761719
18222,0.030273393
18223,0.032287598
18224,0.034027085
18225,0.031982437
18226,0.023895264
18227,0.013549805
18228,-0.0007934272
18229,-0.015289322
18230,-0.030700676
18231,-0.043884307
18232,-0.05245971
18233,-0.061523464
18234,-0.07055664
18235,-0.07873537
18236,-0.08984375
18237,-0.09573362
18238,-0.104644775
18239,-0.10379028
18240,-0.10650634
18241,-0.10424806
18242,-0.10162354
18243,-0.098541275
18244,-0.09011844
18245,-0.084472656
18246,-0.07098392
18247,-0.062286347
18248,-0.05035402
18249,-0.043273926
18250,-0.030944824
18251,-0.028625503
18252,-0.020111054
18253,-0.016357407
18254,-0.008483887
18255,-0.0028686523
18256,0.0035095215
18257,0.012512207
18258,0.02124025
18259,0.03143312
18260,0.036712646
18261,0.038330063
18262,0.039031968
18263,0.039794907
18264,0.0373535
18265,0.035919167
18266,0.03265381
18267,0.033020005
18268,0.032623306
18269,0.035675026
18270,0.045043953
18271,0.05422972
18272,0.072174065
18273,0.08761595
18274,0.1043701
18275,0.11169434
18276,0.11044313
18277,0.09710695
18278,0.076354966
18279,0.054565426
18280,0.035186745
18281,0.023284908
18282,0.015319791
18283,0.017639153
18284,0.021240205
18285,0.029266372
18286,0.033416726
18287,0.036590606
18288,0.032165498
18289,0.023925796
18290,0.0120238885
18291,-0.0022277683
18292,-0.014648467
18293,-0.031097397
18294,-0.04257202
18295,-0.049713112
18296,-0.05398559
18297,-0.05572509
18298,-0.06427001
18299,-0.069244385
18300,-0.07922362
18301,-0.08404542
18302,-0.094238274
18303,-0.10321044
18304,-0.109680176
18305,-0.11190795
18306,-0.10260011
18307,-0.089416504
18308,-0.07077026
18309,-0.04913333
18310,-0.029876709
18311,-0.008544952
18312,0.0067749023
18313,0.018859863
18314,0.025482178
18315,0.025146484
18316,0.02337648
18317,0.018066406
18318,0.01367189
18319,0.011230439
18320,0.012603767
18321,0.017669663
18322,0.023986816
18323,0.03366088
18324,0.042480458
18325,0.0524292
18326,0.058898926
18327,0.06503296
18328,0.067474365
18329,0.07009887
18330,0.06942749
18331,0.07006836
18332,0.067718506
18333,0.06503295
18334,0.062438957
18335,0.057983406
18336,0.054565433
18337,0.047485337
18338,0.04241944
18339,0.035186753
18340,0.029449493
18341,0.022613518
18342,0.015960693
18343,0.0076599047
18344,-9.1560185e-05
18345,-0.0048827976
18346,-0.008667007
18347,-0.011932358
18348,-0.012420654
18349,-0.017639145
18350,-0.01840211
18351,-0.023651116
18352,-0.02487183
18353,-0.02633667
18354,-0.022979762
18355,-0.019470215
18356,-0.012573268
18357,-0.009582538
18358,-0.0048828274
18359,-0.0066833347
18360,-0.010955811
18361,-0.0142822135
18362,-0.0212097
18363,-0.025543196
18364,-0.0340271
18365,-0.039733887
18366,-0.047821045
18367,-0.057006843
18368,-0.07183838
18369,-0.085052505
18370,-0.09786987
18371,-0.101837166
18372,-0.09677125
18373,-0.07656862
18374,-0.043945312
18375,-0.0038452148
18376,0.036529552
18377,0.072204575
18378,0.096282974
18379,0.10916138
18380,0.10946657
18381,0.09585571
18382,0.07507324
18383,0.044769287
18384,0.019104
18385,-0.004180906
18386,-0.014984133
18387,-0.015045168
18388,-0.009887697
18389,0.0011596642
18390,0.0074157678
18391,0.014892576
18392,0.013305662
18393,0.006958005
18394,-3.051851e-05
18395,-0.008483887
18396,-0.011535644
18397,-0.018310547
18398,-0.018310547
18399,-0.020996094
18400,-0.01895142
18401,-0.01763916
18402,-0.013519291
18403,-0.0063171377
18404,0.0027465792
18405,0.016052246
18406,0.026672363
18407,0.037231445
18408,0.043579094
18409,0.048187263
18410,0.046874996
18411,0.04330446
18412,0.0364685
18413,0.02737429
18414,0.020965572
18415,0.012786899
18416,0.008941647
18417,0.0050964504
18418,-0.0009765588
18419,-0.0031433105
18420,-0.007934544
18421,-0.0067749172
18422,-0.0074767843
18423,-0.006103523
18424,-0.006530773
18425,-0.0066833533
18426,-0.009490978
18427,-0.010559086
18428,-0.018341057
18429,-0.0209961
18430,-0.026641838
18431,-0.02804566
18432,-0.031982422
18433,-0.03439331
18434,-0.035583496
18435,-0.037628174
18436,-0.03933716
18437,-0.040161133
18438,-0.038513184
18439,-0.036743157
18440,-0.034454342
18441,-0.031341553
18442,-0.029479977
18443,-0.029113762
18444,-0.029754639
18445,-0.028594986
18446,-0.023345955
18447,-0.014526363
18448,-0.006042473
18449,0.004089359
18450,0.008239731
18451,0.015289329
18452,0.016967788
18453,0.017578125
18454,0.018554702
18455,0.021453856
18456,0.025756836
18457,0.036926262
18458,0.042327873
18459,0.04888916
18460,0.05691528
18461,0.058959965
18462,0.06716919
18463,0.06820678
18464,0.061737064
18465,0.0562744
18466,0.041198745
18467,0.025909409
18468,0.0107727125
18469,-0.011993393
18470,-0.022430416
18471,-0.041076638
18472,-0.05081178
18473,-0.050598137
18474,-0.052642833
18475,-0.046386726
18476,-0.045959476
18477,-0.04003907
18478,-0.03634644
18479,-0.031829834
18480,-0.028381351
18481,-0.027587902
18482,-0.02557373
18483,-0.027343754
18484,-0.026885998
18485,-0.02905273
18486,-0.027191162
18487,-0.023315407
18488,-0.015533451
18489,-0.008422833
18490,-0.00082396716
18491,0.009704612
18492,0.018737786
18493,0.025695812
18494,0.029602041
18495,0.034057617
18496,0.03579712
18497,0.03363037
18498,0.033477783
18499,0.03189087
18500,0.03164673
18501,0.028656006
18502,0.0244751
18503,0.023315428
18504,0.020660402
18505,0.020843504
18506,0.015258787
18507,0.013183594
18508,0.0142517
18509,0.013916012
18510,0.0153503455
18511,0.01602171
18512,0.018096935
18513,0.01800536
18514,0.012695342
18515,0.010375988
18516,-0.00076292455
18517,-0.0101928525
18518,-0.023223884
18519,-0.032806396
18520,-0.037933365
18521,-0.04400636
18522,-0.039642334
18523,-0.036682133
18524,-0.025787352
18525,-0.020111084
18526,-0.004486082
18527,-0.005432129
18528,0.006591797
18529,0.003967285
