0,0.05670172
1,0.27114877
2,0.3833312
3,0.3445434
4,0.27600062
5,0.16784668
6,0.11141968
7,0.026520014
8,-0.04751587
9,-0.11059567
10,-0.1567688
11,-0.21078485
12,-0.29565436
13,-0.3638306
14,-0.40917954
15,-0.4373169
16,-0.45550537
17,-0.46807885
18,-0.46371448
19,-0.4380797
20,-0.3934325
21,-0.31982446
22,-0.24053955
23,-0.12860096
24,-0.074676275
25,0.048858643
26,0.16836542
27,0.18084726
28,0.22821051
29,0.22933963
30,0.32159406
31,0.2754211
32,0.18322763
33,0.13027954
34,0.057617128
35,0.011535734
36,-0.0424805
37,-0.07330316
38,-0.089142025
39,-0.083709806
40,-0.06530744
41,-0.025024325
42,0.008026183
43,0.05483985
44,0.11773683
45,0.17050186
46,0.20730594
47,0.21350098
48,0.21182251
49,0.20199585
50,0.1690979
51,0.12921144
52,0.0843506
53,0.0496521
54,0.014953598
55,-0.026763894
56,-0.069976784
57,-0.10488891
58,-0.12750247
59,-0.1459961
60,-0.10626221
61,-0.1289672
62,-0.11404416
63,-0.119506866
64,-0.09774792
65,-0.07827759
66,-0.08810401
67,-0.041869998
68,-0.020935178
69,-0.0037842393
70,0.0050049126
71,0.008758783
72,0.028259158
73,0.0355224
74,0.040771455
75,0.050476015
76,0.070434645
77,0.105163574
78,0.12783813
79,0.1483154
80,0.15969852
81,0.16500856
82,0.1734314
83,0.1756897
84,0.17562874
85,0.15014642
86,0.14263922
87,0.10803217
88,0.105896056
89,0.13162243
90,0.07913208
91,0.08532721
92,0.036895514
93,0.065093875
94,0.047149718
95,0.0087890625
96,0.022125304
97,0.0035702884
98,0.012908667
99,-0.0038757324
100,-0.01879859
101,-0.030700684
102,-0.04397598
103,-0.059417754
104,-0.07281479
105,-0.08609006
106,-0.10546893
107,-0.10940549
108,-0.11294543
109,-0.10891722
110,-0.122406006
111,-0.13058475
112,-0.11990356
113,-0.103942886
114,-0.08178711
115,-0.06619263
116,-0.051971436
117,-0.03872681
118,-0.03320311
119,-0.027252205
120,-0.018798828
121,-0.0027771117
122,0.017456062
123,0.03472901
124,0.04617308
125,0.05657959
126,0.06668092
127,0.077270515
128,0.08142088
129,0.07672118
130,0.07101442
131,0.06332393
132,0.0652771
133,0.067230225
134,0.05227661
135,0.025634736
136,-0.0033569634
137,-0.013031006
138,-0.017944321
139,-0.01834108
140,-0.021636948
141,-0.031982437
142,-0.04327391
143,-0.04415895
144,-0.041931123
145,-0.046264656
146,-0.047393806
147,-0.03216552
148,-0.021881081
149,-0.02853392
150,-0.03933715
151,-0.038696274
152,-0.032989502
153,-0.038391113
154,-0.044006363
155,-0.04144287
156,-0.03140258
157,-0.029846197
158,-0.037658677
159,-0.04623413
160,-0.052734368
161,-0.0575867
162,-0.05871582
163,-0.061035156
164,-0.06555176
165,-0.07720949
166,-0.08666992
167,-0.09124753
168,-0.08489984
169,-0.0687561
170,-0.062835604
171,-0.06893912
172,-0.08102405
173,-0.07849121
174,-0.066589326
175,-0.045898438
176,-0.032745242
177,-0.020843506
178,-0.009552121
179,0.012329131
180,0.036346436
181,0.05279529
182,0.06271362
183,0.06781021
184,0.07852191
185,0.08810425
186,0.08898921
187,0.08480829
188,0.085907
189,0.087768555
190,0.077117935
191,0.060699463
192,0.04956056
193,0.044677734
194,0.035430923
195,0.020629868
196,0.011413567
197,0.004425019
198,-0.00079344213
199,-0.007659897
200,-0.013366722
201,-0.017181411
202,-0.01757814
203,-0.016845658
204,-0.009246811
205,0.006988518
206,0.013885498
207,0.017791722
208,0.02276613
209,0.037109382
210,0.052185077
211,0.05471802
212,0.060455322
213,0.05603026
214,0.06832889
215,0.09762575
216,0.0966797
217,0.06555173
218,0.025970474
219,0.023986802
220,0.035278305
221,0.03723143
222,0.028869584
223,0.00076290965
224,-0.028076187
225,-0.039154038
226,-0.035095245
227,-0.043609656
228,-0.04162599
229,-0.0147705
230,0.0028076097
231,-0.0012207329
232,-0.017089844
233,-0.01571653
234,0.0046997294
235,0.022613503
236,0.022918686
237,0.013275161
238,0.012054458
239,0.027191162
240,0.033477783
241,0.034332275
242,0.03466797
243,0.036285445
244,0.0319214
245,0.020233154
246,0.0078125
247,-0.006378159
248,-0.01348874
249,-0.019378677
250,-0.035919175
251,-0.048736576
252,-0.026336692
253,-0.025695823
254,-0.08123779
255,-0.11233516
256,-0.098083496
257,-0.053894058
258,-0.05633548
259,-0.07229614
260,-0.0572815
261,-0.06484984
262,-0.07266235
263,-0.054229766
264,-0.047760054
265,-0.021942109
266,0.008453384
267,0.03164673
268,0.0072021186
269,-0.035308838
270,0.02990723
271,0.103942856
272,0.052215543
273,-0.0143737905
274,0.0070190486
275,0.11923219
276,0.11062622
277,-0.008605961
278,-0.05133056
279,0.007904068
280,0.074737564
281,0.08410643
282,0.059082
283,0.0035095513
284,-0.030242912
285,-0.034606934
286,0.00976561
287,-0.002716057
288,-0.016967759
289,0.031066906
290,0.011077885
291,-0.048095707
292,-0.08764647
293,-0.067687966
294,-0.07821655
295,-0.040313736
296,0.11450195
297,0.1367798
298,-0.01452636
299,-0.09762573
300,0.024658212
301,0.11245727
302,0.030700691
303,-0.08374024
304,-0.05291748
305,0.07803344
306,0.13372804
307,0.07534791
308,-0.042816162
309,-0.046752937
310,0.04446412
311,0.101043716
312,0.082916275
313,-0.010284416
314,-0.07763672
315,-0.08233641
316,-0.040313706
317,0.024169952
318,0.053375244
319,0.05657959
320,0.022338882
321,-0.0019531101
322,0.002685532
323,0.009826645
324,0.013305642
325,0.011688262
326,-0.0079956055
327,-0.04162596
328,-0.05789186
329,-0.030181855
330,0.0029296875
331,0.019592255
332,0.018920884
333,0.006927505
334,-0.007507324
335,-0.01879885
336,-0.022460952
337,-0.035278305
338,-0.045837402
339,-0.04400638
340,-0.04376223
341,-0.05828856
342,-0.08081053
343,-0.096588135
344,-0.10510257
345,-0.11318968
346,-0.11541748
347,-0.10263066
348,-0.078430176
349,-0.06225586
350,-0.061798036
351,-0.063201845
352,-0.04537964
353,-0.012878388
354,0.019317508
355,0.04867561
356,0.06927504
357,0.07815562
358,0.075286895
359,0.07385256
360,0.07531741
361,0.07214354
362,0.060852073
363,0.050384507
364,0.04098512
365,0.033355724
366,0.028930664
367,0.024230976
368,0.02133179
369,0.011657726
370,0.0072937035
371,0.004669193
372,0.013366695
373,0.0270996
374,0.041473396
375,0.036804184
376,0.0032958984
377,-0.0068359394
378,0.017456071
379,0.049835205
380,0.040374734
381,0.008392319
382,-0.00012207031
383,0.013092041
384,0.029876709
385,0.043487534
386,0.053710923
387,0.05865477
388,0.053588882
389,0.03857422
390,0.025390625
391,0.0017700195
392,-0.019134518
393,-0.044677712
394,-0.060821533
395,-0.06387329
396,-0.07351686
397,-0.06936647
398,-0.06472778
399,-0.048095692
400,-0.042419426
401,-0.04547119
402,-0.039978057
403,-0.029937744
404,-0.017700188
405,-0.009002656
406,0.0034179501
407,0.019775383
408,0.033905033
409,0.042846665
410,0.046783447
411,0.05590819
412,0.07891846
413,0.10308838
414,0.113708496
415,0.10177611
416,0.07772827
417,0.059783906
418,0.043182388
419,0.021270752
420,-0.010681137
421,-0.045593277
422,-0.069824226
423,-0.08029173
424,-0.08346556
425,-0.08932493
426,-0.10571288
427,-0.112426765
428,-0.10479738
429,-0.09426881
430,-0.08062744
431,-0.078765884
432,-0.0775757
433,-0.06707762
434,-0.044006348
435,-0.013061538
436,-0.002685532
437,0.0027160645
438,0.016754135
439,0.035491914
440,0.038726807
441,0.017700166
442,-0.006866485
443,-0.015625015
444,-0.015258804
445,-0.027465805
446,-0.052520767
447,-0.071502745
448,-0.07153317
449,-0.058013916
450,-0.04299915
451,-0.034240842
452,-0.020874202
453,-0.0036316216
454,0.026123121
455,0.0640565
456,0.08624265
457,0.10501096
458,0.12023922
459,0.1352844
460,0.13861081
461,0.122497566
462,0.09658816
463,0.09082034
464,0.1014099
465,0.090209946
466,0.03543091
467,-0.022979692
468,-0.03149412
469,-0.0069580153
470,0.0025329515
471,-0.017242443
472,-0.04034422
473,-0.040252693
474,-0.023590088
475,-0.01806641
476,-0.026794456
477,-0.025238037
478,-0.009521477
479,0.007934585
480,0.016021706
481,0.017974846
482,0.013732925
483,0.012146026
484,0.0072631687
485,0.00024412945
486,-0.0050659105
487,-0.011352515
488,-0.0203247
489,-0.036071774
490,-0.049194325
491,-0.05157472
492,-0.048095718
493,-0.047637932
494,-0.049560532
495,-0.053771965
496,-0.046905532
497,-0.038177505
498,-0.030029297
499,-0.020965561
500,-0.019531235
501,-0.011901841
502,-0.0178833
503,-0.0069885254
504,-0.015106216
505,-0.042724594
506,-0.058654785
507,-0.101501405
508,-0.15377814
509,-0.18472278
510,-0.11578357
511,0.006103456
512,0.018676758
513,-0.105011046
514,-0.19638044
515,-0.087768555
516,0.1608886
517,0.3521729
518,0.39630127
519,0.3979187
520,0.4090271
521,0.39379883
522,0.3373109
523,0.26901233
524,0.25067115
525,0.2962036
526,0.37405396
527,0.45944214
528,0.48242152
529,0.38757312
530,0.17230201
531,-0.069366276
532,-0.25302124
533,-0.36541745
534,-0.4401245
535,-0.46563727
536,-0.430542
537,-0.38922116
538,-0.35702515
539,-0.33346558
540,-0.2945556
541,-0.2457276
542,-0.22247306
543,-0.21716315
544,-0.22763059
545,-0.22293103
546,-0.20489499
547,-0.18228137
548,-0.14007586
549,-0.07644656
550,0.0046080947
551,0.06497228
552,0.09402475
553,0.090179354
554,0.0620116
555,0.022186458
556,-0.02004993
557,-0.06469697
558,-0.10610962
559,-0.11508173
560,-0.10214257
561,-0.08254993
562,-0.049255073
563,-0.010436803
564,0.039916992
565,0.076812506
566,0.11663827
567,0.16403219
568,0.20105003
569,0.23010238
570,0.25521836
571,0.27200323
572,0.2840271
573,0.29071045
574,0.27633664
575,0.23828119
576,0.18270868
577,0.13342261
578,0.08886722
579,0.040252566
580,-0.005737573
581,-0.049835294
582,-0.06619257
583,-0.060546726
584,-0.07193002
585,-0.12188725
586,-0.14978024
587,-0.11029041
588,-0.062866144
589,-0.07281494
590,-0.10882571
591,-0.107666016
592,-0.07211303
593,-0.035430886
594,-0.020812958
595,-0.013549805
596,0.0022277832
597,0.022949211
598,0.037506074
599,0.03488159
600,0.032043472
601,0.034057632
602,0.03549193
603,0.030792221
604,0.017089829
605,-0.0017089881
606,-0.023925813
607,-0.042846695
608,-0.059722904
609,-0.07186891
610,-0.077880844
611,-0.07919311
612,-0.0786743
613,-0.07711792
614,-0.06475829
615,-0.04949952
616,-0.047790512
617,-0.051666215
618,-0.05007933
619,-0.035003677
620,-0.021179214
621,-0.022918671
622,-0.018066391
623,-0.0018920824
624,0.026977517
625,0.061706528
626,0.08212278
627,0.09579466
628,0.09732054
629,0.10232543
630,0.107757576
631,0.10501098
632,0.091918916
633,0.07226561
634,0.061401367
635,0.048095718
636,0.030853271
637,0.00964357
638,-0.0058898777
639,-0.0112609565
640,-0.013763413
641,-0.01763916
642,-0.021331787
643,-0.021087617
644,-0.01620482
645,-0.009826675
646,-0.013641402
647,-0.019927971
648,-0.02258297
649,-0.016510002
650,-0.014709488
651,-0.016510006
652,-0.017089847
653,-0.020599365
654,-0.024627678
655,-0.036560047
656,-0.033660885
657,-0.027557375
658,-0.025726315
659,-0.031127915
660,-0.040527347
661,-0.045288093
662,-0.06484988
663,-0.06964112
664,-0.039031982
665,-0.010284424
666,-0.02368167
667,-0.077117935
668,-0.095947266
669,-0.045562744
670,0.00091552734
671,-0.0053100586
672,-0.052093506
673,-0.065704316
674,-0.020996079
675,0.012451172
676,-0.002624482
677,-0.0411987
678,-0.049346894
679,-0.015777588
680,0.009033203
681,0.012420684
682,0.004730195
683,0.0014648438
684,-0.0038757622
685,-0.01675418
686,-0.016662657
687,-0.0049438775
688,0.0042419434
689,0.01751709
690,0.0262146
691,0.022521973
692,0.014373794
693,0.0087890625
694,0.025787368
695,0.037506178
696,0.040191695
697,0.044128418
698,0.042816155
699,0.050445568
700,0.05828859
701,0.061065674
702,0.056884773
703,0.051696785
704,0.05969239
705,0.060699455
706,0.052734375
707,0.040191643
708,0.036437996
709,0.04006958
710,0.033966064
711,0.035064705
712,0.043762207
713,0.057403564
714,0.05044557
715,0.03060916
716,0.0121154785
717,0.009155273
718,0.015045136
719,0.015014648
720,0.00485228
721,-0.008361787
722,-0.010070801
723,-0.01083374
724,-0.015563995
725,-0.008361816
726,0.006286621
727,0.0036926568
728,-0.018493637
729,-0.028900176
730,-0.019866988
731,-0.010864288
732,-0.0069885105
733,-0.006134033
734,-0.0016784668
735,-0.0012512356
736,-0.0007019341
737,0.0065002292
738,0.008483887
739,0.0064392537
740,-0.00051881373
741,-0.00799562
742,-0.0040893406
743,-0.001739502
744,0.0015869141
745,-0.00399781
746,-0.007354714
747,-0.0011291355
748,-0.0030517653
749,-0.009735085
750,-0.020355202
751,-0.023223855
752,-0.018005364
753,-0.012207024
754,-0.0041198693
755,-0.0071716234
756,-0.015838623
757,-0.015747093
758,-0.015411403
759,-0.013641365
760,-0.0202026
761,-0.019775381
762,-0.017059341
763,-0.017272955
764,-0.021362312
765,-0.031280503
766,-0.032958977
767,-0.03555297
768,-0.04049684
769,-0.040344242
770,-0.040679917
771,-0.038146943
772,-0.042602547
773,-0.047088653
774,-0.045410186
775,-0.044494614
776,-0.04006958
777,-0.03302002
778,-0.027465835
779,-0.020263672
780,-0.013641372
781,-0.0014038086
782,0.008270264
783,0.017913833
784,0.027771011
785,0.034240723
786,0.03692627
787,0.04083253
788,0.05017093
789,0.056274444
790,0.060424834
791,0.0553894
792,0.049102757
793,0.043945312
794,0.047119133
795,0.045776363
796,0.033721913
797,0.02728273
798,0.02072144
799,0.018585213
800,0.011566151
801,0.007659916
802,0.0015258789
803,6.1020255e-05
804,-0.0021972507
805,-0.008117676
806,-0.006591797
807,-0.0024109222
808,0.020874023
809,-0.0050659217
810,-0.01412965
811,-0.012054428
812,0.011108398
813,0.026580825
814,0.0065612495
815,0.008697517
816,0.006195061
817,0.010711633
818,0.012115464
819,0.0064697117
820,0.0044861063
821,-0.00039670616
822,-0.0010071099
823,-0.00061036646
824,-0.0059814714
825,-0.007476799
826,-0.008178737
827,-0.012664825
828,-0.019042987
829,-0.027496355
830,-0.027862528
831,-0.025939953
832,-0.024169922
833,-0.024505628
834,-0.032318104
835,-0.038360577
836,-0.04052733
837,-0.042022735
838,-0.040649414
839,-0.035278313
840,-0.031097382
841,-0.027587876
842,-0.03143312
843,-0.029113755
844,-0.018829346
845,-0.0068359226
846,-0.0026549846
847,-0.012054428
848,-0.010070816
849,0.00012202561
850,0.0056152493
851,0.0059509575
852,0.0056762546
853,0.010467529
854,0.012420654
855,0.008758575
856,0.007446304
857,-0.0015563965
858,-0.00048826635
859,0.0059814453
860,0.0042724907
861,0.0027160794
862,-0.0012206882
863,0.0055542067
864,0.0093688965
865,0.004638687
866,0.006164558
867,0.009429961
868,0.015106171
869,0.01925657
870,0.019561749
871,0.022216782
872,0.023620613
873,0.024414068
874,0.025177006
875,0.022521961
876,0.025299083
877,0.032470703
878,0.034057625
879,0.036224376
880,0.038818374
881,0.043396004
882,0.044952385
883,0.03857425
884,0.03771974
885,0.035247818
886,0.029449493
887,0.018310577
888,0.0047302544
889,0.011657685
890,0.022277817
891,0.024291992
892,0.018005371
893,0.008789048
894,0.009216279
895,0.005584717
896,0.0036315918
897,0.00012205541
898,-0.004333496
899,-0.010559097
900,-0.018554702
901,-0.022827178
902,-0.02346801
903,-0.027099602
904,-0.036743186
905,-0.041015647
906,-0.039123543
907,-0.03115843
908,-0.03280638
909,-0.033538803
910,-0.036621086
911,-0.030181892
912,-0.019165043
913,-0.020172127
914,-0.013275146
915,-0.020263672
916,-0.011016847
917,-0.0063476562
918,-0.0075683612
919,-0.0033874502
920,-0.009490966
921,-0.0016479476
922,-0.0018310519
923,0.0057678223
924,0.009887695
925,0.0064086914
926,0.00079345703
927,-0.0016174316
928,-0.0030822717
929,-0.00665283
930,-0.010803223
931,-0.009033203
932,-0.0067138616
933,-0.0025939886
934,0.002960205
935,0.0015869141
936,-0.0018615779
937,-0.0077514574
938,-0.010925308
939,-0.011444084
940,-0.01071167
941,-0.007568352
942,-0.007293705
943,-0.014923111
944,-0.019165035
945,-0.016754143
946,-0.008728024
947,0.000335671
948,-0.0015869439
949,-0.0024719387
950,-0.005035378
951,-0.005249031
952,-0.0036315918
953,-0.0028991848
954,-0.0003662184
955,-0.00082399696
956,0.0025329515
957,0.0040588304
958,0.0037536547
959,0.0057067797
960,0.009155281
961,0.014434826
962,0.0078735165
963,0.0041809157
964,0.010467537
965,0.016662616
966,0.017669676
967,0.012878422
968,0.0107421875
969,0.01730346
970,0.020874022
971,0.01699829
972,0.013519287
973,0.014587402
974,0.021270763
975,0.02218628
976,0.019805893
977,0.01828004
978,0.018859878
979,0.01654055
980,0.014801014
981,0.011901844
982,0.007080082
983,0.0026550218
984,-0.0020752028
985,-0.007598892
986,-0.012512213
987,-0.017272957
988,-0.02166748
989,-0.02233885
990,-0.026733393
991,-0.031219484
992,-0.031890877
993,-0.030578597
994,-0.02926635
995,-0.035797127
996,-0.03527832
997,-0.025665276
998,-0.019134477
999,-0.01953125
1000,-0.024505623
1001,-0.022308335
1002,-0.016082734
1003,-0.010284424
1004,-0.005798325
1005,-0.0004272312
1006,-0.0024108738
1007,0.0034790114
1008,0.0018615723
1009,0.0019226223
1010,-0.00021363795
1011,-0.0006408617
1012,0.0062561184
1013,-6.1035156e-05
1014,-0.005065903
1015,-0.008209214
1016,-0.006256059
1017,-0.0034179688
1018,-0.003753662
1019,-0.004058823
1020,-0.004180908
1021,-0.0015869141
1022,0.00387571
1023,0.01473996
1024,0.025268532
1025,0.038421616
1026,0.04724122
1027,0.054260265
1028,0.057861313
1029,0.058685295
1030,0.061859153
1031,0.06347656
1032,0.065734856
1033,0.0611267
1034,0.05493164
1035,0.049255356
1036,0.043731704
1037,0.033813477
1038,0.024108887
1039,0.019103974
1040,0.01834108
1041,0.010467529
1042,-0.0013427585
1043,-0.012512207
1044,-0.013366714
1045,-0.015533432
1046,-0.021820083
1047,-0.028625458
1048,-0.03482054
1049,-0.028594956
1050,-0.026123062
1051,-0.027008057
1052,-0.030700646
1053,-0.029724084
1054,-0.02420044
1055,-0.023284942
1056,-0.02328492
1057,-0.023040757
1058,-0.022888176
1059,-0.023132332
1060,-0.018768318
1061,-0.013000488
1062,-0.010803222
1063,-0.01144409
1064,-0.013610842
1065,-0.010711668
1066,-0.006225586
1067,-0.0045165997
1068,-0.0037231448
1069,-0.0025939974
1070,0.002227785
1071,0.0057678204
1072,0.011657714
1073,0.016326899
1074,0.02127076
1075,0.018005379
1076,0.01684571
1077,0.014404297
1078,0.010833729
1079,0.009185795
1080,0.0054626614
1081,0.0029297043
1082,-0.005249022
1083,-0.012908948
1084,-0.021392826
1085,-0.027252195
1086,-0.029479984
1087,-0.029693604
1088,-0.030090325
1089,-0.031036362
1090,-0.025878921
1091,-0.026123077
1092,-0.025329597
1093,-0.024139382
1094,-0.021545403
1095,-0.020172141
1096,-0.021636948
1097,-0.014862068
1098,-0.008453384
1099,-0.0042114183
1100,-0.0004272461
1101,-0.00039674342
1102,0.0018920526
1103,0.005004883
1104,0.010162339
1105,0.014129616
1106,0.014526352
1107,0.016143784
1108,0.015960716
1109,0.018585198
1110,0.02233886
1111,0.024505608
1112,0.027496345
1113,0.030090347
1114,0.031066906
1115,0.030670155
1116,0.030670159
1117,0.033081062
1118,0.027496342
1119,0.022460938
1120,0.020050034
1121,0.02230836
1122,0.019805904
1123,0.012481682
1124,0.011718757
1125,0.010345459
1126,0.010955796
1127,0.0057678223
1128,0.0039978176
1129,0.007843018
1130,0.0066222996
1131,0.0072631836
1132,0.00476072
1133,0.0032348484
1134,0.0041809008
1135,0.001159668
1136,0.0023804083
1137,-0.0018005297
1138,-0.0065307766
1139,-0.00805667
1140,-0.008483913
1141,-0.005401604
1142,-0.008544937
1143,-0.011718776
1144,-0.016632095
1145,-0.011383049
1146,-0.0064697117
1147,-0.0026245303
1148,0.00018310547
1149,-0.0019836426
1150,0.003479004
1151,0.0039672926
1152,0.008880638
1153,0.010681175
1154,0.007232681
1155,0.006073028
1156,0.002532974
1157,0.0002136454
1158,-0.0049743503
1159,-0.010498039
1160,-0.013244618
1161,-0.016815186
1162,-0.020721443
1163,-0.02465821
1164,-0.027435314
1165,-0.024963373
1166,-0.02441406
1167,-0.023315426
1168,-0.026916495
1169,-0.028594978
1170,-0.024627695
1171,-0.023529042
1172,-0.02160642
1173,-0.022827141
1174,-0.019256629
1175,-0.013336185
1176,-0.009399381
1177,-0.005645752
1178,-0.003570564
1179,0.00070188567
1180,0.0063781925
1181,0.009643562
1182,0.012573235
1183,0.016571049
1184,0.018585213
1185,0.019256603
1186,0.019836426
1187,0.023132322
1188,0.024993893
1189,0.022979734
1190,0.022338862
1191,0.020324716
1192,0.019226091
1193,0.016967766
1194,0.015502915
1195,0.015808105
1196,0.014465347
1197,0.013031006
1198,0.0135803
1199,0.014801025
1200,0.01635743
1201,0.016143769
1202,0.012786835
1203,0.010772683
1204,0.0054932088
1205,0.005615264
1206,0.005310029
1207,0.0029601902
1208,-0.0035095252
1209,-0.008361794
1210,-0.012725808
1211,-0.019744856
1212,-0.028564442
1213,-0.0331726
1214,-0.03417968
1215,-0.03503418
1216,-0.035552986
1217,-0.03713989
1218,-0.039367683
1219,-0.041961677
1220,-0.04150392
1221,-0.039092988
1222,-0.039062485
1223,-0.042083748
1224,-0.04348755
1225,-0.042297363
1226,-0.040466323
1227,-0.040252686
1228,-0.038604736
1229,-0.03247069
1230,-0.022644043
1231,-0.009826645
1232,-0.0010681301
1233,0.003387466
1234,0.006652847
1235,0.015777588
1236,0.024566635
1237,0.027526855
1238,0.028839126
1239,0.032196037
1240,0.03601072
1241,0.036895737
1242,0.03393557
1243,0.031127945
1244,0.026458737
1245,0.022583008
1246,0.01855468
1247,0.013427734
1248,0.00961303
1249,0.0063781664
1250,0.0051269643
1251,0.0017089806
1252,-0.0017089806
1253,-0.0016174167
1254,-0.0025634505
1255,0.00079345703
1256,0.0031128116
1257,0.006622307
1258,0.007446289
1259,0.008422848
1260,0.011871334
1261,0.012146015
1262,0.009552001
1263,0.008270264
1264,0.011444084
1265,0.015319825
1266,0.016723631
1267,0.016174315
1268,0.017089846
1269,0.016601562
1270,0.013916019
1271,0.012390127
1272,0.014251718
1273,0.017242424
1274,0.020019546
1275,0.017974831
1276,0.014221184
1277,0.010040276
1278,0.010498058
1279,0.013427723
1280,0.01266478
1281,0.011413567
1282,0.007232666
1283,0.0036925972
1284,0.0002746284
1285,0.0017394945
1286,0.006042473
1287,0.0034179688
1288,0.0049438477
1289,0.0047302023
1290,0.010162339
1291,0.008148208
1292,0.0026550442
1293,-0.0034789816
1294,-0.009826675
1295,-0.010681137
1296,-0.0137939155
1297,-0.019134508
1298,-0.029724114
1299,-0.037994392
1300,-0.044525146
1301,-0.050445557
1302,-0.057373047
1303,-0.06372072
1304,-0.06704714
1305,-0.07046511
1306,-0.06881714
1307,-0.066284195
1308,-0.062133834
1309,-0.055969253
1310,-0.045562744
1311,-0.030670196
1312,-0.017242476
1313,-0.0016784966
1314,0.013244644
1315,0.027801469
1316,0.040954545
1317,0.05404664
1318,0.065399185
1319,0.07104492
1320,0.076629624
1321,0.08023073
1322,0.083526626
1323,0.081848145
1324,0.07638548
1325,0.069885254
1326,0.06460572
1327,0.05926515
1328,0.051940918
1329,0.038452134
1330,0.027435303
1331,0.019775406
1332,0.0102234185
1333,0.001586929
1334,-0.0056762546
1335,-0.009490967
1336,-0.013763413
1337,-0.018341035
1338,-0.01846312
1339,-0.017974839
1340,-0.022582993
1341,-0.023956276
1342,-0.02401729
1343,-0.021881074
1344,-0.023101792
1345,-0.024414077
1346,-0.023345942
1347,-0.022155764
1348,-0.022277847
1349,-0.025238045
1350,-0.026763925
1351,-0.026245119
1352,-0.022247314
1353,-0.015899654
1354,-0.0115356445
1355,-0.009033202
1356,-0.0068969727
1357,-0.004913331
1358,0.0014038091
1359,0.0064697233
1360,0.006652832
1361,0.0070495605
1362,0.008026125
1363,0.011077879
1364,0.009948729
1365,0.0063171405
1366,0.006958006
1367,0.00592041
1368,0.0016174307
1369,-0.0053405752
1370,-0.007904054
1371,-0.006286622
1372,-0.003082274
1373,-0.0039978027
1374,-0.005432131
1375,-0.004333496
1376,-0.0021972666
1377,0.0029907236
1378,0.0022583036
1379,0.0015563951
1380,-0.0008544889
1381,-0.0023193369
1382,-0.00070190337
1383,-3.051944e-05
1384,-0.0008239751
1385,-0.0032348623
1386,-0.0041809105
1387,-0.0033264155
1388,-0.0027465825
1389,-0.0014343248
1390,0.00094604446
1391,0.004058837
1392,0.0036010752
1393,0.0050964355
1394,0.0072021484
1395,0.009887699
1396,0.015808105
1397,0.021087654
1398,0.027160637
1399,0.028228763
1400,0.029205307
1401,0.030517586
1402,0.030609109
1403,0.0272827
1404,0.01763916
1405,0.013092026
1406,0.011169419
1407,0.009460434
1408,0.0028076097
1409,-0.006286606
1410,-0.009552017
1411,-0.011627197
1412,-0.013153076
1413,-0.0125122145
1414,-0.013366722
1415,-0.012359656
1416,-0.014465354
1417,-0.0147705
1418,-0.015838616
1419,-0.017425537
1420,-0.018280054
1421,-0.019592283
1422,-0.020996071
1423,-0.02319335
1424,-0.0249939
1425,-0.027160652
1426,-0.027893066
1427,-0.028564444
1428,-0.028747572
1429,-0.029205322
1430,-0.02859497
1431,-0.02890012
1432,-0.031158432
1433,-0.031250015
1434,-0.030639634
1435,-0.028686523
1436,-0.030792221
1437,-0.03164673
1438,-0.029632553
1439,-0.025878921
1440,-0.02124025
1441,-0.01983644
1442,-0.019927993
1443,-0.015289307
1444,-0.008422852
1445,0.00091552734
1446,0.006866455
1447,0.009521499
1448,0.015136734
1449,0.019042984
1450,0.021423355
1451,0.02166751
1452,0.022033706
1453,0.022766143
1454,0.022399917
1455,0.021026619
1456,0.019989014
1457,0.019226052
1458,0.019012451
1459,0.021331802
1460,0.022094749
1461,0.023345957
1462,0.025421135
1463,0.027557375
1464,0.028900154
1465,0.028991703
1466,0.02838135
1467,0.02734375
1468,0.025207514
1469,0.019500727
1470,0.013336189
1471,0.0069580153
1472,0.0029907208
1473,0.000732407
1474,-0.00024414528
1475,-0.0032043378
1476,-0.0055236723
1477,-0.009429924
1478,-0.011260985
1479,-0.013031005
1480,-0.010559081
1481,-0.0035705543
1482,0.00067139
1483,0.0006103525
1484,-0.0023498526
1485,-0.0047302246
1486,-0.0045165997
1487,-0.0049438486
1488,-0.005645752
1489,-0.0079956055
1490,-0.011077882
1491,-0.009338381
1492,-0.009124756
1493,-0.007965086
1494,-0.007751465
1495,-0.007446289
1496,-0.006225584
1497,-0.004272459
1498,0.0028381348
1499,0.009613036
1500,0.010772707
1501,0.009399418
1502,0.010223392
1503,0.014648438
1504,0.018432617
1505,0.020080559
1506,0.020355241
1507,0.019134535
1508,0.018707275
1509,0.021240223
1510,0.021545418
1511,0.023040798
1512,0.01727295
1513,0.018280022
1514,0.015228279
1515,0.015014663
1516,0.013580315
1517,0.007080063
1518,0.0022888407
1519,-0.0009460151
1520,-0.0020141378
1521,-0.009765629
1522,-0.02075195
1523,-0.025848398
1524,-0.022583008
1525,-0.023162853
1526,-0.027740484
1527,-0.03414917
1528,-0.037292484
1529,-0.035034176
1530,-0.031372055
1531,-0.028839111
1532,-0.026977539
1533,-0.021698032
1534,-0.017791748
1535,-0.014953613
1536,-0.013275135
1537,-0.009277333
1538,-0.006195076
1539,-0.0077209473
1540,-0.0043945387
1541,-0.00082395226
1542,0.0013122708
1543,0.0011902079
1544,0.002746597
1545,0.008331288
1546,0.012786854
1547,0.020080544
1548,0.0234375
1549,0.025024418
1550,0.02651977
1551,0.02722168
1552,0.031188969
1553,0.033508293
1554,0.03674318
1555,0.03878783
1556,0.038177483
1557,0.037994355
1558,0.03448485
1559,0.028747544
1560,0.024688713
1561,0.021697968
1562,0.020263657
1563,0.017730698
1564,0.0154418945
1565,0.012695327
1566,0.0087890625
1567,0.006713912
1568,0.0027466118
1569,6.105006e-05
1570,-0.0016174316
1571,-0.0027160645
1572,-0.0042419285
1573,-0.006744355
1574,-0.008514404
1575,-0.0068054646
1576,-0.0037537068
1577,-0.0011596829
1578,-0.0021362007
1579,-0.0016174018
1580,0.002197221
1581,0.00762935
1582,0.009002671
1583,0.0066833347
1584,0.0026244968
1585,-0.0040893704
1586,-0.005920425
1587,-0.010833755
1588,-0.014892608
1589,-0.023193352
1590,-0.030364983
1591,-0.03182983
1592,-0.037048355
1593,-0.037139915
1594,-0.03823854
1595,-0.037384033
1596,-0.039062485
1597,-0.041137706
1598,-0.03698731
1599,-0.03323365
1600,-0.03588866
1601,-0.04019163
1602,-0.03964237
1603,-0.036224373
1604,-0.033599846
1605,-0.033599854
1606,-0.028656006
1607,-0.020690918
1608,-0.013977051
1609,-0.012115464
1610,-0.0075378716
1611,-0.00021362305
1612,0.009735122
1613,0.014038071
1614,0.016540535
1615,0.020050034
1616,0.021026619
1617,0.021697998
1618,0.021545403
1619,0.020446803
1620,0.020690933
1621,0.014739998
1622,0.0098877065
1623,0.0049743652
1624,-0.002349846
1625,-0.008636467
1626,-0.01638794
1627,-0.019744888
1628,-0.025726333
1629,-0.03567504
1630,-0.03952028
1631,-0.03717044
1632,-0.03372191
1633,-0.03466797
1634,-0.037872314
1635,-0.03494264
1636,-0.028900132
1637,-0.022857666
1638,-0.017059326
1639,-0.011505112
1640,0.00048826635
1641,0.009613022
1642,0.016143784
1643,0.021209732
1644,0.027618393
1645,0.03671263
1646,0.0418396
1647,0.04754636
1648,0.050903317
1649,0.050598145
1650,0.051269546
1651,0.054443363
1652,0.05825805
1653,0.05975341
1654,0.0600586
1655,0.058074966
1656,0.05596923
1657,0.054321267
1658,0.055267327
1659,0.054870605
1660,0.048431396
1661,0.043182373
1662,0.034362793
1663,0.030914307
1664,0.026306137
1665,0.020324707
1666,0.016204834
1667,0.01171878
1668,0.0035705566
1669,-0.0040893555
1670,-0.008789092
1671,-0.0076598823
1672,-0.009368867
1673,-0.017150864
1674,-0.02053836
1675,-0.026123032
1676,-0.026000977
1677,-0.028442375
1678,-0.029571533
1679,-0.028717063
1680,-0.028900169
1681,-0.028839123
1682,-0.035430893
1683,-0.03747558
1684,-0.035949722
1685,-0.03182983
1686,-0.026550282
1687,-0.02359009
1688,-0.02297974
1689,-0.022613533
1690,-0.017089844
1691,-0.0060424795
1692,0.0030212412
1693,0.006774895
1694,0.012268063
1695,0.02621461
1696,0.036865234
1697,0.042785645
1698,0.040863045
1699,0.050598152
1700,0.071380585
1701,0.0766907
1702,0.05462651
1703,0.019927979
1704,-0.00018312037
1705,-0.0033569187
1706,-0.012237512
1707,-0.03958127
1708,-0.07369995
1709,-0.108673066
1710,-0.14929193
1711,-0.20483407
1712,-0.26977542
1713,-0.32431015
1714,-0.3531797
1715,-0.36865216
1716,-0.3826294
1717,-0.3930664
1718,-0.3935851
1719,-0.38922107
1720,-0.38223267
1721,-0.34426892
1722,-0.25982678
1723,-0.14019763
1724,-0.001678586
1725,0.14788806
1726,0.3023376
1727,0.43548587
1728,0.5395813
1729,0.6299742
1730,0.71295166
1731,0.79315186
1732,0.84207165
1733,0.8671265
1734,0.8757017
1735,0.8730775
1736,0.84768677
1737,0.7865906
1738,0.68341064
1739,0.52386475
1740,0.35144043
1741,0.2137146
1742,0.114837885
1743,-0.0058288574
1744,-0.16238391
1745,-0.32376122
1746,-0.46514904
1747,-0.58340466
1748,-0.6827086
1749,-0.74658215
1750,-0.79461706
1751,-0.81927526
1752,-0.8022766
1753,-0.74517787
1754,-0.6563111
1755,-0.55947864
1756,-0.45568871
1757,-0.34994495
1758,-0.24868774
1759,-0.15258777
1760,-0.06353748
1761,0.02041626
1762,0.1029664
1763,0.18228161
1764,0.25137353
1765,0.29400647
1766,0.30505368
1767,0.29275507
1768,0.2654113
1769,0.24060054
1770,0.21450803
1771,0.18170165
1772,0.14175414
1773,0.084564224
1774,0.025634773
1775,-0.05029297
1776,-0.13214119
1777,-0.21234134
1778,-0.2823485
1779,-0.32238764
1780,-0.33941647
1781,-0.32626373
1782,-0.29257208
1783,-0.23748755
1784,-0.165344
1785,-0.08761597
1786,-0.0044862926
1787,0.07888782
1788,0.15121475
1789,0.20245385
1790,0.22549449
1791,0.22332768
1792,0.19638057
1793,0.1586914
1794,0.110565126
1795,0.059692323
1796,0.0038452148
1797,-0.043151855
1798,-0.07812491
1799,-0.101257384
1800,-0.11004633
1801,-0.10446176
1802,-0.08053586
1803,-0.041290045
1804,0.0030212402
1805,0.043060184
1806,0.07867415
1807,0.10961908
1808,0.13977057
1809,0.16049191
1810,0.1682434
1811,0.15563962
1812,0.12988281
1813,0.10168457
1814,0.07312012
1815,0.044158924
1816,0.024993896
1817,0.013824485
1818,-0.006439209
1819,-0.03466797
1820,-0.056121837
1821,-0.052856427
1822,-0.03277585
1823,-0.007690441
1824,0.013580322
1825,0.018249523
1826,0.010986336
1827,-0.0037841797
1828,-0.018463165
1829,-0.022064194
1830,-0.016265832
1831,-0.009948723
1832,-0.010345474
1833,-0.016082793
1834,-0.010681126
1835,0.005401628
1836,0.024993896
1837,0.04147336
1838,0.057067882
1839,0.07672121
1840,0.094970696
1841,0.10083006
1842,0.10290527
1843,0.111572206
1844,0.12622066
1845,0.13333136
1846,0.15167254
1847,0.14431775
1848,0.13320908
1849,0.119781435
1850,0.11099255
1851,0.106384516
1852,0.071746886
1853,0.04486096
1854,0.012542844
1855,-0.01751712
1856,-0.038024813
1857,-0.04937759
1858,-0.054870456
1859,-0.068969876
1860,-0.08477792
1861,-0.09188837
1862,-0.08300793
1863,-0.06417844
1864,-0.050628662
1865,-0.04602036
1866,-0.04510498
1867,-0.040771514
1868,-0.039642334
1869,-0.0474243
1870,-0.054443344
1871,-0.055023164
1872,-0.05496215
1873,-0.070556626
1874,-0.09399414
1875,-0.1112671
1876,-0.113433816
1877,-0.10766601
1878,-0.101196304
1879,-0.096038826
1880,-0.09249878
1881,-0.081390366
1882,-0.06881715
1883,-0.05334474
1884,-0.04479982
1885,-0.034179688
1886,-0.018096909
1887,0.0072631836
1888,0.03421019
1889,0.051635742
1890,0.058715835
1891,0.06353761
1892,0.077178925
1893,0.09374998
1894,0.10025027
1895,0.090026855
1896,0.06826781
1897,0.04461669
1898,0.02835083
1899,0.014801029
1900,0.0042114183
1901,-0.0050048977
1902,-0.008728042
1903,-0.0039062425
1904,0.0043640286
1905,0.011108398
1906,0.015899643
1907,0.0153808445
1908,0.0084533915
1909,-0.00039672107
1910,-0.005554229
1911,-0.004272457
1912,-0.008544922
1913,-0.016448967
1914,-0.024505623
1915,-0.030242924
1916,-0.03585815
1917,-0.04049685
1918,-0.043304462
1919,-0.042755134
1920,-0.044281006
1921,-0.05047608
1922,-0.054534934
1923,-0.050781265
1924,-0.03576663
1925,-0.020019561
1926,-0.008087188
1927,-0.0017700493
1928,0.007385254
1929,0.0120239
1930,0.013916016
1931,0.016815178
1932,0.025238015
1933,0.03308103
1934,0.026428208
1935,0.013641367
1936,0.0037536845
1937,0.005676262
1938,0.008758545
1939,0.005554192
1940,-0.0061340258
1941,-0.021545388
1942,-0.025878906
1943,-0.02862548
1944,-0.030517578
1945,-0.033782944
1946,-0.034301728
1947,-0.028594956
1948,-0.023986802
1949,-0.018768296
1950,-0.01159665
1951,-0.004638687
1952,0.0
1953,0.0015563965
1954,0.001800552
1955,0.003967285
1956,0.009704575
1957,0.018646225
1958,0.02078244
1959,0.016113251
1960,0.009277329
1961,0.0077819973
1962,0.0035095364
1963,-0.0026855618
1964,-0.006774932
1965,-0.006164536
1966,-0.0004272163
1967,0.001007095
1968,0.0030517727
1969,0.0032348484
1970,0.004669197
1971,0.010894775
1972,0.0195923
1973,0.030792251
1974,0.040161125
1975,0.04214477
1976,0.045867912
1977,0.048583977
1978,0.05233764
1979,0.054138187
1980,0.048706055
1981,0.03738402
1982,0.024169903
1983,0.016357422
1984,0.012786873
1985,0.008514397
1986,0.0041503906
1987,0.0014037937
1988,-0.0073241927
1989,-0.014709469
1990,-0.012146011
1991,-0.0046081655
1992,-0.003967289
1993,-0.01596067
1994,-0.023376456
1995,-0.024353031
1996,-0.019409183
1997,-0.016571047
1998,-0.018920898
1999,-0.022033691
2000,-0.021820066
2001,-0.015258791
2002,-0.010375977
2003,-0.010009766
2004,-0.012023924
2005,-0.015502922
2006,-0.015075676
2007,-0.012847908
2008,-0.008666992
2009,-0.006347649
2010,-0.0047302097
2011,0.0014953613
2012,0.0068054115
2013,0.016693115
2014,0.020904541
2015,0.025756838
2016,0.021148682
2017,0.018371582
2018,0.018005371
2019,0.01702881
2020,0.015838625
2021,0.008880621
2022,0.015899666
2023,0.018371582
2024,0.0130920485
2025,0.008880615
2026,0.011932395
2027,0.025543213
2028,0.026733384
2029,0.014465347
2030,0.0059509426
2031,0.0016479455
2032,-0.00012209639
2033,-0.008331295
2034,-0.021850571
2035,-0.029357921
2036,-0.031555198
2037,-0.030700698
2038,-0.03182983
2039,-0.031219477
2040,-0.031127926
2041,-0.02593994
2042,-0.01852417
2043,-0.010559084
2044,0.0014343243
2045,0.0024108887
2046,-0.0005187988
2047,-0.0025634766
2048,-0.0049743652
2049,0.0010375977
2050,0.0010986347
2051,0.0014953595
2052,-9.1552734e-05
2053,-0.0036621094
2054,-0.0004272461
2055,-0.0006103534
2056,0.005828861
2057,0.0070800893
2058,0.0044555515
2059,-0.004852291
2060,-0.011657715
2061,-0.012298573
2062,-0.01016235
2063,-0.0022278093
2064,0.000854481
2065,0.00042722747
2066,-0.0040588267
2067,-0.006408684
2068,-0.0067443997
2069,-0.005554214
2070,-0.00057986006
2071,0.0039062388
2072,-0.0014038347
2073,-0.0079956055
2074,-0.009063724
2075,-0.0028686523
2076,0.00442503
2077,0.0054321066
2078,0.011260983
2079,0.013336182
2080,0.015838627
2081,0.019195555
2082,0.021179207
2083,0.027313244
2084,0.028808594
2085,0.028167712
2086,0.02456665
2087,0.014984142
2088,0.011138931
2089,0.0073547326
2090,0.005920388
2091,0.0061340295
2092,0.00085449964
2093,-0.0005798377
2094,-0.0023803748
2095,0.004974343
2096,0.008575432
2097,0.008789055
2098,0.007568363
2099,0.010253895
2100,0.012756322
2101,0.011901859
2102,0.012573235
2103,0.012786895
2104,0.0115051195
2105,0.007049553
2106,0.0050354153
2107,0.0053100735
2108,0.0051880255
2109,0.0056152195
2110,0.004699692
2111,0.0021667704
2112,0.0034179837
2113,0.0054931715
2114,0.008789055
2115,0.0028381124
2116,-0.0057983696
2117,-0.009155303
2118,-0.012756333
2119,-0.013061527
2120,-0.015319854
2121,-0.02157595
2122,-0.023468025
2123,-0.020629864
2124,-0.0119018555
2125,-0.010925293
2126,-0.018310549
2127,-0.019470215
2128,-0.012603767
2129,-0.00082396716
2130,0.005401619
2131,0.012451172
2132,0.0147705
2133,0.016998302
2134,0.011810329
2135,0.007568378
2136,0.0049133375
2137,-0.0023193397
2138,-0.008209217
2139,-0.017181385
2140,-0.021362301
2141,-0.027313232
2142,-0.03308107
2143,-0.038879395
2144,-0.044372566
2145,-0.047393803
2146,-0.045562737
2147,-0.04083252
2148,-0.034912094
2149,-0.033294708
2150,-0.03274536
2151,-0.02923584
2152,-0.02230838
2153,-0.01632692
2154,-0.011505172
2155,-0.0044250637
2156,0.0040893406
2157,0.015197754
2158,0.022399899
2159,0.032257043
2160,0.03958127
2161,0.046051025
2162,0.04910281
2163,0.054321315
2164,0.05856323
2165,0.0581665
2166,0.05380249
2167,0.05007933
2168,0.044403065
2169,0.03433229
2170,0.025299095
2171,0.019226097
2172,0.01565551
2173,0.006927483
2174,-0.00067136437
2175,-0.007354729
2176,-0.013732899
2177,-0.01651001
2178,-0.021636944
2179,-0.021759037
2180,-0.02191164
2181,-0.018371604
2182,-0.016265871
2183,-0.017669672
2184,-0.01922607
2185,-0.019958498
2186,-0.02331543
2187,-0.026580803
2188,-0.026641855
2189,-0.025085447
2190,-0.024841316
2191,-0.028381344
2192,-0.030151363
2193,-0.031005844
2194,-0.028259292
2195,-0.023651123
2196,-0.019744858
2197,-0.018188454
2198,-0.0132140815
2199,-0.0016784593
2200,0.009704627
2201,0.018585201
2202,0.022064216
2203,0.023742685
2204,0.025604248
2205,0.029510494
2206,0.031921376
2207,0.029296877
2208,0.025238037
2209,0.020874025
2210,0.019561766
2211,0.014160156
2212,0.007354735
2213,-0.002227786
2214,-0.011169435
2215,-0.015441896
2216,-0.016052237
2217,-0.010986324
2218,-0.00790406
2219,-0.007354744
2220,-0.007904045
2221,-0.004791241
2222,0.004394534
2223,0.012451164
2224,0.021392819
2225,0.027648918
2226,0.029693611
2227,0.033142097
2228,0.03201295
2229,0.031372067
2230,0.02920533
2231,0.027984612
2232,0.027313262
2233,0.021881133
2234,0.015075706
2235,0.0068359375
2236,-0.0032959096
2237,-0.013427727
2238,-0.019927979
2239,-0.02413941
2240,-0.030334484
2241,-0.03671267
2242,-0.039093025
2243,-0.038757324
2244,-0.039916985
2245,-0.040161125
2246,-0.035888672
2247,-0.03106688
2248,-0.02655029
2249,-0.024444588
2250,-0.023742683
2251,-0.021972694
2252,-0.015930146
2253,-0.009979241
2254,-0.007995591
2255,-0.012054451
2256,-0.013092071
2257,-0.011047356
2258,-0.006958008
2259,-0.0009460449
2260,0.0014037862
2261,0.0027465746
2262,0.0036316067
2263,0.007415764
2264,0.0109252855
2265,0.010742191
2266,0.012207072
2267,0.0157471
2268,0.017089851
2269,0.012756322
2270,0.006744355
2271,0.0023193732
2272,0.0037231818
2273,0.005462624
2274,0.0040283054
2275,-0.009582549
2276,-0.0262146
2277,-0.039459214
2278,-0.044219986
2279,-0.05252078
2280,-0.061279327
2281,-0.05441287
2282,-0.038787812
2283,-0.03262332
2284,-0.0599671
2285,-0.08291638
2286,-0.053772032
2287,0.029113801
2288,0.091186516
2289,0.086486846
2290,0.069427505
2291,0.12832642
2292,0.23248291
2293,0.26464844
2294,0.2067872
2295,0.14886469
2296,0.15966785
2297,0.2147218
2298,0.28027332
2299,0.3493653
2300,0.4191892
2301,0.41934216
2302,0.30187988
2303,0.0935055
2304,-0.12472537
2305,-0.27581784
2306,-0.35519385
2307,-0.37265015
2308,-0.35916138
2309,-0.35275254
2310,-0.35662842
2311,-0.34735107
2312,-0.30676275
2313,-0.2496338
2314,-0.20715325
2315,-0.18130493
2316,-0.16174316
2317,-0.13586432
2318,-0.11190787
2319,-0.09399393
2320,-0.07699591
2321,-0.056793064
2322,-0.033050418
2323,-0.013030946
2324,-0.0041199923
2325,-0.0064696074
2326,-0.025726557
2327,-0.04965222
2328,-0.0776366
2329,-0.09704602
2330,-0.10202038
2331,-0.08682281
2332,-0.04647839
2333,0.005310148
2334,0.05670163
2335,0.1026915
2336,0.1525268
2337,0.20446788
2338,0.24722311
2339,0.27664185
2340,0.29824823
2341,0.31317136
2342,0.3244935
2343,0.32516474
2344,0.319275
2345,0.30187982
2346,0.27386487
2347,0.23504627
2348,0.18045026
2349,0.12106329
2350,0.06222558
2351,0.014068782
2352,-0.02529931
2353,-0.068268
2354,-0.10256937
2355,-0.12832612
2356,-0.14657599
2357,-0.16961694
2358,-0.19378667
2359,-0.20199561
2360,-0.19830315
2361,-0.19348146
2362,-0.1909791
2363,-0.1851502
2364,-0.16589352
2365,-0.13336182
2366,-0.100647
2367,-0.06805423
2368,-0.041351333
2369,-0.015411355
2370,0.00683593
2371,0.02517701
2372,0.043975815
2373,0.057800286
2374,0.067047104
2375,0.07186891
2376,0.0708313
2377,0.065063484
2378,0.053771965
2379,0.042602543
2380,0.031494148
2381,0.020080581
2382,0.0063781925
2383,-0.0007324368
2384,-0.0064392127
2385,-0.011230458
2386,-0.015228251
2387,-0.018737808
2388,-0.01803591
2389,-0.022338877
2390,-0.021087632
2391,-0.014465322
2392,-0.013061522
2393,-0.015655521
2394,-0.021484375
2395,-0.011596677
2396,0.0006103539
2397,0.0053100586
2398,0.0028076163
2399,-0.004119874
2400,-0.005798336
2401,-0.0038146954
2402,6.1035156e-05
2403,-0.0050048754
2404,-0.01663208
2405,-0.029632568
2406,-0.033996582
2407,-0.04141237
2408,-0.044494607
2409,-0.057647705
2410,-0.070739746
2411,-0.06869508
2412,-0.060607895
2413,-0.055694535
2414,-0.06387329
2415,-0.062927276
2416,-0.049865723
2417,-0.04107663
2418,-0.03491211
2419,-0.02758789
2420,-0.012786865
2421,0.0015258789
2422,0.014648467
2423,0.028381392
2424,0.042907745
2425,0.055725098
2426,0.06106569
2427,0.06881718
2428,0.07391357
2429,0.07904053
2430,0.081146225
2431,0.084625214
2432,0.087066635
2433,0.08291624
2434,0.07397464
2435,0.06350708
2436,0.05749511
2437,0.051147446
2438,0.045867905
2439,0.034698516
2440,0.025634795
2441,0.015319854
2442,0.007324204
2443,0.002899155
2444,-0.0006713867
2445,-0.0035095066
2446,-0.008605942
2447,-0.01071167
2448,-0.009521484
2449,-0.0026550442
2450,0.0034179688
2451,0.0049743652
2452,-0.001434356
2453,-0.008422852
2454,-0.0076904222
2455,-0.003631577
2456,-0.0046081394
2457,-0.012939438
2458,-0.013061501
2459,-0.00872805
2460,-0.013122588
2461,-0.021697987
2462,-0.021179195
2463,-0.004608132
2464,0.0024413764
2465,0.0028686672
2466,0.005004868
2467,0.01266478
2468,0.019134521
2469,0.01895143
2470,0.018890366
2471,0.015228242
2472,0.00964354
2473,0.0028381497
2474,-0.0055847317
2475,-0.011993423
2476,-0.018890388
2477,-0.025512684
2478,-0.027496353
2479,-0.028472917
2480,-0.027221687
2481,-0.028289793
2482,-0.028381336
2483,-0.025146488
2484,-0.021667484
2485,-0.020751959
2486,-0.018707277
2487,-0.015777588
2488,-0.013000492
2489,-0.011749269
2490,-0.008148193
2491,-3.0517578e-05
2492,0.00790405
2493,0.010223389
2494,0.012176514
2495,0.011199951
2496,0.0127868615
2497,0.014892584
2498,0.021331783
2499,0.024383545
2500,0.01843262
2501,0.0113220215
2502,0.0038452297
2503,0.0027465746
2504,0.00073243305
2505,0.00015257299
2506,-0.0009765513
2507,-0.0019531026
2508,-0.0015258566
2509,-0.0030517578
2510,-0.00198365
2511,-0.0024108812
2512,-0.0032348633
2513,-0.0033569261
2514,-0.006408699
2515,-0.002014162
2516,-0.0013732929
2517,-0.0026550293
2518,-0.0061645526
2519,-0.0071105957
2520,-0.0048828134
2521,-0.008666994
2522,-0.0131225595
2523,-0.017333984
2524,-0.016845692
2525,-0.016540524
2526,-0.019592293
2527,-0.02508546
2528,-0.030181881
2529,-0.028686494
2530,-0.025939919
2531,-0.024505619
2532,-0.021087661
2533,-0.012512222
2534,-0.007843018
2535,-0.0060729906
2536,-0.008239754
2537,-0.0038452148
2538,0.0026245117
2539,0.0054015964
2540,0.0060424507
2541,0.0022582933
2542,0.00088503584
2543,0.0020446815
2544,0.0068359114
2545,0.010986313
2546,0.009735141
2547,0.012115493
2548,0.014801007
2549,0.01135252
2550,0.0101623535
2551,0.009368915
2552,0.013977071
2553,0.011901865
2554,0.009277346
2555,0.011535637
2556,0.012390127
2557,0.015563955
2558,0.017669674
2559,0.017364498
2560,0.017364504
2561,0.017211918
2562,0.015197754
2563,0.0095214825
2564,0.005432129
2565,0.0058288556
2566,0.0057678223
2567,-0.002532959
2568,-0.01211548
2569,-0.017456055
2570,-0.01968384
2571,-0.021118157
2572,-0.024810808
2573,-0.027618416
2574,-0.026336655
2575,-0.025207508
2576,-0.024444573
2577,-0.023254424
2578,-0.019958489
2579,-0.00961303
2580,-0.0036010593
2581,0.001953125
2582,0.0015868954
2583,0.0062560923
2584,0.01132201
2585,0.014221206
2586,0.014312748
2587,0.014404276
2588,0.017669668
2589,0.018920895
2590,0.017730728
2591,0.017181398
2592,0.018829346
2593,0.02087402
2594,0.022125246
2595,0.022918697
2596,0.023834221
2597,0.023742676
2598,0.021331798
2599,0.018676743
2600,0.015991211
2601,0.014343262
2602,0.012268066
2603,0.008239754
2604,-0.00015260279
2605,-0.0056762546
2606,-0.008575454
2607,-0.00915527
2608,-0.013671868
2609,-0.018981934
2610,-0.020935066
2611,-0.01824952
2612,-0.0180664
2613,-0.018951412
2614,-0.021331785
2615,-0.020202637
2616,-0.017639158
2617,-0.018798823
2618,-0.01556397
2619,-0.0129699595
2620,-0.0076904222
2621,-0.0031127967
2622,-0.0017700195
2623,-0.0020446703
2624,-0.0046996884
2625,-0.002929695
2626,0.0003967099
2627,0.0012207143
2628,0.0015564039
2629,0.00064085796
2630,-0.0023803823
2631,-0.007690426
2632,-0.010589585
2633,-0.01107787
2634,-0.011291534
2635,-0.01474002
2636,-0.018035889
2637,-0.011413552
2638,-0.008361816
2639,-0.0039062575
2640,-0.0037841797
2641,0.0023498759
2642,0.009948716
2643,0.013885498
2644,0.020263664
2645,0.023040777
2646,0.027404787
2647,0.031341553
2648,0.037963867
2649,0.039520264
2650,0.039031975
2651,0.039306622
2652,0.036682144
2653,0.033630375
2654,0.026458733
2655,0.02432248
2656,0.020141594
2657,0.017120346
2658,0.017028801
2659,0.014465332
2660,0.009948701
2661,0.0048828125
2662,0.002105683
2663,-0.000732407
2664,-0.0035705492
2665,-0.0066223517
2666,-0.006042525
2667,-0.009399414
2668,-0.01226807
2669,-0.015258767
2670,-0.022552505
2671,-0.026489254
2672,-0.03158569
2673,-0.031158462
2674,-0.030151369
2675,-0.028900145
2676,-0.028228752
2677,-0.02966308
2678,-0.027893063
2679,-0.023986831
2680,-0.017944343
2681,-0.011993408
2682,-0.0074767955
2683,-0.0023498489
2684,0.0035095057
2685,0.008575436
2686,0.011718751
2687,0.0139160175
2688,0.015075683
2689,0.014495848
2690,0.010345459
2691,0.0070190444
2692,0.0037536626
2693,0.0029602032
2694,0.0014343243
2695,-0.0028381343
2696,-0.005706787
2697,-0.0072937016
2698,-0.0068359375
2699,-0.007751464
2700,-0.007354738
2701,-0.007598877
2702,-0.0078125
2703,-0.010284416
2704,-0.011901857
2705,-0.012420654
2706,-0.013854992
2707,-0.014984112
2708,-0.015777592
2709,-0.014282227
2710,-0.01226807
2711,-0.0117798
2712,-0.011596665
2713,-0.011749268
2714,-0.008422859
2715,-0.0038452148
2716,0.0007629581
2717,0.006225601
2718,0.010986317
2719,0.014892578
2720,0.015502942
2721,0.018035892
2722,0.025451673
2723,0.03009032
2724,0.03430175
2725,0.035736077
2726,0.036743157
2727,0.030975346
2728,0.025634766
2729,0.023101803
2730,0.022552505
2731,0.021698002
2732,0.020111084
2733,0.017395005
2734,0.0107727125
2735,0.004730232
2736,-0.002136223
2737,-0.0073852465
2738,-0.010955796
2739,-0.01235963
2740,-0.01208498
2741,-0.0139160305
2742,-0.015350338
2743,-0.014282225
2744,-0.015502932
2745,-0.014312746
2746,-0.011352535
2747,-0.00985717
2748,-0.007843016
2749,-0.003601078
2750,0.0024108887
2751,0.0034484845
2752,-0.0009460524
2753,-0.0005187839
2754,0.0041198693
2755,0.0054321215
2756,0.006683346
2757,0.005523689
2758,0.003265392
2759,-0.003204355
2760,-0.00875855
2761,-0.009124752
2762,-0.011352536
2763,-0.014892575
2764,-0.019866943
2765,-0.02178955
2766,-0.02087403
2767,-0.019470219
2768,-0.020294184
2769,-0.022827141
2770,-0.024230964
2771,-0.02371218
2772,-0.020202652
2773,-0.02050779
2774,-0.019927986
2775,-0.016387947
2776,-0.011901885
2777,-0.009063713
2778,-0.0061340407
2779,-0.001953125
2780,0.003479004
2781,0.006561272
2782,0.0144958645
2783,0.020446777
2784,0.0213318
2785,0.02175904
2786,0.027771011
2787,0.0361023
2788,0.038543694
2789,0.036132805
2790,0.036437973
2791,0.039672855
2792,0.038146984
2793,0.032928474
2794,0.02523803
2795,0.019012421
2796,0.014740005
2797,0.0105896145
2798,0.008392334
2799,0.004333481
2800,0.00018312037
2801,-0.0024719015
2802,-0.0071716122
2803,-0.010101356
2804,-0.013214108
2805,-0.014953621
2806,-0.016296368
2807,-0.018218992
2808,-0.015350338
2809,-0.014862066
2810,-0.01327516
2811,-0.017059326
2812,-0.019714357
2813,-0.021057127
2814,-0.01852417
2815,-0.013183594
2816,-0.009399416
2817,-0.007904055
2818,-0.011962891
2819,-0.016357426
2820,-0.019470211
2821,-0.019592285
2822,-0.019103993
2823,-0.017913833
2824,-0.017181411
2825,-0.014984131
2826,-0.015380833
2827,-0.0140380785
2828,-0.011932366
2829,-0.008514412
2830,-0.0074462667
2831,-0.0050964057
2832,0.0010986552
2833,0.009033203
2834,0.010223366
2835,0.007568378
2836,0.010711677
2837,0.01574707
2838,0.018585175
2839,0.01623535
2840,0.014740003
2841,0.0151062
2842,0.016235352
2843,0.018096922
2844,0.01705933
2845,0.013732912
2846,0.008392332
2847,0.008056639
2848,0.009552
2849,0.008575441
2850,0.006469728
2851,0.004028321
2852,0.0030212393
2853,0.0040893545
2854,0.0042724637
2855,0.0035705576
2856,0.00073241815
2857,-0.0036621112
2858,-0.001037593
2859,0.0016479497
2860,0.003662108
2861,0.00033569057
2862,-0.007965089
2863,-0.010864256
2864,-0.0078124995
2865,-0.0020751941
2866,0.0005493169
2867,-0.00070190476
2868,0.0004882822
2869,0.00079345703
2870,-0.0004272461
2871,0.0018005343
2872,0.005279544
2873,0.009490967
2874,0.0058288574
2875,0.0015563946
2876,-0.0035400405
2877,-0.0069274884
2878,-0.010284424
2879,-0.013946537
2880,-0.01843262
2881,-0.02331543
2882,-0.025695793
2883,-0.026489262
2884,-0.028442364
2885,-0.029357933
2886,-0.027923591
2887,-0.024291992
2888,-0.022491477
2889,-0.020355225
2890,-0.015777618
2891,-0.012390152
2892,-0.004760772
2893,0.0009460598
2894,0.008544929
2895,0.012969974
2896,0.018005371
2897,0.024230972
2898,0.028503427
2899,0.031890854
2900,0.031829834
2901,0.030242927
2902,0.029052736
2903,0.029296879
2904,0.025085445
2905,0.018737793
2906,0.015289307
2907,0.015106201
2908,0.01184082
2909,0.005310053
2910,0.0009460449
2911,-0.00073242
2912,-0.003845213
2913,-0.0059814462
2914,-0.0019836444
2915,0.0018005371
2916,0.004486086
2917,0.0020751953
2918,0.0020446703
2919,0.0039978083
2920,0.0048523024
2921,0.0061645396
2922,0.0045776255
2923,0.0013427678
2924,-0.0026244894
2925,-0.007568348
2926,-0.011871349
2927,-0.01745606
2928,-0.023223873
2929,-0.02801514
2930,-0.031951897
2931,-0.028869636
2932,-0.027557358
2933,-0.02273561
2934,-0.020843487
2935,-0.016784653
2936,-0.011230476
2937,-0.006713867
2938,0.0025329478
2939,0.0073547587
2940,0.014251707
2941,0.019927979
2942,0.026275631
2943,0.031799305
2944,0.035064682
2945,0.040832516
2946,0.041992202
2947,0.041046157
2948,0.0390625
2949,0.0420532
2950,0.044860832
2951,0.044281
2952,0.04208377
2953,0.040679947
2954,0.03549193
2955,0.027191162
2956,0.020568848
2957,0.017181411
2958,0.0142211765
2959,0.009429947
2960,0.0029601902
2961,-0.00021362305
2962,-0.0032043457
2963,-0.0036621243
2964,-0.006286636
2965,-0.0111694485
2966,-0.012207016
2967,-0.011047378
2968,-0.011230484
2969,-0.016143799
2970,-0.024566658
2971,-0.024078354
2972,-0.02325438
2973,-0.022521965
2974,-0.021698005
2975,-0.01922606
2976,-0.013885498
2977,-0.012664795
2978,-0.010406509
2979,-0.010101341
2980,-0.0102233775
2981,-0.008850113
2982,-0.0035705566
2983,-0.011810325
2984,-0.012969967
2985,-0.01187133
2986,-0.0068969745
2987,-0.012420669
2988,-0.028717048
2989,-0.030639643
2990,-0.03112792
2991,-0.02249146
2992,-0.022827156
2993,-0.027648926
2994,-0.034118634
2995,-0.03613281
2996,-0.035125762
2997,-0.03842164
2998,-0.033843987
2999,-0.027984574
3000,-0.021362305
3001,-0.02279663
3002,-0.02407837
3003,-0.01940915
3004,-0.012634248
3005,-0.0056762546
3006,-0.0021667182
3007,0.0016784966
3008,0.0061645657
3009,0.012573212
3010,0.018310547
3011,0.021881144
3012,0.023376472
3013,0.024688713
3014,0.028381322
3015,0.0308838
3016,0.03097535
3017,0.027404785
3018,0.022857662
3019,0.01623534
3020,0.010925293
3021,0.0078125
3022,0.0059509277
3023,0.006286621
3024,0.0061950665
3025,0.0035095215
3026,0.0024414072
3027,0.002990724
3028,0.0061950665
3029,0.0068664523
3030,0.007385253
3031,0.01211548
3032,0.015594484
3033,0.017913822
3034,0.017395025
3035,0.018890385
3036,0.020843495
3037,0.021057148
3038,0.018646251
3039,0.016113311
3040,0.013000518
3041,0.008422855
3042,0.0029907152
3043,-0.0043030046
3044,-0.012359625
3045,-0.020874005
3046,-0.024963375
3047,-0.027404794
3048,-0.0298462
3049,-0.031372067
3050,-0.031677246
3051,-0.033660874
3052,-0.037536614
3053,-0.039428733
3054,-0.037109382
3055,-0.032226533
3056,-0.029907197
3057,-0.02941893
3058,-0.02746582
3059,-0.019470215
3060,-0.009674072
3061,-0.0050353855
3062,0.00021365285
3063,0.0051574856
3064,0.010589607
3065,0.014678933
3066,0.023071297
3067,0.031066865
3068,0.03289794
3069,0.029174807
3070,0.028167726
3071,0.028686523
3072,0.025634758
3073,0.023223877
3074,0.021301279
3075,0.0164795
3076,0.012298583
3077,0.0071411114
3078,0.004058836
3079,0.00015258882
3080,-0.000946044
3081,0.0008544936
3082,0.0011596694
3083,-0.0007019052
3084,-0.0014648465
3085,-0.00088500953
3086,0.0007019071
3087,0.003509522
3088,0.0037841778
3089,0.006378174
3090,0.0050964374
3091,0.0069274893
3092,0.0059814444
3093,0.0038452162
3094,0.001281742
3095,-0.0020751925
3096,-0.0051879883
3097,-0.012664795
3098,-0.019287102
3099,-0.019470219
3100,-0.018096924
3101,-0.018249512
3102,-0.01812743
3103,-0.0154113695
3104,-0.00640871
3105,0.00070190616
3106,0.0084533775
3107,0.012390142
3108,0.015930163
3109,0.020538317
3110,0.027099598
3111,0.035705566
3112,0.035430916
3113,0.030792244
3114,0.024932846
3115,0.026061986
3116,0.026275612
3117,0.020782463
3118,0.015594497
3119,0.014404297
3120,0.012420647
3121,0.0071105957
3122,0.0054626316
3123,0.017791755
3124,0.022613533
3125,-0.01565551
3126,-0.07012939
3127,-0.084930435
3128,-0.049713172
3129,-0.02520755
3130,-0.056762695
3131,-0.10827635
3132,-0.13232423
3133,-0.1222229
3134,-0.09207153
3135,-0.056671128
3136,-0.018310532
3137,0.014617927
3138,0.040954575
3139,0.06378175
3140,0.08142093
3141,0.09344484
3142,0.09384155
3143,0.08877563
3144,0.07907104
3145,0.06680298
3146,0.056457516
3147,0.04260257
3148,0.034545906
3149,0.026000977
3150,0.02072145
3151,0.016174339
3152,0.012481697
3153,0.011993386
3154,0.009338394
3155,0.011413619
3156,0.018035874
3157,0.022338867
3158,0.026367173
3159,0.02728273
3160,0.031280503
3161,0.03155519
3162,0.022827119
3163,0.014373764
3164,0.00674437
3165,0.0032958984
3166,-0.003753677
3167,-0.015045166
3168,-0.026916504
3169,-0.033203118
3170,-0.033782944
3171,-0.031951897
3172,-0.032012936
3173,-0.034362797
3174,-0.036285397
3175,-0.0350952
3176,-0.034362808
3177,-0.03143313
3178,-0.025238063
3179,-0.017059319
3180,-0.013488747
3181,-0.020629875
3182,-0.028717043
3183,-0.033264164
3184,-0.03335572
3185,-0.033355698
3186,-0.033325195
3187,-0.033355728
3188,-0.03756713
3189,-0.040771484
3190,-0.04043579
3191,-0.029632583
3192,-0.020751938
3193,-0.013275132
3194,-0.003021285
3195,0.012664791
3196,0.03332521
3197,0.046813995
3198,0.05874633
3199,0.06500244
3200,0.0753479
3201,0.0920105
3202,0.10589599
3203,0.10681154
3204,0.08801268
3205,0.07037352
3206,0.05374144
3207,0.02627562
3208,-0.014434814
3209,-0.053009048
3210,-0.05432132
3211,-0.04861453
3212,-0.054962173
3213,-0.07470703
3214,-0.07775879
3215,-0.052948013
3216,-0.01745607
3217,0.009765618
3218,0.020996101
3219,0.01632689
3220,0.004791232
3221,-0.008575463
3222,-0.025909424
3223,-0.03784179
3224,-0.05215453
3225,-0.06402588
3226,-0.07354734
3227,-0.07769778
3228,-0.079834014
3229,-0.08169554
3230,-0.0797119
3231,-0.07531737
3232,-0.069488496
3233,-0.06137088
3234,-0.048187256
3235,-0.036376983
3236,-0.024993926
3237,-0.010772705
3238,0.008056641
3239,0.028900146
3240,0.04397583
3241,0.054901123
3242,0.059906013
3243,0.062377945
3244,0.06729127
3245,0.07116699
3246,0.07409669
3247,0.07226564
3248,0.066253684
3249,0.057220466
3250,0.044464104
3251,0.036773678
3252,0.02764893
3253,0.017242432
3254,0.0076293913
3255,-0.000274661
3256,-0.004058837
3257,-0.014068601
3258,-0.019165039
3259,-0.018341064
3260,-0.012542725
3261,-0.0075683575
3262,-0.009399414
3263,-0.0072021484
3264,-0.007598877
3265,-0.004425045
3266,-0.0003662128
3267,0.0015869159
3268,0.0009765625
3269,-0.00067138486
3270,0.00018310547
3271,-0.0014953669
3272,-0.0029602088
3273,-0.00247192
3274,-0.0030517466
3275,-0.009521488
3276,-0.019287128
3277,-0.020172145
3278,-0.01889037
3279,-0.01925657
3280,-0.018676728
3281,-0.016723633
3282,-0.013641357
3283,-0.015258804
3284,-0.0142517015
3285,-0.0071410984
3286,-0.0020751879
3287,0.0010070801
3288,0.0036926195
3289,0.006713882
3290,0.011352554
3291,0.01742554
3292,0.019012459
3293,0.016723633
3294,0.013488784
3295,0.0117492415
3296,0.013763413
3297,0.012512229
3298,0.015319847
3299,0.016174309
3300,0.0118713165
3301,0.013946526
3302,0.021362305
3303,0.030761734
3304,0.034942638
3305,0.030883793
3306,0.032531716
3307,0.030303963
3308,0.03051759
3309,0.02978519
3310,0.022888191
3311,0.017517053
3312,0.0108947605
3313,0.012481689
3314,0.015045159
3315,0.016235352
3316,0.01855468
3317,0.015594475
3318,0.013885468
3319,0.014770508
3320,0.019195572
3321,0.025329575
3322,0.026916504
3323,0.028442383
3324,0.024963379
3325,0.021942109
3326,0.019195586
3327,0.018524155
3328,0.016113311
3329,0.010223389
3330,0.0040283203
3331,-0.0018005669
3332,-0.005157456
3333,-0.008666992
3334,-0.012054473
3335,-0.017272979
3336,-0.021881089
3337,-0.024475127
3338,-0.025268555
3339,-0.026672386
3340,-0.026733391
3341,-0.027679436
3342,-0.02438356
3343,-0.018768288
3344,-0.011962868
3345,-0.0029907003
3346,0.0022583008
3347,0.0071106106
3348,0.009399444
3349,0.009613082
3350,0.010894805
3351,0.012420654
3352,0.01196292
3353,0.0071106255
3354,-0.0027160347
3355,-0.010284409
3356,-0.019042954
3357,-0.027954072
3358,-0.03448484
3359,-0.039947495
3360,-0.040802002
3361,-0.041442886
3362,-0.038269058
3363,-0.038482685
3364,-0.038391117
3365,-0.035125736
3366,-0.030517578
3367,-0.023956299
3368,-0.022186268
3369,-0.021270745
3370,-0.0159607
3371,-0.010894787
3372,-0.003997799
3373,-0.004302971
3374,-0.0065002404
3375,-0.0046081543
3376,-0.0068969876
3377,-0.007690415
3378,-0.008941669
3379,-0.008361839
3380,-0.004669197
3381,-0.0051269233
3382,-0.002716072
3383,-0.00091552734
3384,0.0009460524
3385,0.0030517727
3386,0.0005187988
3387,-0.002105713
3388,-0.003631577
3389,-0.0030212253
3390,-0.0049438328
3391,-0.009277329
3392,-0.015014619
3393,-0.022888169
3394,-0.031219482
3395,-0.038482636
3396,-0.040954605
3397,-0.041961685
3398,-0.044830352
3399,-0.045745835
3400,-0.048400864
3401,-0.04724118
3402,-0.04611209
3403,-0.04180911
3404,-0.03338623
3405,-0.028717011
3406,-0.02444458
3407,-0.017913789
3408,-0.00692752
3409,0.007019043
3410,0.017303467
3411,0.023346007
3412,0.027954087
3413,0.035369843
3414,0.046783432
3415,0.052795455
3416,0.053771973
3417,0.051452637
3418,0.04956054
3419,0.048889175
3420,0.045501694
3421,0.041656487
3422,0.035919208
3423,0.03137208
3424,0.02859497
3425,0.025299065
3426,0.02462769
3427,0.022979746
3428,0.023284912
3429,0.019775383
3430,0.015350341
3431,0.012939452
3432,0.014770504
3433,0.020751953
3434,0.02020264
3435,0.021301262
3436,0.026092514
3437,0.032836914
3438,0.033599876
3439,0.030181877
3440,0.031127915
3441,0.031402573
3442,0.027618423
3443,0.02087403
3444,0.01580812
3445,0.008850105
3446,0.00021363795
3447,-0.0043029636
3448,-0.0070190355
3449,-0.013702359
3450,-0.020416252
3451,-0.023803711
3452,-0.020568844
3453,-0.020446796
3454,-0.018249478
3455,-0.013000499
3456,-0.004699733
3457,0.0013427734
3458,0.0059509203
3459,0.017303497
3460,0.031280503
3461,0.042510964
3462,0.039062507
3463,0.032867417
3464,0.040100098
3465,0.067413315
3466,0.08892824
3467,0.07061766
3468,0.035736084
3469,0.013946533
3470,0.021881104
3471,0.025115982
3472,-0.0056762546
3473,-0.05508423
3474,-0.10195924
3475,-0.14425658
3476,-0.20819081
3477,-0.29138184
3478,-0.3493349
3479,-0.3756715
3480,-0.38601673
3481,-0.39709443
3482,-0.39743042
3483,-0.38034087
3484,-0.3922428
3485,-0.3499756
3486,-0.3044436
3487,-0.18795764
3488,-0.051879704
3489,0.08456433
3490,0.2291565
3491,0.34399417
3492,0.48944122
3493,0.6034853
3494,0.6715089
3495,0.7316896
3496,0.793213
3497,0.86712635
3498,0.9116516
3499,0.9119873
3500,0.87020886
3501,0.7796631
3502,0.6700747
3503,0.5613098
3504,0.46191406
3505,0.34399414
3506,0.2016294
3507,0.04095459
3508,-0.11965966
3509,-0.27615356
3510,-0.43167138
3511,-0.56964135
3512,-0.67471325
3513,-0.76687646
3514,-0.84869385
3515,-0.89685065
3516,-0.8739927
3517,-0.7861327
3518,-0.7005006
3519,-0.6389466
3520,-0.5768737
3521,-0.49893165
3522,-0.41699195
3523,-0.3459475
3524,-0.27133155
3525,-0.17257667
3526,-0.06860328
3527,0.024383664
3528,0.117096126
3529,0.21899438
3530,0.32003784
3531,0.4020692
3532,0.46127337
3533,0.49322525
3534,0.49822998
3535,0.47702008
3536,0.42575067
3537,0.3571168
3538,0.2638245
3539,0.15905753
3540,0.044982806
3541,-0.06988536
3542,-0.17651364
3543,-0.27597034
3544,-0.3575744
3545,-0.41143793
3546,-0.42858893
3547,-0.41467297
3548,-0.37838733
3549,-0.32083148
3550,-0.24899316
3551,-0.16516131
3552,-0.0791626
3553,0.0068665445
3554,0.08081034
3555,0.13076758
3556,0.15765372
3557,0.16589358
3558,0.16076663
3559,0.14257786
3560,0.11404413
3561,0.073425144
3562,0.029998988
3563,-0.0126953125
3564,-0.04614243
3565,-0.07159433
3566,-0.08828738
3567,-0.100768924
3568,-0.10229504
3569,-0.09146118
3570,-0.07714856
3571,-0.062194943
3572,-0.046936035
3573,-0.020385802
3574,0.008667111
3575,0.03286743
3576,0.052612275
3577,0.06265241
3578,0.07571435
3579,0.09295681
3580,0.11300671
3581,0.13238508
3582,0.15573116
3583,0.18307498
3584,0.20083618
3585,0.20031735
3586,0.19711296
3587,0.20471199
3588,0.22036746
3589,0.23046875
3590,0.22216794
3591,0.19296262
3592,0.15243524
3593,0.11154169
3594,0.075775206
3595,0.043426484
3596,0.012237608
3597,-0.015045196
3598,-0.03817755
3599,-0.05557263
3600,-0.06701666
3601,-0.07186887
3602,-0.062408447
3603,-0.046691865
3604,-0.033081055
3605,-0.024993896
3606,-0.022003174
3607,-0.012756348
3608,-0.0019226074
3609,0.01449585
3610,0.025665343
3611,0.03186044
3612,0.037353605
3613,0.04550171
3614,0.057953
3615,0.062316865
3616,0.06198126
3617,0.05456555
3618,0.049987733
3619,0.045532256
3620,0.03405741
3621,0.013549864
3622,-0.008392334
3623,-0.019989043
3624,-0.01522851
3625,-0.021240145
3626,-0.047851652
3627,-0.07321155
3628,-0.071899354
3629,-0.050964326
3630,-0.04977414
3631,-0.06915294
3632,-0.08956909
3633,-0.09350586
3634,-0.08657836
3635,-0.083801255
3636,-0.08621214
3637,-0.09329225
3638,-0.095581055
3639,-0.096893325
3640,-0.100036636
3641,-0.1032715
3642,-0.10427857
3643,-0.09686281
3644,-0.08584596
3645,-0.083679214
3646,-0.079711914
3647,-0.06549075
3648,-0.03717041
3649,-0.006134033
3650,0.013244614
3651,0.029663041
3652,0.040374726
3653,0.052856453
3654,0.0708618
3655,0.08557126
3656,0.09524533
3657,0.09188843
3658,0.079742454
3659,0.069305435
3660,0.05764768
3661,0.045074437
3662,0.02667238
3663,0.007446315
3664,0.0008544959
3665,-0.00021364167
3666,0.0020141453
3667,-0.004547108
3668,-0.009216309
3669,-0.0055236667
3670,0.0027160496
3671,0.010681152
3672,0.0046996996
3673,-0.0044860784
3674,-0.011138912
3675,-0.013793951
3676,-0.015716549
3677,-0.024536131
3678,-0.029357908
3679,-0.029998792
3680,-0.027282713
3681,-0.021545414
3682,-0.01522826
3683,-0.012207024
3684,-0.010162376
3685,-0.0057983473
3686,1.1175871e-08
3687,0.0027466193
3688,-0.0024414137
3689,-3.0538067e-05
3690,0.00091551803
3691,0.0057067946
3692,0.007965095
3693,0.009765623
3694,0.010009766
3695,0.0050354004
3696,0.0037231427
3697,0.0060729953
3698,0.008300779
3699,0.006591798
3700,0.005706784
3701,0.008850094
3702,0.017425537
3703,0.02056885
3704,0.010650637
3705,-0.00042724796
3706,-0.0062561026
3707,-0.004211422
3708,-0.0051269494
3709,-0.014862053
3710,-0.025360122
3711,-0.0374756
3712,-0.042877182
3713,-0.04647824
3714,-0.049896218
3715,-0.043212906
3716,-0.029815659
3717,-0.038726777
3718,-0.032562226
3719,-0.015991196
3720,-0.0017089546
3721,0.0019225925
3722,-0.012573257
3723,0.0028381348
3724,0.0070495754
3725,0.008056641
3726,0.0049132854
3727,-0.004272476
3728,-0.00497438
3729,-0.0083618015
3730,-0.009490982
3731,-0.013977066
3732,-0.013458267
3733,-0.0088806
3734,-0.0035095066
3735,0.0014343113
3736,0.006225601
3737,0.014343254
3738,0.026550323
3739,0.039093047
3740,0.045562766
3741,0.044891365
3742,0.042022698
3743,0.04049684
3744,0.036560066
3745,0.034820557
3746,0.031951897
3747,0.026397698
3748,0.01391601
3749,0.005584715
3750,0.0029907245
3751,-0.0018615723
3752,-0.0022583026
3753,-0.0027771024
3754,-0.0030822735
3755,-0.0077819824
3756,-0.010223389
3757,-0.0062561072
3758,-0.0020751916
3759,-0.00027466007
3760,-0.00018310547
3761,-0.0008239765
3762,-0.0017394982
3763,-0.0044555683
3764,-0.007965095
3765,-0.0067748986
3766,-0.006927479
3767,-0.0064697377
3768,-0.0076904334
3769,-0.015289325
3770,-0.020416249
3771,-0.025451664
3772,-0.021057136
3773,-0.016265862
3774,-0.014129646
3775,-0.012939446
3776,-0.014923081
3777,-0.016296387
3778,-0.015075661
3779,-0.015777588
3780,-0.016082749
3781,-0.012786865
3782,-0.004272476
3783,0.0027770847
3784,0.003204301
3785,0.008697484
3786,0.02243042
3787,0.03521727
3788,0.043579087
3789,0.048004124
3790,0.05551149
3791,0.061401397
3792,0.06607056
3793,0.07376097
3794,0.0725708
3795,0.06692506
3796,0.056091323
3797,0.048431396
3798,0.049194336
3799,0.049133286
3800,0.04794313
3801,0.036712617
3802,0.024871826
3803,0.014556885
3804,0.008117676
3805,0.006591767
3806,0.0036925972
3807,-0.00289917
3808,-0.014343262
3809,-0.017639145
3810,-0.014648423
3811,-0.013214126
3812,-0.019683823
3813,-0.03152466
3814,-0.034881584
3815,-0.03594973
3816,-0.039978012
3817,-0.04110717
3818,-0.041809093
3819,-0.038543716
3820,-0.03836058
3821,-0.03552244
3822,-0.028381329
3823,-0.0296936
3824,-0.03280642
3825,-0.031341564
3826,-0.02764893
3827,-0.023925787
3828,-0.026428219
3829,-0.026489258
3830,-0.026977532
3831,-0.02523803
3832,-0.023376457
3833,-0.021240227
3834,-0.019103982
3835,-0.019683823
3836,-0.015747033
3837,-0.010681123
3838,-0.0038452
3839,0.0014038011
3840,0.008056633
3841,0.02209472
3842,0.03656006
3843,0.044555657
3844,0.04205321
3845,0.0342102
3846,0.03320314
3847,0.03851319
3848,0.044342037
3849,0.04248045
3850,0.03488159
3851,0.030487083
3852,0.030242912
3853,0.02853395
3854,0.025024414
3855,0.017578125
3856,0.010681123
3857,0.0041504055
3858,0.002563499
3859,0.0034485012
3860,-0.0026550293
3861,-0.013793945
3862,-0.023803696
3863,-0.03106692
3864,-0.034301788
3865,-0.031951897
3866,-0.023468006
3867,-0.015624989
3868,-0.014251739
3869,-0.015899656
3870,-0.016326893
3871,-0.014434803
3872,-0.015350343
3873,-0.014831543
3874,-0.015136717
3875,-0.017791752
3876,-0.022003166
3877,-0.028045645
3878,-0.028076172
3879,-0.029144287
3880,-0.026550308
3881,-0.025176972
3882,-0.02905272
3883,-0.03576661
3884,-0.040466323
3885,-0.04180909
3886,-0.04263304
3887,-0.04757692
3888,-0.047149688
3889,-0.04196167
3890,-0.036560073
3891,-0.029968262
3892,-0.02185063
3893,-0.00781253
3894,0.008178666
3895,0.026458725
3896,0.045257583
3897,0.06344603
3898,0.07757567
3899,0.09164427
3900,0.10116577
3901,0.106170654
3902,0.10983278
3903,0.107788056
3904,0.10131833
3905,0.0864563
3906,0.06884767
3907,0.048980713
3908,0.029479995
3909,0.015289307
3910,-0.0005187839
3911,-0.02053833
3912,-0.0448303
3913,-0.056274384
3914,-0.05276487
3915,-0.04586792
3916,-0.044403102
3917,-0.04492186
3918,-0.039733876
3919,-0.027923562
3920,-0.016967777
3921,-0.007934593
3922,-0.0011902191
3923,0.005706776
3924,0.01119997
3925,0.014617942
3926,0.014953591
3927,0.0109557845
3928,0.0070495456
3929,0.0021972805
3930,0.0007629618
3931,0.0014953464
3932,0.00091552734
3933,0.0008544922
3934,1.1175871e-08
3935,-0.0011291429
3936,-0.0021057017
3937,-0.0082702525
3938,-0.013824474
3939,-0.017700218
3940,-0.021697994
3941,-0.023376457
3942,-0.028289806
3943,-0.03378295
3944,-0.03942872
3945,-0.042755134
3946,-0.043029796
3947,-0.038818367
3948,-0.033996552
3949,-0.026855491
3950,-0.02453614
3951,-0.022460938
3952,-0.013458237
3953,-0.00784301
3954,-0.0055847093
3955,-0.003967263
3956,0.0009155497
3957,0.00988771
3958,0.012054443
3959,0.019042984
3960,0.026000977
3961,0.029327383
3962,0.029968254
3963,0.026672363
3964,0.029541023
3965,0.032165527
3966,0.033996582
3967,0.03204345
3968,0.024078377
3969,0.023437489
3970,0.021575939
3971,0.014373761
3972,0.00885009
3973,0.0016479492
3974,0.003540039
3975,0.0023498721
3976,0.00079344213
3977,-0.00024413876
3978,-0.009399418
3979,-0.016754147
3980,-0.019653313
3981,-0.01641845
3982,-0.011413567
3983,-0.014251709
3984,-0.019500736
3985,-0.023284908
3986,-0.025878912
3987,-0.026611317
3988,-0.027374268
3989,-0.024566665
3990,-0.023437522
3991,-0.022705082
3992,-0.020629846
3993,-0.019500747
3994,-0.017181404
3995,-0.012359656
3996,-0.008056633
3997,-0.003814675
3998,-0.002502434
3999,-0.0031433105
4000,-0.004028335
4001,-0.0052490085
4002,-0.0027770996
4003,0.00036624074
4004,0.00054933876
4005,-0.0016479641
4006,-0.0044250786
4007,-0.0048217922
4008,-0.0016174093
4009,0.001251243
4010,0.0033569187
4011,0.0037231296
4012,0.006835945
4013,0.012268059
4014,0.017395042
4015,0.017425533
4016,0.01641848
4017,0.020416263
4018,0.024536125
4019,0.026947025
4020,0.027618395
4021,0.02703857
4022,0.030456547
4023,0.028656017
4024,0.026306141
4025,0.022583013
4026,0.018310543
4027,0.017059341
4028,0.010864258
4029,0.0044250507
4030,-0.0022277683
4031,-0.008392342
4032,-0.010192871
4033,-0.012695318
4034,-0.015136717
4035,-0.017700199
4036,-0.021972653
4037,-0.022369387
4038,-0.018463131
4039,-0.014068607
4040,-0.009277346
4041,-0.0034179688
4042,0.00024413876
4043,0.00030517578
4044,-0.0044250535
4045,-0.010467527
4046,-0.023651116
4047,-0.035949707
4048,-0.026428223
4049,-0.011291534
4050,-0.0032043308
4051,-0.019317605
4052,-0.053436287
4053,-0.065521285
4054,-0.026428267
4055,0.027130142
4056,0.07446289
4057,0.1583557
4058,0.27597046
4059,0.309845
4060,0.20577997
4061,0.08532715
4062,0.08660889
4063,0.20104986
4064,0.33856195
4065,0.4178468
4066,0.4198302
4067,0.34967053
4068,0.21023548
4069,0.024475336
4070,-0.17428601
4071,-0.3330078
4072,-0.41903687
4073,-0.42843628
4074,-0.3881836
4075,-0.36438
4076,-0.37408435
4077,-0.37609857
4078,-0.34259045
4079,-0.2896728
4080,-0.24652106
4081,-0.21087617
4082,-0.16992176
4083,-0.11969006
4084,-0.06533834
4085,-0.008697659
4086,0.043365717
4087,0.08193973
4088,0.10736075
4089,0.11425766
4090,0.10601807
4091,0.08236706
4092,0.044799715
4093,0.0003052652
4094,-0.044006288
4095,-0.07305899
4096,-0.08785996
4097,-0.08868423
4098,-0.076690495
4099,-0.05078131
4100,-0.018554628
4101,0.0137633085
4102,0.044433713
4103,0.07614148
4104,0.11090092
4105,0.14700311
4106,0.18594353
4107,0.22369397
4108,0.25228876
4109,0.26766974
4110,0.2747193
4111,0.27102655
4112,0.25338727
4113,0.21459961
4114,0.16363555
4115,0.102752686
4116,0.037902802
4117,-0.023407102
4118,-0.07324207
4119,-0.10910033
4120,-0.13766484
4121,-0.16220084
4122,-0.18118286
4123,-0.18173215
4124,-0.16680913
4125,-0.13427737
4126,-0.10095215
4127,-0.07458495
4128,-0.049896237
4129,-0.02636721
4130,0.004241947
4131,0.031005867
4132,0.0519104
4133,0.07199095
4134,0.08407593
4135,0.09106448
4136,0.09225467
4137,0.088775635
4138,0.08142088
4139,0.06686401
4140,0.052368164
4141,0.03189087
4142,0.014282227
4143,-0.0022583157
4144,-0.016693115
4145,-0.03054808
4146,-0.045196533
4147,-0.05291751
4148,-0.061065666
4149,-0.065155014
4150,-0.06631468
4151,-0.06353761
4152,-0.057220466
4153,-0.053527825
4154,-0.05102539
4155,-0.04574585
4156,-0.03677369
4157,-0.024444584
4158,-0.014160154
4159,-0.011260992
4160,-0.013488764
4161,-0.01794435
4162,-0.01831054
4163,-0.015106209
4164,-0.019744873
4165,-0.025939919
4166,-0.028259285
4167,-0.027954102
4168,-0.030517586
4169,-0.038391083
4170,-0.04321289
4171,-0.04434207
4172,-0.04925537
4173,-0.053710923
4174,-0.05758667
4175,-0.06011966
4176,-0.06213373
4177,-0.06512442
4178,-0.06259161
4179,-0.059692323
4180,-0.05480948
4181,-0.049469024
4182,-0.038787812
4183,-0.022857696
4184,-0.008575201
4185,0.0036314726
4186,0.018310398
4187,0.03503412
4188,0.05154437
4189,0.063568175
4190,0.07287592
4191,0.08547966
4192,0.09494017
4193,0.1038208
4194,0.10534668
4195,0.10424807
4196,0.10177617
4197,0.09820559
4198,0.09634397
4199,0.09085082
4200,0.08074954
4201,0.070312515
4202,0.059387237
4203,0.049987808
4204,0.04251097
4205,0.03497316
4206,0.029632568
4207,0.023101822
4208,0.018768296
4209,0.012969956
4210,0.008483902
4211,0.002105713
4212,-0.00039674342
4213,-0.002319336
4214,-0.0021362007
4215,-0.0032348484
4216,-0.009002686
4217,-0.017211884
4218,-0.025115982
4219,-0.026123077
4220,-0.025970474
4221,-0.02722168
4222,-0.028472908
4223,-0.029754668
4224,-0.031127948
4225,-0.0315247
4226,-0.0293274
4227,-0.026916508
4228,-0.026916504
4229,-0.025512692
4230,-0.021911636
4231,-0.020782474
4232,-0.017852794
4233,-0.015014652
4234,-0.011505125
4235,-0.011810305
4236,-0.011749266
4237,-0.010040284
4238,-0.005157468
4239,-0.0021972647
4240,-0.0032348689
4241,-0.0057983436
4242,-0.00515747
4243,-0.0023498507
4244,0.0017089862
4245,0.0033874502
4246,0.0018310566
4247,0.004547121
4248,0.007202152
4249,0.010314936
4250,0.0077819843
4251,0.0060424916
4252,0.010253914
4253,0.0152282715
4254,0.014007553
4255,0.00741579
4256,0.003936764
4257,0.002532959
4258,0.002716072
4259,-0.0027465895
4260,-0.0031128023
4261,-0.0025024563
4262,-0.0078124832
4263,-0.0107116625
4264,-0.011047367
4265,-0.0042724647
4266,-0.00033570826
4267,0.00042725354
4268,0.0022277832
4269,0.0034179874
4270,0.0044861026
4271,0.004791267
4272,0.00341798
4273,-0.0005798377
4274,-0.0034789909
4275,-0.0048217736
4276,-0.0041503888
4277,-0.007537855
4278,-0.012237553
4279,-0.011352538
4280,-0.0106811505
4281,-0.008728023
4282,-0.012329098
4283,-0.011749263
4284,-0.0118103055
4285,-0.016052246
4286,-0.016418453
4287,-0.014984129
4288,-0.011138914
4289,-0.012512211
4290,-0.014801029
4291,-0.015350331
4292,-0.013305653
4293,-0.012847889
4294,-0.011810318
4295,-0.015136711
4296,-0.017211884
4297,-0.018371582
4298,-0.015380859
4299,-0.009002723
4300,-0.0039672926
4301,-0.0014343522
4302,0.0031737946
4303,0.009765618
4304,0.015960693
4305,0.016601577
4306,0.013702381
4307,0.016601555
4308,0.019744903
4309,0.019378688
4310,0.013793942
4311,0.011260964
4312,0.006072998
4313,0.003479002
4314,0.0005493164
4315,0.003692627
4316,0.0018920936
4317,-0.005249016
4318,-0.011383057
4319,-0.014373768
4320,-0.012237534
4321,-0.008392319
4322,-0.006225582
4323,-0.00677491
4324,-0.00787352
4325,-0.0031127967
4326,0.0033569299
4327,0.004058834
4328,0.0036315694
4329,0.0056762584
4330,0.008941628
4331,0.0076293945
4332,0.002014149
4333,0.0048217997
4334,0.0040893704
4335,-0.0006408766
4336,-0.006103512
4337,-0.0087280385
4338,-0.0071716234
4339,-0.008880641
4340,-0.008697502
4341,-0.00836179
4342,-0.01077272
4343,-0.012084976
4344,-0.013488762
4345,-0.012268029
4346,-0.012481689
4347,-0.013641365
4348,-0.014190689
4349,-0.011566162
4350,-0.0046386793
4351,0.0021057054
4352,0.00076293945
4353,-0.00012207031
4354,0.002288811
4355,0.008789036
4356,0.013854984
4357,0.015380878
4358,0.018127475
4359,0.016876217
4360,0.012176517
4361,0.009429943
4362,0.013519313
4363,0.017761238
4364,0.020263681
4365,0.015014634
4366,0.015258768
4367,0.018676754
4368,0.021453861
4369,0.022827154
4370,0.022613522
4371,0.02416993
4372,0.021514894
4373,0.017211929
4374,0.015777588
4375,0.01470948
4376,0.014099125
4377,0.01644899
4378,0.015899673
4379,0.010864247
4380,0.002838172
4381,0.0040588602
4382,0.008789077
4383,0.01068116
4384,0.008209221
4385,0.002380371
4386,0.0011901855
4387,-0.0014037937
4388,-0.0064392015
4389,-0.012908921
4390,-0.02047731
4391,-0.020660423
4392,-0.016357431
4393,-0.018615723
4394,-0.013702385
4395,-0.014221193
4396,-0.011596682
4397,-0.010253906
4398,-0.0064697247
4399,0.0024108868
4400,0.0033874512
4401,0.0024413988
4402,0.0061340425
4403,0.007415775
4404,0.009063721
4405,0.009460427
4406,0.010467533
4407,0.01315308
4408,0.01272583
4409,0.011535659
4410,0.011444092
4411,0.011383057
4412,0.01052855
4413,0.0128479
4414,0.014282241
4415,0.01376345
4416,0.0016784891
4417,-0.0052490123
4418,-0.004516598
4419,-0.0051879734
4420,-0.006195061
4421,-0.011566162
4422,-0.014068622
4423,-0.017517101
4424,-0.01809693
4425,-0.016174305
4426,-0.009613028
4427,-0.004425032
4428,-0.0038452186
4429,-0.0069885403
4430,-0.011474617
4431,-0.010345459
4432,-0.006225586
4433,0.0034179576
4434,0.008483883
4435,0.006805431
4436,0.0031128079
4437,0.00079345703
4438,-0.00033570454
4439,-0.0009460449
4440,-0.0017700158
4441,-0.0018005185
4442,0.0008850172
4443,0.0010375939
4444,-0.0021972694
4445,-0.011383062
4446,-0.0066223145
4447,-0.0076904288
4448,0.013885502
4449,-0.005981439
4450,-0.0026550293
4451,0.00057982653
4452,-0.02328491
4453,-0.01766967
4454,-0.02389526
4455,0.012023926
4456,0.001342766
4457,-0.02420044
4458,-0.024475094
4459,-0.021789545
4460,-0.017578116
4461,-0.016479492
4462,-0.0061645564
4463,0.006683361
4464,0.011199944
4465,-0.0003357008
4466,-0.014160164
4467,-0.026702862
4468,-0.028625473
4469,-0.022857688
4470,-0.015991196
4471,-0.012390137
4472,-0.01275634
4473,-0.012420677
4474,-0.010253876
4475,-0.0053405613
4476,-0.0017089993
4477,-0.0004883036
4478,-0.0011291578
4479,0.0022278056
4480,0.009765666
4481,0.018371597
4482,0.023406982
4483,0.024078352
4484,0.023498539
4485,0.02423096
4486,0.031249993
4487,0.036132812
4488,0.038146973
4489,0.036163326
4490,0.03552246
4491,0.035583504
4492,0.03314209
4493,0.032928452
4494,0.032012932
4495,0.025756843
4496,0.01977542
4497,0.015594475
4498,0.012207016
4499,0.0045165867
4500,-0.0032043457
4501,-0.008117676
4502,-0.01303101
4503,-0.01690676
4504,-0.018341072
4505,-0.019073505
4506,-0.021820072
4507,-0.025421128
4508,-0.027099602
4509,-0.02212524
4510,-0.025390634
4511,-0.03192139
4512,-0.027404789
4513,-0.019592285
4514,-0.013305662
4515,-0.01837158
4516,-0.016418459
4517,-0.010009758
4518,-0.009857174
4519,-0.010894783
4520,-0.008331288
4521,-0.009246826
4522,-0.012512185
4523,-0.019531243
4524,-0.021209713
4525,-0.017395034
4526,-0.015625015
4527,-0.016052246
4528,-0.022644013
4529,-0.021392815
4530,-0.021820083
4531,-0.017181396
4532,-0.013641357
4533,-0.007385254
4534,0.0004272163
4535,0.0018920973
4536,0.0034484863
4537,0.009094238
4538,0.018585186
4539,0.02548216
4540,0.02664182
4541,0.026550291
4542,0.029083276
4543,0.030181888
4544,0.030456517
4545,0.029602038
4546,0.027008057
4547,0.020324713
4548,0.014465336
4549,0.0123291025
4550,0.010192873
4551,0.010620119
4552,0.008087158
4553,0.008392334
4554,0.007873537
4555,0.0057983436
4556,0.005035393
4557,0.0058593787
4558,0.00878907
4559,0.009460442
4560,0.012573227
4561,0.013153069
4562,0.013854992
4563,0.014068596
4564,0.0059509017
4565,0.0016174205
4566,0.0030212477
4567,0.009582538
4568,0.009216294
4569,-0.0015869178
4570,0.0017395131
4571,0.006317146
4572,0.004821785
4573,-0.00244141
4574,-0.0029601827
4575,0.00503543
4576,0.007385265
4577,0.0045470744
4578,0.0025024489
4579,0.0031128228
4580,0.0036316216
4581,0.0035400167
4582,0.0059814304
4583,0.0080261305
4584,0.00692752
4585,0.0031128004
4586,0.0019531026
4587,-0.003082268
4588,-0.0044860616
4589,0.0018921047
4590,0.009002671
4591,0.0077514797
4592,0.0027160794
4593,0.004547134
4594,0.010620087
4595,0.013977051
4596,0.012603775
4597,0.0115356445
4598,0.0060729682
4599,0.004699677
4600,0.0029296875
4601,-0.002899155
4602,-0.009735122
4603,-0.014648475
4604,-0.013580337
4605,-0.017822247
4606,-0.023132298
4607,-0.02542115
4608,-0.023132334
4609,-0.022094721
4610,-0.025207506
4611,-0.02719115
4612,-0.025512706
4613,-0.019042974
4614,-0.014678955
4615,-0.012817379
4616,-0.011779785
4617,-0.00900269
4618,-0.009948729
4619,-0.013763428
4620,-0.017150884
4621,-0.0175476
4622,-0.021148697
4623,-0.02804564
4624,-0.034149177
4625,-0.032562263
4626,-0.028839141
4627,-0.027740493
4628,-0.029083237
4629,-0.027343765
4630,-0.020843536
4631,-0.015441924
4632,-0.011993423
4633,-0.0072021633
4634,-0.00030519068
4635,0.005279526
4636,0.008483872
4637,0.0098876655
4638,0.0114135295
4639,0.010986306
4640,0.008972138
4641,0.008697487
4642,0.010528535
4643,0.014831543
4644,0.015136756
4645,0.01116943
4646,0.012481682
4647,0.015777607
4648,0.020294212
4649,0.018157955
4650,0.015624978
4651,0.014892582
4652,0.013763448
4653,0.013671882
4654,0.01013184
4655,0.0043029785
4656,-0.0010986328
4657,-0.007263191
4658,-0.016143784
4659,-0.027130134
4660,-0.031494156
4661,-0.0331726
4662,-0.034484863
4663,-0.037963882
4664,-0.0369263
4665,-0.032806396
4666,-0.028991714
4667,-0.02066043
4668,-0.0113220215
4669,-0.0014038235
4670,0.0064086914
4671,0.015136689
4672,0.026916496
4673,0.034881577
4674,0.04315184
4675,0.052764893
4676,0.059661858
4677,0.061889663
4678,0.055633545
4679,0.048217766
4680,0.038513184
4681,0.029510513
4682,0.02218629
4683,0.011505112
4684,0.004241945
4685,-0.0008849967
4686,-0.005279543
4687,-0.009735117
4688,-0.0122375535
4689,-0.00970459
4690,-0.008422848
4691,-0.007537838
4692,-0.003753662
4693,0.002960207
4694,0.0072936993
4695,0.005950937
4696,0.010894787
4697,0.016662605
4698,0.018920887
4699,0.018707275
4700,0.019317634
4701,0.021789566
4702,0.019256577
4703,0.016021714
4704,0.015808128
4705,0.012237549
4706,0.0045471154
4707,-0.005096443
4708,-0.011016838
4709,-0.013397187
4710,-0.016174313
4711,-0.021362301
4712,-0.024444588
4713,-0.021728523
4714,-0.018005377
4715,-0.011901876
4716,-0.008789072
4717,-0.0053100605
4718,-0.005767815
4719,-0.009674067
4720,-0.004180908
4721,-0.0014953632
4722,0.006011961
4723,0.0052490216
4724,0.008270271
4725,0.010467526
4726,0.008056633
4727,0.008575432
4728,0.0088806
4729,0.012268085
4730,0.010925323
4731,0.013244629
4732,0.018981926
4733,0.019104004
4734,0.01657106
4735,0.011596665
4736,0.013122544
4737,0.013153091
4738,0.008331321
4739,-0.0014343038
4740,0.0021667406
4741,-0.0036010519
4742,-0.010589592
4743,-0.0017089769
4744,-0.020904541
4745,-0.019897444
4746,-0.020904526
4747,-0.015838623
4748,-0.024536133
4749,-0.048706055
4750,-0.032714844
4751,-0.020507814
4752,-0.021301268
4753,-0.016296387
4754,-0.0105896
4755,-0.0049438495
4756,-0.002960205
4757,0.0013427772
4758,0.003997803
4759,-0.00091552734
4760,-0.0006103525
4761,0.007720948
4762,0.016235353
4763,0.017181393
4764,0.012481689
4765,0.014923103
4766,0.017486572
4767,0.018798824
4768,0.015594464
4769,0.011383064
4770,0.011322036
4771,-0.0007019043
4772,-0.006256096
4773,-0.009857189
4774,-0.0025634877
4775,-0.0011901949
4776,-0.004119875
4777,-0.015228265
4778,-0.0073547326
4779,0.00064086355
4780,-0.013793948
4781,-0.025054935
4782,-0.01876831
4783,0.004211424
4784,-0.0015258789
4785,-0.01626587
4786,-0.022033691
4787,-0.012176516
4788,-0.01574707
4789,-0.017669678
4790,-0.010223389
4791,-0.004760742
4792,0.003601063
4793,6.102398e-05
4794,-0.0002136156
4795,0.0014953688
4796,-0.0024719276
4797,-0.008300789
4798,-0.013702404
4799,-0.007202152
4800,0.0052184984
4801,0.005920425
4802,-0.0034179427
4803,-0.00915527
4804,-0.007965118
4805,-0.0022583231
4806,0.00012207404
4807,0.0025940165
4808,0.0032043643
4809,-0.0017700158
4810,-0.0025634915
4811,-0.004303016
4812,-0.0072936825
4813,-0.0115966685
4814,-0.01785279
4815,-0.01278688
4816,-0.01058957
4817,-0.013336174
4818,-0.014282249
4819,-0.018219009
4820,-0.005218506
4821,0.003295891
4822,0.014099129
4823,0.012390129
4824,0.005554177
4825,0.011840809
4826,0.0128479
4827,0.018981926
4828,0.015167234
4829,0.01834106
4830,0.019927979
4831,0.015777595
4832,0.01345825
4833,0.005798338
4834,0.0026550312
4835,-0.0004577618
4836,0.0038757324
4837,0.006683347
4838,0.0126342755
4839,0.0052795433
4840,0.004028324
4841,0.014099122
4842,0.011260984
4843,0.018676754
4844,0.008850096
4845,0.016174316
4846,0.009796144
4847,0.0019531231
4848,0.0036315918
4849,-0.00326538
4850,-0.0079956055
4851,-0.008697512
4852,-0.0045776395
4853,-0.008056642
4854,-0.020111084
4855,-0.02218629
4856,-0.015319817
4857,-0.017120361
4858,-0.025848374
4859,-0.03451538
4860,-0.033599857
4861,-0.028900161
4862,-0.027160615
4863,-0.025421098
4864,-0.029357903
4865,-0.029113784
4866,-0.020935059
4867,-0.01455684
4868,-0.00875853
4869,-0.007293701
4870,-0.0026245117
4871,0.0058899075
4872,0.00991825
4873,0.015167281
4874,0.017211914
4875,0.018951405
4876,0.025115963
4877,0.030029312
4878,0.035369873
4879,0.03369138
4880,0.031188954
4881,0.033172607
4882,0.034820564
4883,0.037902843
4884,0.034301758
4885,0.034210205
4886,0.032196015
4887,0.03463745
4888,0.028869659
4889,0.020965591
4890,0.019103982
4891,0.019103989
4892,0.02371215
4893,0.015411377
4894,0.010162331
4895,0.0067138895
4896,0.008575439
4897,0.0100707635
4898,0.0019530952
4899,-0.0011291578
4900,0.0016784519
4901,0.0076293945
4902,0.008666977
4903,0.0044555664
4904,0.0013427585
4905,-0.0013733208
4906,-0.0009460449
4907,-0.0022582859
4908,-0.005310029
4909,-0.0069580227
4910,-0.010009751
4911,-0.014984153
4912,-0.020538323
4913,-0.021423329
4914,-0.020629887
4915,-0.021453839
4916,-0.022216797
4917,-0.019775374
4918,-0.017639149
4919,-0.019989008
4920,-0.024291996
4921,-0.028411875
4922,-0.028228763
4923,-0.023468014
4924,-0.019012453
4925,-0.01992799
4926,-0.02435302
4927,-0.024871826
4928,-0.018005352
4929,-0.011505131
4930,-0.0050659366
4931,-0.0009765737
4932,0.005004883
4933,0.011596695
4934,0.019195562
4935,0.027008053
4936,0.030639637
4937,0.03552245
4938,0.035064712
4939,0.035034172
4940,0.0352783
4941,0.042144746
4942,0.042877212
4943,0.039917015
4944,0.039062485
4945,0.03942868
4946,0.03829956
4947,0.02798462
4948,0.018371582
4949,0.013183594
4950,0.0105896145
4951,0.0043029636
4952,-0.0021362156
4953,-0.012481689
4954,-0.018707246
4955,-0.021728516
4956,-0.021972649
4957,-0.021881074
4958,-0.028320298
4959,-0.03414918
4960,-0.034149196
4961,-0.032257073
4962,-0.028472885
4963,-0.030822765
4964,-0.032531753
4965,-0.035949714
4966,-0.037933342
4967,-0.033447254
4968,-0.034240715
4969,-0.033264168
4970,-0.03726196
4971,-0.03927611
4972,-0.04019162
4973,-0.043151826
4974,-0.040588386
4975,-0.040985107
4976,-0.042114258
4977,-0.041168198
4978,-0.035339355
4979,-0.029052734
4980,-0.02355957
4981,-0.020263687
4982,-0.016937256
4983,-0.013397217
4984,-0.008941665
4985,-0.0016479641
4986,0.0019836128
4987,0.006958008
4988,0.012451172
4989,0.015869156
4990,0.0152282715
4991,0.01745607
4992,0.024261475
4993,0.031555198
4994,0.034881637
4995,0.037262008
4996,0.040924065
4997,0.03872679
4998,0.03561403
4999,0.03390506
5000,0.0393982
5001,0.042175278
5002,0.038970932
5003,0.034606934
5004,0.03262329
5005,0.030426025
5006,0.028167725
5007,0.026855461
5008,0.025787342
5009,0.020568855
5010,0.0119934045
5011,0.004577622
5012,0.00039671734
5013,-0.0041503794
5014,-0.010131817
5015,-0.017883306
5016,-0.020751968
5017,-0.021301277
5018,-0.02120971
5019,-0.01998901
5020,-0.018768312
5021,-0.019927979
5022,-0.021636961
5023,-0.018829359
5024,-0.013183599
5025,-0.01065062
5026,-0.014099106
5027,-0.015258804
5028,-0.01412965
5029,-0.014862068
5030,-0.018615708
5031,-0.01940915
5032,-0.017303452
5033,-0.014404319
5034,-0.010589644
5035,-0.007293716
5036,-0.005035393
5037,-0.003631577
5038,0.010009736
5039,0.019958466
5040,0.019317597
5041,0.01968383
5042,0.028442375
5043,0.041778564
5044,0.041290294
5045,0.03527834
5046,0.035705578
5047,0.038299553
5048,0.040069565
5049,0.039398212
5050,0.034942638
5051,0.029937752
5052,0.026611298
5053,0.02563475
5054,0.02474977
5055,0.019775376
5056,0.018127427
5057,0.01586911
5058,0.010375977
5059,0.003753662
5060,-0.0015563965
5061,-0.004730217
5062,-0.011016846
5063,-0.020935088
5064,-0.026458763
5065,-0.025970459
5066,-0.02175903
5067,-0.020568863
5068,-0.024749778
5069,-0.030151382
5070,-0.030487066
5071,-0.0255432
5072,-0.01791382
5073,-0.010833738
5074,-0.007659912
5075,-0.0025939867
5076,0.0031738207
5077,0.00991822
5078,0.016967788
5079,0.016693145
5080,0.017578118
5081,0.018035874
5082,0.018218994
5083,0.018249527
5084,0.014373809
5085,0.010498039
5086,0.0049133226
5087,0.0011901855
5088,0.0024414062
5089,0.0020141825
5090,0.003540054
5091,0.0053100437
5092,0.00970456
5093,0.010101289
5094,0.012634292
5095,0.0148010105
5096,0.016601548
5097,0.014282212
5098,0.014709458
5099,0.016601548
5100,0.016967773
5101,0.014984146
5102,0.007446289
5103,0.0007018894
5104,-0.005981475
5105,-0.010772742
5106,-0.017028816
5107,-0.026733387
5108,-0.03015136
5109,-0.036102302
5110,-0.042297363
5111,-0.048706036
5112,-0.04571531
5113,-0.038269036
5114,-0.036712658
5115,-0.035308838
5116,-0.032348633
5117,-0.02297974
5118,-0.019592289
5119,-0.020080552
5120,-0.0163269
5121,-0.011199947
5122,-0.005249031
5123,-0.008392319
5124,-0.011260953
5125,-0.0093078315
5126,-0.007720925
5127,-0.0032348745
5128,-0.0072021447
5129,-0.006622318
5130,-0.008728027
5131,-0.009490989
5132,-0.00982666
5133,-0.013397247
5134,-0.012298584
5135,-0.017944343
5136,-0.024993882
5137,-0.032775864
5138,-0.036041245
5139,-0.035644546
5140,-0.038024902
5141,-0.041107193
5142,-0.04431151
5143,-0.04333496
5144,-0.04119876
5145,-0.036377013
5146,-0.03515628
5147,-0.03314209
5148,-0.02746585
5149,-0.020721495
5150,-0.013336182
5151,-0.0064697266
5152,0.006134033
5153,0.019805893
5154,0.032379165
5155,0.043395996
5156,0.056549087
5157,0.06845091
5158,0.07821657
5159,0.08358766
5160,0.08560182
5161,0.084869415
5162,0.08215333
5163,0.07708739
5164,0.06756591
5165,0.056762706
5166,0.048675545
5167,0.037261955
5168,0.024627648
5169,0.012756348
5170,0.004272461
5171,-0.0064697415
5172,-0.017608643
5173,-0.024475113
5174,-0.025360093
5175,-0.02810669
5176,-0.03045655
5177,-0.029876709
5178,-0.026916504
5179,-0.026977539
5180,-0.024597168
5181,-0.019683838
5182,-0.011260986
5183,-0.0013732947
5184,0.0054016076
5185,0.015563965
5186,0.023223884
5187,0.031280514
5188,0.038085938
5189,0.04431151
5190,0.0513916
5191,0.05508426
5192,0.05389405
5193,0.05032347
5194,0.04931636
5195,0.04360962
5196,0.032012954
5197,0.019134536
5198,0.0047302097
5199,-0.0037231743
5200,-0.01367186
5201,-0.018249482
5202,-0.022644013
5203,-0.030639663
5204,-0.03652955
5205,-0.037597626
5206,-0.03463743
5207,-0.033081036
5208,-0.028564453
5209,-0.021057133
5210,-0.0130309835
5211,-0.008331314
5212,-0.0036926344
5213,0.0017394796
5214,0.0038147047
5215,0.008148193
5216,0.015472382
5217,0.030853279
5218,0.039031975
5219,0.032318115
5220,0.018707275
5221,0.012969986
5222,0.013458252
5223,0.00680542
5224,-0.00775145
5225,-0.030700669
5226,-0.074462876
5227,-0.13778685
5228,-0.20104986
5229,-0.25387573
5230,-0.2944336
5231,-0.33154285
5232,-0.36148083
5233,-0.37313837
5234,-0.35910034
5235,-0.3254701
5236,-0.2824403
5237,-0.21090686
5238,-0.09640467
5239,0.040008783
5240,0.17379749
5241,0.302307
5242,0.42636132
5243,0.52465844
5244,0.57202137
5245,0.59277314
5246,0.61752313
5247,0.6357728
5248,0.62869275
5249,0.5668334
5250,0.48901355
5251,0.4260558
5252,0.3656311
5253,0.285614
5254,0.17828381
5255,0.08074951
5256,-0.005066037
5257,-0.109558344
5258,-0.2342223
5259,-0.34902954
5260,-0.41751114
5261,-0.45541406
5262,-0.48635864
5263,-0.4955138
5264,-0.46301275
5265,-0.3863831
5266,-0.3013916
5267,-0.22436523
5268,-0.14367677
5269,-0.06597902
5270,0.013946533
5271,0.0831299
5272,0.1410828
5273,0.19546503
5274,0.2261352
5275,0.24609387
5276,0.24520889
5277,0.23147586
5278,0.20306385
5279,0.15820318
5280,0.09963989
5281,0.030426383
5282,-0.04400611
5283,-0.10510242
5284,-0.16601576
5285,-0.22747815
5286,-0.2863158
5287,-0.34216303
5288,-0.3853455
5289,-0.42214978
5290,-0.44070446
5291,-0.43576038
5292,-0.4158628
5293,-0.3882751
5294,-0.34979236
5295,-0.2952882
5296,-0.22802722
5297,-0.15878308
5298,-0.08782971
5299,-0.013793826
5300,0.05203247
5301,0.104034305
5302,0.13278174
5303,0.14346308
5304,0.13519305
5305,0.116485775
5306,0.09744263
5307,0.075531185
5308,0.060088873
5309,0.045013428
5310,0.044311523
5311,0.058441103
5312,0.08840948
5313,0.13052362
5314,0.17718524
5315,0.22760016
5316,0.27328485
5317,0.3160094
5318,0.34487918
5319,0.35632324
5320,0.3502503
5321,0.32766712
5322,0.28637704
5323,0.2197878
5324,0.13980117
5325,0.063323796
5326,-0.00012230873
5327,-0.05392459
5328,-0.10156229
5329,-0.1395873
5330,-0.1650086
5331,-0.1753845
5332,-0.17468263
5333,-0.16848749
5334,-0.15655519
5335,-0.13397215
5336,-0.10708618
5337,-0.08496092
5338,-0.0767822
5339,-0.06579588
5340,-0.040649414
5341,-0.00292968
5342,0.03237919
5343,0.05282594
5344,0.059082016
5345,0.05856321
5346,0.05755614
5347,0.06881715
5348,0.07870484
5349,0.07830812
5350,0.071685776
5351,0.061492875
5352,0.058135957
5353,0.05657959
5354,0.060974106
5355,0.06454466
5356,0.05728148
5357,0.050689653
5358,0.05212401
5359,0.057891876
5360,0.06008908
5361,0.060943633
5362,0.06661993
5363,0.07421884
5364,0.07910165
5365,0.079315245
5366,0.073272645
5367,0.062042117
5368,0.041381806
5369,0.025238335
5370,0.0085145235
5371,-0.005615324
5372,-0.024628013
5373,-0.04083252
5374,-0.04348734
5375,-0.040496558
5376,-0.040130615
5377,-0.057891905
5378,-0.075530976
5379,-0.07962036
5380,-0.075653076
5381,-0.074462906
5382,-0.087066665
5383,-0.097229
5384,-0.10031128
5385,-0.09368898
5386,-0.08038333
5387,-0.07223511
5388,-0.0718994
5389,-0.07461548
5390,-0.06628418
5391,-0.04467773
5392,-0.017761223
5393,-0.00024413317
5394,0.0042419396
5395,0.0027465913
5396,0.003540041
5397,0.008178714
5398,0.010131836
5399,0.012176513
5400,0.01690674
5401,0.019836426
5402,0.01739502
5403,0.012969972
5404,0.010559082
5405,0.012908939
5406,0.008453371
5407,-0.007263179
5408,-0.017089844
5409,-0.007843021
5410,0.0048217755
5411,-0.0103759775
5412,-0.040405266
5413,-0.045898438
5414,-0.022064202
5415,-0.006835945
5416,-0.021484368
5417,-0.043395996
5418,-0.051025398
5419,-0.04287722
5420,-0.04043579
5421,-0.046783447
5422,-0.05007936
5423,-0.048126236
5424,-0.041137725
5425,-0.036224365
5426,-0.027374238
5427,-0.015808076
5428,-0.0025635064
5429,0.007019028
5430,0.014648482
5431,0.023834288
5432,0.03781131
5433,0.05303956
5434,0.060333252
5435,0.061248794
5436,0.060668945
5437,0.06256103
5438,0.05722045
5439,0.046325684
5440,0.030181885
5441,0.021636965
5442,0.016967777
5443,0.012390138
5444,0.0066223135
5445,0.0023498517
5446,0.0076904334
5447,0.015960682
5448,0.025421143
5449,0.028320312
5450,0.028564475
5451,0.02786256
5452,0.026519775
5453,0.020904526
5454,0.012390152
5455,0.0020141974
5456,-0.008239742
5457,-0.014007568
5458,-0.017120391
5459,-0.0215149
5460,-0.025390629
5461,-0.025878917
5462,-0.021270748
5463,-0.019714355
5464,-0.022186276
5465,-0.01913452
5466,-0.009857178
5467,0.0006103534
5468,0.0039672838
5469,-0.0030212393
5470,-0.010192869
5471,-0.0057678204
5472,0.004211429
5473,0.010467527
5474,0.00592041
5475,-0.0016174307
5476,-0.0033569317
5477,-0.006774895
5478,-0.010925289
5479,-0.017425548
5480,-0.026824951
5481,-0.031158432
5482,-0.033264145
5483,-0.030120868
5484,-0.025085464
5485,-0.020812966
5486,-0.01568605
5487,-0.015167236
5488,-0.013763458
5489,-0.011444062
5490,-0.008148193
5491,-0.00863646
5492,-0.009063721
5493,-0.0069885105
5494,-0.0018615723
5495,0.0018310696
5496,0.0047302544
5497,0.010436986
5498,0.015960693
5499,0.020874012
5500,0.020690918
5501,0.022735603
5502,0.025024388
5503,0.02618407
5504,0.021575917
5505,0.0120239295
5506,0.0076599307
5507,0.0021972395
5508,0.0030212477
5509,-0.0052490234
5510,-0.009063721
5511,-0.010986324
5512,-0.01171875
5513,-0.012451157
5514,-0.017425567
5515,-0.019622803
5516,-0.02035521
5517,-0.019378632
5518,-0.017242432
5519,-0.009582542
5520,-0.0036010742
5521,0.004730247
5522,0.012573272
5523,0.02026368
5524,0.028625496
5525,0.030151375
5526,0.033447273
5527,0.037017822
5528,0.03900145
5529,0.036102287
5530,0.027099606
5531,0.0154418945
5532,0.0035705585
5533,-0.0014648428
5534,-0.0024414044
5535,-0.003417966
5536,-0.007751463
5537,-0.012786865
5538,-0.017211914
5539,-0.018920898
5540,-0.011108395
5541,-0.0014953595
5542,0.005401614
5543,0.0038757334
5544,0.0018615741
5545,0.0070495596
5546,0.014953612
5547,0.019348152
5548,0.019500732
5549,0.016723637
5550,0.021972649
5551,0.023834232
5552,0.025909439
5553,0.025115963
5554,0.017272957
5555,0.012969948
5556,0.010498051
5557,0.0053100586
5558,0.006927483
5559,0.008911133
5560,0.004547119
5561,0.022460908
5562,0.0015258491
5563,0.0061034933
5564,0.012207009
5565,0.023681626
5566,0.029052705
5567,0.0027160943
5568,0.0075988322
5569,0.011566132
5570,0.011077896
5571,0.009735107
5572,0.005371079
5573,0.0035705417
5574,0.0074462593
5575,0.008972153
5576,0.0051879883
5577,-0.0050353855
5578,-0.014770493
5579,-0.01379396
5580,-0.014404334
5581,-0.014404304
5582,-0.021392781
5583,-0.027587868
5584,-0.027923573
5585,-0.024963396
5586,-0.0241089
5587,-0.029205315
5588,-0.0350647
5589,-0.0345459
5590,-0.030242924
5591,-0.026336674
5592,-0.019622803
5593,-0.011993408
5594,-0.005462646
5595,-0.0032653837
5596,0.0008239709
5597,0.0057373047
5598,0.012756353
5599,0.019378662
5600,0.023834229
5601,0.02713012
5602,0.025207534
5603,0.011505127
5604,-0.00363159
5605,-0.0012512291
5606,0.012298582
5607,0.007385254
5608,-0.029266367
5609,-0.05603027
5610,-0.048614506
5611,-0.038818352
5612,-0.02209473
5613,-0.019226078
5614,-0.0067138635
5615,0.0047607534
5616,0.005645761
5617,0.02407836
5618,0.021392819
5619,0.025360104
5620,0.016937252
5621,0.014862062
5622,0.015380859
5623,0.018585213
5624,0.022735588
5625,0.015686043
5626,0.008514408
5627,0.002624523
5628,0.0010681245
5629,-0.0048522893
5630,-0.009338375
5631,-0.009704595
5632,-0.003936777
5633,-0.0010681134
5634,3.052503e-05
5635,-0.0015564039
5636,-0.003143303
5637,0.0005187988
5638,0.0013122633
5639,0.0039367694
5640,0.0005798349
5641,-0.0039367676
5642,-0.009429935
5643,-0.011108397
5644,-0.012023925
5645,-0.015930176
5646,-0.01687622
5647,-0.01651001
5648,-0.0101623535
5649,-0.009857167
5650,-0.016143814
5651,-0.02319336
5652,-0.03271486
5653,-0.03640744
5654,-0.041992202
5655,-0.044006348
5656,-0.045898452
5657,-0.044891343
5658,-0.03662108
5659,-0.026123047
5660,-0.020507827
5661,-0.019897461
5662,-0.016143799
5663,-0.0062561035
5664,0.006957993
5665,0.013519272
5666,0.017028779
5667,0.020996086
5668,0.026794463
5669,0.032470692
5670,0.033874482
5671,0.03665158
5672,0.039672866
5673,0.039520267
5674,0.03729245
5675,0.034301747
5676,0.031677246
5677,0.027954109
5678,0.022583015
5679,0.018859867
5680,0.016571045
5681,0.0148010235
5682,0.012573242
5683,0.0076904334
5684,0.0021667462
5685,0.0007629357
5686,-0.0010681152
5687,-0.00027465634
5688,-0.0029907208
5689,-0.004608156
5690,-0.007995608
5691,-0.01245117
5692,-0.011535643
5693,-0.015045166
5694,-0.015960693
5695,-0.01971435
5696,-0.01907348
5697,-0.012939461
5698,-0.01104736
5699,-0.009155262
5700,-0.008605961
5701,-0.012268081
5702,-0.009216316
5703,-0.0041198693
5704,0.0038147196
5705,0.002563469
5706,-0.006744392
5707,-0.0063476562
5708,-0.009246811
5709,-0.009460412
5710,-0.011199929
5711,-0.008178722
5712,-0.0069579855
5713,-0.0036315657
5714,0.0035705678
5715,0.009948721
5716,0.015106179
5717,0.024169939
5718,0.032989517
5719,0.03994751
5720,0.042480454
5721,0.041229233
5722,0.041717537
5723,0.03848268
5724,0.0397949
5725,0.039276093
5726,0.038269013
5727,0.03366092
5728,0.0223694
5729,0.017822236
5730,0.017944306
5731,0.020263687
5732,0.015289307
5733,0.009674057
5734,0.0076294094
5735,0.0074768215
5736,0.0039367676
5737,-0.0023498386
5738,-0.0042419285
5739,-0.0052489936
5740,-0.00988771
5741,-0.017608635
5742,-0.019317597
5743,-0.015686028
5744,-0.0168152
5745,-0.022033706
5746,-0.024749752
5747,-0.024536133
5748,-0.022186283
5749,-0.020477302
5750,-0.019866949
5751,-0.022552498
5752,-0.026885984
5753,-0.026214588
5754,-0.022094727
5755,-0.020568848
5756,-0.023193365
5757,-0.026672367
5758,-0.024963371
5759,-0.018280026
5760,-0.01870729
5761,-0.020965595
5762,-0.028198216
5763,-0.029266331
5764,-0.024444565
5765,-0.02038575
5766,-0.017120346
5767,-0.016662598
5768,-0.017211907
5769,-0.013030998
5770,-0.012542725
5771,-0.011199936
5772,-0.00894168
5773,-0.0020751804
5774,0.0103149265
5775,0.012908921
5776,0.0061340258
5777,-0.00012205541
5778,0.010375991
5779,0.017364487
5780,0.018280014
5781,0.0129394755
5782,0.016113311
5783,0.018920887
5784,0.005523689
5785,-0.011352539
5786,-0.024597168
5787,-0.03472902
5788,-0.051879883
5789,-0.065338135
5790,-0.06890871
5791,-0.061401457
5792,-0.03741455
5793,-0.028900117
5794,-0.043487534
5795,-0.056182936
5796,-0.031066999
5797,0.011322051
5798,0.024139449
5799,0.048736572
5800,0.13156128
5801,0.19915771
5802,0.17071533
5803,0.09603879
5804,0.08300787
5805,0.1524049
5806,0.23693854
5807,0.32141095
5808,0.41540545
5809,0.46902466
5810,0.4271242
5811,0.28204358
5812,0.098754644
5813,-0.053466856
5814,-0.15814215
5815,-0.17996216
5816,-0.16162127
5817,-0.15148953
5818,-0.17999282
5819,-0.2308654
5820,-0.24691767
5821,-0.24859615
5822,-0.25930798
5823,-0.27618396
5824,-0.28768924
5825,-0.28427118
5826,-0.26718152
5827,-0.24084467
5828,-0.20019525
5829,-0.15356454
5830,-0.09957898
5831,-0.0429385
5832,0.008575678
5833,0.03390515
5834,0.032104164
5835,0.013152868
5836,-0.015106261
5837,-0.040405214
5838,-0.058532685
5839,-0.07809478
5840,-0.08822644
5841,-0.08224499
5842,-0.056884944
5843,-0.015136898
5844,0.021148592
5845,0.05871576
5846,0.09033212
5847,0.11505133
5848,0.15112302
5849,0.18371572
5850,0.22146615
5851,0.24642959
5852,0.26461804
5853,0.27581787
5854,0.27093506
5855,0.25338736
5856,0.22348022
5857,0.18917856
5858,0.15670753
5859,0.099365145
5860,0.056915075
5861,0.031097442
5862,-0.0048826933
5863,-0.029144287
5864,-0.06021115
5865,-0.06259164
5866,-0.08041379
5867,-0.10513298
5868,-0.1096801
5869,-0.11529542
5870,-0.110595666
5871,-0.109802194
5872,-0.113403305
5873,-0.10125732
5874,-0.09634402
5875,-0.08285524
5876,-0.06771849
5877,-0.051544197
5878,-0.034637444
5879,-0.035125732
5880,-0.023590099
5881,-0.011596686
5882,-0.002349861
5883,0.0013733171
5884,0.005096445
5885,0.01583862
5886,0.021148674
5887,0.018737782
5888,-0.003326401
5889,-0.029174805
5890,-0.04727173
5891,-0.058319107
5892,-0.06326294
5893,-0.06616211
5894,-0.060394287
5895,-0.050018296
5896,-0.037353516
5897,-0.021759033
5898,-0.002899155
5899,0.006500244
5900,0.017150879
5901,0.032440186
5902,0.04766848
5903,0.05609131
5904,0.0552368
5905,0.05545042
5906,0.05700682
5907,0.058441147
5908,0.05911256
5909,0.062988296
5910,0.06286623
5911,0.052581772
5912,0.0383301
5913,0.027008072
5914,0.028259307
5915,0.02148439
5916,0.013885468
5917,0.007507339
5918,0.0022277758
5919,-0.0037231296
5920,-0.012847878
5921,-0.021331802
5922,-0.03207399
5923,-0.037963875
5924,-0.039428703
5925,-0.03585816
5926,-0.032043472
5927,-0.034454353
5928,-0.041809063
5929,-0.04138182
5930,-0.0385437
5931,-0.03753662
5932,-0.03781129
5933,-0.03244015
5934,-0.026306137
5935,-0.03118895
5936,-0.037872307
5937,-0.035827637
5938,-0.03186032
5939,-0.029907212
5940,-0.030761734
5941,-0.033203155
5942,-0.0289917
5943,-0.015960693
5944,-0.00048829615
5945,0.006103486
5946,-0.00012207031
5947,0.0013427585
5948,0.014465317
5949,0.023956299
5950,0.025573716
5951,0.029571526
5952,0.034118623
5953,0.039062507
5954,0.041168213
5955,0.043304436
5956,0.046264656
5957,0.03689576
5958,0.035705574
5959,0.036560062
5960,0.04144287
5961,0.039093025
5962,0.03228759
5963,0.023284916
5964,0.017395034
5965,0.012329105
5966,0.009582512
5967,0.014099114
5968,0.015716571
5969,0.011596702
5970,0.011047363
5971,0.012176491
5972,0.015686043
5973,0.009216346
5974,0.00091554224
5975,0.0041198432
5976,0.007904038
5977,0.010955825
5978,0.0029296651
5979,-0.004425049
5980,-0.0011901855
5981,0.0025329515
5982,0.003356941
5983,-0.0037536696
5984,-0.008087147
5985,-0.006469734
5986,-0.0046997406
5987,-0.0053100586
5988,-0.01074221
5989,-0.017547607
5990,-0.01831055
5991,-0.016326912
5992,-0.007354725
5993,-0.003814675
5994,-0.004730236
5995,-0.006652858
5996,-0.005584743
5997,6.104261e-05
5998,0.0013732985
5999,0.0026550516
6000,0.0029296987
6001,-0.0010986552
6002,-0.0022583269
6003,-0.002471935
6004,-0.0012511909
6005,-0.0036010742
6006,-0.007415775
6007,-0.0054931864
6008,-0.00021361932
6009,0.0025024489
6010,0.0022583045
6011,-0.0021057036
6012,-0.004974369
6013,-0.006805422
6014,-0.008209236
6015,-0.0072021503
6016,-0.007598877
6017,-0.0066833477
6018,-0.0054626456
6019,-0.0029602041
6020,-0.0033874512
6021,-0.0050354004
6022,-0.005920409
6023,-0.005737303
6024,-0.008850096
6025,-0.011383057
6026,-0.0063171396
6027,0.0015258773
6028,0.0038757315
6029,-0.0004272461
6030,-0.00070190243
6031,0.00592041
6032,0.013946532
6033,0.016693117
6034,0.013610842
6035,0.0099792555
6036,0.009857189
6037,0.013763439
6038,0.013671864
6039,0.012237564
6040,0.006835956
6041,0.0021362305
6042,-0.00012208894
6043,-0.0036316048
6044,-0.005004869
6045,-0.014465331
6046,-0.023529062
6047,-0.030517587
6048,-0.0333252
6049,-0.034912102
6050,-0.038207993
6051,-0.042877205
6052,-0.043701172
6053,-0.041748077
6054,-0.040618896
6055,-0.03976439
6056,-0.03671263
6057,-0.032379165
6058,-0.029815674
6059,-0.027465835
6060,-0.019012451
6061,-0.009063721
6062,0.00018312037
6063,0.0035705268
6064,0.0063476562
6065,0.012969986
6066,0.017944366
6067,0.02255246
6068,0.027954102
6069,0.033905014
6070,0.037292503
6071,0.036468506
6072,0.03488159
6073,0.03515625
6074,0.032440186
6075,0.032379165
6076,0.03543091
6077,0.033050537
6078,0.029998787
6079,0.020355225
6080,0.016937256
6081,0.016174316
6082,0.013061531
6083,0.010833759
6084,0.005828865
6085,0.0050964355
6086,-0.0018005557
6087,-0.0028076135
6088,0.000701908
6089,0.003234867
6090,0.002288811
6091,-0.0046997163
6092,-0.0073547307
6093,-0.009094243
6094,-0.008148202
6095,-0.006988532
6096,-0.010803223
6097,-0.015167236
6098,-0.018005373
6099,-0.014404299
6100,-0.010772706
6101,-0.0101623535
6102,-0.014678951
6103,-0.017517097
6104,-0.018219002
6105,-0.0140686
6106,-0.011962883
6107,-0.008239735
6108,-0.00439455
6109,-0.00018311664
6110,0.0032958947
6111,0.0043640235
6112,0.011383067
6113,0.01724243
6114,0.026245117
6115,0.032226555
6116,0.03506469
6117,0.03497316
6118,0.03308106
6119,0.035034176
6120,0.03433226
6121,0.032104492
6122,0.030273452
6123,0.026519783
6124,0.020751946
6125,0.011840805
6126,0.008361816
6127,0.009613037
6128,0.00793457
6129,-0.00018312782
6130,-0.0061950535
6131,-0.0076293945
6132,-0.01177977
6133,-0.014099114
6134,-0.016326912
6135,-0.015228286
6136,-0.018463146
6137,-0.021636952
6138,-0.018493649
6139,-0.015502926
6140,-0.014648434
6141,-0.016967762
6142,-0.016143773
6143,-0.012481682
6144,-0.008575443
6145,-0.0072326753
6146,-0.0055236854
6147,-0.0038147084
6148,-0.002075199
6149,-0.0011596698
6150,-0.00097656064
6151,-0.00094604306
6152,0.0
6153,-0.0015869122
6154,-0.0037536658
6155,-0.0063781757
6156,-0.0076904316
6157,-0.009368894
6158,-0.013977049
6159,-0.015472414
6160,-0.018646233
6161,-0.02023315
6162,-0.021606443
6163,-0.024658218
6164,-0.02807616
6165,-0.02944943
6166,-0.024200425
6167,-0.017974876
6168,-0.016998313
6169,-0.01760865
6170,-0.017059304
6171,-0.01269532
6172,-0.007568367
6173,-0.0039673
6174,-0.001190193
6175,0.0018921047
6176,0.0055542067
6177,0.0065307915
6178,0.0039367676
6179,0.0047607645
6180,0.0083618015
6181,0.008087158
6182,0.0045166165
6183,0.0034789965
6184,0.0064087138
6185,0.005279511
6186,0.001556389
6187,-0.0011901855
6188,-0.002685517
6189,0.0010375977
6190,3.0495226e-05
6191,-0.0011291578
6192,0.0018005408
6193,-0.0012817383
6194,-0.0009460524
6195,-0.00030518323
6196,0.007324215
6197,0.013030976
6198,0.008117653
6199,0.008514412
6200,0.013763441
6201,0.01828003
6202,0.022186264
6203,0.02130127
6204,0.022094732
6205,0.023254402
6206,0.023101807
6207,0.018859863
6208,0.016601562
6209,0.014587404
6210,0.011444092
6211,0.008148193
6212,0.0047302265
6213,0.006347662
6214,0.0063781664
6215,0.006500248
6216,0.005645767
6217,0.005035406
6218,0.0051879734
6219,0.0034179613
6220,0.0010681264
6221,0.0003662333
6222,0.0024413988
6223,0.0038452186
6224,0.0029296838
6225,-0.00042722374
6226,-0.0010375716
6227,0.00088500977
6228,0.0023498572
6229,0.00039673224
6230,-0.0015258677
6231,-0.00064088404
6232,-0.0004272759
6233,0.0023803748
6234,0.0014038235
6235,-0.0018310323
6236,-0.007446293
6237,-0.011383068
6238,-0.012268065
6239,-0.009582521
6240,-0.0051269475
6241,-0.0050964346
6242,-0.00790405
6243,-0.008605958
6244,-0.0046386756
6245,-0.0022277841
6246,-0.0009155255
6247,0.0013732929
6248,0.0018310547
6249,0.003692627
6250,0.0050048884
6251,0.010498049
6252,0.012329105
6253,0.011962887
6254,0.012542717
6255,0.011291496
6256,0.010528583
6257,0.009338379
6258,0.009460468
6259,0.011413559
6260,0.010833748
6261,0.01315308
6262,0.01358033
6263,0.010101303
6264,0.0075683445
6265,0.0070495754
6266,0.007629417
6267,0.006713867
6268,0.0064697266
6269,0.0052185133
6270,0.003173843
6271,0.0028686821
6272,0.006256111
6273,0.0069580227
6274,0.0028381273
6275,0.0009765774
6276,0.0021362305
6277,-0.0007324293
6278,-0.0063781664
6279,-0.011688203
6280,-0.01162719
6281,-0.014099125
6282,-0.020172112
6283,-0.024780259
6284,-0.029846191
6285,-0.03192139
6286,-0.03643799
6287,-0.041259784
6288,-0.042022713
6289,-0.041961662
6290,-0.040588353
6291,-0.041412365
6292,-0.0404358
6293,-0.035034157
6294,-0.030944824
6295,-0.029510513
6296,-0.024810791
6297,-0.017639115
6298,-0.0063476562
6299,0.0024413615
6300,0.007690415
6301,0.012481697
6302,0.015716575
6303,0.023406979
6304,0.029754624
6305,0.035400383
6306,0.037231445
6307,0.03894045
6308,0.040802002
6309,0.04223634
6310,0.04266356
6311,0.0389099
6312,0.034545895
6313,0.028045673
6314,0.023559585
6315,0.017761208
6316,0.008880608
6317,-0.00057982653
6318,-0.00820921
6319,-0.014587379
6320,-0.025817871
6321,-0.03161621
6322,-0.03704836
6323,-0.037872314
6324,-0.044708263
6325,-0.043701172
6326,-0.03884887
6327,-0.04046631
6328,-0.040618896
6329,-0.040802017
6330,-0.035003677
6331,-0.03479004
6332,-0.032440186
6333,-0.022247314
6334,-0.010314956
6335,-0.0021972805
6336,0.0016784519
6337,0.00485231
6338,0.010070801
6339,0.014404297
6340,0.019622818
6341,0.024536148
6342,0.024658203
6343,0.022125222
6344,0.02047728
6345,0.024291996
6346,0.023986798
6347,0.024719233
6348,0.02120971
6349,0.021972666
6350,0.023925789
6351,0.023254395
6352,0.02572632
6353,0.02224731
6354,0.024780273
6355,0.025756843
6356,0.024078358
6357,0.024475105
6358,0.02096558
6359,0.023773216
6360,0.024566647
6361,0.023010261
6362,0.021026611
6363,0.013854973
6364,0.014434844
6365,0.011169426
6366,0.0063781887
6367,-0.0008544922
6368,-0.0066222884
6369,-0.0068359226
6370,-0.0088195875
6371,-0.013946526
6372,-0.020721432
6373,-0.02392576
6374,-0.02371216
6375,-0.020294204
6376,-0.017944336
6377,-0.016693117
6378,-0.020019531
6379,-0.019104006
6380,-0.014160156
6381,-0.007415771
6382,-0.0032348623
6383,0.00018310547
6384,0.005432127
6385,0.0095214825
6386,0.009765632
6387,0.01419067
6388,0.016174315
6389,0.014648445
6390,0.012268066
6391,0.011657737
6392,0.010650646
6393,0.004364036
6394,-0.0012512393
6395,-0.00076294504
6396,-0.00036620535
6397,-0.0055847056
6398,-0.01348876
6399,-0.016448986
6400,-0.014495854
6401,-0.0100708
6402,-0.0075683566
6403,-0.0045165997
6404,-0.002532959
6405,-3.051944e-05
6406,-0.00039672852
6407,-0.00015258417
6408,0.0017395038
6409,0.0052490216
6410,0.0067443848
6411,0.0038452167
6412,0.0035705585
6413,-3.0515715e-05
6414,-0.0027160626
6415,-0.0037231427
6416,-0.0033874512
6417,-0.0037841788
6418,-0.010833738
6419,-0.015106196
6420,-0.018890379
6421,-0.01889038
6422,-0.018157957
6423,-0.017700186
6424,-0.019073486
6425,-0.02017212
6426,-0.019226074
6427,-0.016967777
6428,-0.012603737
6429,-0.012390114
6430,-0.010131843
6431,-0.009765647
6432,-0.008697517
6433,-0.006164551
6434,-0.0012512207
6435,0.0054626465
6436,0.007446289
6437,0.005401619
6438,0.004455559
6439,0.009796146
6440,0.015594505
6441,0.021820083
6442,0.023590095
6443,0.024749748
6444,0.024261465
6445,0.023681637
6446,0.024749748
6447,0.02508546
6448,0.022979738
6449,0.015319832
6450,0.009002678
6451,0.0064086895
6452,0.0042419545
6453,-0.0045776255
6454,-0.013427726
6455,-0.021148691
6456,-0.023681642
6457,-0.025451664
6458,-0.024902347
6459,-0.021820076
6460,-0.023101807
6461,-0.020263664
6462,-0.017486565
6463,-0.012298599
6464,-0.0087890625
6465,-0.00793457
6466,-0.007995591
6467,-0.0074768104
6468,-0.00033568218
6469,0.004211422
6470,0.0052184872
6471,0.0024719052
6472,0.00042725354
6473,-0.00091548264
6474,-0.0039977953
6475,-0.00024414062
6476,0.005004883
6477,0.0060119852
6478,0.0026245043
6479,-0.0008545108
6480,0.00079345703
6481,0.005462654
6482,0.010223391
6483,0.014312727
6484,0.017333977
6485,0.0189209
6486,0.020324713
6487,0.019927982
6488,0.021575939
6489,0.02447508
6490,0.027740467
6491,0.027191158
6492,0.024597198
6493,0.02172853
6494,0.021606427
6495,0.021575898
6496,0.021301262
6497,0.022796683
6498,0.024444602
6499,0.024810776
6500,0.023834214
6501,0.02029419
6502,0.017486572
6503,0.015350357
6504,0.015777588
6505,0.012847871
6506,0.0055541694
6507,-0.0025939941
6508,-0.0070495605
6509,-0.007843018
6510,-0.009338409
6511,-0.012939461
6512,-0.01687625
6513,-0.017242424
6514,-0.01867675
6515,-0.021331798
6516,-0.021789577
6517,-0.019958507
6518,-0.016418453
6519,-0.016571019
6520,-0.015319824
6521,-0.013824474
6522,-0.012237553
6523,-0.008697506
6524,-0.004882809
6525,-6.1020255e-05
6526,0.0039978214
6527,0.004791271
6528,0.0015258677
6529,-0.0023498498
6530,-0.00491333
6531,-0.0024413988
6532,-0.002258312
6533,-0.0042114295
6534,-0.006622309
6535,-0.009155288
6536,-0.010009772
6537,-0.012176521
6538,-0.017486561
6539,-0.019439694
6540,-0.02319336
6541,-0.024230957
6542,-0.02490234
6543,-0.024230957
6544,-0.025146492
6545,-0.027313247
6546,-0.02841185
6547,-0.02706907
6548,-0.023925796
6549,-0.020751983
6550,-0.017913826
6551,-0.016296387
6552,-0.012084968
6553,-0.009033233
6554,-0.0067138895
6555,-0.0042114407
6556,-0.00045777112
6557,0.005432114
6558,0.009155244
6559,0.012359627
6560,0.013000507
6561,0.013610844
6562,0.017028809
6563,0.019897461
6564,0.023986833
6565,0.02462769
6566,0.026031472
6567,0.024658196
6568,0.022369385
6569,0.022583012
6570,0.022277832
6571,0.020080568
6572,0.015136721
6573,0.010040283
6574,0.008941652
6575,0.00592041
6576,0.00506592
6577,0.0046081524
6578,0.0039978065
6579,0.0035705548
6580,0.00012207031
6581,-0.000610346
6582,0.0007324163
6583,0.004730221
6584,0.0077819824
6585,0.007110607
6586,0.0046386756
6587,0.0012817252
6588,-0.0038757361
6589,-0.0053100567
6590,-0.0064086895
6591,-0.0088500995
6592,-0.012695314
6593,-0.015136715
6594,-0.015594479
6595,-0.017822256
6596,-0.023193352
6597,-0.02938845
6598,-0.03543091
6599,-0.036376953
6600,-0.03320311
6601,-0.03491211
6602,-0.040771507
6603,-0.043212906
6604,-0.03366089
6605,-0.020324722
6606,-0.010253921
6607,-0.010345496
6608,-0.0146789625
6609,-0.0060424805
6610,0.00888063
6611,0.020690903
6612,0.010986313
6613,-0.0038452446
6614,-0.014160156
6615,-0.023834199
6616,-0.031524688
6617,-0.036346465
6618,-0.028564468
6619,-0.017456055
6620,-0.0023498684
6621,0.012451142
6622,0.025329582
6623,0.03488159
6624,0.038818363
6625,0.045562714
6626,0.051544167
6627,0.052185044
6628,0.052062966
6629,0.046020493
6630,0.04562377
6631,0.047119148
6632,0.045623794
6633,0.043365486
6634,0.035766616
6635,0.033905003
6636,0.030090317
6637,0.024078362
6638,0.017456055
6639,0.010681145
6640,0.004638672
6641,0.0024413913
6642,0.004211411
6643,0.0033263937
6644,-0.00064086914
6645,-0.0027770773
6646,0.0017089695
6647,0.009063691
6648,0.014221147
6649,0.012481689
6650,0.0140686035
6651,0.012847871
6652,0.017028794
6653,0.01864621
6654,0.017425522
6655,0.014373779
6656,0.007080078
6657,0.003387466
6658,-0.0009765774
6659,-0.0076904297
6660,-0.008148208
6661,-0.013885498
6662,-0.010436997
6663,-0.003417924
6664,-0.0055847093
6665,-0.004302986
6666,-0.009765655
6667,-0.0025939792
6668,-0.0057983473
6669,-0.020263687
6670,-0.016174316
6671,-0.009552017
6672,-0.003967263
6673,-0.0055847317
6674,-0.013031002
6675,-0.014312755
6676,-0.01791381
6677,-0.01828003
6678,-0.012145989
6679,-0.012573253
6680,-0.0119018555
6681,-0.012268066
6682,-0.013488766
6683,-0.011962879
6684,-0.011688232
6685,-0.010498045
6686,-0.009216314
6687,-0.0080566425
6688,-0.004333496
6689,-0.0039367676
6690,-0.0040893536
6691,-0.0027160672
6692,-0.0003662128
6693,0.00045775995
6694,-0.003906251
6695,-0.003326415
6696,0.00045776367
6697,0.0056762695
6698,0.006591793
6699,0.0032043438
6700,0.0030822828
6701,0.0083923265
6702,0.010986336
6703,0.013458248
6704,0.010131832
6705,0.011779781
6706,0.012023918
6707,0.0024414025
6708,-0.0055237003
6709,-0.009338383
6710,-0.005187983
6711,-0.011199957
6712,-0.01470948
6713,-0.024505615
6714,-0.028930662
6715,-0.033996582
6716,-0.028259281
6717,-0.017974854
6718,-0.025665272
6719,-0.03292845
6720,-0.03103638
6721,-0.01947023
6722,-0.016815178
6723,-0.024902329
6724,-0.027465798
6725,-0.023010254
6726,-0.022583
6727,-0.01632689
6728,-0.012481689
6729,-0.01568602
6730,-0.020050049
6731,-0.01562497
6732,0.0005187988
6733,0.0061950684
6734,0.009490967
6735,0.015930206
6736,0.022186287
6737,0.018829323
6738,0.015685994
6739,0.020629872
6740,0.026428234
6741,0.0269165
6742,0.020141587
6743,0.015930142
6744,0.014129609
6745,0.013641354
6746,0.011169422
6747,0.007781975
6748,0.0047302395
6749,-0.005523663
6750,-0.019744858
6751,-0.016143784
6752,-0.0044250637
6753,0.024108902
6754,0.061798092
6755,0.043792732
6756,-0.025115967
6757,-0.068176314
6758,0.0042724535
6759,0.1303711
6760,0.17068481
6761,0.107299805
6762,0.0051574595
6763,-0.062347397
6764,-0.0750122
6765,-0.057281498
6766,-0.036071762
6767,-0.026275616
6768,-0.029632565
6769,-0.0385437
6770,-0.047302254
6771,-0.051757805
6772,-0.059204094
6773,-0.05987548
6774,-0.05291748
6775,-0.04315184
6776,-0.03579712
6777,-0.028930664
6778,-0.01751709
6779,-0.010284409
6780,-0.00048828125
6781,0.010955818
6782,0.029144302
6783,0.041992195
6784,0.05337526
6785,0.060791023
6786,0.06289673
6787,0.06576539
6788,0.06716918
6789,0.068664536
6790,0.06546019
6791,0.05990602
6792,0.05444336
6793,0.049011216
6794,0.040985078
6795,0.030914322
6796,0.016021729
6797,0.008117661
6798,0.004638642
6799,-0.0007019043
6800,-0.008239768
6801,-0.014251724
6802,-0.011749275
6803,-0.013336167
6804,-0.014770515
6805,-0.018920898
6806,-0.021179177
6807,-0.018951416
6808,-0.014526375
6809,-0.00692752
6810,-0.0043945387
6811,-0.005676247
6812,-0.0050048456
6813,-0.002777107
6814,0.002441384
6815,0.0032348484
6816,0.0011596754
6817,0.0013733134
6818,0.0043945312
6819,0.0064392015
6820,0.006347649
6821,0.005432129
6822,0.0068969876
6823,0.008575469
6824,0.012054443
6825,0.015197724
6826,0.013946496
6827,0.010162346
6828,0.003753692
6829,-0.0008850023
6830,-0.0062866285
6831,-0.0070800856
6832,-0.006957993
6833,-0.0057678074
6834,-0.005310051
6835,-0.0066528395
6836,-0.010894813
6837,-0.015624996
6838,-0.0143127665
6839,-0.013000477
6840,-0.011352543
6841,-0.01235963
6842,-0.011047374
6843,-0.005706776
6844,-0.0024108551
6845,0.002227772
6846,0.00012205541
6847,-0.0014343224
6848,-0.0017089769
6849,-0.0025634877
6850,-0.0058898814
6851,-0.014160134
6852,-0.019592293
6853,-0.022430431
6854,-0.025024418
6855,-0.028198235
6856,-0.031463616
6857,-0.030639648
6858,-0.03106691
6859,-0.03045655
6860,-0.0300293
6861,-0.02740477
6862,-0.023590095
6863,-0.022216812
6864,-0.01947023
6865,-0.014373787
6866,-0.0072631687
6867,-0.0018921047
6868,0.003295906
6869,0.0060119666
6870,0.010528553
6871,0.010803193
6872,0.0125122
6873,0.01425172
6874,0.013610832
6875,0.013793927
6876,0.0046997033
6877,-0.0015868694
6878,-0.0049438216
6879,-0.0077514797
6880,-0.012085013
6881,-0.021087646
6882,-0.022216797
6883,-0.023651093
6884,-0.024536125
6885,-0.027771011
6886,-0.028778076
6887,-0.028076172
6888,-0.02929689
6889,-0.026947007
6890,-0.023590073
6891,-0.015594453
6892,-0.008087188
6893,-0.0022277832
6894,0.007598862
6895,0.015594497
6896,0.021026589
6897,0.027648896
6898,0.03335569
6899,0.04241942
6900,0.04855346
6901,0.053619362
6902,0.057037346
6903,0.055145252
6904,0.053527847
6905,0.051269554
6906,0.045318596
6907,0.04122925
6908,0.035980225
6909,0.030731238
6910,0.021270745
6911,0.012268074
6912,0.006073002
6913,-0.00088500977
6914,-0.010803238
6915,-0.019683853
6916,-0.023254381
6917,-0.021850578
6918,-0.022521995
6919,-0.025756842
6920,-0.027374264
6921,-0.02825927
6922,-0.027099608
6923,-0.022979738
6924,-0.02151488
6925,-0.021606438
6926,-0.022125259
6927,-0.016632095
6928,-0.012481667
6929,-0.01580809
6930,-0.019561782
6931,-0.021148693
6932,-0.019256607
6933,-0.017059296
6934,-0.009521484
6935,-0.010437012
6936,-0.010925271
6937,-0.010864243
6938,-0.003478989
6939,0.0052185208
6940,0.00772094
6941,0.013580307
6942,0.018829323
6943,0.028839098
6944,0.03482055
6945,0.038421616
6946,0.040435772
6947,0.047210693
6948,0.053802513
6949,0.051483154
6950,0.05166623
6951,0.05477903
6952,0.06906128
6953,0.07681276
6954,0.064453095
6955,0.038909912
6956,0.013122544
6957,0.00033569336
6958,-0.0056762844
6959,-0.01693727
6960,-0.04058838
6961,-0.06881715
6962,-0.099548355
6963,-0.13616945
6964,-0.18453977
6965,-0.2427369
6966,-0.2882995
6967,-0.31564337
6968,-0.32656854
6969,-0.33062756
6970,-0.33898938
6971,-0.34420788
6972,-0.33621192
6973,-0.3004148
6974,-0.23330677
6975,-0.13638306
6976,-0.016753912
6977,0.11093122
6978,0.24026483
6979,0.36166382
6980,0.46356213
6981,0.54464734
6982,0.5976561
6983,0.63134754
6984,0.6526184
6985,0.6618043
6986,0.67523193
6987,0.6958008
6988,0.6958004
6989,0.64736927
6990,0.5602416
6991,0.45840478
6992,0.3647766
6993,0.2861936
6994,0.22570777
6995,0.152313
6996,0.026428223
6997,-0.12734973
6998,-0.2703861
6999,-0.37890685
7000,-0.45483422
7001,-0.5128172
7002,-0.5583799
7003,-0.61047363
7004,-0.65737927
7005,-0.68432623
7006,-0.672821
7007,-0.6156615
7008,-0.5350342
7009,-0.44839483
7010,-0.37979144
7011,-0.31838977
7012,-0.24887067
7013,-0.16204834
7014,-0.07156384
7015,0.0072936416
7016,0.0798035
7017,0.1493225
7018,0.20931983
7019,0.25473017
7020,0.28173825
7021,0.28442383
7022,0.25952154
7023,0.21246341
7024,0.16387942
7025,0.10366819
7026,0.031616226
7027,-0.050689667
7028,-0.13073722
7029,-0.19378674
7030,-0.24383551
7031,-0.27114874
7032,-0.2887876
7033,-0.29122913
7034,-0.2698673
7035,-0.22222888
7036,-0.15182471
7037,-0.075683296
7038,-9.1701746e-05
7039,0.073150605
7040,0.1405338
7041,0.19741829
7042,0.23709102
7043,0.2559202
7044,0.24990845
7045,0.21688843
7046,0.16647346
7047,0.11254881
7048,0.058929414
7049,0.0065307617
7050,-0.03967291
7051,-0.07064819
7052,-0.08563241
7053,-0.08691412
7054,-0.077423155
7055,-0.05242926
7056,-0.018096939
7057,0.023162782
7058,0.05932616
7059,0.089264035
7060,0.109863326
7061,0.12237549
7062,0.130249
7063,0.13082883
7064,0.10940552
7065,0.06707764
7066,0.022125244
7067,-0.0058593974
7068,-0.02627562
7069,-0.048248276
7070,-0.06201172
7071,-0.06546022
7072,-0.06573488
7073,-0.067657426
7074,-0.06680296
7075,-0.058288574
7076,-0.03793338
7077,-0.010772705
7078,0.015197754
7079,0.027282715
7080,0.020568833
7081,0.007324189
7082,0.0009765625
7083,0.01266481
7084,0.031005848
7085,0.038208
7086,0.038177483
7087,0.037139907
7088,0.04098511
7089,0.043151848
7090,0.042846695
7091,0.038879402
7092,0.02923584
7093,0.0246582
7094,0.03329468
7095,0.041839607
7096,0.052795395
7097,0.059356704
7098,0.07281494
7099,0.08508302
7100,0.09698494
7101,0.112457335
7102,0.12057486
7103,0.12210083
7104,0.11715707
7105,0.107299924
7106,0.0864563
7107,0.058776617
7108,0.032562345
7109,0.010498166
7110,-0.010986298
7111,-0.030181885
7112,-0.046966583
7113,-0.058562964
7114,-0.062194824
7115,-0.063049376
7116,-0.06350714
7117,-0.059265077
7118,-0.050781205
7119,-0.045684814
7120,-0.055053696
7121,-0.07302853
7122,-0.080444284
7123,-0.08169554
7124,-0.085113496
7125,-0.09191894
7126,-0.106719986
7127,-0.10925293
7128,-0.11138916
7129,-0.10217281
7130,-0.090728775
7131,-0.07751466
7132,-0.056671128
7133,-0.04025267
7134,-0.02191165
7135,-0.0072631687
7136,0.011566162
7137,0.027557388
7138,0.037902817
7139,0.045166004
7140,0.053527832
7141,0.06011963
7142,0.063507095
7143,0.065612786
7144,0.06921385
7145,0.06976319
7146,0.07040407
7147,0.067840576
7148,0.0630493
7149,0.058959976
7150,0.05847171
7151,0.061157256
7152,0.05780025
7153,0.04815674
7154,0.038848877
7155,0.027435362
7156,0.013946533
7157,0.006072983
7158,-0.0005798191
7159,-0.006530732
7160,-0.011108384
7161,-0.014129639
7162,-0.014312714
7163,-0.016967788
7164,-0.018463165
7165,-0.018707305
7166,-0.019103989
7167,-0.017150894
7168,-0.011535659
7169,-0.00869754
7170,-0.0090027
7171,-0.011749253
7172,-0.014770523
7173,-0.018188477
7174,-0.028259307
7175,-0.035003655
7176,-0.040130615
7177,-0.038848877
7178,-0.04214476
7179,-0.04968261
7180,-0.05194091
7181,-0.050628673
7182,-0.040435787
7183,-0.03378296
7184,-0.026885994
7185,-0.022277847
7186,-0.01528931
7187,-0.006835915
7188,0.00024415553
7189,0.007141091
7190,0.010894759
7191,0.012176508
7192,0.008789083
7193,0.0061645657
7194,0.0027465764
7195,0.0026550181
7196,0.00015259534
7197,-0.0020751953
7198,-0.009521492
7199,-0.020019531
7200,-0.028869614
7201,-0.036773644
7202,-0.041625977
7203,-0.047058113
7204,-0.050170913
7205,-0.05203247
7206,-0.049560547
7207,-0.046112046
7208,-0.038269043
7209,-0.029846206
7210,-0.024353027
7211,-0.021270782
7212,-0.016967773
7213,-0.010925293
7214,-0.0071716607
7215,-0.0035400689
7216,0.00012201071
7217,0.0029907227
7218,0.005889863
7219,0.00863643
7220,0.013000473
7221,0.014312699
7222,0.0142211765
7223,0.016143784
7224,0.020599365
7225,0.02935791
7226,0.035278298
7227,0.037261955
7228,0.038665757
7229,0.04495239
7230,0.051666267
7231,0.04870606
7232,0.040618904
7233,0.028350834
7234,0.024505626
7235,0.021148685
7236,0.012176506
7237,-0.001617413
7238,-0.015197739
7239,-0.020385742
7240,-0.016967803
7241,-0.01687625
7242,-0.02078244
7243,-0.024566628
7244,-0.025177017
7245,-0.01876834
7246,-0.014892578
7247,-0.007842988
7248,-0.0002746582
7249,0.009826668
7250,0.022338867
7251,0.032959
7252,0.04238893
7253,0.045501716
7254,0.049682625
7255,0.05014037
7256,0.053436294
7257,0.05224608
7258,0.0406494
7259,0.024505615
7260,0.008514419
7261,-3.051944e-05
7262,-0.007232694
7263,-0.019927979
7264,-0.03527829
7265,-0.04522705
7266,-0.05935669
7267,-0.07125855
7268,-0.073181115
7269,-0.061798096
7270,-0.046966575
7271,-0.043670684
7272,-0.04464723
7273,-0.037841797
7274,-0.030212402
7275,-0.019439712
7276,-0.011627227
7277,-0.004913345
7278,0.0052490085
7279,0.020080552
7280,0.034210183
7281,0.03952024
7282,0.036163315
7283,0.03860472
7284,0.051391594
7285,0.06384277
7286,0.062652595
7287,0.051971443
7288,0.04159545
7289,0.03970336
7290,0.042846687
7291,0.038909905
7292,0.033935525
7293,0.027801514
7294,0.033416748
7295,0.039031975
7296,0.04296875
7297,0.047943115
7298,0.052398697
7299,0.051879883
7300,0.04553227
7301,0.035247803
7302,0.030273438
7303,0.025268555
7304,0.021514922
7305,0.021087646
7306,0.010559082
7307,0.0024108887
7308,-0.006500244
7309,-0.0117798
7310,-0.015136749
7311,-0.023010254
7312,-0.030792251
7313,-0.038665757
7314,-0.04159545
7315,-0.04364012
7316,-0.050476074
7317,-0.05209352
7318,-0.0434265
7319,-0.04254149
7320,-0.038085908
7321,-0.03204345
7322,-0.019104026
7323,-0.012878403
7324,-0.008422866
7325,0.009704597
7326,0.010681115
7327,0.014495842
7328,0.020568848
7329,0.032318145
7330,0.029022217
7331,0.016571023
7332,0.017242432
7333,0.016418487
7334,0.008514419
7335,0.00036621094
7336,0.0030822605
7337,0.01260376
7338,0.016815186
7339,0.016937241
7340,0.015075669
7341,0.01077266
7342,0.0079956055
7343,0.0072631687
7344,0.007812515
7345,0.01071164
7346,0.011932388
7347,0.009368882
7348,0.0009765923
7349,-0.007568389
7350,-0.011718765
7351,-0.010650635
7352,-0.015136719
7353,-0.019409195
7354,-0.02383425
7355,-0.021972671
7356,-0.018890359
7357,-0.018005379
7358,-0.0045166016
7359,-0.041656516
7360,-0.0036926419
7361,-0.018493645
7362,-0.015045149
7363,-0.028839098
7364,-0.030365005
7365,0.0007324135
7366,-0.03585815
7367,-0.045471188
7368,-0.046051018
7369,-0.031219494
7370,-0.019683829
7371,-0.02288818
7372,-0.029022206
7373,-0.029541012
7374,-0.018280048
7375,-0.012573246
7376,-0.011291482
7377,-0.01644896
7378,-0.017120354
7379,-0.012115523
7380,-0.010589622
7381,-0.008453384
7382,-0.008422859
7383,-0.0054626614
7384,-0.002594009
7385,-0.0011291504
7386,0.00097654015
7387,0.004333496
7388,0.0058899075
7389,0.0055236816
7390,0.0051879957
7391,0.009521488
7392,0.014007568
7393,0.013183583
7394,0.0143737495
7395,0.019622792
7396,0.026458727
7397,0.022705074
7398,0.014221191
7399,0.0053710975
7400,0.00015260652
7401,-0.0023498535
7402,-0.0046081543
7403,-0.007904053
7404,-0.016448993
7405,-0.024291977
7406,-0.027526863
7407,-0.028320312
7408,-0.029113747
7409,-0.029266343
7410,-0.029846191
7411,-0.03457643
7412,-0.03894043
7413,-0.036010742
7414,-0.02770999
7415,-0.019134507
7416,-0.016723633
7417,-0.011016846
7418,-0.0046691895
7419,0.003753662
7420,0.013061523
7421,0.01959227
7422,0.023895293
7423,0.023284927
7424,0.021972619
7425,0.02148436
7426,0.019805893
7427,0.017852828
7428,0.016418442
7429,0.014282256
7430,0.009704597
7431,0.0071105547
7432,0.010284422
7433,0.019592285
7434,0.033630393
7435,0.04925536
7436,0.05960083
7437,0.062438954
7438,0.05847168
7439,0.049438473
7440,0.036193877
7441,0.020721443
7442,0.0071716234
7443,-0.0037842002
7444,-0.013977051
7445,-0.022491435
7446,-0.029541023
7447,-0.035339363
7448,-0.039764393
7449,-0.039978027
7450,-0.03976439
7451,-0.040039092
7452,-0.037780747
7453,-0.032867424
7454,-0.030670136
7455,-0.032348648
7456,-0.029388443
7457,-0.02023314
7458,-0.014007553
7459,-0.013275161
7460,-0.008911118
7461,0.00024415553
7462,0.0050964355
7463,0.0056152195
7464,0.0039978027
7465,0.0053100735
7466,0.010620132
7467,0.016113274
7468,0.01983641
7469,0.018859852
7470,0.020050049
7471,0.023559567
7472,0.02630613
7473,0.028167699
7474,0.031738266
7475,0.036895752
7476,0.041687004
7477,0.04306031
7478,0.040527374
7479,0.03967286
7480,0.0411987
7481,0.04391478
7482,0.044128433
7483,0.03778076
7484,0.03366089
7485,0.028472885
7486,0.026947036
7487,0.025299072
7488,0.01928708
7489,0.013397202
7490,0.0063171387
7491,0.0026244968
7492,0.0002746582
7493,-0.00030519068
7494,0.0036010891
7495,0.0041503906
7496,0.0028076023
7497,-0.0013122708
7498,-0.0012206882
7499,0.00030519068
7500,6.1035156e-05
7501,-0.0014953464
7502,-0.0021667182
7503,-0.002685532
7504,-0.0065612793
7505,-0.013580278
7506,-0.019439653
7507,-0.023467995
7508,-0.027801529
7509,-0.032226562
7510,-0.03372191
7511,-0.035247795
7512,-0.0405884
7513,-0.043701187
7514,-0.045501694
7515,-0.04544067
7516,-0.043426502
7517,-0.03988649
7518,-0.03656006
7519,-0.03622435
7520,-0.03302001
7521,-0.028045662
7522,-0.023590103
7523,-0.019042961
7524,-0.011566147
7525,-0.0056457818
7526,-0.0021667555
7527,0.0027466007
7528,0.009613063
7529,0.016204838
7530,0.019683849
7531,0.026275646
7532,0.03396609
7533,0.033782978
7534,0.028442383
7535,0.020996086
7536,0.016265864
7537,0.009033201
7538,-0.0021972656
7539,-0.019195557
7540,-0.03759764
7541,-0.04220581
7542,-0.024902344
7543,0.0040283054
7544,0.0001526014
7545,-0.03930664
7546,-0.073791504
7547,-0.032348648
7548,0.056823716
7549,0.12771605
7550,0.18356323
7551,0.23358154
7552,0.23196414
7553,0.1573182
7554,0.08868414
7555,0.11810285
7556,0.21160877
7557,0.3034364
7558,0.37783825
7559,0.41708356
7560,0.3796687
7561,0.25134254
7562,0.068084836
7563,-0.11770639
7564,-0.26303113
7565,-0.34393334
7566,-0.3601991
7567,-0.3611755
7568,-0.38207996
7569,-0.40606675
7570,-0.40438837
7571,-0.36581427
7572,-0.32058716
7573,-0.282715
7574,-0.2567137
7575,-0.24612439
7576,-0.21285999
7577,-0.15683001
7578,-0.104400754
7579,-0.056671143
7580,-0.012573183
7581,0.046447724
7582,0.08319068
7583,0.07696515
7584,0.052459717
7585,0.0107421875
7586,-0.0332644
7587,-0.072265625
7588,-0.09609991
7589,-0.10327166
7590,-0.09466565
7591,-0.06896967
7592,-0.029449105
7593,0.010345578
7594,0.040283084
7595,0.07305902
7596,0.11740118
7597,0.1686098
7598,0.21774286
7599,0.24865717
7600,0.27362052
7601,0.29986575
7602,0.32830817
7603,0.34768668
7604,0.34616092
7605,0.324524
7606,0.29025275
7607,0.23144531
7608,0.16461188
7609,0.10141003
7610,0.06674212
7611,0.036895454
7612,-0.012054235
7613,-0.054382414
7614,-0.08673081
7615,-0.10122681
7616,-0.117614895
7617,-0.13998409
7618,-0.15661629
7619,-0.17840573
7620,-0.18933105
7621,-0.18817134
7622,-0.17007442
7623,-0.13452147
7624,-0.100433365
7625,-0.07339479
7626,-0.055328347
7627,-0.039184548
7628,-0.023529064
7629,-0.011169441
7630,-0.0043335
7631,-0.003631588
7632,-0.005523693
7633,-0.0059509203
7634,-0.007202141
7635,-0.007782012
7636,-0.007659912
7637,-0.013763435
7638,-0.019226097
7639,-0.023407012
7640,-0.017303467
7641,-0.010009766
7642,-0.0037536696
7643,0.004486069
7644,0.018035874
7645,0.032775894
7646,0.04333497
7647,0.051025398
7648,0.054412838
7649,0.0567932
7650,0.058044434
7651,0.069000244
7652,0.038269013
7653,0.05197142
7654,0.02444455
7655,0.018280037
7656,0.004089333
7657,-0.0032043532
7658,0.0010681264
7659,-0.042480476
7660,-0.05984497
7661,-0.058715843
7662,-0.04974366
7663,-0.047912575
7664,-0.054595932
7665,-0.06274413
7666,-0.06237796
7667,-0.0639038
7668,-0.06442258
7669,-0.05935666
7670,-0.052703857
7671,-0.04718025
7672,-0.040710434
7673,-0.030822754
7674,-0.021514878
7675,-0.014831573
7676,-0.009338394
7677,0.0009765625
7678,0.008392349
7679,0.0101623535
7680,0.013122588
7681,0.020019531
7682,0.029327393
7683,0.03427124
7684,0.03515625
7685,0.03744509
7686,0.040710423
7687,0.041168205
7688,0.038665764
7689,0.03555297
7690,0.034515396
7691,0.03643798
7692,0.034515396
7693,0.031768806
7694,0.029571537
7695,0.028381344
7696,0.024353024
7697,0.01953125
7698,0.019287115
7699,0.020751942
7700,0.019989004
7701,0.015228283
7702,0.014434814
7703,0.017608646
7704,0.02191161
7705,0.022888198
7706,0.021698013
7707,0.019531243
7708,0.017974854
7709,0.016662613
7710,0.016174339
7711,0.015319824
7712,0.012756333
7713,0.0054626465
7714,0.0015868992
7715,0.0027466118
7716,0.010925323
7717,0.0126038045
7718,0.0067443848
7719,-0.0011902153
7720,-0.0031433105
7721,-0.00030516088
7722,-0.00045773387
7723,-0.003143303
7724,-0.01065065
7725,-0.018371582
7726,-0.025939927
7727,-0.029937714
7728,-0.028259274
7729,-0.023498546
7730,-0.020935059
7731,-0.019439688
7732,-0.018585196
7733,-0.020080574
7734,-0.020202648
7735,-0.018859861
7736,-0.016357418
7737,-0.01596069
7738,-0.012451174
7739,-0.008758545
7740,-0.0050353995
7741,-0.0037841778
7742,-0.0025024414
7743,0.0010681143
7744,0.0053100586
7745,0.010772706
7746,0.013031002
7747,0.010772698
7748,0.009887688
7749,0.008087158
7750,0.007537838
7751,0.009216305
7752,0.004394524
7753,-0.0033874572
7754,-0.011169434
7755,-0.014678951
7756,-0.014984129
7757,-0.02026367
7758,-0.020965569
7759,-0.020172121
7760,-0.01834107
7761,-0.016204827
7762,-0.017456036
7763,-0.013549786
7764,-0.009033229
7765,-0.0035705715
7766,0.0014953669
7767,0.005340589
7768,0.009094238
7769,0.012603741
7770,0.01672363
7771,0.022155758
7772,0.022064203
7773,0.021972653
7774,0.021026628
7775,0.02169799
7776,0.020599352
7777,0.01882933
7778,0.016815186
7779,0.01211549
7780,0.00491333
7781,0.00067137554
7782,-0.0015869178
7783,0.001342766
7784,-0.0021057054
7785,-0.004730221
7786,-0.0054015964
7787,-0.0046997014
7788,-0.005859388
7789,-0.012847913
7790,-0.012756359
7791,-0.013854971
7792,-0.016326891
7793,-0.019439694
7794,-0.020477291
7795,-0.017242432
7796,-0.018066399
7797,-0.016845696
7798,-0.015136709
7799,-0.014038101
7800,-0.013000496
7801,-0.014282219
7802,-0.0117797665
7803,-0.007995591
7804,-0.0036316216
7805,-0.00012207031
7806,0.002807606
7807,0.005187994
7808,0.0056457445
7809,0.010223395
7810,0.014221205
7811,0.018249512
7812,0.01586914
7813,0.011505122
7814,0.006866455
7815,0.0005798321
7816,-0.0031738281
7817,-0.0069885254
7818,-0.011383049
7819,-0.017944336
7820,-0.022186287
7821,-0.027313221
7822,-0.02844236
7823,-0.032531753
7824,-0.034271233
7825,-0.034057617
7826,-0.03106688
7827,-0.02532959
7828,-0.022033706
7829,-0.015899628
7830,-0.01058957
7831,-0.0036621094
7832,0.0014648214
7833,0.009918198
7834,0.020751938
7835,0.028625485
7836,0.03189086
7837,0.033813477
7838,0.03817749
7839,0.04016113
7840,0.037841827
7841,0.033172615
7842,0.029846188
7843,0.028381338
7844,0.02438354
7845,0.020294186
7846,0.014434814
7847,0.010437014
7848,0.0107421875
7849,0.008056631
7850,0.0059204157
7851,0.0034789965
7852,0.0056762844
7853,0.009551998
7854,0.010864239
7855,0.009887677
7856,0.0065612756
7857,0.0036621243
7858,0.0036926381
7859,0.0054931454
7860,0.0047302023
7861,0.000335671
7862,-0.0018615499
7863,0.0030517876
7864,0.007019054
7865,0.006469704
7866,0.00021362677
7867,-0.0021972582
7868,-0.0007629283
7869,-0.0013427511
7870,-0.0041809045
7871,-0.011657731
7872,-0.017822292
7873,-0.02703858
7874,-0.03201294
7875,-0.03363037
7876,-0.032775875
7877,-0.031311035
7878,-0.030853271
7879,-0.02658081
7880,-0.0217285
7881,-0.012390137
7882,-0.00531004
7883,0.0037536733
7884,0.012420662
7885,0.021362297
7886,0.031524636
7887,0.035614006
7888,0.03994752
7889,0.04022217
7890,0.042907722
7891,0.046935998
7892,0.043334976
7893,0.0402527
7894,0.03445436
7895,0.033142075
7896,0.026550293
7897,0.019622803
7898,0.009216309
7899,-0.00061036646
7900,-0.005584717
7901,-0.004760757
7902,-0.0038757548
7903,-0.013061509
7904,-0.022796609
7905,-0.025726303
7906,-0.018463127
7907,-0.012176484
7908,-0.0075378343
7909,-0.0045776293
7910,-0.00064086914
7911,0.0020752028
7912,-0.00024414808
7913,-0.0012207031
7914,-0.0013122559
7915,-0.009613033
7916,-0.017608639
7917,-0.022155765
7918,-0.016693108
7919,-0.013793934
7920,-0.019103982
7921,-0.023834223
7922,-0.03164674
7923,-0.035644535
7924,-0.037261974
7925,-0.031097414
7926,-0.022857677
7927,-0.015075684
7928,-0.010864254
7929,-0.010925304
7930,-0.009185776
7931,-0.0086364895
7932,-0.00527953
7933,-0.0035705715
7934,-0.005615223
7935,-0.005432129
7936,-0.010833733
7937,-0.011230484
7938,-0.014923096
7939,-0.017944328
7940,-0.018249512
7941,-0.019927964
7942,-0.023040786
7943,-0.027343735
7944,-0.030975357
7945,-0.03247069
7946,-0.036163315
7947,-0.03604129
7948,-0.032226577
7949,-0.029327378
7950,-0.027984604
7951,-0.023925796
7952,-0.016479492
7953,-0.008758545
7954,-0.0022888184
7955,-0.00021363795
7956,0.0029907227
7957,0.00976561
7958,0.019897461
7959,0.028717026
7960,0.033020005
7961,0.0378723
7962,0.043334946
7963,0.04702758
7964,0.046569817
7965,0.046081528
7966,0.045440674
7967,0.044281
7968,0.04107666
7969,0.03573609
7970,0.030456543
7971,0.024658203
7972,0.020843504
7973,0.019256592
7974,0.018035902
7975,0.014984136
7976,0.01550293
7977,0.018890351
7978,0.026367195
7979,0.03067018
7980,0.030029297
7981,0.030975327
7982,0.03259275
7983,0.03375244
7984,0.030151367
7985,0.024841279
7986,0.0233154
7987,0.017669693
7988,0.00869754
7989,-0.00033567846
7990,-0.006652847
7991,-0.009124771
7992,-0.012115434
7993,-0.016052239
7994,-0.014434814
7995,-0.013214141
7996,-0.011566177
7997,-0.011077873
7998,-0.011230454
7999,-0.009796143
8000,-0.007843047
8001,-0.0030822754
8002,0.0036621243
8003,0.007720977
8004,0.009094268
8005,0.00982666
8006,0.006713867
8007,0.0011291653
8008,-0.0017394945
8009,-0.0011291057
8010,-0.00021360815
8011,9.1567636e-05
8012,-0.0038452074
8013,-0.0053405613
8014,-0.0062865987
8015,-0.0068969503
8016,-0.005401604
8017,-0.0073242188
8018,-0.008880608
8019,-0.010131855
8020,-0.009826656
8021,-0.008392334
8022,-0.008941632
8023,-0.011291504
8024,-0.009704605
8025,-0.010406494
8026,-0.010009784
8027,-0.012817387
8028,-0.013214095
8029,-0.01434326
8030,-0.019866936
8031,-0.024291987
8032,-0.026153566
8033,-0.025085445
8034,-0.025482183
8035,-0.02877809
8036,-0.028167736
8037,-0.02874754
8038,-0.027618386
8039,-0.027069103
8040,-0.022216823
8041,-0.014282227
8042,-0.010253891
8043,-0.004882805
8044,3.0528754e-05
8045,0.006652832
8046,0.011932388
8047,0.015655532
8048,0.020446796
8049,0.025390629
8050,0.027771004
8051,0.028564436
8052,0.02612304
8053,0.023345942
8054,0.022033691
8055,0.018402098
8056,0.015747068
8057,0.008209227
8058,0.002899168
8059,-0.0006713858
8060,-0.0032653806
8061,-0.0048828134
8062,-0.0119628925
8063,-0.017364502
8064,-0.019958504
8065,-0.019226074
8066,-0.019805895
8067,-0.023071298
8068,-0.024688706
8069,-0.02203371
8070,-0.020263687
8071,-0.017639156
8072,-0.015075702
8073,-0.0147399865
8074,-0.012298599
8075,-0.009765618
8076,-0.0052795485
8077,-0.0028381348
8078,-0.007049568
8079,-0.00283809
8080,0.009704623
8081,0.0010070875
8082,-0.0035705343
8083,-0.0010070875
8084,0.015258789
8085,0.014404297
8086,0.0018310472
8087,0.009399425
8088,0.018432628
8089,0.017944317
8090,0.0063781478
8091,0.0028686412
8092,0.0055237003
8093,0.009582534
8094,0.007446289
8095,0.0027466007
8096,-3.0506402e-05
8097,-0.001159668
8098,-0.001373291
8099,0.00012205914
8100,0.00082398206
8101,0.00061036274
8102,0.0036621224
8103,0.007019056
8104,0.012268058
8105,0.0142517015
8106,0.014404291
8107,0.0140686035
8108,0.01437378
8109,0.016113281
8110,0.019287113
8111,0.02008057
8112,0.018127427
8113,0.014892574
8114,0.012298569
8115,0.009246826
8116,0.0033569336
8117,-0.0035705604
8118,-0.0052490197
8119,-0.006256113
8120,-0.006713866
8121,-0.010559078
8122,-0.014801022
8123,-0.016815182
8124,-0.018981937
8125,-0.022918694
8126,-0.027526855
8127,-0.030639641
8128,-0.029449482
8129,-0.026916489
8130,-0.026061997
8131,-0.025665276
8132,-0.02557373
8133,-0.023223884
8134,-0.019866921
8135,-0.014038086
8136,-0.004516594
8137,-0.0010986179
8138,0.0009765625
8139,0.004272461
8140,0.010681137
8141,0.017059315
8142,0.016174287
8143,0.018096916
8144,0.021850564
8145,0.026611324
8146,0.025939928
8147,0.020690918
8148,0.02072145
8149,0.023498537
8150,0.025543215
8151,0.022369385
8152,0.020202635
8153,0.0213623
8154,0.022979744
8155,0.02520752
8156,0.02487183
8157,0.025939915
8158,0.02465821
8159,0.024139404
8160,0.02233886
8161,0.023284882
8162,0.023376465
8163,0.02371215
8164,0.022460908
8165,0.0217285
8166,0.024169922
8167,0.024810776
8168,0.025329575
8169,0.020751983
8170,0.017028838
8171,0.010009751
8172,0.007110581
8173,0.009002656
8174,0.009277374
8175,0.0070800483
8176,-0.0009765774
8177,-0.007720962
8178,-0.014892563
8179,-0.021240264
8180,-0.02563478
8181,-0.02810669
8182,-0.029632583
8183,-0.029144317
8184,-0.031463645
8185,-0.031951934
8186,-0.030120857
8187,-0.026184097
8188,-0.02297973
8189,-0.024047846
8190,-0.029144295
8191,-0.024414064
8192,-0.01721191
8193,-0.010314934
8194,-0.010986326
8195,-0.009643557
8196,-0.0010375977
8197,0.005676279
8198,0.009216309
8199,0.0093688965
8200,0.011230469
8201,0.013977066
8202,0.014801025
8203,0.01577758
8204,0.013793934
8205,0.0075073466
8206,0.0015563816
8207,-0.0024719276
8208,-0.0042724796
8209,-0.008361815
8210,-0.01376343
8211,-0.014434818
8212,-0.013671863
8213,-0.014648436
8214,-0.01651001
8215,-0.01919556
8216,-0.018218994
8217,-0.015228271
8218,-0.014190674
8219,-0.012512206
8220,-0.0132141225
8221,-0.014495842
8222,-0.017517082
8223,-0.020721436
8224,-0.021850593
8225,-0.02395631
8226,-0.025543205
8227,-0.028808609
8228,-0.03363038
8229,-0.03649901
8230,-0.040039048
8231,-0.041107178
8232,-0.041137725
8233,-0.04177855
8234,-0.04040526
8235,-0.039154038
8236,-0.03448488
8237,-0.028381348
8238,-0.02355957
8239,-0.022613525
8240,-0.021881104
8241,-0.018188477
8242,-0.0113220215
8243,-0.0057373047
8244,-0.0024414062
8245,-0.0005187988
8246,0.00039672852
8247,0.00289917
8248,0.010314912
8249,0.017822266
8250,0.023437485
8251,0.026489273
8252,0.030212387
8253,0.03469844
8254,0.041015595
8255,0.049469016
8256,0.05493166
8257,0.05886841
8258,0.06137082
8259,0.06259152
8260,0.06472777
8261,0.06646728
8262,0.06832886
8263,0.067535415
8264,0.062988274
8265,0.057800263
8266,0.04940795
8267,0.042877197
8268,0.036224395
8269,0.029693574
8270,0.023590088
8271,0.015411362
8272,0.008148193
8273,-0.0008544922
8274,-0.006927505
8275,-0.010406494
8276,-0.014648445
8277,-0.01864624
8278,-0.025573745
8279,-0.028625492
8280,-0.029113777
8281,-0.028381344
8282,-0.029357899
8283,-0.030303944
8284,-0.029479966
8285,-0.025939938
8286,-0.025512688
8287,-0.025909422
8288,-0.027069096
8289,-0.027130134
8290,-0.02505494
8291,-0.02630614
8292,-0.023590077
8293,-0.019104023
8294,-0.012603767
8295,-0.0068359524
8296,0.0009765849
8297,0.0076293955
8298,0.013763428
8299,0.018188477
8300,0.022705074
8301,0.027252208
8302,0.03100586
8303,0.038330063
8304,0.044067405
8305,0.044342075
8306,0.044769295
8307,0.042999268
8308,0.0406494
8309,0.03628543
8310,0.03390503
8311,0.032958984
8312,0.02670288
8313,0.022644058
8314,0.019378662
8315,0.01556395
8316,0.007324189
8317,0.0007019341
8318,-0.0021362156
8319,-0.0060424954
8320,-0.01089479
8321,-0.0128478855
8322,-0.016204804
8323,-0.027893052
8324,-0.02651979
8325,-0.026275635
8326,-0.031799294
8327,-0.042724576
8328,-0.04278563
8329,-0.029571533
8330,-0.03121949
8331,-0.03930663
8332,-0.041046143
8333,-0.036071777
8334,-0.027008072
8335,-0.023864746
8336,-0.022827147
8337,-0.02133178
8338,-0.01849366
8339,-0.010955825
8340,-0.0063476525
8341,-0.00085448846
8342,0.004302988
8343,0.0067443866
8344,0.0095214825
8345,0.004638672
8346,0.0026855478
8347,0.002227787
8348,0.0041503888
8349,0.0054626465
8350,0.0010986328
8351,-0.0007019006
8352,-0.0012512226
8353,-0.0009460449
8354,-0.004882809
8355,-0.008911127
8356,-0.009338383
8357,-0.008544914
8358,-0.008026127
8359,-0.010650631
8360,-0.010437027
8361,-0.010498032
8362,-0.012207024
8363,-0.013702385
8364,-0.0145569
8365,-0.014404304
8366,-0.01565551
8367,-0.017639153
8368,-0.01644896
8369,-0.011718743
8370,-0.0039978176
8371,0.00082395226
8372,0.0022277907
8373,0.0015259013
8374,0.0040588155
8375,0.007263176
8376,0.008636467
8377,0.014312781
8378,0.022430442
8379,0.02706909
8380,0.025482185
8381,0.019958504
8382,0.02114869
8383,0.022918696
8384,0.022277825
8385,0.018218992
8386,0.011962892
8387,0.007232666
8388,0.0029296847
8389,0.0014953613
8390,-0.0019226056
8391,-0.005340576
8392,-0.010772706
8393,-0.013641357
8394,-0.014587395
8395,-0.016204836
8396,-0.01605225
8397,-0.015136708
8398,-0.01458738
8399,-0.014892567
8400,-0.015991244
8401,-0.01409914
8402,-0.011230458
8403,-0.010040283
8404,-0.009429954
8405,-0.007904094
8406,-0.0043335184
8407,0.0006103702
8408,0.005828876
8409,0.009948745
8410,0.008972134
8411,0.005859386
8412,0.0064087026
8413,0.00833131
8414,0.011901867
8415,0.010009769
8416,0.006958008
8417,0.003295876
8418,0.002197262
8419,0.008544926
8420,0.008789085
8421,0.0075073335
8422,0.0030517522
8423,0.0048828023
8424,0.011138908
8425,0.016082764
8426,0.016754149
8427,0.013000487
8428,0.016296387
8429,0.019348148
8430,0.024597159
8431,0.020446766
8432,0.019195557
8433,0.018585224
8434,0.016021736
8435,0.014282208
8436,0.01068113
8437,0.007629391
8438,0.0033569708
8439,-0.0017089695
8440,-0.0055847242
8441,-0.00918581
8442,-0.011901863
8443,-0.012390114
8444,-0.01092528
8445,-0.009155286
8446,-0.008026134
8447,-0.008209227
8448,-0.01104736
8449,-0.012878418
8450,-0.012176514
8451,-0.007568356
8452,-0.001220698
8453,0.00054931827
8454,-0.003692627
8455,-0.007995607
8456,-0.011047361
8457,-0.013061522
8458,-0.015533445
8459,-0.016815182
8460,-0.015533442
8461,-0.01837159
8462,-0.022277817
8463,-0.022888172
8464,-0.020111065
8465,-0.019531243
8466,-0.019683808
8467,-0.019165032
8468,-0.01449585
8469,-0.010589577
8470,-0.0069885105
8471,-0.002166748
8472,0.0031737871
8473,0.013030991
8474,0.021911614
8475,0.028167725
8476,0.035217274
8477,0.04202271
8478,0.049163826
8479,0.050903328
8480,0.05007933
8481,0.049499527
8482,0.04928591
8483,0.050750747
8484,0.04916382
8485,0.044067383
8486,0.038787857
8487,0.030090332
8488,0.023895234
8489,0.01171875
8490,0.005340576
8491,-0.0007019192
8492,-0.0035095215
8493,-0.006958008
8494,-0.013458237
8495,-0.015686035
8496,-0.017944321
8497,-0.018005371
8498,-0.019104026
8499,-0.01898197
8500,-0.017120391
8501,-0.013519295
8502,-0.010498054
8503,-0.009429939
8504,-0.010162376
8505,-0.010559112
8506,-0.0117798
8507,-0.013427746
8508,-0.014831528
8509,-0.016235366
8510,-0.016082771
8511,-0.020935057
8512,-0.023895256
8513,-0.025573723
8514,-0.024780273
8515,-0.022399908
8516,-0.025238043
8517,-0.025909416
8518,-0.027923591
8519,-0.025604237
8520,-0.022216797
8521,-0.021270733
8522,-0.019103996
8523,-0.018646244
8524,-0.017547593
8525,-0.018402115
8526,-0.017303467
8527,-0.014648445
8528,-0.010467514
8529,-0.006408684
8530,-0.0035705566
8531,-6.104261e-05
8532,-0.0025024116
8533,-0.0014953315
8534,0.0013122633
8535,0.008728009
8536,0.014190644
8537,0.014678977
8538,0.015716542
8539,0.01828001
8540,0.021545382
8541,0.023284914
8542,0.02090456
8543,0.02032471
8544,0.023345953
8545,0.028137207
8546,0.027954109
8547,0.021057129
8548,0.016784668
8549,0.019195542
8550,0.027343754
8551,0.02755738
8552,0.023834236
8553,0.023101792
8554,0.023193344
8555,0.026092514
8556,0.021148674
8557,0.015899643
8558,0.019927964
8559,0.020996094
8560,0.02331543
8561,0.014709473
8562,0.011199951
8563,0.011322007
8564,0.0068359375
8565,0.0038146675
8566,0.004486069
8567,0.0050964504
8568,0.0011901706
8569,-0.009277344
8570,-0.008422852
8571,-0.011322029
8572,-0.015228257
8573,-0.01364135
8574,-0.019073471
8575,-0.026519768
8576,-0.041229248
8577,-0.044158928
8578,-0.044158928
8579,-0.04745484
8580,-0.04962158
8581,-0.051879868
8582,-0.05657959
8583,-0.052795433
8584,-0.048522964
8585,-0.046264634
8586,-0.045959443
8587,-0.043762222
8588,-0.040222183
8589,-0.039703384
8590,-0.035186753
8591,-0.026245132
8592,-0.016082749
8593,-0.0105896145
8594,-0.005584702
8595,0.0004272312
8596,0.009368882
8597,0.015258804
8598,0.01852417
8599,0.023193367
8600,0.029174797
8601,0.03384398
8602,0.03619386
8603,0.035797104
8604,0.034027096
8605,0.029418938
8606,0.021789547
8607,0.018890396
8608,0.015502922
8609,0.012573242
8610,0.008270282
8611,0.0066833496
8612,0.006652821
8613,0.0048522875
8614,0.0029907338
8615,0.0025940277
8616,0.0002746433
8617,-1.1175871e-08
8618,-0.00540163
8619,-0.0018615536
8620,0.007476818
8621,-0.0055542104
8622,-0.008392356
8623,-0.011901841
8624,0.0025024489
8625,-0.0028381199
8626,-0.019958526
8627,-0.023925789
8628,-0.01770018
8629,-0.0040893555
8630,0.0007629171
8631,-0.004303001
8632,-0.010589577
8633,-0.009429924
8634,-0.005096458
8635,0.00085449964
8636,0.0036316141
8637,0.0089722015
8638,0.01376342
8639,0.017089836
8640,0.020660415
8641,0.025238056
8642,0.029541034
8643,0.033782966
8644,0.032714836
8645,0.029449455
8646,0.02279663
8647,0.02029419
8648,0.022460938
8649,0.018463135
8650,0.0087890625
8651,0.0005493164
8652,-0.001098631
8653,-0.002319336
8654,-0.0040283203
8655,-0.0049438477
8656,-0.003204342
8657,-0.0029296875
8658,-0.0023498554
8659,-0.0020446777
8660,-0.0006103497
8661,0.0039978027
8662,0.007873537
8663,0.009765629
8664,0.007415764
8665,0.009124763
8666,0.014038101
8667,0.018371597
8668,0.016509991
8669,0.013244629
8670,0.01116946
8671,0.01016238
8672,0.009643558
8673,0.008880608
8674,0.011749268
8675,0.011352532
8676,0.00979615
8677,0.009918235
8678,0.011322029
8679,0.016052239
8680,0.017944328
8681,0.017974868
8682,0.016479537
8683,0.015808105
8684,0.021972641
8685,0.026031509
8686,0.026550308
8687,0.024169907
8688,0.021118194
8689,0.020324707
8690,0.022888169
8691,0.031158447
8692,0.028839141
8693,0.007171631
8694,-0.009674072
8695,-0.013061538
8696,-0.013671875
8697,-0.03753663
8698,-0.07196045
8699,-0.08941651
8700,-0.10369876
8701,-0.127594
8702,-0.17697145
8703,-0.23791495
8704,-0.28643793
8705,-0.31616223
8706,-0.3314818
8707,-0.34805298
8708,-0.3529967
8709,-0.3688357
8710,-0.36883533
8711,-0.3430481
8712,-0.27926636
8713,-0.19308496
8714,-0.10852051
8715,0.006042421
8716,0.13714606
8717,0.27395633
8718,0.40341198
8719,0.5100402
8720,0.5925595
8721,0.65222144
8722,0.7018433
8723,0.7492678
8724,0.7901917
8725,0.8146969
8726,0.8090819
8727,0.7671815
8728,0.69329846
8729,0.6051328
8730,0.5171201
8731,0.4261775
8732,0.33166504
8733,0.21798706
8734,0.073730946
8735,-0.085235596
8736,-0.23602307
8737,-0.37539673
8738,-0.5008544
8739,-0.59768647
8740,-0.65670764
8741,-0.70169055
8742,-0.7377931
8743,-0.74252325
8744,-0.70831287
8745,-0.66018665
8746,-0.6205444
8747,-0.5982667
8748,-0.57675165
8749,-0.53726184
8750,-0.49807715
8751,-0.4716797
8752,-0.4504391
8753,-0.40151978
8754,-0.31695557
8755,-0.2076112
8756,-0.077575564
8757,0.06362951
8758,0.22079456
8759,0.38656604
8760,0.54077125
8761,0.65338135
8762,0.71109
8763,0.72143537
8764,0.69274914
8765,0.62991333
8766,0.5274964
8767,0.3869019
8768,0.22247317
8769,0.05563362
8770,-0.093841664
8771,-0.21731558
8772,-0.31509387
8773,-0.3820495
8774,-0.41183478
8775,-0.4021607
8776,-0.3579101
8777,-0.2954101
8778,-0.22268668
8779,-0.15060458
8780,-0.08129889
8781,-0.018646002
8782,0.035919428
8783,0.08193961
8784,0.11242637
8785,0.12957758
8786,0.13470465
8787,0.1331787
8788,0.119842514
8789,0.09442136
8790,0.06958006
8791,0.050506562
8792,0.033050552
8793,0.013244629
8794,0.0012817383
8795,-0.0065612793
8796,-0.009826675
8797,-0.012268066
8798,-0.014770463
8799,-0.02224733
8800,-0.036407486
8801,-0.03866577
8802,-0.031433076
8803,-0.022827119
8804,-0.02230838
8805,-0.021148682
8806,-0.013061553
8807,-0.0017089844
8808,0.010925323
8809,0.022888169
8810,0.032836884
8811,0.04064934
8812,0.047485307
8813,0.060729966
8814,0.081787094
8815,0.106170654
8816,0.12319942
8817,0.12664795
8818,0.11880493
8819,0.10928346
8820,0.10073851
8821,0.10162355
8822,0.10549927
8823,0.09957886
8824,0.07046509
8825,0.024047852
8826,-0.0144348
8827,-0.039215073
8828,-0.049255386
8829,-0.058380134
8830,-0.06835935
8831,-0.07180784
8832,-0.06506349
8833,-0.047485363
8834,-0.031158447
8835,-0.023223862
8836,-0.019042991
8837,-0.014160141
8838,-0.0037841871
8839,0.0047607347
8840,0.011840813
8841,0.020751968
8842,0.032714844
8843,0.040832505
8844,0.041046143
8845,0.042907715
8846,0.045043945
8847,0.047637954
8848,0.04434201
8849,0.03366089
8850,0.022399902
8851,0.0042419434
8852,-0.014099151
8853,-0.035369895
8854,-0.054901112
8855,-0.06561278
8856,-0.068847656
8857,-0.064727776
8858,-0.058319077
8859,-0.05242917
8860,-0.041564934
8861,-0.029266357
8862,-0.012878444
8863,-0.0033874512
8864,0.002563484
8865,0.004089363
8866,0.0019226046
8867,-0.0013122596
8868,-0.0076904334
8869,-0.014892578
8870,-0.031036388
8871,-0.04589843
8872,-0.052124027
8873,-0.04687501
8874,-0.039672837
8875,-0.038970932
8876,-0.033874504
8877,-0.02505494
8878,-0.011779763
8879,-0.0023803562
8880,0.0028076097
8881,0.011016831
8882,0.019531243
8883,0.031372063
8884,0.041412346
8885,0.049774162
8886,0.055572525
8887,0.05496217
8888,0.04785156
8889,0.039855942
8890,0.0339966
8891,0.030792259
8892,0.026580796
8893,0.022277817
8894,0.023773208
8895,0.027709968
8896,0.030975327
8897,0.031280503
8898,0.029846221
8899,0.028045654
8900,0.023864746
8901,0.016784653
8902,0.007568389
8903,0.00402835
8904,0.0024414212
8905,0.0052490085
8906,6.1035156e-05
8907,-0.01065062
8908,-0.02124022
8909,-0.031738274
8910,-0.035125747
8911,-0.037445083
8912,-0.0366211
8913,-0.038146988
8914,-0.03915406
8915,-0.034179688
8916,-0.028472891
8917,-0.024810776
8918,-0.023345938
8919,-0.020111086
8920,-0.016235355
8921,-0.014312746
8922,-0.012084961
8923,-0.006347658
8924,0.0036010742
8925,0.0091857985
8926,0.0106506385
8927,0.013458237
8928,0.02511596
8929,0.034149166
8930,0.032470737
8931,0.025634758
8932,0.025939956
8933,0.030090332
8934,0.02700805
8935,0.020446777
8936,0.01821898
8937,0.0074463114
8938,0.0015564039
8939,-0.007232681
8940,-0.013488784
8941,-0.01461795
8942,-0.019866958
8943,-0.016845692
8944,-0.02148436
8945,-0.02825927
8946,-0.030456573
8947,-0.034027103
8948,-0.02795409
8949,-0.023651123
8950,-0.023620605
8951,-0.027679455
8952,-0.03283692
8953,-0.032714825
8954,-0.036376953
8955,-0.044372573
8956,-0.0509644
8957,-0.053283706
8958,-0.05609128
8959,-0.06286621
8960,-0.06607057
8961,-0.060485855
8962,-0.05499266
8963,-0.054473877
8964,-0.053588867
8965,-0.048950195
8966,-0.044311523
8967,-0.04336548
8968,-0.03466794
8969,-0.014678955
8970,0.0040283203
8971,0.008361816
8972,0.0028686821
8973,0.008117676
8974,0.019256592
8975,0.029968232
8976,0.033233643
8977,0.029815674
8978,0.027069122
8979,0.020812958
8980,0.017150879
8981,0.017944336
8982,0.019439742
8983,0.024932891
8984,0.022125274
8985,0.020690933
8986,0.022644058
8987,0.022460938
8988,0.028900146
8989,0.031829834
8990,0.038909927
8991,0.03759765
8992,0.03295898
8993,0.0346985
8994,0.045318633
8995,0.05795289
8996,0.059204083
8997,0.060150135
8998,0.0636902
8999,0.051940925
9000,0.0585327
9001,0.04534913
9002,0.040008545
9003,0.03222657
9004,0.022430442
9005,0.02270507
9006,-0.0033264235
9007,-0.012786899
9008,-0.0137328915
9009,-0.01626585
9010,-0.014251716
9011,-0.015167244
9012,-0.006286606
9013,9.1575086e-05
9014,0.0028991774
9015,0.004455574
9016,0.0062561184
9017,0.0142517015
9018,0.021118157
9019,0.025909424
9020,0.023864746
9021,0.016448975
9022,0.006896943
9023,0.0010680854
9024,0.0025939792
9025,0.0045166016
9026,0.0032043457
9027,-0.0030517876
9028,-0.005645737
9029,-0.004638672
9030,-0.0024108738
9031,-0.00076293945
9032,-0.0012512058
9033,0.001159668
9034,0.006011978
9035,0.009399429
9036,0.012512222
9037,0.010894775
9038,0.007873535
9039,0.0046691895
9040,0.0046692193
9041,0.008758545
9042,0.010498047
9043,0.009185761
9044,0.005645767
9045,0.00024414062
9046,-0.0061340183
9047,-0.011260971
9048,-0.013153091
9049,-0.015625015
9050,-0.017028794
9051,-0.019927949
9052,-0.020843484
9053,-0.026397713
9054,-0.03222657
9055,-0.03301999
9056,-0.033538796
9057,-0.034912094
9058,-0.03747558
9059,-0.038757347
9060,-0.040039062
9061,-0.042785645
9062,-0.045257546
9063,-0.046264637
9064,-0.043609627
9065,-0.03558349
9066,-0.020935036
9067,-0.006500218
9068,0.004303016
9069,0.010925323
9070,0.016204847
9071,0.02130128
9072,0.02996827
9073,0.03796386
9074,0.04867553
9075,0.049682602
9076,0.038177483
9077,0.020202644
9078,0.015838612
9079,0.02822876
9080,0.038482636
9081,0.03033448
9082,0.009429943
9083,-3.0513853e-05
9084,-0.000488285
9085,-0.0025024489
9086,-0.017974831
9087,-0.032928452
9088,-0.0326233
9089,-0.011993423
9090,0.0051879855
9091,-0.0054016095
9092,-0.032867428
9093,-0.015930176
9094,0.043640137
9095,0.08746335
9096,0.08682248
9097,0.07846078
9098,0.098358184
9099,0.11691281
9100,0.11331165
9101,0.088531524
9102,0.053894192
9103,0.011383146
9104,-0.0345459
9105,-0.0744019
9106,-0.10519415
9107,-0.12683105
9108,-0.14883421
9109,-0.16693114
9110,-0.1772766
9111,-0.17657474
9112,-0.16958617
9113,-0.15750122
9114,-0.14248666
9115,-0.12863168
9116,-0.1139527
9117,-0.09460455
9118,-0.07180795
9119,-0.049560815
9120,-0.02771002
9121,0.00021353364
9122,0.026397645
9123,0.043182313
9124,0.057525694
9125,0.068847746
9126,0.080535874
9127,0.08599855
9128,0.092040956
9129,0.095581055
9130,0.0885925
9131,0.07901001
9132,0.07168581
9133,0.067474365
9134,0.06216429
9135,0.053192113
9136,0.04840087
9137,0.04333497
9138,0.037384037
9139,0.033447277
9140,0.032043457
9141,0.030059818
9142,0.022766104
9143,0.018463127
9144,0.018096939
9145,0.014617935
9146,0.011047371
9147,0.008056615
9148,0.0019836277
9149,-0.002014149
9150,-0.007049557
9151,-0.0083618015
9152,-0.008789074
9153,-0.0027771033
9154,0.0017089993
9155,-0.00039673224
9156,-0.0060119443
9157,-0.006988529
9158,0.0024414249
9159,-0.0010070801
9160,-9.156391e-05
9161,-0.0026855543
9162,-0.0040588155
9163,0.002777107
9164,0.0024108663
9165,0.004486058
9166,0.0035400428
9167,0.0012207292
9168,0.0020751916
9169,-0.0038147084
9170,-0.0047302246
9171,0.0032043643
9172,-0.0005187839
9173,-0.0039672907
9174,-0.0064087007
9175,-0.0045471275
9176,-0.0078125
9177,-0.014709463
9178,-0.018951409
9179,-0.020477287
9180,-0.015533449
9181,-0.008666991
9182,-0.003692627
9183,-0.0060729976
9184,-0.0042419424
9185,0.0010375967
9186,0.007507326
9187,0.015563965
9188,0.016448975
9189,0.01574707
9190,0.014617933
9191,0.016601559
9192,0.018005367
9193,0.012542736
9194,0.008178722
9195,0.011383053
9196,0.018463105
9197,0.021667462
9198,0.01321413
9199,0.008148223
9200,0.008331254
9201,0.0050659254
9202,0.0012512058
9203,-0.0032653734
9204,-0.0050048605
9205,-0.010498036
9206,-0.018157953
9207,-0.022064224
9208,-0.025512695
9209,-0.02853393
9210,-0.03018189
9211,-0.033264164
9212,-0.03161621
9213,-0.02740478
9214,-0.021759018
9215,-0.014648441
9216,-0.012298595
9217,-0.011627208
9218,-0.009155266
9219,-0.0010986179
9220,0.010467529
9221,0.0115356315
9222,0.007019028
9223,0.0025634693
9224,0.003692627
9225,0.012512216
9226,0.017883306
9227,0.017486574
9228,0.010559082
9229,0.00616455
9230,0.0028076172
9231,-0.0012817364
9232,-0.0048217773
9233,-0.004211426
9234,-0.0028686542
9235,-0.0018920898
9236,-0.0023193331
9237,-0.0018310547
9238,-0.0020751986
9239,0.005645748
9240,0.020965569
9241,0.038604744
9242,0.058319077
9243,0.05517578
9244,0.019348145
9245,-0.025482163
9246,-0.025177017
9247,0.009765618
9248,0.013061538
9249,-0.02923584
9250,-0.09512326
9251,-0.1543274
9252,-0.20086665
9253,-0.20648184
9254,-0.16140744
9255,-0.0965575
9256,-0.045410246
9257,-0.014678866
9258,0.00289917
9259,0.020965606
9260,0.042236418
9261,0.0670775
9262,0.08648675
9263,0.099243104
9264,0.10855101
9265,0.12023924
9266,0.13195801
9267,0.13580321
9268,0.13345337
9269,0.12432861
9270,0.112396225
9271,0.09634398
9272,0.07461552
9273,0.0520325
9274,0.031982362
9275,0.01638791
9276,0.0014648885
9277,-0.016784608
9278,-0.035156235
9279,-0.05087284
9280,-0.07165529
9281,-0.09143065
9282,-0.09365842
9283,-0.08309934
9284,-0.095001236
9285,-0.122497566
9286,-0.10336301
9287,-0.02896114
9288,0.032196045
9289,0.024108887
9290,-0.019042969
9291,-0.0033264067
9292,0.10940551
9293,0.24386595
9294,0.26464844
9295,0.14648432
9296,0.03891003
9297,0.054412723
9298,0.16473389
9299,0.26837134
9300,0.31384265
9301,0.34399396
9302,0.35623157
9303,0.3171997
9304,0.18988019
9305,-0.005463004
9306,-0.19436663
9307,-0.32461536
9308,-0.37973005
9309,-0.35714722
9310,-0.31832886
9311,-0.30462646
9312,-0.3066711
9313,-0.28622437
9314,-0.23062137
9315,-0.17712402
9316,-0.1455078
9317,-0.12707525
9318,-0.11520377
9319,-0.10449207
9320,-0.08898932
9321,-0.07141119
9322,-0.056366146
9323,-0.05203241
9324,-0.05911258
9325,-0.07174671
9326,-0.08843982
9327,-0.101867735
9328,-0.11627203
9329,-0.13085961
9330,-0.13793933
9331,-0.13433832
9332,-0.10870361
9333,-0.06640649
9334,-0.017852902
9335,0.038604498
9336,0.087280095
9337,0.13153067
9338,0.15594485
9339,0.17193618
9340,0.19140618
9341,0.21075442
9342,0.23028576
9343,0.23886114
9344,0.24310301
9345,0.24545291
9346,0.24847412
9347,0.24661249
9348,0.22943112
9349,0.19534302
9350,0.150574
9351,0.10256943
9352,0.057128817
9353,0.013549745
9354,-0.026153594
9355,-0.061523408
9356,-0.0899355
9357,-0.109375104
9358,-0.11602782
9359,-0.11907954
9360,-0.12252803
9361,-0.1204834
9362,-0.10559079
9363,-0.078216545
9364,-0.05886841
9365,-0.037506115
9366,-0.017639168
9367,0.00033567846
9368,0.013641365
9369,0.02157591
9370,0.03164672
9371,0.027923577
9372,0.017028801
9373,0.0022887923
9374,-0.008544933
9375,-0.017608618
9376,-0.028686509
9377,-0.03909302
9378,-0.048034683
9379,-0.055480957
9380,-0.06582641
9381,-0.07220459
9382,-0.07232665
9383,-0.06390379
9384,-0.05502315
9385,-0.046600312
9386,-0.038146973
9387,-0.027465805
9388,-0.013702378
9389,-0.0042419285
9390,0.0063171387
9391,0.015350372
9392,0.024688743
9393,0.030029308
9394,0.035156235
9395,0.041992206
9396,0.04702761
9397,0.049804706
9398,0.046295166
9399,0.041015606
9400,0.03237915
9401,0.02581787
9402,0.020446781
9403,0.010772705
9404,0.0025939979
9405,-0.007873531
9406,-0.01745607
9407,-0.029174812
9408,-0.039062478
9409,-0.039611783
9410,-0.04055786
9411,-0.041076668
9412,-0.03875731
9413,-0.03375241
9414,-0.03146361
9415,-0.03546141
9416,-0.035339355
9417,-0.026611343
9418,-0.015533447
9419,-0.0077819675
9420,-0.0014648587
9421,0.0056152046
9422,0.015014634
9423,0.026794456
9424,0.041839603
9425,0.054229707
9426,0.05899045
9427,0.061614987
9428,0.064514175
9429,0.07131958
9430,0.07315063
9431,0.074462906
9432,0.06979369
9433,0.064636216
9434,0.056579575
9435,0.051574707
9436,0.048736572
9437,0.048919678
9438,0.043060258
9439,0.03585817
9440,0.029571503
9441,0.026153564
9442,0.015197724
9443,0.017913789
9444,0.007537812
9445,-0.00088505447
9446,-0.0015868843
9447,-0.00061033666
9448,0.0021667331
9449,-0.013488784
9450,-0.012084931
9451,-0.0038146526
9452,-0.0028381497
9453,-0.005859375
9454,-0.00894165
9455,-0.001159668
9456,0.0011596829
9457,-0.0061340183
9458,-0.024017334
9459,-0.03674318
9460,-0.038757294
9461,-0.040008537
9462,-0.04037474
9463,-0.04211428
9464,-0.042083725
9465,-0.041015614
9466,-0.04049682
9467,-0.03778077
9468,-0.033844
9469,-0.030517567
9470,-0.026489256
9471,-0.02371216
9472,-0.024139415
9473,-0.026855469
9474,-0.025238048
9475,-0.033691406
9476,-0.030609133
9477,-0.026977547
9478,-0.023345955
9479,-0.021484382
9480,-0.025726318
9481,-0.017822266
9482,-0.019927971
9483,-0.024261475
9484,-0.022857666
9485,-0.016845688
9486,-0.009918183
9487,-0.010314941
9488,-0.012023956
9489,-0.011199996
9490,-0.008239761
9491,-0.0067749172
9492,-0.0078430325
9493,-0.009765625
9494,-0.012634277
9495,-0.01171875
9496,-0.006439179
9497,0.0017089844
9498,0.007141143
9499,0.011230454
9500,0.016082793
9501,0.021026604
9502,0.026733391
9503,0.0308838
9504,0.035308834
9505,0.034637474
9506,0.034728985
9507,0.03128052
9508,0.028472899
9509,0.024475109
9510,0.02072144
9511,0.019073477
9512,0.01925659
9513,0.023468021
9514,0.023559567
9515,0.019470211
9516,0.016235352
9517,0.01458741
9518,0.010040287
9519,0.003021231
9520,-0.0034790132
9521,-0.008850098
9522,-0.012390137
9523,-0.010345459
9524,-0.008789064
9525,-0.009765627
9526,-0.013031006
9527,-0.012115477
9528,-0.009796144
9529,-0.006744383
9530,-0.003692627
9531,-0.006896971
9532,-0.014556879
9533,-0.018646238
9534,-0.014556892
9535,-0.01187133
9536,-0.014831547
9537,-0.017791726
9538,-0.01550293
9539,-0.014770523
9540,-0.015655521
9541,-0.0155944675
9542,-0.012115449
9543,-0.0067749023
9544,-0.0025024563
9545,0.0073242486
9546,0.014556892
9547,0.016876245
9548,0.016906751
9549,0.02087403
9550,0.028198233
9551,0.03707885
9552,0.039947506
9553,0.038238518
9554,0.035675064
9555,0.033508293
9556,0.032958977
9557,0.028106682
9558,0.024169922
9559,0.021453872
9560,0.017211877
9561,0.0132751465
9562,0.006439194
9563,-0.002868645
9564,-0.006286621
9565,-0.0067749284
9566,-0.004364021
9567,-0.008239746
9568,-0.013275158
9569,-0.018920917
9570,-0.02239993
9571,-0.023895254
9572,-0.02359007
9573,-0.017791746
9574,-0.009094238
9575,-0.0020446815
9576,-0.001373291
9577,0.0003662072
9578,0.0056152195
9579,0.011108417
9580,0.013519309
9581,0.01568605
9582,0.018157963
9583,0.017120354
9584,0.009887718
9585,0.0017700307
9586,-0.0006103404
9587,0.002624508
9588,0.006469719
9589,0.005401619
9590,0.0009765327
9591,-0.0009765886
9592,-0.00076295435
9593,-0.0007629357
9594,-0.002471909
9595,-0.0023498572
9596,-0.0008545071
9597,0.0010375865
9598,-0.0019226298
9599,-0.0074768066
9600,-0.010345455
9601,-0.011047352
9602,-0.0128479
9603,-0.017578136
9604,-0.019226067
9605,-0.017974839
9606,-0.020690907
9607,-0.024963379
9608,-0.031585693
9609,-0.03601075
9610,-0.04208374
9611,-0.04263306
9612,-0.0418396
9613,-0.041595437
9614,-0.040832505
9615,-0.039154038
9616,-0.03930667
9617,-0.038879395
9618,-0.034240708
9619,-0.027069092
9620,-0.024261504
9621,-0.026794434
9622,-0.02349852
9623,-0.016693115
9624,-0.008941665
9625,-0.00573729
9626,-0.0010376126
9627,0.0019226223
9628,0.008361816
9629,0.021392837
9630,0.03344725
9631,0.03982546
9632,0.04357911
9633,0.048278823
9634,0.05599977
9635,0.059722893
9636,0.065307625
9637,0.069854714
9638,0.066619866
9639,0.062927246
9640,0.061309837
9641,0.058959976
9642,0.05010985
9643,0.041809052
9644,0.037506104
9645,0.030700669
9646,0.028808609
9647,0.016540557
9648,0.010314971
9649,-0.000274688
9650,-0.000732407
9651,0.007568389
9652,0.008972198
9653,0.011260971
9654,0.004913345
9655,-0.0006713718
9656,-0.0071410835
9657,-0.013030976
9658,-0.019134507
9659,-0.023590095
9660,-0.024536118
9661,-0.026733361
9662,-0.034698457
9663,-0.038635246
9664,-0.037048362
9665,-0.03274537
9666,-0.035736077
9667,-0.039855957
9668,-0.038116466
9669,-0.03469848
9670,-0.033355705
9671,-0.03610231
9672,-0.039001465
9673,-0.03515625
9674,-0.029754631
9675,-0.027496353
9676,-0.02703859
9677,-0.024444543
9678,-0.019042976
9679,-0.012725845
9680,-0.007995635
9681,-0.0054626316
9682,-0.008087158
9683,-0.006286621
9684,0.0011596456
9685,0.0116577
9686,0.016601555
9687,0.016326897
9688,0.017303504
9689,0.018096905
9690,0.022491433
9691,0.02777098
9692,0.034088142
9693,0.03607179
9694,0.033813465
9695,0.031555176
9696,0.03149413
9697,0.035400394
9698,0.036987305
9699,0.036407452
9700,0.033294667
9701,0.02880859
9702,0.025268555
9703,0.02023317
9704,0.020935051
9705,0.020324707
9706,0.01623533
9707,0.0058288425
9708,0.0009765998
9709,-0.003662087
9710,-0.0040588602
9711,-0.0061645657
9712,-0.013336182
9713,-0.015838616
9714,-0.01879881
9715,-0.013916034
9716,-0.010833722
9717,-0.014862061
9718,-0.019012455
9719,-0.021148697
9720,-0.015624989
9721,-0.009429922
9722,-0.0078430325
9723,-0.008453388
9724,-0.011260998
9725,-0.015655506
9726,-0.019287098
9727,-0.019256588
9728,-0.018341064
9729,-0.013275147
9730,-0.0062561017
9731,-0.0021362305
9732,-0.0021362305
9733,-0.0033264149
9734,0.0019226079
9735,0.0059509287
9736,0.0032958994
9737,-0.0030212402
9738,-0.0073547363
9739,-0.009429932
9740,-0.01171875
9741,-0.013275154
9742,-0.017120361
9743,-0.017822266
9744,-0.01483155
9745,-0.011169441
9746,-0.011260986
9747,-0.01364135
9748,-0.010131851
9749,-0.001647953
9750,0.003295917
9751,0.008728042
9752,0.010345463
9753,0.013275145
9754,0.015563976
9755,0.014801029
9756,0.00958251
9757,0.006408685
9758,0.007507324
9759,0.0052490234
9760,0.0043334924
9761,0.0037231445
9762,0.00518799
9763,-0.00088500977
9764,-0.009246828
9765,-0.008422852
9766,-0.0039367657
9767,-0.002532959
9768,-0.0036621094
9769,-0.0032043494
9770,-0.0010986328
9771,-0.0017700121
9772,-0.0035095252
9773,-0.00149538
9774,0.0018310472
9775,0.0028686635
9776,0.003021257
9777,0.0036926223
9778,0.008026112
9779,0.010955809
9780,0.018463133
9781,0.021911629
9782,0.022796618
9783,0.022460928
9784,0.018859863
9785,0.019042984
9786,0.010894777
9787,0.0021057017
9788,-0.00445557
9789,-0.0071105957
9790,-0.01004028
9791,-0.019714357
9792,-0.025695805
9793,-0.025970463
9794,-0.019592285
9795,-0.016876213
9796,-0.017089836
9797,-0.019195579
9798,-0.018035907
9799,-0.010833729
9800,-0.004119836
9801,0.00030519068
9802,0.0033569187
9803,0.0051269345
9804,0.006713867
9805,0.0065002665
9806,0.0071106106
9807,0.0059509277
9808,-0.00064087287
9809,-0.006225582
9810,-0.008270256
9811,-0.0027160645
9812,0.0005187839
9813,-0.0035400577
9814,-0.0074768066
9815,-0.010253873
9816,-0.0050048865
9817,-0.000976596
9818,-0.001983676
9819,-0.0035400204
9820,-0.00491333
9821,-0.00042724982
9822,0.00048827752
9823,0.00054930896
9824,0.0031128116
9825,0.007751478
9826,0.011657722
9827,0.011230461
9828,0.011932362
9829,0.02020263
9830,0.026580809
9831,0.030059818
9832,0.02633667
9833,0.024932873
9834,0.02896119
9835,0.03207396
9836,0.033905014
9837,0.032287613
9838,0.031219527
9839,0.03771975
9840,0.038574204
9841,0.031829834
9842,0.024078399
9843,0.022613555
9844,0.02407837
9845,0.018219009
9846,0.0076293945
9847,0.0052490383
9848,0.0072021335
9849,0.0066833347
9850,0.0010680854
9851,-0.0033874512
9852,-0.006317124
9853,-0.007446304
9854,-0.011566162
9855,-0.015136749
9856,-0.01956176
9857,-0.023620605
9858,-0.024932835
9859,-0.03018187
9860,-0.033782966
9861,-0.037689216
9862,-0.04013062
9863,-0.046508778
9864,-0.048889153
9865,-0.04867555
9866,-0.04754638
9867,-0.04647827
9868,-0.044738755
9869,-0.03939821
9870,-0.034454346
9871,-0.032012932
9872,-0.03012085
9873,-0.027648926
9874,-0.022521973
9875,-0.015502945
9876,-0.009155303
9877,0.0008239448
9878,0.0101318285
9879,0.016937241
9880,0.017700203
9881,0.01791381
9882,0.024505617
9883,0.033111565
9884,0.034484856
9885,0.0346985
9886,0.036773674
9887,0.03860474
9888,0.037323005
9889,0.031768795
9890,0.02780151
9891,0.023559574
9892,0.018127445
9893,0.014404312
9894,0.0074157603
9895,0.0012207031
9896,-0.003112806
9897,-0.0036926232
9898,-0.0047302134
9899,-0.007232666
9900,-0.011810303
9901,-0.012359627
9902,-0.0077209454
9903,-0.004333494
9904,-0.00064086914
9905,-0.0014343234
9906,-0.0031738263
9907,-0.005523678
9908,-0.008758546
9909,-0.011016847
9910,-0.014739989
9911,-0.014984131
9912,-0.013854969
9913,-0.012207035
9914,-0.012359619
9915,-0.01156617
9916,-0.012084946
9917,-0.010253899
9918,-0.0055236816
9919,-0.0010986347
9920,0.0028686468
9921,0.0035095215
9922,0.005706778
9923,0.0066833477
9924,0.0045776386
9925,0.0044555645
9926,0.0039978027
9927,0.0018920917
9928,0.0011291523
9929,0.0005187951
9930,0.003234867
9931,0.0037841825
9932,0.0017395047
9933,0.0028381348
9934,0.0012512207
9935,-0.0012817346
9936,-0.0035095215
9937,-0.0029907152
9938,-0.0046386793
9939,-0.010620128
9940,-0.016754158
9941,-0.020874016
9942,-0.02160646
9943,-0.02587894
9944,-0.024780288
9945,-0.01974488
9946,-0.013977036
9947,-0.010528564
9948,-0.008728035
9949,-0.0061340556
9950,-0.0016784407
9951,0.004486114
9952,0.010803245
9953,0.019287106
9954,0.023376446
9955,0.028259294
9956,0.030242927
9957,0.029968282
9958,0.03134155
9959,0.029327387
9960,0.027252201
9961,0.025360094
9962,0.030944824
9963,0.03384399
9964,0.027893092
9965,0.01791384
9966,0.01022337
9967,0.009277333
9968,0.008392315
9969,0.0034790486
9970,0.0004577823
9971,0.0014648214
9972,0.0061950274
9973,0.010314956
9974,0.006225623
9975,0.006469719
9976,0.0061340183
9977,0.007904075
9978,0.010742232
9979,0.010131873
9980,0.008209236
9981,0.0011596605
9982,-0.0045471154
9983,-0.011901848
9984,-0.017242413
9985,-0.018402126
9986,-0.017303493
9987,-0.018768333
9988,-0.02062987
9989,-0.024139397
9990,-0.028350826
9991,-0.032623287
9992,-0.032592777
9993,-0.03146361
9994,-0.031982433
9995,-0.033813484
9996,-0.037200935
9997,-0.03652954
9998,-0.034698486
9999,-0.02835083
10000,-0.028289795
10001,-0.030639678
10002,-0.029113755
10003,-0.019165039
10004,-0.0056762546
10005,0.0030212402
10006,0.0089721605
10007,0.010925315
10008,0.016387925
10009,0.021331757
10010,0.02600097
10011,0.02850342
10012,0.032379158
10013,0.037658677
10014,0.04010009
10015,0.036376957
10016,0.03057862
10017,0.024414068
10018,0.017913818
10019,0.014526368
10020,0.01361084
10021,0.015350338
10022,0.015289314
10023,0.013244627
10024,0.011260986
10025,0.008667
10026,0.008911148
10027,0.010162346
10028,0.010467522
10029,0.008148212
10030,0.002471935
10031,-6.104633e-05
10032,-0.004150413
10033,-0.008148193
10034,-0.010009762
10035,-0.010345465
10036,-0.008392332
10037,-0.009033201
10038,-0.008544913
10039,-0.0070190467
10040,-0.0059814416
10041,-0.0018615704
10042,0.0022888314
10043,0.0057983305
10044,0.005523674
10045,0.007629387
10046,0.011047386
10047,0.013275161
10048,0.012695309
10049,0.010772694
10050,0.013061505
10051,0.0108337775
10052,0.008667011
10053,0.007904079
10054,0.009704605
10055,0.012573212
10056,0.0071105957
10057,0.003540054
10058,0.0032653883
10059,0.0063171387
10060,0.0061645284
10061,0.0034789965
10062,0.00592041
10063,0.0066528246
10064,0.0064697266
10065,0.0040283054
10066,0.0031738281
10067,0.004425034
10068,0.0041504055
10069,0.0035400465
10070,0.0010986254
10071,-0.0015869141
10072,-0.0028686523
10073,-0.006011959
10074,-0.013488762
10075,-0.01916505
10076,-0.020141613
10077,-0.01925661
10078,-0.022186287
10079,-0.02792358
10080,-0.02774049
10081,-0.022460949
10082,-0.019470211
10083,-0.023040768
10084,-0.024200436
10085,-0.022613522
10086,-0.020690922
10087,-0.022277834
10088,-0.024017341
10089,-0.02352903
10090,-0.024261456
10091,-0.0253601
10092,-0.023773186
10093,-0.02468872
10094,-0.026428193
10095,-0.025360085
10096,-0.022064194
10097,-0.01538083
10098,-0.011596665
10099,-0.007934555
10100,-0.001403816
10101,0.0014037937
10102,0.009918198
10103,0.012329116
10104,0.015686043
10105,0.019104
10106,0.019866899
10107,0.024078377
10108,0.022888198
10109,0.023742689
10110,0.023132324
10111,0.021759028
10112,0.019927984
10113,0.019714357
10114,0.019256592
10115,0.017700193
10116,0.011505129
10117,0.009887693
10118,0.010375977
10119,0.011383057
10120,0.009307863
10121,0.0063781757
10122,0.0062866206
10123,0.0048828106
10124,0.0011596662
10125,-0.004455568
10126,-0.009674074
10127,-0.011932373
10128,-0.013946531
10129,-0.01434326
10130,-0.012115475
10131,-0.010528557
10132,-0.011810312
10133,-0.016296376
10134,-0.017242428
10135,-0.016662575
10136,-0.013458256
10137,-0.008483898
10138,0.00024414062
10139,0.004455555
10140,0.004089363
10141,0.004089359
10142,0.007232669
10143,0.009246813
10144,0.0141296275
10145,0.019012451
10146,0.025451658
10147,0.022369387
10148,0.017150879
10149,0.016632082
10150,0.013824462
10151,0.014739994
10152,0.010528559
10153,0.00927734
10154,0.0089721605
10155,0.008087173
10156,0.005950924
10157,-0.0015869252
10158,-0.0055847354
10159,-0.0068054153
10160,-0.0076598944
10161,-0.016113278
10162,-0.024414062
10163,-0.025695793
10164,-0.019165039
10165,-0.0171814
10166,-0.020202644
10167,-0.025054928
10168,-0.024902336
10169,-0.017822266
10170,-0.011108395
10171,-0.0050354265
10172,-0.0046997294
10173,-0.003112819
10174,1.8626451e-08
10175,-0.00012204051
10176,-1.1175871e-08
10177,0.0014037788
10178,0.0050048605
10179,0.0031738393
10180,0.0034179948
10181,0.0057983436
10182,0.009674072
10183,0.011840815
10184,0.010223404
10185,0.012115484
10186,0.011779779
10187,0.014556874
10188,0.015594477
10189,0.0145568885
10190,0.015319827
10191,0.016174316
10192,0.02035523
10193,0.01809693
10194,0.015014641
10195,0.01687621
10196,0.021514911
10197,0.025878944
10198,0.021148704
10199,0.015289295
10200,0.0105896
10201,0.01065065
10202,0.01068119
10203,0.008239731
10204,0.009765625
10205,0.009429939
10206,0.009582549
10207,0.0038146973
10208,0.00012204051
10209,-0.00045776367
10210,-0.007690415
10211,-0.012603737
10212,-0.018768303
10213,-0.015594505
10214,-0.013763439
10215,-0.016265877
10216,-0.013427712
10217,-0.012908945
10218,-0.009399416
10219,-0.011047358
10220,-0.013641367
10221,-0.010498047
10222,-0.008178715
10223,-0.003997799
10224,-0.004974368
10225,-0.0063171377
10226,-0.0055236816
10227,-0.006317135
10228,-0.008880615
10229,-0.011627199
10230,-0.010284425
10231,-0.011413572
10232,-0.0109558115
10233,-0.0138549805
10234,-0.014038086
10235,-0.0123291
10236,-0.011169437
10237,-0.0063781664
10238,-0.002746597
10239,0.000762932
10240,-0.0024719276
10241,-0.0025939848
10242,0.0031128014
10243,0.010162346
10244,0.0126953125
10245,0.011932373
10246,0.017791752
10247,0.021820068
10248,0.022338867
10249,0.014648439
10250,0.010772705
10251,0.012237549
10252,0.008666992
10253,0.0008850107
10254,-0.009948729
10255,-0.005950927
10256,-0.0034484863
10257,-0.007751464
10258,-0.01937866
10259,-0.020416256
10260,-0.010375976
10261,-0.0048828134
10262,-0.00592041
10263,-0.00939941
10264,-0.009368893
10265,-0.013366699
10266,-0.02478028
10267,-0.0044860914
10268,-0.011444081
10269,-0.028045632
10270,-0.03094482
10271,-0.013366722
10272,0.011138901
10273,-0.0035705566
10274,-0.012115482
10275,-0.0074462667
10276,-0.00582885
10277,-0.0046386644
10278,-0.0030822754
10279,-0.0020752102
10280,0.002563499
10281,0.0013733134
10282,-0.0021362156
10283,-0.0046996996
10284,-0.0010681525
10285,0.0039672926
10286,0.01235963
10287,0.009338386
10288,0.0008850023
10289,0.005798325
10290,0.018463124
10291,0.03942872
10292,0.030914314
10293,0.011718744
10294,0.010101296
10295,0.02243042
10296,0.039855972
10297,0.04080201
10298,0.03726196
10299,0.036315903
10300,0.03472902
10301,0.035095237
10302,0.02420044
10303,0.018554673
10304,0.017211884
10305,0.023773193
10306,0.021636963
10307,0.013946548
10308,0.009674057
10309,0.0103149265
10310,0.009033158
10311,0.006439224
10312,0.0018921047
10313,-0.0032348633
10314,-0.0016784668
10315,-0.0075683743
10316,-0.015686005
10317,-0.025512725
10318,-0.030578613
10319,-0.021972682
10320,-0.010833751
10321,-0.0154113695
10322,-0.019348137
10323,-0.018768314
10324,-0.016357448
10325,-0.016723642
10326,-0.023284914
10327,-0.019165024
10328,-0.020050041
10329,-0.019256594
10330,-0.008239746
10331,-0.00039672758
10332,-0.006561278
10333,-0.016662598
10334,-0.01309204
10335,-0.005920409
10336,-0.0042724633
10337,-0.0034179678
10338,0.0010070801
10339,-0.0010986347
10340,-0.011657716
10341,-0.011779786
10342,-0.0036621075
10343,0.0010681134
10344,-0.004608157
10345,-0.010437011
10346,9.313226e-10
10347,0.007080078
10348,0.009674073
10349,-0.00036620768
10350,-0.0133666955
10351,-0.0053710938
10352,0.0062866234
10353,0.01855469
10354,0.0008544957
10355,-0.009368895
10356,0.005401613
10357,0.013397217
10358,0.0053100577
10359,-0.0010986323
10360,0.012542726
10361,0.010345462
10362,-0.0059509287
10363,-0.014617922
10364,0.0003662128
10365,-0.0038757324
10366,-0.017791744
10367,-0.020629883
10368,-0.009704592
10369,-0.005218506
10370,-0.019714348
10371,-0.017211918
10372,-0.0003662072
10373,0.002441384
10374,-0.0107727125
10375,-0.02349855
10376,-0.017852783
10377,-0.021789528
10378,-0.028564475
10379,-0.03341677
10380,-0.036224365
10381,-0.04605101
10382,-0.0558777
10383,-0.061889634
10384,-0.05444339
10385,-0.04135132
10386,-0.03616333
10387,-0.03555295
10388,-0.035705566
10389,-0.021453917
10390,-0.0027160347
10391,0.008575439
10392,0.01983644
10393,0.033538803
10394,0.03491211
10395,0.047149688
10396,0.050292976
10397,0.05834964
10398,0.06726076
10399,0.05831909
10400,0.06832885
10401,0.06127929
10402,0.06896974
10403,0.067474365
10404,0.051574714
10405,0.03250122
10406,0.013946541
10407,0.023040768
10408,0.032318108
10409,0.015838642
10410,0.002380371
10411,0.011352539
10412,0.011535607
10413,-0.008819565
10414,-0.026458744
10415,-0.010772711
10416,-0.00036622398
10417,-0.010040283
10418,-0.018859856
10419,-0.011718743
10420,-0.0055542104
10421,-0.00985717
10422,0.0022888035
10423,0.012512229
10424,0.035400387
10425,0.035919167
10426,0.019744866
10427,0.016571052
10428,0.012146026
10429,0.017303467
10430,0.014160149
10431,-0.0014343262
10432,-0.0036620796
10433,-0.013427693
10434,-0.019592281
10435,-0.028778091
10436,-0.033569343
10437,-0.0048828013
10438,-0.0010986235
10439,-0.004791286
10440,-0.01684571
10441,-0.013031013
10442,-0.0020751879
10443,0.0039672963
10444,0.011474591
10445,0.00778196
10446,0.009521499
10447,0.016784705
10448,0.032043457
10449,0.01452636
10450,0.013732918
10451,0.042938262
10452,0.054901138
10453,0.051879913
10454,0.015899658
10455,0.00585939
10456,0.014312714
10457,0.013183579
10458,0.010040276
10459,-0.01211548
10460,-0.047332767
10461,-0.09472658
10462,-0.14468387
10463,-0.18829355
10464,-0.22796634
10465,-0.27371198
10466,-0.29647815
10467,-0.2911986
10468,-0.2862854
10469,-0.27752697
10470,-0.2684325
10471,-0.23016346
10472,-0.16271949
10473,-0.07232666
10474,0.030731082
10475,0.13269007
10476,0.23950183
10477,0.35821533
10478,0.43829355
10479,0.4855652
10480,0.5115356
10481,0.5084533
10482,0.5560303
10483,0.57180786
10484,0.5792849
10485,0.53759766
10486,0.48657238
10487,0.48406982
10488,0.4104916
10489,0.29904163
10490,0.17016602
10491,0.080963135
10492,0.015166998
10493,-0.090485215
10494,-0.22106957
10495,-0.3587036
10496,-0.48864746
10497,-0.5862123
10498,-0.6496583
10499,-0.68847656
10500,-0.6775818
10501,-0.6483765
10502,-0.58560175
10503,-0.50729376
10504,-0.43157935
10505,-0.36611962
10506,-0.31884766
10507,-0.24084479
10508,-0.12463391
10509,0.006683439
10510,0.1381836
10511,0.25729394
10512,0.36642468
10513,0.4366761
10514,0.46234122
10515,0.45593268
10516,0.44406137
10517,0.4161682
10518,0.36428815
10519,0.2857361
10520,0.20147735
10521,0.0949406
10522,-0.011383116
10523,-0.09191908
10524,-0.1757508
10525,-0.26309192
10526,-0.3638
10527,-0.4309997
10528,-0.46322632
10529,-0.4814148
10530,-0.48095703
10531,-0.45602417
10532,-0.38336182
10533,-0.28540015
10534,-0.19070423
10535,-0.10833758
10536,-0.014648557
10537,0.082855105
10538,0.16467321
10539,0.22326642
10540,0.25936887
10541,0.27731338
10542,0.2709657
10543,0.2467651
10544,0.21484374
10545,0.18020645
10546,0.14929199
10547,0.124114975
10548,0.10345452
10549,0.08743287
10550,0.085510254
10551,0.09609988
10552,0.11471561
10553,0.12365724
10554,0.12313843
10555,0.13067625
10556,0.13870247
10557,0.14236441
10558,0.12677002
10559,0.09832767
10560,0.06265271
10561,0.02066037
10562,-0.012237713
10563,-0.044128433
10564,-0.06414786
10565,-0.078277454
10566,-0.076751664
10567,-0.06558229
10568,-0.058227524
10569,-0.05645755
10570,-0.058502182
10571,-0.050292954
10572,-0.034637436
10573,-0.01864624
10574,-0.02005006
10575,-0.03543088
10576,-0.05728147
10577,-0.076110855
10578,-0.08547974
10579,-0.08288577
10580,-0.062225327
10581,-0.036132827
10582,-0.016052261
10583,-0.006927505
10584,-0.0043945387
10585,-0.0072936863
10586,-0.007293716
10587,-0.0010986775
10588,0.0043945014
10589,0.008270282
10590,0.019622818
10591,0.036041256
10592,0.057586625
10593,0.072387695
10594,0.088897705
10595,0.10122685
10596,0.10723877
10597,0.11456296
10598,0.11703499
10599,0.10852052
10600,0.09786984
10601,0.090301424
10602,0.08352658
10603,0.07348639
10604,0.057769924
10605,0.044250607
10606,0.01916492
10607,-0.0121766925
10608,-0.03311166
10609,-0.043884158
10610,-0.052093446
10611,-0.05831912
10612,-0.06823732
10613,-0.062317
10614,-0.06814574
10615,-0.070129395
10616,-0.060913116
10617,-0.05575562
10618,-0.056549102
10619,-0.07821657
10620,-0.084899925
10621,-0.07723999
10622,-0.07815552
10623,-0.074584976
10624,-0.07824708
10625,-0.07614137
10626,-0.073608376
10627,-0.06460571
10628,-0.053527847
10629,-0.045196548
10630,-0.03054808
10631,-0.032104462
10632,-0.022583008
10633,-0.014312759
10634,0.006317124
10635,0.020538345
10636,0.027893059
10637,0.04312133
10638,0.05557248
10639,0.062225327
10640,0.065002434
10641,0.062042244
10642,0.0592041
10643,0.058959976
10644,0.05093383
10645,0.039642338
10646,0.030242916
10647,0.022521975
10648,0.009552008
10649,-0.006744395
10650,-0.016723638
10651,-0.01712036
10652,-0.014434805
10653,-0.011322018
10654,-0.004547121
10655,-0.0019836463
10656,-0.00363159
10657,-0.0029296838
10658,-0.002441408
10659,0.005676266
10660,0.008117674
10661,0.01342774
10662,-0.00021362095
10663,-0.015197756
10664,-0.0059509315
10665,-0.0040588398
10666,-0.0065612774
10667,-0.024230955
10668,-0.021331787
10669,-0.0022277832
10670,-0.0006103497
10671,0.001312254
10672,-0.01239014
10673,-0.01654053
10674,-0.0067138635
10675,-0.004821779
10676,0.0009765569
10677,-0.0027160756
10678,0.0030822903
10679,0.0063476562
10680,0.001525877
10681,0.0024413916
10682,0.0010375995
10683,0.0073242337
10684,0.013946541
10685,0.024230963
10686,0.03451538
10687,0.034728996
10688,0.032012932
10689,0.025634773
10690,0.02523806
10691,0.024688713
10692,0.017181389
10693,0.008636452
10694,-0.004821781
10695,-0.010925312
10696,-0.011260986
10697,-0.011901848
10698,-0.015747074
10699,-0.025909431
10700,-0.031433117
10701,-0.031127917
10702,-0.032073967
10703,-0.034027085
10704,-0.033843994
10705,-0.02890016
10706,-0.021820053
10707,-0.016113274
10708,-0.02337645
10709,-0.0281067
10710,-0.029815689
10711,-0.019958489
10712,-0.009765618
10713,-0.010681145
10714,-0.014068626
10715,-0.025604263
10716,-0.016540527
10717,0.010406509
10718,0.02648928
10719,0.012969971
10720,-0.008422874
10721,-0.011047386
10722,0.003936775
10723,0.015136726
10724,0.018280022
10725,0.00955198
10726,-0.006164558
10727,-0.015808098
10728,-0.018066421
10729,-0.015045166
10730,-0.016723633
10731,-0.018219009
10732,-0.017486557
10733,-0.014831558
10734,-0.017181396
10735,-0.0274048
10736,-0.030090332
10737,-0.033325195
10738,-0.031402603
10739,-0.027252227
10740,-0.020629898
10741,-0.018737793
10742,-0.020294175
10743,-0.01580812
10744,-0.004821822
10745,0.011199936
10746,0.022613525
10747,0.028198272
10748,0.03295897
10749,0.036560044
10750,0.03790281
10751,0.032043472
10752,0.027709968
10753,0.032104507
10754,0.036041252
10755,0.03738404
10756,0.034393307
10757,0.029052742
10758,0.027923584
10759,0.025695793
10760,0.03265379
10761,0.032806396
10762,0.037109368
10763,0.046173103
10764,0.052947998
10765,0.057800323
10766,0.048889145
10767,0.053863496
10768,0.061157227
10769,0.06274417
10770,0.054717988
10771,0.041503876
10772,0.028167754
10773,0.019378692
10774,0.01467894
10775,0.007751435
10776,-0.004425034
10777,-0.016357392
10778,-0.024902344
10779,-0.026977539
10780,-0.02526857
10781,-0.01739502
10782,-0.013092041
10783,-0.014160156
10784,-0.013458237
10785,-0.011261001
10786,-0.010345459
10787,-0.011688232
10788,-0.0052185208
10789,-0.00076290965
10790,0.0015564412
10791,0.00308232
10792,0.007080093
10793,0.010009751
10794,0.0004272461
10795,-0.0054931194
10796,-0.0049743503
10797,-0.0066222847
10798,-0.00976561
10799,-0.020019494
10800,-0.018157959
10801,-0.015991211
10802,-0.015228242
10803,-0.01358033
10804,-0.01824952
10805,-0.0073547214
10806,-0.012084957
10807,-0.012695305
10808,-0.016571075
10809,-0.016662592
10810,-0.008453367
10811,-0.012207037
10812,-0.010925295
10813,-0.01824952
10814,-0.020080559
10815,-0.014465325
10816,-0.005371101
10817,0.0039977953
10818,0.008575447
10819,0.016906757
10820,0.012084961
10821,0.008544892
10822,0.004364006
10823,0.006652858
10824,0.010162372
10825,0.0057372786
10826,0.0033264123
10827,-0.002777096
10828,-0.0057678185
10829,-0.0028991923
10830,0.00039673224
10831,-0.0016174093
10832,-0.0072021764
10833,-0.01208497
10834,-0.015502933
10835,-0.01837157
10836,-0.019317616
10837,-0.0210266
10838,-0.022583006
10839,-0.022155765
10840,-0.021698
10841,-0.017852785
10842,-0.013519289
10843,-0.0061340313
10844,0.0021057124
10845,0.0053100577
10846,0.011138916
10847,0.0154418945
10848,0.018798832
10849,0.021728516
10850,0.023590082
10851,0.020629894
10852,0.020355236
10853,0.020141594
10854,0.020019539
10855,0.006225586
10856,-0.0065917894
10857,-0.008941662
10858,-0.0005798321
10859,0.014068615
10860,-0.006683355
10861,-0.030090332
10862,-0.022491463
10863,-0.0017089844
10864,0.0065002423
10865,-0.0062561072
10866,0.013214111
10867,-0.006439211
10868,-0.006958006
10869,0.001312254
10870,0.018493649
10871,0.009063718
10872,-0.033203125
10873,-0.028228756
10874,-0.022979734
10875,-0.02340699
10876,-0.023986822
10877,-0.022888184
10878,-0.021942127
10879,-0.011138916
10880,-0.010314949
10881,-0.003356956
10882,-0.004852291
10883,-0.0059814267
10884,0.0088196
10885,0.0202942
10886,0.02374266
10887,0.0140991155
10888,0.0026855431
10889,-0.0028991662
10890,-0.0073547363
10891,-0.012847908
10892,-0.028167732
10893,-0.033081062
10894,-0.03942872
10895,-0.04827881
10896,-0.049652115
10897,-0.052642852
10898,-0.0463257
10899,-0.049194366
10900,-0.047149673
10901,-0.040191665
10902,-0.03439331
10903,-0.025970489
10904,-0.01562503
10905,-0.0039367527
10906,0.0039672703
10907,0.011627182
10908,0.0184021
10909,0.031341583
10910,0.040405244
10911,0.04751584
10912,0.05291746
10913,0.05816652
10914,0.060821533
10915,0.063568085
10916,0.059173565
10917,0.05343628
10918,0.045593277
10919,0.03979492
10920,0.04135131
10921,0.03826904
10922,0.032959
10923,0.022064216
10924,0.013946503
10925,0.011810288
10926,0.005187977
10927,-0.0011596456
10928,-0.009033207
10929,-0.014892586
10930,-0.017456066
10931,-0.01965333
10932,-0.01916504
10933,-0.028381357
10934,-0.035736065
10935,-0.036163338
10936,-0.031005861
10937,-0.028778076
10938,-0.032867435
10939,-0.031036358
10940,-0.028167732
10941,-0.02209472
10942,-0.017425545
10943,-0.01272583
10944,-0.01049801
10945,-0.009765618
10946,-0.0035705715
10947,0.004852295
10948,0.010192871
10949,0.016021702
10950,0.01623533
10951,0.01712035
10952,0.020507833
10953,0.024963392
10954,0.027465798
10955,0.02182005
10956,0.019592272
10957,0.018096931
10958,0.016418466
10959,0.017150883
10960,0.016937254
10961,0.01321411
10962,0.004730225
10963,0.0019226093
10964,0.007385254
10965,0.0070190392
10966,0.004760742
10967,0.0047912598
10968,0.0073547363
10969,0.0062561035
10970,0.001831051
10971,0.0072631836
10972,0.014373787
10973,0.01675414
10974,0.01370237
10975,0.00961303
10976,0.010650657
10977,0.012908936
10978,0.012878414
10979,0.011260979
10980,0.007659927
10981,0.003295876
10982,-0.0037536547
10983,-0.0039978027
10984,0.0018920675
10985,0.004455555
10986,-0.0007018931
10987,-0.005126957
10988,-0.0015564188
10989,-0.00042723864
10990,-0.0073241927
10991,-0.012695309
10992,-0.013824476
10993,-0.010009758
10994,-0.013305649
10995,-0.014739985
10996,-0.012481699
10997,-0.007873543
10998,-0.0007018931
10999,0.0033264235
11000,0.0068054125
11001,0.00982666
11002,0.01217651
11003,0.016693123
11004,0.019439697
11005,0.02322387
11006,0.022735566
11007,0.018066376
11008,0.013214089
11009,0.012359619
11010,0.009490959
11011,0.0048828274
11012,0.0031738281
11013,0.0021972954
11014,-0.0031432956
11015,-0.014831517
11016,-0.019805897
11017,-0.02243042
11018,-0.024169914
11019,-0.027801525
11020,-0.03192138
11021,-0.03598022
11022,-0.041748043
11023,-0.04556276
11024,-0.048706066
11025,-0.052062996
11026,-0.05053711
11027,-0.045806915
11028,-0.047790542
11029,-0.06155397
11030,-0.07922365
11031,-0.08990486
11032,-0.07775873
11033,-0.03491214
11034,0.011505142
11035,0.0072326213
11036,-0.049926765
11037,-0.069519065
11038,-0.010009795
11039,0.090148926
11040,0.17987059
11041,0.23858643
11042,0.22912595
11043,0.15707387
11044,0.09576416
11045,0.11920172
11046,0.2092591
11047,0.30416858
11048,0.3842774
11049,0.41442883
11050,0.36935437
11051,0.25451636
11052,0.10897833
11053,-0.028808475
11054,-0.13189673
11055,-0.1818847
11056,-0.19149798
11057,-0.20434576
11058,-0.24490367
11059,-0.2907409
11060,-0.31353754
11061,-0.3027954
11062,-0.2748413
11063,-0.24932864
11064,-0.23831166
11065,-0.23526013
11066,-0.2220459
11067,-0.19692999
11068,-0.16339096
11069,-0.12283337
11070,-0.07592797
11071,-0.026183903
11072,0.017456144
11073,0.04409802
11074,0.045532227
11075,0.022033632
11076,-0.017333865
11077,-0.054992795
11078,-0.082672
11079,-0.09161383
11080,-0.084014714
11081,-0.06640589
11082,-0.040374756
11083,-0.012237519
11084,0.018951476
11085,0.049316704
11086,0.07901016
11087,0.11068736
11088,0.14285286
11089,0.17706287
11090,0.20300302
11091,0.2193298
11092,0.22497559
11093,0.21798705
11094,0.20138553
11095,0.17599486
11096,0.14883423
11097,0.121276826
11098,0.09475708
11099,0.05593875
11100,0.0007019341
11101,-0.03250119
11102,-0.02243045
11103,0.0041503757
11104,0.0039673
11105,-0.023773208
11106,-0.045257583
11107,-0.04510498
11108,-0.034179658
11109,-0.028137222
11110,-0.032653823
11111,-0.03402713
11112,-0.017089814
11113,0.0013427585
11114,0.01473999
11115,0.02267453
11116,0.028076187
11117,0.03369139
11118,0.03591919
11119,0.033996567
11120,0.01821898
11121,-0.013519287
11122,-0.04623413
11123,-0.076293916
11124,-0.10171507
11125,-0.12820433
11126,-0.15188599
11127,-0.15948486
11128,-0.15185547
11129,-0.13143921
11130,-0.110565186
11131,-0.0892334
11132,-0.06555176
11133,-0.0391846
11134,-0.0056762546
11135,0.0300598
11136,0.05981446
11137,0.08126828
11138,0.098419175
11139,0.111999504
11140,0.11755372
11141,0.11151126
11142,0.107696526
11143,0.10620115
11144,0.10543823
11145,0.099121094
11146,0.0854187
11147,0.0701599
11148,0.05249025
11149,0.03930661
11150,0.032287568
11151,0.022583008
11152,0.013519287
11153,0.002105713
11154,-0.008728042
11155,-0.020996094
11156,-0.035400406
11157,-0.040740967
11158,-0.042724624
11159,-0.042938232
11160,-0.048217773
11161,-0.055694595
11162,-0.061553955
11163,-0.06173706
11164,-0.058319077
11165,-0.05325317
11166,-0.049682617
11167,-0.048126236
11168,-0.045806877
11169,-0.040802006
11170,-0.03314208
11171,-0.030059822
11172,-0.028747559
11173,-0.030090287
11174,-0.02639772
11175,-0.020782478
11176,-0.015228264
11177,-0.009033203
11178,-0.005767837
11179,-0.0052490383
11180,-0.00585939
11181,-0.0053100586
11182,-0.0028381646
11183,-0.001739502
11184,0.00036619604
11185,0.004119873
11186,0.004180938
11187,0.0028381497
11188,0.0047302395
11189,0.0070800856
11190,0.0062561184
11191,0.003112793
11192,0.0041198656
11193,0.010009758
11194,0.013153061
11195,0.01473996
11196,0.014984094
11197,0.018676735
11198,0.02365111
11199,0.028198227
11200,0.030334465
11201,0.029144293
11202,0.030242937
11203,0.033264175
11204,0.036376953
11205,0.03173828
11206,0.021697998
11207,0.00985717
11208,0.0014953557
11209,-0.0018005483
11210,-0.0025634728
11211,-0.0054626483
11212,-0.011077881
11213,-0.016510008
11214,-0.023895264
11215,-0.024749745
11216,-0.022125244
11217,-0.016937256
11218,-0.017181396
11219,-0.016113266
11220,-0.011138901
11221,-0.0074768104
11222,-0.002838146
11223,-0.0010375902
11224,0.00024417043
11225,-0.00033567846
11226,0.0006103255
11227,0.0074157603
11228,0.009765632
11229,0.015045183
11230,0.01962281
11231,0.027160631
11232,0.03482054
11233,0.036834717
11234,0.03778076
11235,0.034667976
11236,0.03350827
11237,0.03189087
11238,0.032806374
11239,0.03155519
11240,0.023712173
11241,0.014434829
11242,0.005706772
11243,0.00039672852
11244,-0.00778196
11245,-0.015319802
11246,-0.020721443
11247,-0.025085464
11248,-0.030364983
11249,-0.036102295
11250,-0.04052736
11251,-0.043609627
11252,-0.045593273
11253,-0.044036873
11254,-0.042297356
11255,-0.042602547
11256,-0.043487553
11257,-0.041229278
11258,-0.032714874
11259,-0.026885986
11260,-0.02349855
11261,-0.024291977
11262,-0.021820098
11263,-0.015289307
11264,-0.00680542
11265,0.0002746582
11266,-0.0009460598
11267,0.0013732612
11268,0.00390625
11269,0.008941613
11270,0.010498032
11271,0.009979203
11272,0.013977036
11273,0.016510047
11274,0.01736451
11275,0.013488762
11276,0.012084942
11277,0.014984123
11278,0.017547607
11279,0.01928711
11280,0.017517094
11281,0.020996114
11282,0.0218506
11283,0.0239563
11284,0.027526848
11285,0.03192138
11286,0.036712646
11287,0.039306633
11288,0.04415892
11289,0.042694107
11290,0.039276123
11291,0.038238503
11292,0.038848847
11293,0.037963882
11294,0.030456558
11295,0.022399902
11296,0.015991181
11297,0.013641372
11298,0.009429932
11299,0.004058838
11300,-0.0019836128
11301,-0.004363999
11302,-0.008697525
11303,-0.013763458
11304,-0.013092041
11305,-0.013061501
11306,-0.01364138
11307,-0.013793953
11308,-0.009216294
11309,-0.0048522875
11310,-0.0034179762
11311,0.0015564188
11312,0.003478989
11313,0.0048828125
11314,0.0043640137
11315,0.00302127
11316,0.0043640137
11317,0.0045471042
11318,0.0022277534
11319,-0.0012817383
11320,-0.004211411
11321,-0.0019836724
11322,0.0018005222
11323,-0.0025024563
11324,-0.0029907078
11325,-0.004669197
11326,-0.0047302395
11327,-0.0074767917
11328,-0.01275631
11329,-0.012329109
11330,-0.009399407
11331,-0.0026245192
11332,6.105751e-05
11333,-0.004547149
11334,-0.0134887695
11335,-0.014709473
11336,-0.012725804
11337,-0.01354982
11338,-0.017303474
11339,-0.01629637
11340,-0.01501463
11341,-0.020599369
11342,-0.026031509
11343,-0.02957154
11344,-0.026275633
11345,-0.025634762
11346,-0.022216802
11347,-0.019439697
11348,-0.020446777
11349,-0.021911632
11350,-0.02728273
11351,-0.030487068
11352,-0.030517578
11353,-0.027435288
11354,-0.023407012
11355,-0.026000977
11356,-0.027252212
11357,-0.027618393
11358,-0.022796616
11359,-0.016418442
11360,-0.009429932
11361,-0.00195314
11362,0.0027160868
11363,0.00885012
11364,0.015411399
11365,0.023681656
11366,0.02636718
11367,0.02795408
11368,0.027038582
11369,0.027587898
11370,0.027069105
11371,0.024597166
11372,0.023345934
11373,0.020477297
11374,0.016540527
11375,0.006164562
11376,-0.003753662
11377,-0.012054455
11378,-0.018066421
11379,-0.025024418
11380,-0.029724099
11381,-0.032470733
11382,-0.035278365
11383,-0.03836064
11384,-0.040466323
11385,-0.042511016
11386,-0.04339601
11387,-0.04089357
11388,-0.036956787
11389,-0.03179933
11390,-0.028717041
11391,-0.023071289
11392,-0.016052261
11393,-0.006713867
11394,0.0024108738
11395,0.010864258
11396,0.022216767
11397,0.031250015
11398,0.034545884
11399,0.03704834
11400,0.042480454
11401,0.048706047
11402,0.046936046
11403,0.04458618
11404,0.048065186
11405,0.05032348
11406,0.047271717
11407,0.04071044
11408,0.03823852
11409,0.035125725
11410,0.032012947
11411,0.028503431
11412,0.027526848
11413,0.027496338
11414,0.027709939
11415,0.030792259
11416,0.030212395
11417,0.029754654
11418,0.028655998
11419,0.027130127
11420,0.024017334
11421,0.019317642
11422,0.016235322
11423,0.013885453
11424,0.01071164
11425,0.004394546
11426,-0.0033263713
11427,-0.009948745
11428,-0.014190674
11429,-0.013580322
11430,-0.016387902
11431,-0.019195542
11432,-0.022582993
11433,-0.025848389
11434,-0.028961197
11435,-0.030914325
11436,-0.028961213
11437,-0.027984617
11438,-0.026092507
11439,-0.027923571
11440,-0.026000982
11441,-0.026245117
11442,-0.026641838
11443,-0.027374256
11444,-0.029541023
11445,-0.027862556
11446,-0.02734375
11447,-0.0246582
11448,-0.022979736
11449,-0.018096931
11450,-0.013885513
11451,-0.00994876
11452,-0.0075683817
11453,-0.0036926419
11454,0.0048217773
11455,0.011871316
11456,0.019042963
11457,0.023101822
11458,0.026672386
11459,0.028747566
11460,0.031494133
11461,0.036468495
11462,0.03631591
11463,0.03598024
11464,0.033691403
11465,0.032897953
11466,0.030700676
11467,0.026367188
11468,0.023773186
11469,0.01690673
11470,0.010803252
11471,0.0059814677
11472,0.0049133375
11473,0.0028991774
11474,3.052503e-05
11475,-0.0028686076
11476,-0.0032653362
11477,-0.008178681
11478,-0.009002693
11479,-0.0077209696
11480,-0.00534055
11481,-0.002899155
11482,-0.0070800707
11483,-0.008148231
11484,-0.010711689
11485,-0.0101318285
11486,-0.010223396
11487,-0.011444125
11488,-0.012115486
11489,-0.011047348
11490,-0.010803217
11491,-0.013061536
11492,-0.013122562
11493,-0.016754143
11494,-0.021606442
11495,-0.026580809
11496,-0.024658207
11497,-0.017944328
11498,-0.016418455
11499,-0.017974861
11500,-0.01986694
11501,-0.020385735
11502,-0.019226048
11503,-0.014801048
11504,-0.010894783
11505,-0.009338364
11506,-0.008026123
11507,-0.008758545
11508,-0.008636482
11509,-0.008728027
11510,-0.003936775
11511,0.002319336
11512,0.005950924
11513,0.0128784105
11514,0.014617898
11515,0.016937256
11516,0.018920895
11517,0.025268551
11518,0.034698498
11519,0.037292484
11520,0.03683473
11521,0.035736084
11522,0.03527831
11523,0.03503416
11524,0.029815689
11525,0.025909416
11526,0.022186272
11527,0.020324662
11528,0.01953125
11529,0.018218994
11530,0.0146789625
11531,0.008270264
11532,0.0031738356
11533,0.0007934272
11534,0.0003662184
11535,0.0009766072
11536,-0.0007323921
11537,-0.0024414212
11538,-0.0050964653
11539,-0.0066833496
11540,-0.0072021335
11541,-0.010314941
11542,-0.013061531
11543,-0.013061538
11544,-0.0130615495
11545,-0.013702385
11546,-0.013549775
11547,-0.0140686035
11548,-0.017730724
11549,-0.020324742
11550,-0.016387932
11551,-0.008697502
11552,-0.0051574744
11553,-0.00442506
11554,-0.0044860914
11555,-0.0024108812
11556,0.004669182
11557,0.011505131
11558,0.012237541
11559,0.0026855562
11560,-0.0065307636
11561,-0.015930172
11562,-0.020324692
11563,-0.018096928
11564,-0.014617917
11565,-0.013916017
11566,-0.019622803
11567,-0.020324707
11568,-0.018707275
11569,-0.018585209
11570,-0.020782478
11571,-0.021728508
11572,-0.02035524
11573,-0.021972671
11574,-0.0270691
11575,-0.03253173
11576,-0.036285385
11577,-0.03448488
11578,-0.031433105
11579,-0.027313232
11580,-0.026611328
11581,-0.025299072
11582,-0.022521973
11583,-0.019256577
11584,-0.016143799
11585,-0.011016846
11586,-0.0058898926
11587,1.4901161e-08
11588,0.0027465671
11589,0.00686647
11590,0.014404312
11591,0.021270752
11592,0.02740477
11593,0.028594948
11594,0.0303955
11595,0.03341676
11596,0.035339367
11597,0.034606926
11598,0.032104477
11599,0.028564457
11600,0.030242948
11601,0.030883804
11602,0.027221682
11603,0.0175476
11604,0.008056637
11605,0.011016848
11606,0.006805422
11607,0.0019836444
11608,-0.00418091
11609,-0.0052185077
11610,-0.0049743634
11611,-0.011199953
11612,-0.011138909
11613,-0.009979252
11614,-0.006011963
11615,-0.004760755
11616,-0.0031127967
11617,0.0010986347
11618,0.00738525
11619,0.01199341
11620,0.012756347
11621,0.012390137
11622,0.014801025
11623,0.017425537
11624,0.017700195
11625,0.013671877
11626,0.008544926
11627,0.0049438495
11628,0.0026245154
11629,0.0012512226
11630,-0.0017700209
11631,-0.0015258798
11632,-0.004119874
11633,-0.005218507
11634,-0.009033207
11635,-0.008514406
11636,-0.0064086895
11637,-0.0032958984
11638,0.0011901843
11639,0.0012817363
11640,0.0011901848
11641,-0.00076293945
11642,-0.00024414062
11643,0.00045776553
11644,-0.0017089862
11645,0.0005493164
11646,0.002929686
11647,0.006072999
11648,0.005645751
11649,0.002319336
11650,-0.00061034784
11651,-0.00289917
11652,-0.0016784687
11653,0.0017700214
11654,0.0052490253
11655,0.008666994
11656,0.007324217
11657,0.005767824
11658,0.0025024414
11659,0.0020141583
11660,0.0029296875
11661,-0.00073242094
11662,-0.0057067876
11663,-0.009185793
11664,-0.007995607
11665,-0.006408691
11666,-0.0068969727
11667,-0.0057983384
11668,-0.0029602058
11669,-0.00054931734
11670,-0.0018310552
11671,-0.0016784656
11672,-0.002044677
11673,-0.0006103527
11674,-0.0006713867
11675,-0.0031738274
11676,-0.0065307627
11677,-0.0055541983
11678,-0.0024108905
11679,-0.0035705566
11680,-0.0067443857
11681,-0.0076904306
11682,-0.0023498563
11683,-0.0011901902
11684,-0.0004882794
11685,0.0023193327
11686,0.0062255836
11687,0.006805421
11688,0.008789062
11689,0.01287842
11690,0.016326899
11691,0.019958504
11692,0.021209717
11693,0.022003159
11694,0.023345929
11695,0.022583023
11696,0.023407012
11697,0.022033699
11698,0.020233132
11699,0.018493645
11700,0.012207024
11701,0.008789092
11702,0.0071106255
11703,0.0068054274
11704,0.007232636
11705,0.0031432956
11706,0.0011902004
11707,-0.0020752102
11708,-0.005218528
11709,-0.0084839165
11710,-0.014007598
11711,-0.013885502
11712,-0.01721191
11713,-0.019256584
11714,-0.02142335
11715,-0.02325439
11716,-0.022766087
11717,-0.021881092
11718,-0.022979736
11719,-0.024719246
11720,-0.025177006
11721,-0.024230959
11722,-0.022369394
11723,-0.023406966
11724,-0.022064202
11725,-0.019622795
11726,-0.017150901
11727,-0.012969978
11728,-0.013305642
11729,-0.013519283
11730,-0.017242432
11731,-0.016601592
11732,-0.01153563
11733,-0.006500274
11734,-0.0037231445
11735,-0.0065307766
11736,-0.004730217
11737,0.0026550181
11738,0.011260971
11739,0.014495838
11740,0.016296364
11741,0.018371578
11742,0.0241699
11743,0.027709967
11744,0.03341675
11745,0.03707886
11746,0.037689216
11747,0.03463746
11748,0.029663082
11749,0.024932835
11750,0.021759022
11751,0.021118175
11752,0.01739503
11753,0.0093383975
11754,0.0011901557
11755,0.00024412945
11756,0.0015869215
11757,-0.0013732761
11758,-0.008605953
11759,-0.012939453
11760,-0.009216327
11761,-0.006866459
11762,-0.009094244
11763,-0.012512192
11764,-0.011138905
11765,-0.012847906
11766,-0.018005373
11767,-0.020294195
11768,-0.019683836
11769,-0.018280024
11770,-0.023132341
11771,-0.025390632
11772,-0.024627678
11773,-0.02593993
11774,-0.02828981
11775,-0.034149177
11776,-0.033020027
11777,-0.028564438
11778,-0.02319336
11779,-0.01876831
11780,-0.017242417
11781,-0.01290895
11782,-0.015136674
11783,-0.00781247
11784,-0.000579834
11785,0.0033874363
11786,0.009277329
11787,0.013275169
11788,0.021087646
11789,0.022399869
11790,0.024230927
11791,0.033081032
11792,0.037475593
11793,0.036071777
11794,0.033691414
11795,0.03506469
11796,0.03601074
11797,0.033355713
11798,0.02883912
11799,0.030578617
11800,0.028808579
11801,0.020690918
11802,0.016754143
11803,0.016693138
11804,0.017852783
11805,0.01486209
11806,0.012603752
11807,0.0075683743
11808,0.0003967136
11809,-0.004089348
11810,-0.005615223
11811,-0.007995624
11812,-0.0132446475
11813,-0.011657745
11814,-0.011047352
11815,-0.011962883
11816,-0.013397243
11817,-0.012512229
11818,-0.009277344
11819,-0.007934552
11820,-0.008148178
11821,-0.009521484
11822,-0.0070495605
11823,-0.0027160645
11824,0.0009460449
11825,-0.0008239746
11826,-0.0032043457
11827,-0.0025939941
11828,0.00039672852
11829,0.0031433105
11830,0.0032043532
11831,0.0014038049
11832,-0.00021363422
11833,0.0011596717
11834,0.0039978065
11835,0.004852306
11836,0.002716031
11837,-0.0007629506
11838,-0.00094604865
11839,-0.0025024302
11840,-0.0052795336
11841,-0.010742195
11842,-0.0154418945
11843,-0.017974855
11844,-0.020202627
11845,-0.023040766
11846,-0.02987672
11847,-0.03335572
11848,-0.032073982
11849,-0.029296864
11850,-0.027526867
11851,-0.024658233
11852,-0.017059334
11853,-0.011535637
11854,-0.008117691
11855,-0.004425045
11856,0.00149538
11857,0.0056762993
11858,0.011230484
11859,0.016784672
11860,0.020385753
11861,0.02111818
11862,0.02029419
11863,0.023101792
11864,0.0245056
11865,0.028350823
11866,0.026794435
11867,0.025604255
11868,0.02200317
11869,0.019073492
11870,0.01519775
11871,0.010284413
11872,0.0073852427
11873,0.0044555776
11874,0.0032043606
11875,-0.00021362677
11876,-0.0023803897
11877,-0.0025329664
11878,-0.0038146917
11879,-0.0046081524
11880,-0.00515747
11881,-0.0042419424
11882,-0.0054626465
11883,-0.008666988
11884,-0.0097351065
11885,-0.007019045
11886,-0.00216675
11887,0.0039978046
11888,0.0046997108
11889,0.005462652
11890,0.008026116
11891,0.011322014
11892,0.011352554
11893,0.009887695
11894,0.013183594
11895,0.016174283
11896,0.014801025
11897,0.009246819
11898,0.006225571
11899,0.0028991438
11900,-0.0014648587
11901,-0.009155285
11902,-0.0107727125
11903,-0.012420634
11904,-0.014953613
11905,-0.018402105
11906,-0.021698005
11907,-0.02676391
11908,-0.031005852
11909,-0.031250007
11910,-0.029876716
11911,-0.029052723
11912,-0.02746582
11913,-0.02368166
11914,-0.021026641
11915,-0.018585213
11916,-0.012908928
11917,-0.004760757
11918,0.001678437
11919,0.010070786
11920,0.01837158
11921,0.023773178
11922,0.025695793
11923,0.029602043
11924,0.033569343
11925,0.03457642
11926,0.033142094
11927,0.033050522
11928,0.025421146
11929,0.013458259
11930,0.0069274977
11931,0.009796135
11932,0.009033192
11933,-0.0032959022
11934,-0.013305664
11935,-0.013122559
11936,-0.006652832
11937,-0.003753664
11938,-0.00808716
11939,-0.010253906
11940,-0.008789062
11941,-0.01025391
11942,-0.015655521
11943,-0.021881096
11944,-0.02664185
11945,-0.028808594
11946,-0.03045655
11947,-0.030364975
11948,-0.028503403
11949,-0.030120857
11950,-0.029876724
11951,-0.025573738
11952,-0.02078247
11953,-0.015289322
11954,-0.012695327
11955,-0.004760772
11956,0.00057982653
11957,0.004486054
11958,0.006805435
11959,0.009033211
11960,0.0120849535
11961,0.01171875
11962,0.0152587965
11963,0.0137024
11964,0.011138931
11965,0.0068054274
11966,0.003295876
11967,0.0018310398
11968,-0.0014648438
11969,-0.0026549995
11970,-0.0041503757
11971,-0.0046081617
11972,-0.0034179837
11973,-0.00289917
11974,-0.0015869215
11975,-0.004364006
11976,-0.006591812
11977,-0.00683593
11978,-0.006103538
11979,-0.0039367676
11980,-0.0043945312
11981,-0.0057373196
11982,-0.003478989
11983,-0.0011596903
11984,0.0010986626
11985,0.0010986328
11986,0.0018616021
11987,0.0067138635
11988,0.011932351
11989,0.015228257
11990,0.019073475
11991,0.021667484
11992,0.025299048
11993,0.0278015
11994,0.029449461
11995,0.032043472
11996,0.030883789
11997,0.030517576
11998,0.031311035
11999,0.029571544
12000,0.02545166
12001,0.020324696
12002,0.020294178
12003,0.016265847
12004,0.01077272
12005,0.0063476674
12006,0.0040588193
12007,0.0014648288
12008,-0.0018615611
12009,-0.0023803413
12010,-0.00082398206
12011,-0.00256351
12012,-0.000488285
12013,0.0029602349
12014,0.0061035007
12015,0.009155244
12016,0.012329087
12017,0.019073501
12018,0.017730713
12019,0.015533432
12020,0.014862038
12021,0.017700225
12022,0.02185063
12023,0.017303497
12024,0.009979218
12025,0.0011596233
12026,-0.0048217475
12027,-0.0075988322
12028,-0.013641357
12029,-0.01583866
12030,-0.015380889
12031,-0.01361084
12032,-0.0115051195
12033,-0.013854995
12034,-0.014770512
12035,-0.015838645
12036,-0.012481682
12037,-0.007232666
12038,-0.0024414174
12039,0.0018920973
12040,0.00064089894
12041,-0.0010986254
12042,-0.0012207106
12043,0.0011291429
12044,0.0047912747
12045,0.002136249
12046,-0.0003356859
12047,-0.0044860616
12048,-0.0032958947
12049,-0.0011291578
12050,-0.0010680892
12051,-0.0013427921
12052,-0.00012206286
12053,0.0041808635
12054,0.006652832
12055,0.0052795336
12056,0.0055236593
12057,0.0068969727
12058,0.009185769
12059,0.008361831
12060,0.0050964206
12061,0.0045166165
12062,0.0029297099
12063,-0.001159668
12064,-0.005401604
12065,-0.0074157566
12066,-0.0097350925
12067,-0.011016861
12068,-0.0119323805
12069,-0.010070816
12070,-0.0088195875
12071,-0.005462665
12072,0.0003662184
12073,0.004364021
12074,0.0052795485
12075,0.007446289
12076,0.010436989
12077,0.014251687
12078,0.015625
12079,0.015289299
12080,0.014801025
12081,0.012390107
12082,0.010436997
12083,0.0071411207
12084,0.0075378716
12085,0.009277359
12086,0.008728027
12087,0.0067138746
12088,-0.0017699748
12089,-0.009338364
12090,-0.016082752
12091,-0.021453857
12092,-0.02682494
12093,-0.03332518
12094,-0.03527831
12095,-0.03662107
12096,-0.038482666
12097,-0.03649904
12098,-0.037841808
12099,-0.04119872
12100,-0.042480476
12101,-0.04132081
12102,-0.038482666
12103,-0.04434204
12104,-0.044128433
12105,-0.04162599
12106,-0.040710434
12107,-0.039733917
12108,-0.039978042
12109,-0.03741455
12110,-0.035705596
12111,-0.034149185
12112,-0.030883789
12113,-0.026367188
12114,-0.022522002
12115,-0.016845733
12116,-0.014099091
12117,-0.010345459
12118,-0.008758515
12119,-0.008422822
12120,-0.0050353706
12121,0.0028381944
12122,0.011993438
12123,0.016754195
12124,0.01782228
12125,0.019287124
12126,0.02551271
12127,0.030334458
12128,0.032226562
12129,0.031036377
12130,0.030792221
12131,0.034301743
12132,0.03359987
12133,0.02902224
12134,0.021820076
12135,0.018005364
12136,0.016418472
12137,0.013397224
12138,0.0051574484
12139,-0.0028381273
12140,-0.007385239
12141,-0.010742173
12142,-0.013916001
12143,-0.017059326
12144,-0.017791718
12145,-0.01687625
12146,-0.013610855
12147,-0.007019013
12148,-0.00030516088
12149,0.0015563816
12150,0.0029601753
12151,0.0072936937
12152,0.012847908
12153,0.020141605
12154,0.023925778
12155,0.029907223
12156,0.03518676
12157,0.040588375
12158,0.04193115
12159,0.040557876
12160,0.038452156
12161,0.033966064
12162,0.02716064
12163,0.022399899
12164,0.019042967
12165,0.014465332
12166,0.0065612774
12167,0.0002746582
12168,-0.0025024414
12169,-0.0035705548
12170,-0.0037231427
12171,-0.0016174298
12172,-0.00012206845
12173,0.0013122559
12174,0.0025939997
12175,0.00537109
12176,0.008148186
12177,0.008758549
12178,0.008544944
12179,0.010406502
12180,0.013305634
12181,0.009185772
12182,0.0039672963
12183,-0.00054927915
12184,-0.00057982653
12185,-0.00057984143
12186,-0.00064087287
12187,-0.0009155087
12188,-0.000915505
12189,0.001800552
12190,0.006317161
12191,0.0067749247
12192,0.005065903
12193,0.007873513
12194,0.017425552
12195,0.022766113
12196,0.022674538
12197,0.022582963
12198,0.028839096
12199,0.038207993
12200,0.046600357
12201,0.04547119
12202,0.039855942
12203,0.040985122
12204,0.054473877
12205,0.0618591
12206,0.045837402
12207,0.022369385
12208,0.009796172
12209,0.005523622
12210,-0.004699707
12211,-0.027404815
12212,-0.05328372
12213,-0.06927493
12214,-0.081939705
12215,-0.10720822
12216,-0.15887451
12217,-0.21200553
12218,-0.24783337
12219,-0.26541144
12220,-0.27532953
12221,-0.2837217
12222,-0.29034424
12223,-0.3010865
12224,-0.29846185
12225,-0.26919544
12226,-0.21292114
12227,-0.13934302
12228,-0.055908203
12229,0.042785585
12230,0.1521301
12231,0.25775146
12232,0.35391247
12233,0.43176252
12234,0.4854128
12235,0.51602185
12236,0.5397948
12237,0.5758667
12238,0.6148376
12239,0.6377256
12240,0.6263732
12241,0.57724
12242,0.5094298
12243,0.43267798
12244,0.35021925
12245,0.26574683
12246,0.18597388
12247,0.10522449
12248,-0.0071719885
12249,-0.14761412
12250,-0.29373217
12251,-0.41696215
12252,-0.50909436
12253,-0.5647888
12254,-0.5973815
12255,-0.6347656
12256,-0.6815797
12257,-0.7079468
12258,-0.67919904
12259,-0.6112976
12260,-0.53250146
12261,-0.45889294
12262,-0.380615
12263,-0.29098487
12264,-0.1896975
12265,-0.07165539
12266,0.05355853
12267,0.1726993
12268,0.27383423
12269,0.36059558
12270,0.4349671
12271,0.4954835
12272,0.5324402
12273,0.53927606
12274,0.51498437
12275,0.44830316
12276,0.35028046
12277,0.22518903
12278,0.08840948
12279,-0.05511462
12280,-0.19277976
12281,-0.30752566
12282,-0.39675903
12283,-0.45700064
12284,-0.4847718
12285,-0.4707336
12286,-0.42700195
12287,-0.3616637
12288,-0.28573602
12289,-0.1965028
12290,-0.10153198
12291,-0.016540557
12292,0.051849484
12293,0.102142215
12294,0.14199823
12295,0.1646119
12296,0.1656495
12297,0.14270031
12298,0.10525498
12299,0.06393421
12300,0.02105698
12301,-0.014343083
12302,-0.039794832
12303,-0.048217624
12304,-0.043182224
12305,-0.02545166
12306,0.0068359375
12307,0.048309267
12308,0.09542854
12309,0.13723773
12310,0.17474364
12311,0.20449828
12312,0.22140501
12313,0.22653194
12314,0.22103879
12315,0.20974731
12316,0.18353274
12317,0.13607794
12318,0.08056638
12319,0.030792236
12320,-6.105006e-05
12321,-0.026763886
12322,-0.04696656
12323,-0.06036381
12324,-0.07083132
12325,-0.08544923
12326,-0.101348884
12327,-0.10729982
12328,-0.09823609
12329,-0.09017945
12330,-0.10562132
12331,-0.13061525
12332,-0.09466556
12333,0.001678437
12334,0.04989624
12335,-0.014129654
12336,-0.09478766
12337,-0.0628663
12338,0.075408906
12339,0.21734619
12340,0.28533942
12341,0.26470947
12342,0.17431639
12343,0.060424782
12344,-0.03048709
12345,-0.0854187
12346,-0.10656737
12347,-0.1045532
12348,-0.086761475
12349,-0.06072998
12350,-0.03912355
12351,-0.01568602
12352,0.01373291
12353,0.044555664
12354,0.0664978
12355,0.072052
12356,0.067840606
12357,0.0562744
12358,0.03384401
12359,0.008026138
12360,-0.010437012
12361,-0.017913818
12362,-0.029174812
12363,-0.03686522
12364,-0.03674317
12365,-0.034423817
12366,-0.03671263
12367,-0.04290772
12368,-0.044097908
12369,-0.037109375
12370,-0.028381325
12371,-0.021545406
12372,-0.018737799
12373,-0.014526373
12374,-0.01272583
12375,-0.016326904
12376,-0.028717045
12377,-0.035705566
12378,-0.02966309
12379,-0.014465328
12380,0.0019226
12381,0.0044860914
12382,0.00070190616
12383,-0.0075378474
12384,-0.011016849
12385,-0.003753677
12386,0.0033264235
12387,0.005004883
12388,-0.0024414137
12389,-0.006317131
12390,-0.005096413
12391,-0.0013732836
12392,0.0016174186
12393,0.0013732752
12394,0.0020752037
12395,0.008361822
12396,0.01992798
12397,0.029571537
12398,0.034851067
12399,0.03350831
12400,0.02859497
12401,0.020874016
12402,0.016326912
12403,0.014770523
12404,0.013916023
12405,0.009826653
12406,0.006256111
12407,0.007812526
12408,0.0076294094
12409,0.0052490085
12410,-0.0040283278
12411,-0.009277333
12412,-0.005889859
12413,-0.014801025
12414,-0.009307887
12415,-0.004821785
12416,0.007446289
12417,0.012878425
12418,0.013488755
12419,0.026000984
12420,0.032928467
12421,0.036773674
12422,0.03137207
12423,0.025177002
12424,0.01687622
12425,0.008819595
12426,-0.003997788
12427,-0.01650998
12428,-0.023864735
12429,-0.029510505
12430,-0.030609112
12431,-0.027984604
12432,-0.019805886
12433,-0.010620121
12434,-0.005493164
12435,-0.00061035156
12436,-0.0010376014
12437,0.0011291467
12438,0.0028991476
12439,0.0035705492
12440,-0.002105726
12441,-0.01290895
12442,-0.021331787
12443,-0.026031502
12444,-0.028747562
12445,-0.027252194
12446,-0.022460934
12447,-0.021423336
12448,-0.019317627
12449,-0.016815187
12450,-0.010528566
12451,-0.0089416485
12452,-0.011810303
12453,-0.00842285
12454,-0.0033569336
12455,-0.00082398206
12456,-0.0054931603
12457,-0.009979248
12458,-0.010498047
12459,-0.014831543
12460,-0.017547619
12461,-0.018890396
12462,-0.017639168
12463,-0.015899636
12464,-0.016418464
12465,-0.011169411
12466,-0.0063781664
12467,-0.00683593
12468,-0.0071106106
12469,-0.005554214
12470,0.0005493462
12471,0.00778199
12472,0.014892548
12473,0.018676732
12474,0.015869167
12475,0.013885513
12476,0.01516722
12477,0.017608618
12478,0.019256588
12479,0.018676782
12480,0.017730713
12481,0.01159668
12482,0.004150383
12483,-0.0024719127
12484,-0.0062255785
12485,-0.011291519
12486,-0.02209472
12487,-0.034881603
12488,-0.040466264
12489,-0.036895767
12490,-0.028137222
12491,-0.020599365
12492,-0.013946518
12493,-0.00982666
12494,-0.00900273
12495,-0.00891114
12496,-0.0047912598
12497,0.0066833496
12498,0.018646237
12499,0.023010254
12500,0.023834229
12501,0.02716063
12502,0.026245113
12503,0.026001
12504,0.019989036
12505,0.020416267
12506,0.015808083
12507,0.009521477
12508,-0.0010070689
12509,-0.0114745945
12510,-0.01663208
12511,-0.020843536
12512,-0.021575943
12513,-0.026733354
12514,-0.029113755
12515,-0.032348618
12516,-0.028839111
12517,-0.022583053
12518,-0.017181411
12519,-0.00970462
12520,-0.0039367527
12521,0.004272476
12522,0.007934548
12523,0.015472375
12524,0.022674546
12525,0.029205326
12526,0.03207401
12527,0.030578613
12528,0.03140258
12529,0.030273424
12530,0.032836914
12531,0.035736084
12532,0.040344246
12533,0.043090835
12534,0.03845214
12535,0.035461433
12536,0.037109368
12537,0.035858177
12538,0.031066917
12539,0.022857673
12540,0.021179214
12541,0.02075196
12542,0.020141631
12543,0.02075196
12544,0.023162827
12545,0.025970444
12546,0.027252197
12547,0.03100586
12548,0.03872679
12549,0.04165645
12550,0.037414536
12551,0.029388458
12552,0.024963379
12553,0.01965329
12554,0.009124711
12555,-0.0060424656
12556,-0.018615708
12557,-0.029327378
12558,-0.038024925
12559,-0.047271736
12560,-0.059967075
12561,-0.0690918
12562,-0.07546993
12563,-0.06930542
12564,-0.061614994
12565,-0.054565422
12566,-0.056579586
12567,-0.058746323
12568,-0.056152344
12569,-0.055084214
12570,-0.056610107
12571,-0.05621335
12572,-0.052673295
12573,-0.052459702
12574,-0.0642395
12575,-0.083313
12576,-0.1163331
12577,-0.1496276
12578,-0.13781732
12579,-0.020202756
12580,0.13067618
12581,0.120758146
12582,-0.055938497
12583,-0.14776614
12584,0.053222656
12585,0.39004517
12586,0.58016956
12587,0.5178832
12588,0.3439331
12589,0.19296297
12590,0.12570202
12591,0.11880484
12592,0.092193425
12593,0.029388428
12594,-0.059264928
12595,-0.13638283
12596,-0.19091785
12597,-0.22918713
12598,-0.24349985
12599,-0.23846439
12600,-0.21765134
12601,-0.19558716
12602,-0.17251584
12603,-0.14862062
12604,-0.12585446
12605,-0.10360718
12606,-0.08468625
12607,-0.05606079
12608,-0.025238007
12609,0.005462691
12610,0.02960205
12611,0.045593247
12612,0.057922333
12613,0.06738283
12614,0.08142091
12615,0.0928345
12616,0.10095216
12617,0.103515625
12618,0.096679695
12619,0.084411606
12620,0.06784059
12621,0.050964348
12622,0.031524666
12623,0.010589596
12624,-0.0077819973
12625,-0.026580801
12626,-0.039703384
12627,-0.041625988
12628,-0.040222168
12629,-0.03601074
12630,-0.03179931
12631,-0.025909424
12632,-0.01989747
12633,-0.021453844
12634,-0.022125255
12635,-0.026031502
12636,-0.027954116
12637,-0.026153553
12638,-0.020721424
12639,-0.013732918
12640,-0.011474617
12641,-0.0056152195
12642,-0.0024719015
12643,0.004333526
12644,0.006591819
12645,0.008331291
12646,0.0099792555
12647,0.010009773
12648,0.0105896145
12649,0.0046997033
12650,-0.0027160943
12651,-0.00979615
12652,-0.013702363
12653,-0.01663205
12654,-0.018951416
12655,-0.017120399
12656,-0.015136726
12657,-0.011016823
12658,-0.006317109
12659,0.0011596978
12660,0.006744407
12661,0.011688214
12662,0.017486565
12663,0.025848396
12664,0.034362815
12665,0.036285404
12666,0.039886463
12667,0.039978035
12668,0.04135131
12669,0.037017826
12670,0.03497313
12671,0.03598024
12672,0.03500367
12673,0.032775857
12674,0.025848389
12675,0.01849366
12676,0.010925293
12677,0.0070495456
12678,0.0010070652
12679,-0.004974328
12680,-0.009552002
12681,-0.0081787
12682,-0.009857185
12683,-0.016326923
12684,-0.017913815
12685,-0.019622803
12686,-0.017517067
12687,-0.016265875
12688,-0.016906748
12689,-0.015441904
12690,-0.015014653
12691,-0.012176509
12692,-0.013336182
12693,-0.015625
12694,-0.013244632
12695,-0.010467529
12696,-0.011810305
12697,-0.014678955
12698,-0.010955811
12699,-0.008697512
12700,-0.007843021
12701,-0.014465325
12702,-0.016601555
12703,-0.014190674
12704,-0.014068607
12705,-0.008819599
12706,-0.0075378157
12707,-0.008117653
12708,-0.012084968
12709,-0.015197743
12710,-0.013793964
12711,-0.008880578
12712,-0.013458259
12713,-0.011352532
12714,-0.0013122708
12715,-0.0028076097
12716,-0.005889885
12717,-0.010955788
12718,0.0022277571
12719,0.0130920485
12720,0.009521503
12721,0.010131873
12722,0.007934567
12723,0.011322003
12724,0.01306152
12725,0.017028801
12726,0.019409195
12727,0.019165035
12728,0.022552494
12729,0.027313229
12730,0.03100586
12731,0.033081055
12732,0.029907234
12733,0.024932858
12734,0.02120971
12735,0.021057129
12736,0.022735596
12737,0.019012444
12738,0.015441887
12739,0.0150756985
12740,0.015197746
12741,0.010986306
12742,0.0037231445
12743,-0.0025634505
12744,-0.007232651
12745,-0.008270279
12746,-0.010528564
12747,-0.014129624
12748,-0.01828003
12749,-0.022338873
12750,-0.02249147
12751,-0.021392811
12752,-0.017303461
12753,-0.014099121
12754,-0.013366701
12755,-0.013549804
12756,-0.010284421
12757,-0.008178713
12758,-0.005493164
12759,-0.005920409
12760,-0.009216309
12761,-0.014038088
12762,-0.015686035
12763,-0.015258776
12764,-0.014831543
12765,-0.011962902
12766,-0.012817383
12767,-0.016723637
12768,-0.023376457
12769,-0.02276611
12770,-0.01843264
12771,-0.019226104
12772,-0.017791763
12773,-0.016418457
12774,-0.014099121
12775,-0.009338386
12776,-0.007751487
12777,-0.0007324517
12778,-0.0008850172
12779,0.0005187914
12780,0.0035400242
12781,0.0053100586
12782,0.0077819675
12783,0.00668332
12784,0.010131821
12785,0.011444118
12786,0.004089359
12787,-0.0065307617
12788,-0.013000503
12789,-0.013030991
12790,-0.015991211
12791,-0.03924562
12792,-0.06625366
12793,-0.07888797
12794,-0.064575136
12795,-0.03363052
12796,-0.021026611
12797,-0.026977554
12798,-0.03176871
12799,0.003265351
12800,0.05880724
12801,0.10919194
12802,0.17437747
12803,0.2771302
12804,0.3446045
12805,0.29418945
12806,0.18423456
12807,0.13723761
12808,0.1998291
12809,0.28048706
12810,0.3139342
12811,0.3243103
12812,0.33044434
12813,0.29788208
12814,0.18661511
12815,0.019500732
12816,-0.13796979
12817,-0.25094613
12818,-0.2954101
12819,-0.2752074
12820,-0.23425299
12821,-0.22756962
12822,-0.25711077
12823,-0.27264398
12824,-0.25964344
12825,-0.23373415
12826,-0.22967532
12827,-0.24063107
12828,-0.24798582
12829,-0.24304211
12830,-0.22265634
12831,-0.20550519
12832,-0.18954444
12833,-0.1669923
12834,-0.13900763
12835,-0.115356386
12836,-0.1076352
12837,-0.1131897
12838,-0.12210095
12839,-0.13317859
12840,-0.1427002
12841,-0.14520288
12842,-0.13159215
12843,-0.09814477
12844,-0.04525745
12845,0.0110474825
12846,0.06494117
12847,0.11041248
12848,0.15087909
12849,0.19158953
12850,0.2310487
12851,0.26956177
12852,0.3018493
12853,0.32617188
12854,0.34197995
12855,0.34667975
12856,0.33813465
12857,0.31805414
12858,0.28744522
12859,0.24469018
12860,0.19900519
12861,0.1520384
12862,0.10592663
12863,0.056762815
12864,0.016205043
12865,-0.01071161
12866,-0.032195985
12867,-0.055908203
12868,-0.073272705
12869,-0.07702619
12870,-0.08294666
12871,-0.09863263
12872,-0.11816405
12873,-0.12072756
12874,-0.11343391
12875,-0.11068726
12876,-0.11584474
12877,-0.1190796
12878,-0.1065674
12879,-0.082244895
12880,-0.053924568
12881,-0.030242916
12882,-0.01473999
12883,0.000427261
12884,0.01556398
12885,0.030700684
12886,0.040039055
12887,0.039154053
12888,0.03494267
12889,0.02923584
12890,0.024658188
12891,0.015686035
12892,0.0063476637
12893,-0.0008544922
12894,-0.003906265
12895,-0.0056152195
12896,-0.0061034784
12897,3.053248e-05
12898,0.0075989068
12899,0.013183609
12900,0.013000473
12901,0.010162398
12902,0.0047302544
12903,0.0011901706
12904,-0.0070495903
12905,-0.010131836
12906,-0.016906723
12907,-0.018646263
12908,-0.018859886
12909,-0.018890385
12910,-0.020355225
12911,-0.03424073
12912,-0.03988649
12913,-0.04821779
12914,-0.04528808
12915,-0.043762203
12916,-0.041778564
12917,-0.04916382
12918,-0.057617202
12919,-0.0585327
12920,-0.0610962
12921,-0.061340317
12922,-0.0647278
12923,-0.061706543
12924,-0.06256105
12925,-0.063079804
12926,-0.06008908
12927,-0.054718018
12928,-0.046875
12929,-0.03945923
12930,-0.03152466
12931,-0.023925781
12932,-0.0121154785
12933,-0.0014343262
12934,0.0048828125
12935,0.012573212
12936,0.018798828
12937,0.027496338
12938,0.032684326
12939,0.036895707
12940,0.043243363
12941,0.0501709
12942,0.04971312
12943,0.047851562
12944,0.046508767
12945,0.047882058
12946,0.048889156
12947,0.04641723
12948,0.04696657
12949,0.04351805
12950,0.04168701
12951,0.036193855
12952,0.031250004
12953,0.023773199
12954,0.022644037
12955,0.024932863
12956,0.02920532
12957,0.033935543
12958,0.03189087
12959,0.028259277
12960,0.02188113
12961,0.018218987
12962,0.014465328
12963,0.0078124925
12964,0.0047302283
12965,0.0025024638
12966,-0.0010070913
12967,-0.0072936825
12968,-0.0078124925
12969,-0.0020751916
12970,0.0034484826
12971,0.003204342
12972,0.0024719313
12973,0.005584743
12974,0.008880634
12975,0.008178689
12976,0.0029601865
12977,-0.002136238
12978,-0.0036620758
12979,-0.004730236
12980,-0.005035419
12981,-0.006652843
12982,-0.0067748874
12983,-0.008026112
12984,-0.005493179
12985,6.104261e-05
12986,0.0037536733
12987,0.0023193508
12988,0.00033567846
12989,0.0020751953
12990,0.0042419694
12991,0.008575439
12992,0.011230454
12993,0.015533425
12994,0.01678469
12995,0.013519302
12996,0.011199944
12997,0.006988518
12998,0.005493149
12999,0.0021057203
13000,-0.0018920898
13001,-0.0050354004
13002,-0.0110778585
13003,-0.017333977
13004,-0.022399895
13005,-0.024810784
13006,-0.026733391
13007,-0.027099602
13008,-0.026947021
13009,-0.022583012
13010,-0.01608277
13011,-0.010040284
13012,-0.008728029
13013,-0.009735109
13014,-0.0018920898
13015,0.008178711
13016,0.0146484375
13017,0.016784668
13018,0.019195547
13019,0.017791748
13020,0.0109253
13021,0.00787355
13022,0.010101311
13023,0.011138894
13024,0.006652847
13025,0.0031433254
13026,-0.0068054274
13027,-0.010375999
13028,-0.008880617
13029,-0.0047607403
13030,-0.005523678
13031,-0.0136108445
13032,-0.014556887
13033,-0.017822262
13034,-0.015502926
13035,-0.010284424
13036,-0.006408694
13037,-0.0056152353
13038,-0.007843014
13039,-0.0049743624
13040,-0.0015258798
13041,0.0032958966
13042,0.004730222
13043,0.009033201
13044,0.013946535
13045,0.013488771
13046,0.010162355
13047,0.009338366
13048,0.012420654
13049,0.0068664625
13050,0.008300789
13051,0.008239742
13052,0.0013732854
13053,-0.019714348
13054,-0.043334957
13055,-0.057861328
13056,-0.059082046
13057,-0.029846177
13058,-0.004638657
13059,-0.029449463
13060,-0.06124879
13061,-0.059936516
13062,-0.0022277832
13063,0.102508545
13064,0.20837393
13065,0.2536926
13066,0.22698992
13067,0.19244385
13068,0.20217901
13069,0.20288086
13070,0.16815197
13071,0.09942636
13072,0.0060118884
13073,-0.10208112
13074,-0.20690908
13075,-0.2857361
13076,-0.3374024
13077,-0.35498056
13078,-0.33584607
13079,-0.2937928
13080,-0.24533069
13081,-0.20059186
13082,-0.15487686
13083,-0.10794088
13084,-0.06073019
13085,-0.02255252
13086,0.005737543
13087,0.017944366
13088,0.024230748
13089,0.03579682
13090,0.052642822
13091,0.07360861
13092,0.08950806
13093,0.101806596
13094,0.10964963
13095,0.11401366
13096,0.1133423
13097,0.10964964
13098,0.10754393
13099,0.10394284
13100,0.09793091
13101,0.09027102
13102,0.08258057
13103,0.075988755
13104,0.069580056
13105,0.066253684
13106,0.06552124
13107,0.059082
13108,0.041625947
13109,0.007141143
13110,-0.030364975
13111,-0.040893555
13112,-0.013702426
13113,0.03237915
13114,0.033020034
13115,-0.03427127
13116,-0.10260008
13117,-0.078430206
13118,0.02438353
13119,0.124389604
13120,0.13900761
13121,0.1115112
13122,0.07223505
13123,0.022338837
13124,0.0095825195
13125,-0.00033567846
13126,0.0025634766
13127,-0.022827119
13128,-0.054931603
13129,-0.06927491
13130,-0.08737184
13131,-0.09503174
13132,-0.09085083
13133,-0.08480832
13134,-0.0793457
13135,-0.07492065
13136,-0.058227547
13137,-0.03601074
13138,-0.014831538
13139,0.0057067927
13140,0.019989025
13141,0.03323364
13142,0.033355724
13143,0.036102302
13144,0.037780743
13145,0.03775023
13146,0.032379147
13147,0.019714378
13148,0.0072631985
13149,-0.006225577
13150,-0.018463146
13151,-0.031188983
13152,-0.041992202
13153,-0.04592894
13154,-0.045288086
13155,-0.044830315
13156,-0.048156746
13157,-0.05203248
13158,-0.04730224
13159,-0.046173103
13160,-0.04455565
13161,-0.040893584
13162,-0.03848265
13163,-0.03125
13164,-0.026000977
13165,-0.020416275
13166,-0.016906738
13167,-0.014160141
13168,-0.0015869439
13169,0.007690415
13170,0.014587387
13171,0.017425522
13172,0.022430405
13173,0.027252182
13174,0.027893022
13175,0.03652952
13176,0.029052734
13177,0.028991692
13178,0.024139412
13179,0.022949204
13180,0.022033714
13181,0.017517105
13182,0.024932843
13183,0.020843487
13184,0.018371584
13185,0.015991226
13186,0.0180359
13187,0.021514885
13188,0.022430416
13189,0.028533934
13190,0.026947014
13191,0.021453867
13192,0.019409182
13193,0.02108765
13194,0.024353001
13195,0.020080548
13196,0.011871364
13197,0.008789081
13198,0.009857167
13199,0.014923055
13200,0.011657711
13201,0.008148208
13202,0.008514412
13203,0.008850083
13204,0.009857178
13205,0.010803238
13206,0.015747063
13207,0.016540527
13208,0.0135498345
13209,0.012664825
13210,0.012054443
13211,0.011169389
13212,0.008239746
13213,0.0043945163
13214,3.0502677e-05
13215,-0.0036621094
13216,-0.0030212328
13217,-0.004302986
13218,-0.006500259
13219,-0.010650635
13220,-0.012481667
13221,-0.010101289
13222,-0.012390152
13223,-0.0137024
13224,-0.016204841
13225,-0.021575917
13226,-0.027191155
13227,-0.02902221
13228,-0.025848387
13229,-0.024627697
13230,-0.029022206
13231,-0.036041256
13232,-0.035064705
13233,-0.02987672
13234,-0.023712158
13235,-0.017578103
13236,-0.010894783
13237,-0.0028686784
13238,0.0061034905
13239,0.012939461
13240,0.022003189
13241,0.027069096
13242,0.030120853
13243,0.032134995
13244,0.03167724
13245,0.032409668
13246,0.030609157
13247,0.02624512
13248,0.016723622
13249,0.0076904222
13250,0.00024414808
13251,-0.0054626316
13252,-0.013824451
13253,-0.022796616
13254,-0.02960206
13255,-0.034240723
13256,-0.034454353
13257,-0.03421021
13258,-0.035980232
13259,-0.037994374
13260,-0.036987294
13261,-0.031127952
13262,-0.02728273
13263,-0.02578739
13264,-0.024597183
13265,-0.020263672
13266,-0.015716545
13267,-0.005584717
13268,0.0022582933
13269,0.0061950386
13270,0.010223355
13271,0.018035911
13272,0.029205345
13273,0.03567504
13274,0.0343933
13275,0.031005854
13276,0.03347779
13277,0.035003673
13278,0.03570556
13279,0.031433105
13280,0.030212395
13281,0.029449467
13282,0.022644043
13283,0.014770508
13284,0.009277344
13285,0.0062866174
13286,-0.001586929
13287,-0.0065613016
13288,-0.009277342
13289,-0.00747679
13290,-0.011291487
13291,-0.016571043
13292,-0.017761234
13293,-0.017883306
13294,-0.015533448
13295,-0.016418453
13296,-0.016082762
13297,-0.014862061
13298,-0.013397209
13299,-0.012023933
13300,-0.013427742
13301,-0.016326915
13302,-0.014678951
13303,-0.010498039
13304,-0.007995591
13305,-0.0045166053
13306,-0.0027771294
13307,0.0041809008
13308,0.0062561203
13309,0.00595095
13310,0.00836181
13311,0.010162346
13312,0.0126648005
13313,0.014617927
13314,0.017639164
13315,0.019805908
13316,0.019439701
13317,0.018859869
13318,0.020172104
13319,0.020050049
13320,0.021118157
13321,0.017028827
13322,0.012512188
13323,0.009002678
13324,0.010345459
13325,0.012969974
13326,0.008331325
13327,0.0038757175
13328,3.0510128e-05
13329,-0.00012204796
13330,-0.0020751916
13331,-0.0053100362
13332,-0.00482177
13333,-0.006652843
13334,-0.010437023
13335,-0.015167244
13336,-0.018371563
13337,-0.019409165
13338,-0.021911616
13339,-0.022308357
13340,-0.024780277
13341,-0.026489263
13342,-0.027618406
13343,-0.025848374
13344,-0.023406968
13345,-0.024047852
13346,-0.02233889
13347,-0.021942124
13348,-0.016113259
13349,-0.013092019
13350,-0.0075073354
13351,-0.0012512282
13352,0.005615238
13353,0.011718765
13354,0.014831539
13355,0.018768296
13356,0.021545421
13357,0.025054945
13358,0.024871824
13359,0.022125237
13360,0.019287106
13361,0.01638794
13362,0.013824463
13363,0.010528563
13364,0.0066223107
13365,0.0037536607
13366,-0.0014038086
13367,-0.007598876
13368,-0.009338378
13369,-0.009216309
13370,-0.0063476553
13371,-0.0069274902
13372,-0.011657711
13373,-0.01638794
13374,-0.02014159
13375,-0.019378662
13376,-0.019653317
13377,-0.016540527
13378,-0.01635741
13379,-0.015808098
13380,-0.016204812
13381,-0.011505153
13382,-0.0055236965
13383,-0.0035400577
13384,0.0004882887
13385,0.005096443
13386,-0.0016784742
13387,-0.0068969727
13388,0.009307846
13389,0.029174801
13390,0.017150905
13391,-0.017730705
13392,-0.038787857
13393,-0.041564927
13394,-0.05508426
13395,0.029998764
13396,0.16394041
13397,0.1607666
13398,-0.03756717
13399,-0.1983338
13400,-0.07351686
13401,0.19049072
13402,0.32141113
13403,0.23300172
13404,0.044952363
13405,-0.08773805
13406,-0.11087036
13407,-0.060546845
13408,-0.00018310547
13409,0.029907182
13410,0.027984597
13411,0.008758552
13412,-0.01181028
13413,-0.02737429
13414,-0.03805544
13415,-0.041259773
13416,-0.037658684
13417,-0.032165527
13418,-0.028289799
13419,-0.028991695
13420,-0.030609133
13421,-0.031158445
13422,-0.028533936
13423,-0.023712158
13424,-0.021881117
13425,-0.021514883
13426,-0.018463127
13427,-0.013031021
13428,-0.0069580264
13429,-0.003936775
13430,-0.004333485
13431,-0.00085449964
13432,0.0017394908
13433,0.007293701
13434,0.007904051
13435,0.0067443755
13436,0.0063476535
13437,0.0038146982
13438,0.0043640137
13439,0.005798338
13440,0.006652834
13441,0.004913328
13442,-0.002960207
13443,-0.006378174
13444,-0.009521484
13445,-0.010772709
13446,-0.009643577
13447,-0.01257325
13448,-0.01644896
13449,-0.014373768
13450,-0.010864258
13451,-0.005828861
13452,-0.0047302246
13453,0.00045777112
13454,0.010192871
13455,0.011749262
13456,0.0138855055
13457,0.014465345
13458,0.015991211
13459,0.020416252
13460,0.020202626
13461,0.019561766
13462,0.017150875
13463,0.0149230985
13464,0.01596069
13465,0.016143812
13466,0.015869135
13467,0.016235355
13468,0.014892571
13469,0.011840828
13470,0.01031496
13471,0.0071410984
13472,0.0046997145
13473,0.0035400353
13474,-0.00088497996
13475,-0.002136238
13476,-0.009429939
13477,-0.014434818
13478,-0.015472423
13479,-0.013000488
13480,-0.0065612807
13481,-0.008361814
13482,-0.013305664
13483,-0.015686035
13484,-0.01074219
13485,-0.0053405776
13486,-0.007171631
13487,-0.00994873
13488,-0.008453369
13489,-0.003021239
13490,0.0010986344
13491,-9.155087e-05
13492,0.0003051766
13493,0.00033569394
13494,0.0041503916
13495,0.0036926272
13496,0.0048522935
13497,0.0065917983
13498,0.008087158
13499,0.012695318
13500,0.013732899
13501,0.018463142
13502,0.017761223
13503,0.02087403
13504,0.024078336
13505,0.023376457
13506,0.023132354
13507,0.017608657
13508,0.0124206655
13509,0.0021057017
13510,-0.0069580264
13511,-0.010589611
13512,-0.013946537
13513,-0.016845692
13514,-0.019927975
13515,-0.020324733
13516,-0.014495863
13517,-0.010925291
13518,-0.0077209417
13519,-0.006561272
13520,-0.002471922
13521,0.0018615704
13522,0.0026550367
13523,0.0037841797
13524,0.0031738207
13525,0.0060424656
13526,0.004486099
13527,0.0020752065
13528,-0.0005798396
13529,-0.0048523135
13530,-0.00912476
13531,-0.016723622
13532,-0.022338862
13533,-0.022308355
13534,-0.02386475
13535,-0.027038567
13536,-0.03417969
13537,-0.03659058
13538,-0.035583515
13539,-0.03378295
13540,-0.033935547
13541,-0.03289794
13542,-0.034179702
13543,-0.03543091
13544,-0.03765869
13545,-0.03347777
13546,-0.026062042
13547,-0.019256592
13548,-0.013458252
13549,-0.009399384
13550,-0.0045776367
13551,0.00012205541
13552,0.009002686
13553,0.022521988
13554,0.03436283
13555,0.03378295
13556,0.036834694
13557,0.043121338
13558,0.051788338
13559,0.05392456
13560,0.051910393
13561,0.05407714
13562,0.05361938
13563,0.05120848
13564,0.044372566
13565,0.036407497
13566,0.030090358
13567,0.023406975
13568,0.016845688
13569,0.013946533
13570,0.014282227
13571,0.011657715
13572,0.005279541
13573,0.0037231669
13574,0.005981408
13575,0.008331284
13576,0.0071105734
13577,0.007659927
13578,0.0068664923
13579,0.00079347193
13580,-0.0015258566
13581,-0.0012207031
13582,0.0045166314
13583,0.0052490234
13584,0.0040588677
13585,-0.00024412572
13586,-0.0021362081
13587,-0.004180871
13588,-0.004150398
13589,-0.0054626316
13590,-0.0095519945
13591,-0.01171875
13592,-0.016601577
13593,-0.020690914
13594,-0.021667473
13595,-0.022430427
13596,-0.022705091
13597,-0.022460943
13598,-0.022857659
13599,-0.017120352
13600,-0.017547606
13601,-0.017974855
13602,-0.016235355
13603,-0.013061522
13604,-0.007171628
13605,-0.011749268
13606,-0.010742189
13607,-0.005859375
13608,-0.008300781
13609,-0.014312737
13610,-0.018035894
13611,-0.015167236
13612,-0.013366703
13613,-0.01614378
13614,-0.014953602
13615,-0.013214111
13616,-0.011932362
13617,-0.0112304725
13618,-0.013366673
13619,-0.009216286
13620,-0.0072936863
13621,-0.0046691895
13622,-0.004577659
13623,-0.0010375902
13624,0.009063702
13625,0.015808124
13626,0.018035896
13627,0.016967759
13628,0.014770491
13629,0.01876831
13630,0.02395631
13631,0.026367193
13632,0.02484131
13633,0.021057127
13634,0.018096924
13635,0.016479494
13636,0.013153072
13637,0.011077881
13638,0.009490963
13639,0.0072936937
13640,0.0054321177
13641,0.005493168
13642,0.004180908
13643,-0.000488285
13644,-0.0017700233
13645,-0.0023193322
13646,-0.0027770866
13647,-0.005798335
13648,-0.0068664523
13649,-0.008666992
13650,-0.015075685
13651,-0.016754147
13652,-0.016937256
13653,-0.007171631
13654,-0.013854981
13655,-0.023651121
13656,-0.00891113
13657,-0.00790405
13658,-0.0010986328
13659,-0.0070495587
13660,0.00012207218
13661,0.007293703
13662,-0.007232666
13663,-0.007019041
13664,-0.004791258
13665,-0.00021362491
13666,0.002960205
13667,-0.00024414062
13668,-0.0015563853
13669,-0.0065918043
13670,-0.0069580004
13671,-0.013458263
13672,-0.001739502
13673,-0.0184021
13674,-0.012054443
13675,-0.024230953
13676,-0.031219512
13677,-0.016998298
13678,-0.019287094
13679,-0.010650627
13680,-0.034820557
13681,-0.04025267
13682,-0.026123017
13683,-0.019622773
13684,-0.014373764
13685,-0.014068618
13686,-0.007659912
13687,0.0056152493
13688,0.014495887
13689,0.016571045
13690,0.019714348
13691,0.024810784
13692,0.030731197
13693,0.038024902
13694,0.042358406
13695,0.04434204
13696,0.04437254
13697,0.038330078
13698,0.045623787
13699,0.042053208
13700,0.036285393
13701,0.033844
13702,0.035156287
13703,0.040466294
13704,0.028137185
13705,0.01455687
13706,0.005554214
13707,0.0028686523
13708,0.0016479492
13709,-0.0010986514
13710,-0.0055847242
13711,-0.0048217773
13712,-0.007934585
13713,-0.0115966685
13714,-0.015838642
13715,-0.016326904
13716,-0.014739994
13717,-0.012145996
13718,-0.01635741
13719,-0.020263668
13720,-0.01617432
13721,-0.010467537
13722,-0.013458252
13723,-0.028381348
13724,-0.0284729
13725,-0.020996094
13726,-0.012329094
13727,-0.011688232
13728,-0.017150879
13729,-0.019989014
13730,-0.022674557
13731,-0.019653302
13732,-0.021301262
13733,-0.021759026
13734,-0.0222473
13735,-0.021942154
13736,-0.01928711
13737,-0.02035521
13738,-0.019012421
13739,-0.012207031
13740,-0.0032348633
13741,0.002441436
13742,0.001586929
13743,0.0024108887
13744,0.009002689
13745,0.014709484
13746,0.020538334
13747,0.024719208
13748,0.028961157
13749,0.029907223
13750,0.030731235
13751,0.033142094
13752,0.03027344
13753,0.028533932
13754,0.026397709
13755,0.026550295
13756,0.025329579
13757,0.024719238
13758,0.028167736
13759,0.025848377
13760,0.02130125
13761,0.021209717
13762,0.023223892
13763,0.021789543
13764,0.016265877
13765,0.014343262
13766,0.016510032
13767,0.013031013
13768,0.0043029934
13769,-0.0016479641
13770,-0.0003357157
13771,0.0053100735
13772,0.0070190355
13773,0.00390625
13774,-0.003356956
13775,-0.008056618
13776,-0.008758523
13777,-0.0069885105
13778,-0.0054016113
13779,-0.0068359524
13780,-0.007598862
13781,-0.006805416
13782,-0.0074767955
13783,-0.010711674
13784,-0.019683845
13785,-0.026123058
13786,-0.027618412
13787,-0.0269165
13788,-0.024353039
13789,-0.030059816
13790,-0.029388431
13791,-0.023956295
13792,-0.018615723
13793,-0.015472414
13794,-0.017120365
13795,-0.011779785
13796,-0.0077819824
13797,-0.0038146973
13798,-0.0017089862
13799,-0.0011291485
13800,0.001220705
13801,0.0046081543
13802,0.006591796
13803,0.006225587
13804,0.0045776404
13805,0.0065002474
13806,0.0071105966
13807,0.009033204
13808,0.0068969717
13809,0.00708008
13810,0.010192873
13811,0.01596069
13812,0.018096924
13813,0.015350338
13814,0.015747081
13815,0.017333984
13816,0.018463124
13817,0.015716534
13818,0.011810288
13819,0.008941691
13820,0.0047912784
13821,0.0051879883
13822,0.0031432807
13823,-0.0010376014
13824,-0.0025939979
13825,-0.0038147196
13826,-0.001312267
13827,-0.0055847205
13828,-0.004974354
13829,-0.00070191175
13830,0.003051754
13831,0.0036926158
13832,0.0010681003
13833,0.004425071
13834,0.011352554
13835,0.013397209
13836,0.013763405
13837,0.0153808445
13838,0.019989029
13839,0.021179207
13840,0.019866928
13841,0.019561768
13842,0.017303467
13843,0.0139160305
13844,0.011871323
13845,0.010498047
13846,0.007110581
13847,0.004180923
13848,0.00048828125
13849,-0.0023498684
13850,-0.0077209473
13851,-0.013397209
13852,-0.018768273
13853,-0.024475113
13854,-0.023742694
13855,-0.02554322
13856,-0.029602034
13857,-0.037170418
13858,-0.042266864
13859,-0.045959465
13860,-0.04855346
13861,-0.048614495
13862,-0.047485344
13863,-0.047363278
13864,-0.04818725
13865,-0.047515884
13866,-0.047210693
13867,-0.046417236
13868,-0.04217525
13869,-0.03656006
13870,-0.028991729
13871,-0.024383545
13872,-0.019439697
13873,-0.016998276
13874,-0.014373764
13875,-0.009216294
13876,-0.0016174316
13877,0.0045471042
13878,0.006652847
13879,0.012268096
13880,0.015777603
13881,0.018371582
13882,0.01882936
13883,0.024963394
13884,0.0315857
13885,0.03411868
13886,0.03826905
13887,0.041961685
13888,0.044738777
13889,0.039886463
13890,0.037231438
13891,0.036895745
13892,0.033447266
13893,0.029205322
13894,0.020904541
13895,0.015563963
13896,0.00579834
13897,-0.0028381338
13898,-0.0061035156
13899,-0.013824465
13900,-0.011535643
13901,-0.012207033
13902,-0.013824455
13903,-0.016479498
13904,-0.016479492
13905,-0.01174926
13906,-0.012390129
13907,-0.016540512
13908,-0.021240234
13909,-0.026824951
13910,-0.029296868
13911,-0.027618378
13912,-0.024322487
13913,-0.016998298
13914,-0.00582885
13915,-0.0072631836
13916,-0.017120346
13917,-0.018798828
13918,-0.0065307766
13919,0.0040282905
13920,0.00680539
13921,0.0076293796
13922,0.011291482
13923,0.013244599
13924,0.005981408
13925,-0.0008545071
13926,0.003265366
13927,0.017150894
13928,0.024505623
13929,0.016174346
13930,-0.0023803338
13931,-0.010467522
13932,-0.011688232
13933,-0.0005493276
13934,0.014801048
13935,0.026702875
13936,0.03311155
13937,0.034362763
13938,0.040161137
13939,0.046508804
13940,0.053771976
13941,0.056854255
13942,0.055206314
13943,0.055175774
13944,0.05120848
13945,0.045288086
13946,0.04248047
13947,0.03482054
13948,0.026214585
13949,0.016906738
13950,0.013580307
13951,0.01260373
13952,0.0037841946
13953,0.00076290965
13954,0.0019836277
13955,0.006652832
13956,0.0049438477
13957,0.0014037788
13958,0.0008545071
13959,0.0012512356
13960,0.0021362156
13961,0.0021362007
13962,-0.00061035156
13963,-0.0012817383
13964,-0.005493194
13965,-0.008331329
13966,-0.010864273
13967,-0.009582505
13968,-0.0058288276
13969,-0.009429947
13970,-0.012298584
13971,-0.015167236
13972,-0.009185746
13973,-0.006896943
13974,-0.005645752
13975,-0.002227813
13976,-0.003753677
13977,-0.0031432658
13978,-0.0067138523
13979,-0.008544937
13980,-0.0032348782
13981,0.0046691746
13982,0.012054458
13983,0.0050964355
13984,-0.011352532
13985,-0.0152587965
13986,-0.015197769
13987,-0.02835083
13988,-0.06323244
13989,-0.09793091
13990,-0.105865486
13991,-0.11816406
13992,-0.14407343
13993,-0.18725595
13994,-0.23394775
13995,-0.2687074
13996,-0.29055774
13997,-0.3034668
13998,-0.30548102
13999,-0.31478882
14000,-0.31277466
14001,-0.302063
14002,-0.28826904
14003,-0.24423206
14004,-0.18209815
14005,-0.09283435
14006,0.02178967
14007,0.15094
14008,0.27859518
14009,0.37118554
14010,0.4566958
14011,0.5514529
14012,0.63912976
14013,0.69351184
14014,0.72122175
14015,0.7341617
14016,0.7465211
14017,0.74661255
14018,0.72735584
14019,0.6759033
14020,0.594208
14021,0.50823975
14022,0.421448
14023,0.3390193
14024,0.25012207
14025,0.14511108
14026,0.018249512
14027,-0.13549805
14028,-0.28775072
14029,-0.4168092
14030,-0.51339734
14031,-0.59097326
14032,-0.6745608
14033,-0.7519535
14034,-0.7974855
14035,-0.78082275
14036,-0.7395018
14037,-0.72933954
14038,-0.74969506
14039,-0.7476806
14040,-0.68081677
14041,-0.5806885
14042,-0.5157777
14043,-0.49694836
14044,-0.47912598
14045,-0.40698266
14046,-0.27435303
14047,-0.10952783
14048,0.059905767
14049,0.2412417
14050,0.42715466
14051,0.60775757
14052,0.7557982
14053,0.85278285
14054,0.9012454
14055,0.90676886
14056,0.85372937
14057,0.7469175
14058,0.6115113
14059,0.43795788
14060,0.24713147
14061,0.04034409
14062,-0.13583373
14063,-0.27416992
14064,-0.38897717
14065,-0.462616
14066,-0.49740607
14067,-0.47677612
14068,-0.41635126
14069,-0.33441156
14070,-0.25006106
14071,-0.1666261
14072,-0.08447263
14073,-0.015289307
14074,0.03939821
14075,0.08062734
14076,0.10943596
14077,0.12747194
14078,0.1325379
14079,0.12612922
14080,0.11236575
14081,0.09799194
14082,0.08538818
14083,0.0689087
14084,0.04666137
14085,0.031066898
14086,0.019714352
14087,0.009399414
14088,-0.0033264235
14089,-0.018066414
14090,-0.031768784
14091,-0.051086426
14092,-0.06372071
14093,-0.06427005
14094,-0.05560302
14095,-0.04815674
14096,-0.046508804
14097,-0.04428102
14098,-0.03277585
14099,-0.012237549
14100,0.0095214695
14101,0.029571533
14102,0.041717544
14103,0.050903335
14104,0.056152333
14105,0.06689454
14106,0.08755494
14107,0.10610962
14108,0.11074829
14109,0.091247536
14110,0.064178474
14111,0.037872314
14112,0.02380374
14113,0.024414048
14114,0.027282692
14115,0.017547615
14116,-0.013946518
14117,-0.052612305
14118,-0.079772964
14119,-0.08459473
14120,-0.072326645
14121,-0.06222534
14122,-0.05044555
14123,-0.03433229
14124,-0.016418457
14125,-0.016967766
14126,0.005828857
14127,0.024444586
14128,0.01293944
14129,-0.004821779
14130,0.0049743727
14131,0.042755123
14132,0.047698975
14133,0.032958977
14134,0.028198238
14135,0.0296631
14136,0.02990722
14137,0.02990722
14138,0.031158425
14139,0.032226577
14140,0.030822769
14141,0.022399887
14142,0.006072983
14143,-0.011840835
14144,-0.035919175
14145,-0.062377907
14146,-0.08145143
14147,-0.088317886
14148,-0.082031235
14149,-0.08724975
14150,-0.08847046
14151,-0.06689456
14152,-0.031677246
14153,0.008575454
14154,0.030609138
14155,0.04928589
14156,0.08102414
14157,0.118652344
14158,0.16397095
14159,0.18450926
14160,0.17343137
14161,0.12808225
14162,0.06674194
14163,0.013946533
14164,-0.028411854
14165,-0.06384277
14166,-0.0975952
14167,-0.11209107
14168,-0.11648557
14169,-0.11859128
14170,-0.11184691
14171,-0.09005739
14172,-0.052276626
14173,-0.0125122
14174,0.015686052
14175,0.033538807
14176,0.03683471
14177,0.03558348
14178,0.04043579
14179,0.045928948
14180,0.051971406
14181,0.049682617
14182,0.04040526
14183,0.029907241
14184,0.016937241
14185,0.008239761
14186,0.003814727
14187,0.0036621094
14188,0.0032653883
14189,-0.0020751879
14190,-0.010101303
14191,-0.013092041
14192,-0.011505149
14193,-0.009124763
14194,-0.012420662
14195,-0.015502945
14196,-0.013488762
14197,-0.011932366
14198,-0.009979248
14199,-0.009246845
14200,-0.007263176
14201,-0.0134277195
14202,-0.023345947
14203,-0.030914325
14204,-0.028533932
14205,-0.02337645
14206,-0.018341059
14207,-0.01574707
14208,-0.015045169
14209,-0.013336183
14210,-0.0113220215
14211,-0.0019226037
14212,0.014251716
14213,0.02737426
14214,0.030548088
14215,0.02676393
14216,0.028259292
14217,0.032012954
14218,0.033599854
14219,0.027130142
14220,0.0232239
14221,0.022094756
14222,0.020660438
14223,0.012023941
14224,-0.0025024414
14225,-0.014160141
14226,-0.019378662
14227,-0.018615704
14228,-0.018341072
14229,-0.0227051
14230,-0.029663108
14231,-0.03155518
14232,-0.02523803
14233,-0.017456047
14234,-0.015563963
14235,-0.019592296
14236,-0.02722168
14237,-0.036102284
14238,-0.037139885
14239,-0.040130623
14240,-0.039184596
14241,-0.040710457
14242,-0.042541504
14243,-0.044311516
14244,-0.049194336
14245,-0.050323486
14246,-0.048828125
14247,-0.04693602
14248,-0.04418941
14249,-0.04498291
14250,-0.039978027
14251,-0.024719238
14252,-0.0118407905
14253,-0.002685517
14254,-0.005340576
14255,-0.0017700195
14256,0.0031738281
14257,0.013580322
14258,0.023437485
14259,0.018920913
14260,0.015289292
14261,0.006652832
14262,0.009918213
14263,0.017974854
14264,0.020629853
14265,0.019439712
14266,0.010284424
14267,0.009033173
14268,0.009490937
14269,0.010070831
14270,0.0048827976
14271,0.00869748
14272,0.016845688
14273,0.026428223
14274,0.034515385
14275,0.032287583
14276,0.03622435
14277,0.03543091
14278,0.040222157
14279,0.043579087
14280,0.04046631
14281,0.036987305
14282,0.029998787
14283,0.022521973
14284,0.01171875
14285,0.00036620954
14286,-0.0075683584
14287,-0.012359621
14288,-0.012084957
14289,-0.011077888
14290,-0.015991226
14291,-0.021423332
14292,-0.02548217
14293,-0.036529563
14294,-0.048431426
14295,-0.05465699
14296,-0.0474243
14297,-0.03884889
14298,-0.03646852
14299,-0.030365005
14300,-0.029022217
14301,-0.021026626
14302,-0.008605942
14303,0.0047912598
14304,0.014587373
14305,0.019012451
14306,0.03125001
14307,0.04211428
14308,0.050079346
14309,0.05444336
14310,0.054107677
14311,0.04809571
14312,0.039062493
14313,0.030883782
14314,0.025115969
14315,0.015655518
14316,0.007293701
14317,0.0015869122
14318,-0.0042419396
14319,-0.007934568
14320,-0.005126953
14321,0.0027770987
14322,0.010772703
14323,0.012237553
14324,0.012176512
14325,0.015838625
14326,0.018981934
14327,0.023406994
14328,0.019989012
14329,0.017425522
14330,0.020538315
14331,0.027923614
14332,0.041015655
14333,0.046417236
14334,0.049774125
14335,0.048675537
14336,0.049682632
14337,0.055175796
14338,0.055419907
14339,0.05126953
14340,0.041748047
14341,0.03314212
14342,0.027069092
14343,0.020324677
14344,0.012207031
14345,0.00402835
14346,-0.002838105
14347,-0.010467559
14348,-0.01870732
14349,-0.02911377
14350,-0.035522446
14351,-0.04516603
14352,-0.053039577
14353,-0.06195071
14354,-0.06558226
14355,-0.06451416
14356,-0.061065704
14357,-0.052795436
14358,-0.04455568
14359,-0.032104477
14360,-0.021240225
14361,-0.011688221
14362,-0.0005187988
14363,0.008728024
14364,0.020111077
14365,0.028839111
14366,0.035491936
14367,0.039245635
14368,0.04016114
14369,0.039978012
14370,0.03744504
14371,0.036529556
14372,0.04037477
14373,0.030517548
14374,0.022521943
14375,0.020660415
14376,0.016937286
14377,0.010803193
14378,0.0035400093
14379,0.015960708
14380,0.018737808
14381,0.0064086616
14382,-0.0102234185
14383,-0.016937256
14384,-0.014190689
14385,-0.01260379
14386,-0.013336182
14387,-0.019165069
14388,-0.023071289
14389,-0.02563481
14390,-0.024932854
14391,-0.01858519
14392,-0.01651001
14393,-0.013946518
14394,-0.01483155
14395,-0.008880615
14396,0.00079348683
14397,0.0052185208
14398,0.009185821
14399,0.0055236816
14400,0.005279556
14401,-0.0017699897
14402,-0.0055541694
14403,-0.010406457
14404,-0.018035896
14405,-0.026245102
14406,-0.03137204
14407,-0.029724116
14408,-0.027770996
14409,-0.029205345
14410,-0.037139893
14411,-0.041534424
14412,-0.040893555
14413,-0.036712635
14414,-0.031768806
14415,-0.03356935
14416,-0.03231813
14417,-0.0317688
14418,-0.026550293
14419,-0.0203247
14420,-0.01766967
14421,-0.014434829
14422,-0.00988771
14423,-0.00289917
14424,0.0057983547
14425,0.009277321
14426,0.008239716
14427,0.0068664514
14428,0.007476788
14429,0.0071716234
14430,0.0044250265
14431,6.106496e-05
14432,-0.004211411
14433,-0.0057983473
14434,-0.014129639
14435,-0.023071289
14436,-0.036804184
14437,-0.041717485
14438,-0.041778564
14439,-0.041931152
14440,-0.039825454
14441,-0.04025267
14442,-0.04064943
14443,-0.039733887
14444,-0.02935791
14445,-0.01727295
14446,-0.012054443
14447,-0.010406494
14448,-0.0032043457
14449,0.01632689
14450,0.022979736
14451,0.020446792
14452,0.016296387
14453,0.014312729
14454,0.015625
14455,0.011077896
14456,0.011657715
14457,0.013397202
14458,0.009338364
14459,0.009582534
14460,0.009033218
14461,0.011383057
14462,0.012481675
14463,0.010284439
14464,0.010437012
14465,0.0146484375
14466,0.015594497
14467,0.016540527
14468,0.020873994
14469,0.02825924
14470,0.02496335
14471,0.009033188
14472,0.007507324
14473,0.022308338
14474,0.030883763
14475,0.024475068
14476,0.013793927
14477,0.01025391
14478,0.008422893
14479,0.009399384
14480,0.011718743
14481,0.010955833
14482,0.0076904446
14483,0.008453354
14484,0.007904023
14485,0.0017700456
14486,-0.0035400167
14487,0.0017700046
14488,0.0050048605
14489,0.0035095178
14490,0.0010681394
14491,0.00506592
14492,0.009368884
14493,0.009338367
14494,0.015441896
14495,0.018707281
14496,0.021087646
14497,0.020202635
14498,0.02026366
14499,0.020874029
14500,0.01821899
14501,0.020324718
14502,0.024688713
14503,0.023681637
14504,0.01885986
14505,0.015197754
14506,0.017303467
14507,0.01968386
14508,0.020477317
14509,0.019195557
14510,0.013977051
14511,0.015197739
14512,0.015136734
14513,0.014465347
14514,0.010467529
14515,0.01272583
14516,0.01953122
14517,0.018218964
14518,0.012725815
14519,0.011383072
14520,0.012298599
14521,0.010559082
14522,0.0079956055
14523,0.0063781887
14524,0.0074768364
14525,0.0043029934
14526,0.004119888
14527,0.004272461
14528,0.004394546
14529,0.0016174316
14530,0.0013428032
14531,0.0027770996
14532,0.00497438
14533,0.003692612
14534,-0.0011291206
14535,-0.010681137
14536,-0.021423317
14537,-0.030303963
14538,-0.036987305
14539,-0.043151826
14540,-0.049926735
14541,-0.05593872
14542,-0.06304932
14543,-0.06683351
14544,-0.062194813
14545,-0.056121834
14546,-0.056579597
14547,-0.059600845
14548,-0.05712889
14549,-0.05026245
14550,-0.046295196
14551,-0.046600327
14552,-0.042236328
14553,-0.034729004
14554,-0.023620635
14555,-0.008880585
14556,0.00033567846
14557,0.009460464
14558,0.016845673
14559,0.024139434
14560,0.03341675
14561,0.041137706
14562,0.052154526
14563,0.05291748
14564,0.050140385
14565,0.04443359
14566,0.043029796
14567,0.041809082
14568,0.035217285
14569,0.01809692
14570,-0.004425049
14571,-0.019622795
14572,-0.029571526
14573,-0.039886475
14574,-0.056854248
14575,-0.066345215
14576,-0.059600815
14577,-0.04452513
14578,-0.021209717
14579,-0.016662568
14580,-0.01699828
14581,-0.0007019043
14582,0.03750609
14583,0.058013916
14584,0.075531036
14585,0.14666748
14586,0.24746704
14587,0.257019
14588,0.14498901
14589,0.034454405
14590,0.051605105
14591,0.16735852
14592,0.28356922
14593,0.3480224
14594,0.350891
14595,0.3143615
14596,0.21969604
14597,0.07287568
14598,-0.102997184
14599,-0.25100726
14600,-0.3204956
14601,-0.31597888
14602,-0.29156494
14603,-0.3005371
14604,-0.33093262
14605,-0.33874512
14606,-0.29519647
14607,-0.2298584
14608,-0.18304455
14609,-0.15838629
14610,-0.14074686
14611,-0.11279279
14612,-0.076171845
14613,-0.051849484
14614,-0.03616333
14615,-0.0274961
14616,-0.014068633
14617,0.0040590763
14618,0.013305575
14619,0.013031125
14620,-0.011901736
14621,-0.04876703
14622,-0.08230591
14623,-0.097076535
14624,-0.09011835
14625,-0.064361215
14626,-0.028289527
14627,0.0112915635
14628,0.051513642
14629,0.08718881
14630,0.12042233
14631,0.14697278
14632,0.17663571
14633,0.20455927
14634,0.22042842
14635,0.21939081
14636,0.21578975
14637,0.22338876
14638,0.22683717
14639,0.21035764
14640,0.17068464
14641,0.12603766
14642,0.08267227
14643,0.038635284
14644,-0.0005799532
14645,-0.03591925
14646,-0.06582634
14647,-0.08288574
14648,-0.0875244
14649,-0.081726134
14650,-0.07647702
14651,-0.067413315
14652,-0.052642792
14653,-0.0406494
14654,-0.025299072
14655,-0.011108384
14656,-0.00018310547
14657,0.0090637505
14658,0.017578095
14659,0.030426025
14660,0.03863524
14661,0.040740952
14662,0.041809067
14663,0.03643799
14664,0.022003174
14665,0.016662568
14666,0.016571
14667,0.0076293945
14668,-0.015441909
14669,-0.04650879
14670,-0.057250984
14671,-0.061981212
14672,-0.06182863
14673,-0.061645523
14674,-0.070770256
14675,-0.081726074
14676,-0.0847168
14677,-0.07662965
14678,-0.0680847
14679,-0.07015991
14680,-0.068573
14681,-0.059570298
14682,-0.04452516
14683,-0.038299546
14684,-0.036407486
14685,-0.027801484
14686,-0.013275176
14687,-0.0013427883
14688,-0.003967285
14689,-0.0050964355
14690,0.0035400242
14691,0.014892578
14692,0.01965332
14693,0.014892578
14694,0.009185776
14695,0.0074158013
14696,0.0105896145
14697,0.016174331
14698,0.020324714
14699,0.015136749
14700,0.008972175
14701,0.0071716383
14702,0.0107727125
14703,0.013946548
14704,0.015075695
14705,0.017578144
14706,0.018676773
14707,0.020935073
14708,0.018127445
14709,0.015411366
14710,0.011505131
14711,0.007965088
14712,0.0023498535
14713,-0.0080566555
14714,-0.014617935
14715,-0.017364495
14716,-0.022216812
14717,-0.024566673
14718,-0.025909454
14719,-0.023498535
14720,-0.019134521
14721,-0.01644902
14722,-0.0128478855
14723,-0.0054626316
14724,0.0019531697
14725,0.0069580153
14726,0.008270264
14727,0.010711685
14728,0.014953636
14729,0.020019546
14730,0.023620613
14731,0.022064198
14732,0.020416237
14733,0.023681628
14734,0.0284729
14735,0.024322528
14736,0.021057133
14737,0.023803715
14738,0.029693602
14739,0.029144287
14740,0.022155754
14741,0.020996107
14742,0.020751942
14743,0.018127434
14744,0.013519287
14745,0.010192879
14746,0.009552013
14747,0.014068585
14748,0.012420643
14749,0.010131858
14750,0.003082309
14751,-0.0017089918
14752,-0.003082294
14753,-0.0045776553
14754,-0.0054015927
14755,-0.0023803674
14756,0.00021360442
14757,0.0009460449
14758,0.0018921122
14759,-0.0021667331
14760,-0.0039978027
14761,-0.0090637095
14762,-0.0086059645
14763,-0.004150398
14764,-0.0018920787
14765,-0.0022583045
14766,-0.0027160496
14767,-0.0004882924
14768,0.0009155385
14769,-0.0023193285
14770,-0.010070793
14771,-0.012054447
14772,-0.0074768094
14773,0.0033874437
14774,0.0065307543
14775,0.0027160682
14776,9.153783e-05
14777,0.00582885
14778,0.021179214
14779,0.037872314
14780,0.047332786
14781,0.051635727
14782,0.056732178
14783,0.058502182
14784,0.056976333
14785,0.044219956
14786,0.028625488
14787,0.011230454
14788,-0.0065612793
14789,-0.017517105
14790,-0.026367202
14791,-0.036437992
14792,-0.048431415
14793,-0.057556152
14794,-0.06231691
14795,-0.06756593
14796,-0.07299805
14797,-0.07577513
14798,-0.06921388
14799,-0.060302734
14800,-0.050903343
14801,-0.047729462
14802,-0.048095703
14803,-0.04348755
14804,-0.033721924
14805,-0.019103989
14806,-0.007873535
14807,0.0027771145
14808,0.01062011
14809,0.01373291
14810,0.015075684
14811,0.017639153
14812,0.02221683
14813,0.027709983
14814,0.032623317
14815,0.03390502
14816,0.027740452
14817,0.019348152
14818,0.012695309
14819,0.011352537
14820,0.009704582
14821,0.008697512
14822,0.007171631
14823,0.0010375995
14824,-0.00442506
14825,-0.0079956
14826,-0.0062560923
14827,-0.004486084
14828,-0.006622318
14829,-0.011138935
14830,-0.013488762
14831,-0.015289295
14832,-0.011474609
14833,-0.009460442
14834,-0.0057983287
14835,-0.0022582747
14836,0.00042723864
14837,0.004882805
14838,0.008758556
14839,0.01263429
14840,0.017761223
14841,0.021179184
14842,0.025878903
14843,0.029418947
14844,0.029266346
14845,0.03015136
14846,0.030670162
14847,0.033325214
14848,0.03720094
14849,0.033752427
14850,0.0296631
14851,0.023071319
14852,0.019897461
14853,0.018737763
14854,0.016479492
14855,0.019134536
14856,0.016143784
14857,0.012512192
14858,0.007873535
14859,0.0051879734
14860,0.0053405315
14861,0.0
14862,-0.0013427287
14863,-0.0032348633
14864,-0.0087890625
14865,-0.0143127665
14866,-0.014556862
14867,-0.009155281
14868,-0.009094253
14869,-0.015380863
14870,-0.02261351
14871,-0.023162842
14872,-0.019531265
14873,-0.015411388
14874,-0.018798837
14875,-0.024017313
14876,-0.02413939
14877,-0.021972649
14878,-0.023803722
14879,-0.029785164
14880,-0.030822754
14881,-0.026092526
14882,-0.024444588
14883,-0.028259292
14884,-0.031158432
14885,-0.029968243
14886,-0.025726296
14887,-0.026550308
14888,-0.023986839
14889,-0.019805908
14890,-0.017181404
14891,-0.015655518
14892,-0.013214111
14893,-0.0072021782
14894,-0.003234893
14895,-9.1567636e-05
14896,0.0011902004
14897,0.0020141602
14898,0.0019531101
14899,0.0033569038
14900,0.0048217922
14901,0.005432144
14902,0.0036315918
14903,-0.0017089695
14904,-0.0038757324
14905,-0.0066833347
14906,-0.005004883
14907,-0.0025939941
14908,-0.0017699897
14909,-0.0042419434
14910,-0.011596695
14911,-0.007751465
14912,-9.152293e-05
14913,0.0038757622
14914,0.0025634915
14915,0.0035705566
14916,0.010192871
14917,0.00982666
14918,0.008300774
14919,0.008209214
14920,0.01565551
14921,0.019897431
14922,0.022308338
14923,0.024566641
14924,0.024658196
14925,0.026306175
14926,0.026672374
14927,0.028137218
14928,0.02944946
14929,0.028015131
14930,0.025238033
14931,0.018402098
14932,0.014068604
14933,0.00942993
14934,0.008697512
14935,0.010589598
14936,0.007843021
14937,0.0046386644
14938,0.006347671
14939,0.014099114
14940,0.017913822
14941,0.013061516
14942,0.011383049
14943,0.012817405
14944,0.013671875
14945,0.013946556
14946,0.012451172
14947,0.009552009
14948,0.0045776367
14949,-0.0015258677
14950,-0.005767796
14951,-0.010925293
14952,-0.017089836
14953,-0.021850603
14954,-0.023681644
14955,-0.019165058
14956,-0.018920898
14957,-0.021179188
14958,-0.024139397
14959,-0.020904537
14960,-0.012634279
14961,-0.0066833487
14962,-0.0034179688
14963,-0.0046691895
14964,-0.0014953623
14965,0.0024108873
14966,0.008483887
14967,0.0105285635
14968,0.014099122
14969,0.015075676
14970,0.015716555
14971,0.014526363
14972,0.014221206
14973,0.017425515
14974,0.022735573
14975,0.024902333
14976,0.02154544
14977,0.016479537
14978,0.014678933
14979,0.013427712
14980,0.0045166314
14981,-0.00424191
14982,-0.008209221
14983,-0.007141117
14984,-0.00918578
14985,-0.014038075
14986,-0.015869182
14987,-0.012939479
14988,-0.011718748
14989,-0.012023902
14990,-0.0135497935
14991,-0.01599122
14992,-0.012908936
14993,-0.007507324
14994,-0.0015563965
14995,-0.00024413317
14996,6.102398e-05
14997,0.004241932
14998,0.0065612793
14999,0.0077209584
15000,0.009368904
15001,0.0062561
15002,-7.450581e-09
15003,-0.008514408
15004,-0.013580307
15005,-0.018249499
15006,-0.019866928
15007,-0.017486565
15008,-0.02166748
15009,-0.026458742
15010,-0.030609135
15011,-0.026031483
15012,-0.015777571
15013,-0.006286612
15014,0.0048217787
15015,0.010162346
15016,0.017608643
15017,0.024505612
15018,0.022613524
15019,0.017852783
15020,0.011627199
15021,0.010559084
15022,0.011505129
15023,0.011657719
15024,0.00985718
15025,0.0031433124
15026,-0.0027771015
15027,-0.0022888165
15028,0.0004272461
15029,0.0058898944
15030,0.005584717
15031,0.0028076172
15032,0.00042723864
15033,0.0028686523
15034,0.00921632
15035,0.01086425
15036,0.013458252
15037,0.015563935
15038,0.019134533
15039,0.01858522
15040,0.014282212
15041,0.01177977
15042,0.00891114
15043,0.00997927
15044,0.005523652
15045,0.00048828125
15046,-0.0035094954
15047,-0.0075073056
15048,-0.0074767917
15049,-0.01080326
15050,-0.013000485
15051,-0.017883297
15052,-0.022033675
15053,-0.02062989
15054,-0.02059938
15055,-0.020477287
15056,-0.018829342
15057,-0.01672363
15058,-0.015563965
15059,-0.01727295
15060,-0.014923093
15061,-0.0076904297
15062,-0.005706787
15063,-0.0052490216
15064,-0.0044555664
15065,-0.0002746582
15066,0.002105713
15067,-0.0013732892
15068,-0.003021242
15069,-0.005279541
15070,-0.003479004
15071,-0.004486082
15072,-0.0051269475
15073,-0.0074463002
15074,-0.009429939
15075,-0.008392345
15076,-0.0068359077
15077,-0.0083008
15078,-0.0122681
15079,-0.014495861
15080,-0.011169426
15081,-0.0069884956
15082,-0.0048218034
15083,-0.0074463114
15084,-0.010986306
15085,-0.011108398
15086,-0.008636452
15087,-0.005676292
15088,-0.0058288723
15089,-0.005798362
15090,-0.005493179
15091,-0.008789048
15092,-0.012786865
15093,-0.011505149
15094,-0.006713882
15095,-0.00067136437
15096,0.00036622584
15097,-0.0009765625
15098,-0.0020752177
15099,-0.0009460375
15100,0.0062561333
15101,0.010131858
15102,0.012359638
15103,0.008636493
15104,0.0091857985
15105,0.010894768
15106,0.014556877
15107,0.015197769
15108,0.010040313
15109,0.0044555403
15110,0.003906235
15111,0.006652832
15112,0.005737327
15113,0.003875725
15114,0.0041198563
15115,0.0068969727
15116,0.007965103
15117,0.008056652
15118,0.011413578
15119,0.012634277
15120,0.010681143
15121,0.008148193
15122,0.009857179
15123,0.008911133
15124,0.008819578
15125,0.010040282
15126,0.014068601
15127,0.015533446
15128,0.0134887695
15129,0.017822258
15130,0.023193367
15131,0.02667237
15132,0.024780266
15133,0.02139283
15134,0.02142334
15135,0.022338875
15136,0.024261467
15137,0.018524177
15138,0.012573257
15139,0.0063781515
15140,0.0020751879
15141,-0.00048828125
15142,-0.0021057054
15143,-0.0007934645
15144,-0.0014648587
15145,-0.0012817755
15146,-0.0019836426
15147,-0.0034179762
15148,-0.0054015815
15149,-0.0051574595
15150,-0.0024719574
15151,-0.003906265
15152,-0.007110603
15153,-0.012725819
15154,-0.01449582
15155,-0.015960708
15156,-0.015136728
15157,-0.016357444
15158,-0.019561764
15159,-0.023498524
15160,-0.024780272
15161,-0.021911621
15162,-0.020599369
15163,-0.020721436
15164,-0.019836426
15165,-0.013000488
15166,-0.0069885273
15167,-0.0038146954
15168,-0.0012817392
15169,0.0022583008
15170,0.008789062
15171,0.011962893
15172,0.01364136
15173,0.014770506
15174,0.01651001
15175,0.016418457
15176,0.012817385
15177,0.011016853
15178,0.010314949
15179,0.010986317
15180,0.0055236816
15181,0.0033874586
15182,0.0034485087
15183,0.0017700251
15184,0.001647938
15185,-0.0006103553
15186,0.0009765737
15187,0.0009765625
15188,0.001220692
15189,0.0027465858
15190,0.006958045
15191,0.01315308
15192,0.015289281
15193,0.010681134
15194,0.0043945387
15195,0.0043640397
15196,0.005310051
15197,0.0039062537
15198,-0.001068078
15199,-0.005828824
15200,-0.006317131
15201,-0.0062255785
15202,-0.006561272
15203,-0.009094229
15204,-0.012542719
15205,-0.015502945
15206,-0.020629881
15207,-0.02410889
15208,-0.0286255
15209,-0.029876716
15210,-0.027862536
15211,-0.027160646
15212,-0.026672374
15213,-0.029724143
15214,-0.026184052
15215,-0.02355954
15216,-0.018707275
15217,-0.012176521
15218,-0.009490967
15219,-0.00772094
15220,-0.008178718
15221,-0.0034179538
15222,0.0034484789
15223,0.008941632
15224,0.015167221
15225,0.016509991
15226,0.01586914
15227,0.017028805
15228,0.016815176
15229,0.020050043
15230,0.01745606
15231,0.015808113
15232,0.012237545
15233,0.010620114
15234,0.009277343
15235,0.005981447
15236,0.0056762667
15237,0.007110592
15238,0.0105285635
15239,0.008087156
15240,0.006286619
15241,0.0069885254
15242,0.009307869
15243,0.011871342
15244,0.012725817
15245,0.016998295
15246,0.016815182
15247,0.009857193
15248,0.0039062463
15249,0.0010681134
15250,-0.0023193383
15251,-0.010742195
15252,-0.015960693
15253,-0.01812744
15254,-0.017028805
15255,-0.01925659
15256,-0.020751946
15257,-0.01641846
15258,-0.01504517
15259,-0.0126953125
15260,-0.013183583
15261,-0.009155262
15262,-0.0034789927
15263,-0.00064087287
15264,0.00030516088
15265,-0.0011901967
15266,-0.0029907115
15267,-0.0011596568
15268,-0.00015258789
15269,0.00012205541
15270,-0.0024108998
15271,-0.0055541843
15272,-0.0021362193
15273,-0.0021667331
15274,0.00012206286
15275,-0.0022583008
15276,-0.0044555627
15277,-0.0073852614
15278,-0.0110778995
15279,-0.010498043
15280,-0.009155262
15281,-0.010589596
15282,-0.007995624
15283,-0.003265366
15284,-0.00033566356
15285,-0.002044648
15286,-0.005706787
15287,-0.002777107
15288,0.0038757585
15289,0.010070812
15290,0.011993416
15291,0.011657709
15292,0.015167233
15293,0.020568855
15294,0.021606449
15295,0.023162836
15296,0.019409174
15297,0.015289301
15298,0.011505126
15299,0.012207032
15300,0.015472412
15301,0.013031006
15302,0.011840817
15303,0.01013184
15304,0.012451176
15305,0.014984135
15306,0.018066391
15307,0.019958485
15308,0.020355217
15309,0.020080592
15310,0.020141609
15311,0.020324692
15312,0.019714326
15313,0.021545403
15314,0.017364502
15315,0.015533462
15316,0.010192856
15317,0.0031432956
15318,-0.0014343336
15319,-0.0033264086
15320,-0.0014648438
15321,-0.005371116
15322,-0.011108432
15323,-0.0168152
15324,-0.02224733
15325,-0.025573723
15326,-0.028137198
15327,-0.026275657
15328,-0.023284934
15329,-0.02191163
15330,-0.022064196
15331,-0.021972653
15332,-0.017669674
15333,-0.012939453
15334,-0.011413574
15335,-0.009979248
15336,-0.0083313
15337,-0.007385254
15338,-0.0076293955
15339,-0.00897217
15340,-0.009277349
15341,-0.0060424805
15342,-0.004119875
15343,-0.0073547363
15344,-0.007812504
15345,-0.007781986
15346,-0.006469734
15347,-0.007904045
15348,-0.009460453
15349,-0.00878907
15350,-0.00878907
15351,-0.010284431
15352,-0.013000447
15353,-0.018493645
15354,-0.018371604
15355,-0.0152587965
15356,-0.010223396
15357,-0.006896965
15358,-0.006042503
15359,-0.004486084
15360,-0.0021972656
15361,0.001892075
15362,0.005737312
15363,0.008361835
15364,0.009338401
15365,0.015472412
15366,0.021118155
15367,0.029205333
15368,0.031768803
15369,0.028778074
15370,0.03124998
15371,0.031097414
15372,0.035186768
15373,0.034149162
15374,0.03674314
15375,0.03659058
15376,0.031890906
15377,0.026580788
15378,0.022827148
15379,0.019683838
15380,0.011474624
15381,0.0020446852
15382,-0.004791271
15383,-0.008636445
15384,-0.011352543
15385,-0.013427742
15386,-0.022979753
15387,-0.033142105
15388,-0.038757328
15389,-0.033599857
15390,-0.024749754
15391,-0.021850582
15392,-0.022705069
15393,-0.024414055
15394,-0.026580814
15395,-0.022796642
15396,-0.016723637
15397,-0.010101303
15398,-0.0052184984
15399,-0.001342779
15400,-0.00048829056
15401,0.0068359324
15402,0.013732914
15403,0.019439695
15404,0.016571045
15405,0.012298584
15406,0.014373777
15407,0.015350341
15408,0.012298584
15409,0.007232665
15410,0.0018920889
15411,0.0006713858
15412,0.0013732896
15413,-0.00061035156
15414,-0.00033569528
15415,-0.0029296866
15416,-0.004211425
15417,-0.00616455
15418,-0.0072631845
15419,-0.0031433112
15420,-0.0019836428
15421,-0.00042724563
15422,-0.00054931664
15423,0.00015258719
15424,0.0014038081
15425,0.0012512202
15426,0.006500244
15427,0.007965089
15428,0.00604248
15429,0.00070190243
15430,0.003967285
15431,0.008270266
15432,0.007385252
15433,0.0059814416
15434,0.00579834
15435,0.006500246
15436,0.0025024414
15437,0.0010375977
15438,0.003540039
15439,0.0032348633
15440,0.0010375995
15441,9.15546e-05
15442,-0.0020141602
15443,-0.0034484845
15444,-0.007751463
15445,-0.009948728
15446,-0.009033201
15447,-0.009063718
15448,-0.0037536602
15449,-0.004180909
15450,-0.0056762677
15451,-0.010223389
15452,-0.011505128
15453,-0.0042114267
15454,-0.00015258789
15455,0.005279543
15456,0.0064086914
15457,0.0105896
15458,0.013732914
15459,0.011749256
15460,0.016387943
15461,0.014801037
15462,0.017364513
15463,0.0159607
15464,0.013732906
15465,0.011810299
15466,0.006805431
15467,0.008392341
15468,0.008300781
15469,0.008514397
15470,0.008972131
15471,0.0043945275
15472,0.0007324219
15473,-0.0014343448
15474,-0.0014648512
15475,-0.0036926419
15476,-0.009796143
15477,-0.01510622
15478,-0.020080574
15479,-0.019805908
15480,-0.01950072
15481,-0.02182006
15482,-0.025054932
15483,-0.028991692
15484,-0.027252207
15485,-0.022827141
15486,-0.018096928
15487,-0.01412962
15488,-0.014190663
15489,-0.008514401
15490,-0.002197262
15491,0.0032653771
15492,0.007385267
15493,0.008941646
15494,0.008239748
15495,0.008514403
15496,0.015960688
15497,0.016387936
15498,0.013519282
15499,0.0079345675
15500,0.008819582
15501,0.014282228
15502,0.012573242
15503,0.007598874
15504,0.0015869141
15505,-0.0034179688
15506,-0.005096436
15507,-0.008880618
15508,-0.008453369
15509,-0.008636473
15510,-0.012237549
15511,-0.016784677
15512,-0.017425539
15513,-0.012298582
15514,-0.008697506
15515,-0.009582508
15516,-0.012908939
15517,-0.012115493
15518,-0.008636478
15519,-0.009582505
15520,-0.013061509
15521,-0.018066421
15522,-0.021087624
15523,-0.025573723
15524,-0.032165498
15525,-0.03665159
15526,-0.040618896
15527,-0.03756714
15528,-0.035369903
15529,-0.032104462
15530,-0.02709958
15531,-0.021057144
15532,-0.018432632
15533,-0.015563935
15534,-0.008148193
15535,0.0024108887
15536,0.010040283
15537,0.011047363
15538,0.018096909
15539,0.026153572
15540,0.037536636
15541,0.044036835
15542,0.04504393
15543,0.045257576
15544,0.04489138
15545,0.049743652
15546,0.04971312
15547,0.04626465
15548,0.04205321
15549,0.039947525
15550,0.03707885
15551,0.03298951
15552,0.0323181
15553,0.029174812
15554,0.023284905
15555,0.019317634
15556,0.020141587
15557,0.017303482
15558,0.013092063
15559,0.011535652
15560,0.010620102
15561,0.0031128079
15562,-0.0046386495
15563,-0.009643532
15564,-0.009460442
15565,-0.0115356445
15566,-0.010650642
15567,-0.0038452297
15568,-0.005615227
15569,-0.006805431
15570,-0.0090332255
15571,-0.009368923
15572,-0.006927505
15573,-0.0079956055
15574,-0.0048522726
15575,-0.0064391904
15576,-0.005188003
15577,-0.004058849
15578,-0.0015563741
15579,0.0034790412
15580,0.009124748
15581,0.013641328
15582,0.012664758
15583,0.0143432915
15584,0.010559075
15585,0.005096413
15586,0.0005493015
15587,-0.00048828125
15588,-0.00024413317
15589,-0.0043335073
15590,-0.008880604
15591,-0.013824455
15592,-0.016082782
15593,-0.0134887695
15594,-0.0076293796
15595,0.0039672926
15596,0.012786832
15597,0.014404282
15598,0.0065308027
15599,0.001983665
15600,-0.0012206882
15601,-0.0048523135
15602,-0.013153095
15603,-0.014373785
15604,-0.01336669
15605,-0.01715086
15606,-0.018524164
15607,-0.009979263
15608,-0.00195314
15609,-0.003845226
15610,-0.0014343038
15611,0.013061516
15612,0.023895249
15613,0.021759022
15614,0.017517079
15615,0.012298591
15616,0.0061340407
15617,0.0013427921
15618,-0.002532974
15619,-0.001190193
15620,-0.007995598
15621,-0.013153054
15622,-0.012969956
15623,-0.0038757436
15624,0.0030822828
15625,-0.0047607347
15626,-0.0072021224
15627,-0.007873524
15628,-0.009216331
15629,-0.0130615365
15630,-0.01495361
15631,-0.011230467
15632,-0.015411373
15633,-0.01626587
15634,-0.016723633
15635,-0.016632078
15636,-0.016845703
15637,-0.008636474
15638,-0.0058288556
15639,-0.0042724586
15640,-0.0040893555
15641,0.0046691876
15642,0.0043029767
15643,-0.0048828144
15644,-0.010070803
15645,-0.010375969
15646,-0.0062255785
15647,-0.016937256
15648,-0.02319339
15649,-0.022583015
15650,-0.022705052
15651,-0.020904485
15652,-0.027923577
15653,-0.021026626
15654,-0.01193241
15655,-0.010314941
15656,-0.0142211765
15657,-0.016449004
15658,-0.01385501
15659,-0.012207046
15660,-0.0031738207
15661,0.005279526
15662,0.0048217624
15663,0.0047302097
15664,0.008483894
15665,0.016204834
15666,0.012542706
15667,0.012115441
15668,0.017578103
15669,0.015533462
15670,0.009216331
15671,0.006896984
15672,0.0148315355
15673,0.016784687
15674,0.008850094
15675,-0.0028381385
15676,-0.0069274753
15677,0.0014343485
15678,0.0069885254
15679,0.009063713
15680,0.0058898777
15681,0.0011596642
15682,0.0039978027
15683,0.0052490197
15684,-0.0018920936
15685,-0.008331321
15686,-0.0128784105
15687,-0.011932366
15688,-0.01565551
15689,-0.019531287
15690,-0.01266478
15691,-0.010864273
15692,-0.015869118
15693,-0.024108894
15694,-0.012512207
15695,0.006591797
15696,0.014678959
15697,0.013519298
15698,0.016876213
15699,0.030273428
15700,0.035186745
15701,0.033355687
15702,0.031188954
15703,0.029296882
15704,0.027221683
15705,0.030273447
15706,0.031188957
15707,0.0291748
15708,0.022247296
15709,0.016601577
15710,0.016235363
15711,0.0065002292
15712,-0.005249029
15713,-0.01889038
15714,-0.024414048
15715,-0.022888184
15716,-0.024322502
15717,-0.031005852
15718,-0.03332521
15719,-0.025268558
15720,-0.019073471
15721,-0.018554669
15722,-0.017547619
15723,-0.00030520186
15724,0.017028809
15725,0.02127077
15726,0.021789566
15727,0.025665272
15728,0.033721928
15729,0.038665764
15730,0.034973133
15731,0.030792214
15732,0.027648918
15733,0.024658218
15734,0.01797485
15735,0.00778196
15736,-0.0010986738
15737,-0.009277362
15738,-0.02264403
15739,-0.03234861
15740,-0.028808596
15741,-0.025207534
15742,-0.027282728
15743,-0.039672848
15744,-0.04278563
15745,-0.032012936
15746,-0.025085453
15747,-0.021698017
15748,-0.018920898
15749,-0.0065612756
15750,0.0069274846
15751,0.011871338
15752,0.019531243
15753,0.029724114
15754,0.04177858
15755,0.04992675
15756,0.05563356
15757,0.061615005
15758,0.06338504
15759,0.06863403
15760,0.068573
15761,0.063262954
15762,0.04922487
15763,0.038116455
15764,0.034088165
15765,0.024841309
15766,0.003906265
15767,-0.023498528
15768,-0.057037324
15769,-0.10769649
15770,-0.17044066
15771,-0.22012332
15772,-0.2518616
15773,-0.28280628
15774,-0.31500232
15775,-0.32818627
15776,-0.3139649
15777,-0.28256214
15778,-0.24456763
15779,-0.20086658
15780,-0.12756348
15781,-0.017944306
15782,0.12332153
15783,0.25457776
15784,0.34555066
15785,0.40594473
15786,0.44943228
15787,0.48056024
15788,0.49130255
15789,0.48480225
15790,0.4932555
15791,0.5097959
15792,0.5095825
15793,0.47268677
15794,0.40075648
15795,0.3281554
15796,0.26327538
15797,0.1963501
15798,0.09814441
15799,-0.03628552
15800,-0.17617798
15801,-0.29205316
15802,-0.3920288
15803,-0.48040748
15804,-0.54537964
15805,-0.57843024
15806,-0.57901
15807,-0.5542602
15808,-0.5060424
15809,-0.44177258
15810,-0.37927264
15811,-0.31747437
15812,-0.25711042
15813,-0.19512951
15814,-0.114593625
15815,-0.014404535
15816,0.09994495
15817,0.21240246
15818,0.30279553
15819,0.36273205
15820,0.38912952
15821,0.398346
15822,0.38949573
15823,0.35925305
15824,0.31033313
15825,0.24319452
15826,0.15924075
15827,0.055480957
15828,-0.045654178
15829,-0.13827516
15830,-0.22741687
15831,-0.31381223
15832,-0.39459234
15833,-0.4519958
15834,-0.48312387
15835,-0.48361188
15836,-0.46029657
15837,-0.4180603
15838,-0.36007679
15839,-0.27981555
15840,-0.17935169
15841,-0.0747987
15842,0.030395627
15843,0.12133825
15844,0.201599
15845,0.25518778
15846,0.28875712
15847,0.30621362
15848,0.30947888
15849,0.2989501
15850,0.27716067
15851,0.24987797
15852,0.21905519
15853,0.19232176
15854,0.17132568
15855,0.1624756
15856,0.1560669
15857,0.15112302
15858,0.14419562
15859,0.13607782
15860,0.13110346
15861,0.12307742
15862,0.11340329
15863,0.0961608
15864,0.074798405
15865,0.044128537
15866,0.0066529214
15867,-0.037445158
15868,-0.07345611
15869,-0.09475702
15870,-0.09915139
15871,-0.098419115
15872,-0.10046394
15873,-0.09738165
15874,-0.09103401
15875,-0.079437256
15876,-0.074035645
15877,-0.068298355
15878,-0.062805176
15879,-0.05889894
15880,-0.05914306
15881,-0.065887436
15882,-0.07373047
15883,-0.07568359
15884,-0.068908684
15885,-0.056945793
15886,-0.047302246
15887,-0.04162599
15888,-0.036956772
15889,-0.02941893
15890,-0.022766113
15891,-0.01965332
15892,-0.016326949
15893,-0.007782012
15894,0.0074462965
15895,0.024353035
15896,0.043273926
15897,0.057403535
15898,0.06680298
15899,0.07739256
15900,0.09213257
15901,0.10409545
15902,0.101593025
15903,0.09860228
15904,0.10266113
15905,0.105468705
15906,0.09680167
15907,0.08227539
15908,0.07321164
15909,0.06579596
15910,0.04977408
15911,0.025939822
15912,0.0003966987
15913,-0.023010194
15914,-0.044433504
15915,-0.056671157
15916,-0.0631714
15917,-0.064819366
15918,-0.06820686
15919,-0.07354739
15920,-0.08139041
15921,-0.09292601
15922,-0.096405044
15923,-0.09341431
15924,-0.0911865
15925,-0.09808349
15926,-0.101318374
15927,-0.09262086
15928,-0.08032228
15929,-0.07080074
15930,-0.064941436
15931,-0.055725098
15932,-0.0447388
15933,-0.03237918
15934,-0.01965332
15935,-0.0071106255
15936,0.003326416
15937,0.005065888
15938,0.004150331
15939,0.0050964206
15940,0.008789048
15941,0.015380874
15942,0.024108842
15943,0.036956742
15944,0.04238891
15945,0.0458069
15946,0.050537117
15947,0.058746323
15948,0.06326295
15949,0.063293464
15950,0.058746345
15951,0.04141236
15952,0.023986815
15953,0.0075683594
15954,-0.008544914
15955,-0.023773193
15956,-0.030487075
15957,-0.03369139
15958,-0.039123505
15959,-0.048919678
15960,-0.05102539
15961,-0.03338626
15962,-0.0030212104
15963,0.04083253
15964,0.0784912
15965,0.10253909
15966,0.106323235
15967,0.096710205
15968,0.08361816
15969,0.0664673
15970,0.0458069
15971,0.02230832
15972,0.006286606
15973,-0.005645778
15974,-0.01275634
15975,-0.022674575
15976,-0.036102295
15977,-0.043762207
15978,-0.04116822
15979,-0.03256225
15980,-0.024871819
15981,-0.01675415
15982,-0.0060119517
15983,0.004791245
15984,0.0109863505
15985,0.019317605
15986,0.033386234
15987,0.03890992
15988,0.029907197
15989,0.01556395
15990,0.01187133
15991,0.01727295
15992,0.022705048
15993,0.021942124
15994,0.013671875
15995,0.0005187914
15996,-0.009948753
15997,-0.018188506
15998,-0.025299072
15999,-0.030090323
16000,-0.027282713
16001,-0.02795411
16002,-0.03640747
16003,-0.04571533
16004,-0.04882812
16005,-0.04141235
16006,-0.030639658
16007,-0.025238035
16008,-0.020080574
16009,-0.017120358
16010,-0.013641365
16011,-0.009094257
16012,-0.010131821
16013,-0.008911118
16014,-0.008789059
16015,-0.010040298
16016,-0.012969963
16017,-0.01849366
16018,-0.016693078
16019,-0.0076293945
16020,-0.0018005297
16021,7.450581e-09
16022,0.00091552734
16023,0.008758577
16024,0.02423098
16025,0.03546144
16026,0.03765869
16027,0.03607177
16028,0.033538822
16029,0.033630367
16030,0.026397703
16031,0.016357424
16032,0.007354738
16033,0.0016479539
16034,-0.0033874502
16035,-0.008575436
16036,-0.009796143
16037,-0.008758547
16038,-0.007934571
16039,-0.012969972
16040,-0.017425539
16041,-0.013183595
16042,-0.012420643
16043,-0.012542725
16044,-0.017791744
16045,-0.01953125
16046,-0.020507812
16047,-0.023712132
16048,-0.026702855
16049,-0.03170777
16050,-0.026916519
16051,-0.019622825
16052,-0.014282197
16053,-0.018066391
16054,-0.022552505
16055,-0.019683868
16056,-0.012603745
16057,-0.0028075725
16058,0.0061950684
16059,0.007995591
16060,0.004333496
16061,0.00039675832
16062,0.004425049
16063,0.013427734
16064,0.019134536
16065,0.019683823
16066,0.015533432
16067,0.00894168
16068,0.007843055
16069,0.010955799
16070,0.008972131
16071,0.00146484
16072,-0.00085445866
16073,0.0013427921
16074,0.0057677925
16075,0.0058288462
16076,0.0052185394
16077,0.001007095
16078,-0.0019836351
16079,0.0058593675
16080,0.011444081
16081,0.008331306
16082,0.006164549
16083,0.01135256
16084,0.020324714
16085,0.024963383
16086,0.026489256
16087,0.02783202
16088,0.029541023
16089,0.02554321
16090,0.02572631
16091,0.02478027
16092,0.02127077
16093,0.017639175
16094,0.008422837
16095,0.004486054
16096,0.004608147
16097,0.006713886
16098,0.009307899
16099,0.010375999
16100,0.008575417
16101,0.009674042
16102,0.013336174
16103,0.01876834
16104,0.020812973
16105,0.01763916
16106,0.017028816
16107,0.018798813
16108,0.01586911
16109,0.013946533
16110,0.0090637505
16111,0.0045165867
16112,0.0045470744
16113,0.004333496
16114,0.0009765476
16115,-0.008270286
16116,-0.013366744
16117,-0.013336182
16118,-0.018035881
16119,-0.02478027
16120,-0.029083278
16121,-0.026000999
16122,-0.025054924
16123,-0.024780255
16124,-0.025390621
16125,-0.023651145
16126,-0.019104011
16127,-0.015045166
16128,-0.012207024
16129,-0.011505123
16130,-0.00958252
16131,-0.009643557
16132,-0.007629393
16133,-0.0026855469
16134,0.002105711
16135,0.008422852
16136,0.006561281
16137,0.009216305
16138,0.009368895
16139,0.0154113695
16140,0.015441906
16141,0.0097351
16142,0.007995598
16143,0.005310051
16144,0.006591793
16145,0.0032959096
16146,6.1027706e-05
16147,-0.0022583008
16148,-0.005218506
16149,0.0017394945
16150,0.0058288686
16151,0.006774895
16152,0.00793457
16153,0.0097045675
16154,0.017425552
16155,0.0146789625
16156,0.022766136
16157,0.026397713
16158,0.028533936
16159,0.019928008
16160,0.013916016
16161,0.01971437
16162,0.020385727
16163,0.016113266
16164,0.0020446926
16165,-0.009887695
16166,-0.020172156
16167,-0.01846318
16168,-0.015930206
16169,-0.016571045
16170,-0.023193356
16171,-0.027557384
16172,-0.026184097
16173,-0.02575682
16174,-0.023315419
16175,-0.025512693
16176,-0.026855472
16177,-0.029541014
16178,-0.02719116
16179,-0.0269165
16180,-0.033233635
16181,-0.043182388
16182,-0.045684814
16183,-0.04193113
16184,-0.042999238
16185,-0.046356216
16186,-0.048919693
16187,-0.043609604
16188,-0.03637694
16189,-0.027771011
16190,-0.02172853
16191,-0.015136704
16192,-0.0050354004
16193,-0.002166748
16194,-0.0030517727
16195,-0.0023803413
16196,0.0021667331
16197,0.005065933
16198,0.0041503757
16199,0.008026138
16200,0.016357407
16201,0.021026641
16202,0.024841316
16203,0.02648925
16204,0.03506469
16205,0.03878785
16206,0.03637696
16207,0.036315925
16208,0.03164673
16209,0.026947008
16210,0.022674538
16211,0.02914428
16212,0.03405762
16213,0.024505623
16214,0.015625006
16215,0.017883312
16216,0.027008057
16217,0.031982407
16218,0.029205311
16219,0.023895267
16220,0.020019546
16221,0.015106194
16222,0.008728009
16223,0.0014953427
16224,-0.002044702
16225,-0.0056152362
16226,-0.00994873
16227,-0.020355217
16228,-0.027282711
16229,-0.029876716
16230,-0.027587894
16231,-0.028991701
16232,-0.02703858
16233,-0.020782463
16234,-0.01174926
16235,-0.0052490234
16236,-0.0040588453
16237,-0.003692627
16238,-0.0063171247
16239,6.104261e-05
16240,0.010375977
16241,0.02792357
16242,0.03717041
16243,0.037811283
16244,0.031616215
16245,0.021362294
16246,0.015289299
16247,0.008880608
16248,0.0065002665
16249,0.004302986
16250,-0.0019226074
16251,-0.0015869252
16252,0.0014648288
16253,0.0031433292
16254,-0.003479015
16255,-0.014953613
16256,-0.013305683
16257,-0.005523678
16258,0.0017089958
16259,-0.0045471154
16260,-0.020843506
16261,-0.031036379
16262,-0.032775886
16263,-0.027252188
16264,-0.02563477
16265,-0.027923577
16266,-0.032531768
16267,-0.036102287
16268,-0.038391076
16269,-0.040313713
16270,-0.0447388
16271,-0.043426514
16272,-0.040283173
16273,-0.032043457
16274,-0.025970489
16275,-0.022460923
16276,-0.016082749
16277,-0.0107421875
16278,-0.00045779347
16279,0.009735122
16280,0.020111114
16281,0.031921394
16282,0.044586167
16283,0.059204087
16284,0.0716858
16285,0.0772705
16286,0.0817566
16287,0.080902085
16288,0.081481926
16289,0.07760617
16290,0.068176255
16291,0.05871582
16292,0.048431367
16293,0.039428696
16294,0.028564438
16295,0.01593016
16296,0.007690415
16297,0.0008544773
16298,-0.0046691895
16299,-0.007843047
16300,-0.00964357
16301,-0.009033233
16302,-0.009979263
16303,-0.008911163
16304,-0.0119629055
16305,-0.011566207
16306,-0.016418487
16307,-0.0154418945
16308,-0.010467544
16309,-0.006530747
16310,-0.00024414062
16311,-0.003112778
16312,-0.0023193657
16313,-0.0021362603
16314,-0.0038146898
16315,-0.006011918
16316,-0.010040268
16317,-0.011535667
16318,-0.017456058
16319,-0.02639769
16320,-0.032165498
16321,-0.03152465
16322,-0.03579714
16323,-0.04370118
16324,-0.051025398
16325,-0.052246094
16326,-0.049957253
16327,-0.046356197
16328,-0.04287721
16329,-0.039978072
16330,-0.042846695
16331,-0.043518066
16332,-0.047393814
16333,-0.050415054
16334,-0.05953981
16335,-0.06918347
16336,-0.07312018
16337,-0.068878055
16338,-0.05255124
16339,-0.04559332
16340,-0.067505
16341,-0.09832758
16342,-0.08895865
16343,-0.03189093
16344,0.036071777
16345,0.100250185
16346,0.19888312
16347,0.2632447
16348,0.23342896
16349,0.13885492
16350,0.10961914
16351,0.21237177
16352,0.34945703
16353,0.45065314
16354,0.47717297
16355,0.42166114
16356,0.28070074
16357,0.077148914
16358,-0.11267078
16359,-0.2373352
16360,-0.29168725
16361,-0.2831725
16362,-0.24478151
16363,-0.21261604
16364,-0.20758057
16365,-0.20700072
16366,-0.18591303
16367,-0.15625003
16368,-0.14126581
16369,-0.15350345
16370,-0.17861941
16371,-0.19842526
16372,-0.20034778
16373,-0.18011466
16374,-0.14505014
16375,-0.09851065
16376,-0.043151796
16377,0.011352599
16378,0.049743682
16379,0.06729108
16380,0.048736453
16381,0.0061644614
16382,-0.037750125
16383,-0.0791319
16384,-0.10583508
16385,-0.1194461
16386,-0.10961914
16387,-0.08160365
16388,-0.04260251
16389,0.00045770407
16390,0.048828006
16391,0.0923464
16392,0.14462283
16393,0.19631964
16394,0.22830193
16395,0.24752799
16396,0.25314337
16397,0.25704965
16398,0.24865715
16399,0.23303229
16400,0.21221927
16401,0.17868051
16402,0.13543701
16403,0.084625274
16404,0.038452208
16405,0.0018616915
16406,-0.025970459
16407,-0.046722412
16408,-0.059783936
16409,-0.060302734
16410,-0.04623401
16411,-0.041748017
16412,-0.057403535
16413,-0.07766725
16414,-0.0804138
16415,-0.05926513
16416,-0.045227047
16417,-0.055725113
16418,-0.070739746
16419,-0.071258515
16420,-0.047698975
16421,-0.011505142
16422,0.016448975
16423,0.0378723
16424,0.052246064
16425,0.073455825
16426,0.09570308
16427,0.10281366
16428,0.10574341
16429,0.08923349
16430,0.06564331
16431,0.031280488
16432,-0.007019058
16433,-0.045562737
16434,-0.08749387
16435,-0.11276245
16436,-0.13119508
16437,-0.13787842
16438,-0.13146973
16439,-0.12039185
16440,-0.098236084
16441,-0.06835936
16442,-0.033264164
16443,-0.009979263
16444,-0.0028076172
16445,0.005035421
16446,0.01483155
16447,0.020507788
16448,0.021850578
16449,0.025909433
16450,0.031738296
16451,0.03848266
16452,0.039154053
16453,0.033020012
16454,0.02139286
16455,0.011993416
16456,0.014373768
16457,0.018585186
16458,0.013397232
16459,-0.0061950516
16460,-0.024505626
16461,-0.035675075
16462,-0.039184578
16463,-0.0420532
16464,-0.044494625
16465,-0.046783455
16466,-0.05279541
16467,-0.058502182
16468,-0.06359861
16469,-0.061401367
16470,-0.059143066
16471,-0.054534897
16472,-0.052947983
16473,-0.04681395
16474,-0.038543686
16475,-0.0289917
16476,-0.018707275
16477,-0.013854951
16478,-0.011199921
16479,-0.012115449
16480,-0.011352569
16481,-0.0047302246
16482,0.0016784966
16483,0.008209258
16484,0.011291489
16485,0.01348871
16486,0.018066391
16487,0.021087691
16488,0.024047896
16489,0.026428238
16490,0.029907241
16491,0.029815674
16492,0.027008072
16493,0.028137222
16494,0.02676393
16495,0.02319333
16496,0.014465332
16497,0.012573242
16498,0.012512222
16499,0.011932366
16500,0.012054421
16501,0.0105896
16502,0.011352539
16503,0.011505164
16504,0.015563965
16505,0.019744877
16506,0.021789549
16507,0.026489258
16508,0.03872683
16509,0.046264656
16510,0.03305053
16511,0.02725218
16512,0.03366089
16513,0.051940925
16514,0.033508316
16515,0.010650642
16516,0.009460434
16517,0.018096909
16518,0.012451131
16519,-0.008453343
16520,-0.011383053
16521,-0.0013427585
16522,0.0067138895
16523,0.007019043
16524,0.001586888
16525,-1.4901161e-08
16526,0.003326416
16527,0.0124817155
16528,0.011260979
16529,0.0009765588
16530,-0.00738525
16531,-0.008544926
16532,-0.0012207255
16533,0.002716072
16534,-0.0011901893
16535,-0.0065917745
16536,-0.0041808784
16537,0.008666977
16538,0.0175476
16539,0.013854958
16540,0.0035705864
16541,9.1560185e-05
16542,0.008544885
16543,0.018981919
16544,0.022918724
16545,0.017364502
16546,0.0066528246
16547,-0.00488282
16548,-0.012359604
16549,-0.008758549
16550,-0.0052490234
16551,-0.0072326586
16552,-0.0162048
16553,-0.022644028
16554,-0.022369377
16555,-0.01779175
16556,-0.018920908
16557,-0.021911629
16558,-0.021392826
16559,-0.018463137
16560,-0.014923099
16561,-0.016815184
16562,-0.012542725
16563,-0.0057373056
16564,0.0030517597
16565,0.00753784
16566,0.0038452148
16567,0.0032348633
16568,0.010162352
16569,0.021881105
16570,0.024475109
16571,0.017395027
16572,0.011260975
16573,0.013030995
16574,0.01986694
16575,0.019805938
16576,0.016204827
16577,0.012390129
16578,0.008361794
16579,0.00027466193
16580,-0.0007323995
16581,-0.0034179576
16582,-0.0038452037
16583,-0.01162719
16584,-0.017425533
16585,-0.020263676
16586,-0.020599356
16587,-0.014984145
16588,-0.015869161
16589,-0.023040785
16590,-0.030853262
16591,-0.030670166
16592,-0.030364975
16593,-0.031097412
16594,-0.0323181
16595,-0.032318108
16596,-0.030578598
16597,-0.032470673
16598,-0.03143309
16599,-0.027832001
16600,-0.02539061
16601,-0.018035844
16602,-0.013153106
16603,-0.008605942
16604,-0.0014648438
16605,0.0044250637
16606,0.016510002
16607,0.022003174
16608,0.02972415
16609,0.037109405
16610,0.03839112
16611,0.040710427
16612,0.04214476
16613,0.044647213
16614,0.04425049
16615,0.042114276
16616,0.038726784
16617,0.033294644
16618,0.025939927
16619,0.021179229
16620,0.018035911
16621,0.010162339
16622,0.0035705566
16623,0.00076293945
16624,0.0045471415
16625,0.004760772
16626,0.0025024638
16627,0.0029602125
16628,0.005493149
16629,0.010681152
16630,0.014465347
16631,0.014129654
16632,0.009338379
16633,0.0077209175
16634,0.0071106106
16635,0.0059814528
16636,-0.00079344213
16637,-0.0065917894
16638,-0.008300774
16639,-0.010253876
16640,-0.011047356
16641,-0.01367186
16642,-0.017333977
16643,-0.019714348
16644,-0.02252197
16645,-0.02651979
16646,-0.028594978
16647,-0.032836914
16648,-0.033416748
16649,-0.034088127
16650,-0.035858158
16651,-0.036254883
16652,-0.037048347
16653,-0.033843983
16654,-0.030364975
16655,-0.031921364
16656,-0.033355728
16657,-0.035003655
16658,-0.03024292
16659,-0.0217285
16660,-0.017486557
16661,-0.016418472
16662,-0.015319809
16663,-0.011962935
16664,-0.0075683594
16665,-0.006011933
16666,-0.0023498088
16667,0.0041808933
16668,0.008544907
16669,0.012359619
16670,0.017181404
16671,0.024810806
16672,0.027526833
16673,0.032714844
16674,0.036773674
16675,0.044128425
16676,0.046905525
16677,0.046508774
16678,0.044952393
16679,0.03744506
16680,0.032958984
16681,0.031890873
16682,0.02700806
16683,0.022949215
16684,0.01498412
16685,0.008605946
16686,0.0023803972
16687,-0.003662102
16688,-0.0054321364
16689,-0.0091552865
16690,-0.015350358
16691,-0.01864624
16692,-0.021850592
16693,-0.024169916
16694,-0.027069092
16695,-0.034118637
16696,-0.031860337
16697,-0.031616203
16698,-0.0332947
16699,-0.032043472
16700,-0.02963255
16701,-0.018829316
16702,-0.0152587965
16703,-0.012573265
16704,-0.006652847
16705,0.0018005483
16706,0.0131835975
16707,0.019317621
16708,0.025512688
16709,0.03149415
16710,0.037902854
16711,0.04232788
16712,0.045166
16713,0.043273933
16714,0.04263307
16715,0.04104612
16716,0.04141233
16717,0.0345764
16718,0.02261354
16719,0.016296394
16720,0.0114745945
16721,0.0125122145
16722,0.0103149265
16723,0.0041198805
16724,-0.002838105
16725,-0.0079345405
16726,-0.0060424656
16727,-0.003295876
16728,-0.0019530952
16729,-0.0022888035
16730,-0.0032348707
16731,-0.00778199
16732,-0.009918202
16733,-0.011749268
16734,-0.014709476
16735,-0.0215149
16736,-0.028015126
16737,-0.026428202
16738,-0.024017317
16739,-0.023681644
16740,-0.026000982
16741,-0.027099619
16742,-0.029113766
16743,-0.028472906
16744,-0.022735605
16745,-0.01736451
16746,-0.013366673
16747,-0.013214078
16748,-0.011535641
16749,-0.0073547587
16750,-0.0055237077
16751,-0.0017395057
16752,-0.0036926009
16753,-0.0061340034
16754,-0.0029602163
16755,0.0019225888
16756,0.0033569038
16757,0.00033569708
16758,-0.003997784
16759,-0.0019836426
16760,0.0007934533
16761,0.0014648363
16762,0.0010376051
16763,-0.00091552734
16764,0.001556389
16765,0.0026550256
16766,0.004211407
16767,0.0024414137
16768,0.0029296838
16769,0.0050048754
16770,0.005798336
16771,0.0043945387
16772,0.0014038235
16773,0.004608145
16774,0.0068969578
16775,0.009674082
16776,0.010101323
16777,0.0103149405
16778,0.009490969
16779,0.009155276
16780,0.013366702
16781,0.013092041
16782,0.010894778
16783,0.01309204
16784,0.015075685
16785,0.012969971
16786,0.0082092285
16787,0.005157469
16788,0.007019045
16789,0.0057067927
16790,0.004333496
16791,0.004638672
16792,0.002166748
16793,0.003814701
16794,0.0014038123
16795,-0.00012207031
16796,-0.0014343262
16797,-0.0034790058
16798,-0.0031738263
16799,-0.006500243
16800,-0.0099487305
16801,-0.015014652
16802,-0.01727295
16803,-0.01849364
16804,-0.018676758
16805,-0.023284914
16806,-0.02722169
16807,-0.026947
16808,-0.02163694
16809,-0.018707268
16810,-0.017364513
16811,-0.01654052
16812,-0.010528572
16813,-0.0071716383
16814,-0.0046081543
16815,0.0013427697
16816,0.0039062425
16817,0.0073852465
16818,0.009368911
16819,0.014282228
16820,0.017822245
16821,0.02087403
16822,0.021850586
16823,0.02392577
16824,0.02514649
16825,0.024932865
16826,0.023162847
16827,0.016937252
16828,0.0142822275
16829,0.00897217
16830,0.003997799
16831,-0.0012817401
16832,-0.00656128
16833,-0.0067749014
16834,-0.005767823
16835,0.0013122531
16836,0.002746581
16837,0.001220704
16838,-0.0026855497
16839,-0.002105711
16840,0.0010375977
16841,0.005035404
16842,0.0060424805
16843,0.007659914
16844,0.0076904297
16845,0.005554201
16846,0.005218506
16847,0.0057067834
16848,0.0047302246
16849,0.0016174316
16850,0.00024414062
16851,-6.103888e-05
16852,-0.0020141639
16853,-0.0055236816
16854,-0.007385252
16855,-0.0053100595
16856,-0.006591798
16857,-0.0048828125
16858,-0.0029907227
16859,-0.0016479492
16860,0.00045776553
16861,0.0024719238
16862,0.006042484
16863,0.005615242
16864,0.0059509296
16865,0.00836182
16866,0.0114440825
16867,0.009613052
16868,0.0033569485
16869,0.003997814
16870,0.007781986
16871,0.009948708
16872,0.0050659105
16873,-0.00012205914
16874,0.005676262
16875,0.012451179
16876,0.012573212
16877,0.0072936974
16878,0.0027465895
16879,0.006957993
16880,0.008270279
16881,0.0044250265
16882,0.00024414435
16883,-0.0009155534
16884,0.0020751879
16885,-0.0018615499
16886,-0.0054626465
16887,-0.008483898
16888,-0.011413589
16889,-0.011016857
16890,-0.010589585
16891,-0.010375977
16892,-0.015960708
16893,-0.017547617
16894,-0.013336178
16895,-0.012908924
16896,-0.016021721
16897,-0.017639155
16898,-0.012725829
16899,-0.010803223
16900,-0.012634278
16901,-0.009338379
16902,-0.0050048837
16903,-0.0039978027
16904,-0.0074768104
16905,-0.007354738
16906,-0.0032348647
16907,0.0008544923
16908,0.0034484845
16909,0.0075073205
16910,0.010925291
16911,0.009368895
16912,0.008392334
16913,0.007659912
16914,0.007385253
16915,0.0036010733
16916,-0.003601078
16917,-0.009185791
16918,-0.013671877
16919,-0.016693112
16920,-0.020996105
16921,-0.024444588
16922,-0.025360111
16923,-0.026092526
16924,-0.027374249
16925,-0.02767945
16926,-0.025665283
16927,-0.020050049
16928,-0.014556862
16929,-0.0072021037
16930,-0.002899155
16931,0.0019836724
16932,0.008483883
16933,0.01651001
16934,0.02105712
16935,0.025604246
16936,0.027770985
16937,0.0285034
16938,0.027709952
16939,0.026000982
16940,0.0249939
16941,0.017730717
16942,0.009582521
16943,0.0010070819
16944,-0.0039978065
16945,-0.007232669
16946,-0.0088500995
16947,-0.006286621
16948,-0.005859377
16949,-0.007812502
16950,-0.008911135
16951,-0.0091858
16952,-0.008514401
16953,-0.009216301
16954,-0.010894772
16955,-0.009948745
16956,-0.0102234
16957,-0.008422844
16958,-0.006683346
16959,-0.004791297
16960,0.001556389
16961,0.008453367
16962,0.013214128
16963,0.013946539
16964,0.014373773
16965,0.015411381
16966,0.0123901395
16967,0.011322028
16968,0.01019287
16969,0.0108947735
16970,0.007812499
16971,0.0065612798
16972,0.005096435
16973,0.0031433105
16974,0.00253296
16975,0.0043029785
16976,0.0059204097
16977,0.0035400386
16978,-0.0005187993
16979,-0.004058837
16980,-0.0024108882
16981,-0.0013122555
16982,-0.0001831055
16983,-0.00091552734
16984,-0.0008239744
16985,-0.00057983387
16986,-0.0019226081
16987,-0.0036315918
16988,-0.004852294
16989,-0.0046081543
16990,-0.002471923
16991,-0.001434328
16992,-0.002685546
16993,-0.0034179688
16994,-0.0017089825
16995,0.0016784673
16996,0.0047607403
16997,0.00708008
16998,0.008972168
16999,0.011962891
17000,0.01473999
17001,0.016662596
17002,0.012908936
17003,0.011505134
17004,0.0076904222
17005,0.0033569373
17006,0.0038452186
17007,0.004364021
17008,0.007049553
17009,-0.00036622584
17010,-0.0039367676
17011,-0.0042419434
17012,-0.0031433105
17013,-0.00091552734
17014,0.0010986328
17015,0.001312254
17016,-0.001739502
17017,-0.0034790058
17018,-0.0015563965
17019,0.0010070782
17020,0.0011596568
17021,0.00039672107
17022,0.00091554224
17023,0.00485231
17024,0.008422848
17025,0.010162346
17026,0.008117668
17027,0.010284439
17028,0.008300807
17029,0.0041198805
17030,-0.0022278018
17031,-0.0060119852
17032,-0.0064086877
17033,-0.00982664
17034,-0.013702381
17035,-0.016998297
17036,-0.018585205
17037,-0.01953125
17038,-0.020690916
17039,-0.019439697
17040,-0.016174316
17041,-0.011657715
17042,-0.00796509
17043,-0.0021972647
17044,0.0016784687
17045,0.003601076
17046,0.004852296
17047,0.0071105966
17048,0.0075683584
17049,0.010070799
17050,0.010009764
17051,0.010559084
17052,0.0074768085
17053,0.0029602032
17054,0.0036621038
17055,0.0018005371
17056,0.0023193378
17057,0.0010070801
17058,-1.8626451e-09
17059,0.004211426
17060,0.0037841816
17061,0.0010070838
17062,-0.0050964374
17063,-0.0040893536
17064,0.0026855469
17065,0.005340576
17066,0.0012512226
17067,-0.0029296875
17068,-0.0015258752
17069,-0.0005798335
17070,-0.002471922
17071,-0.006439207
17072,-0.0066833496
17073,-0.005462648
17074,-0.005157472
17075,-0.005004883
17076,-0.004516601
17077,-0.0033874507
17078,-0.0028381348
17079,0.000976563
17080,0.0031433098
17081,0.00097656203
17082,-0.000610352
17083,-0.0031127918
17084,-0.0004272461
17085,-0.0022583026
17086,-0.005065918
17087,-0.008239745
17088,-0.009643557
17089,-0.010498047
17090,-0.011474621
17091,-0.010498039
17092,-0.009796144
17093,-0.01031493
17094,-0.013366722
17095,-0.013793968
17096,-0.013641365
17097,-0.011840805
17098,-0.0130920485
17099,-0.016296405
17100,-0.014221206
17101,-0.007842999
17102,-0.005187981
17103,-0.005126968
17104,-0.003936775
17105,0.002410885
17106,0.005279552
17107,0.0062255748
17108,0.009521473
17109,0.0117492415
17110,0.016815182
17111,0.01864625
17112,0.017578121
17113,0.014190661
17114,0.014770501
17115,0.01797486
17116,0.017425537
17117,0.014404296
17118,0.011993407
17119,0.010955811
17120,0.012207032
17121,0.010864258
17122,0.007110595
17123,0.0027770987
17124,0.0043640137
17125,0.009002682
17126,0.009399412
17127,0.006866455
17128,0.005645748
17129,0.0065307673
17130,0.005401619
17131,0.005676262
17132,0.0052185096
17133,0.005859386
17134,0.0045776553
17135,0.0038146898
17136,0.0010681115
17137,-0.0020446815
17138,-0.0025329553
17139,-0.0025939979
17140,-0.003356928
17141,-0.0058288556
17142,-0.004821785
17143,-0.005615242
17144,-0.0063171424
17145,-0.006713867
17146,-0.0022888184
17147,0.0027770922
17148,0.003967289
17149,0.0076294057
17150,0.012817394
17151,0.01919556
17152,0.018737782
17153,0.016906742
17154,0.019317638
17155,0.019409195
17156,0.016876213
17157,0.009277329
17158,0.005004883
17159,0.0037231147
17160,0.00094603
17161,-0.0038146935
17162,-0.0114135705
17163,-0.014434814
17164,-0.014526369
17165,-0.015045149
17166,-0.016632063
17167,-0.019348174
17168,-0.022186281
17169,-0.025665278
17170,-0.024627682
17171,-0.022827148
17172,-0.021087648
17173,-0.0201416
17174,-0.016265877
17175,-0.011474604
17176,-0.012603756
17177,-0.013732899
17178,-0.014190681
17179,-0.011108406
17180,-0.008361809
17181,-0.007019028
17182,-0.005371075
17183,-0.0042724833
17184,-0.0046692155
17185,-0.0023803748
17186,-0.00033569336
17187,0.0026855543
17188,0.002441384
17189,0.003997773
17190,0.0067443773
17191,0.0055237003
17192,0.0036315992
17193,0.0025329404
17194,0.003479004
17195,0.004302986
17196,0.0037536733
17197,0.0046691857
17198,0.0036926307
17199,-9.156391e-05
17200,-0.0035705566
17201,-0.0038147047
17202,-0.0021972582
17203,-0.0025634542
17204,-0.0046691895
17205,-0.004333496
17206,-0.00045777857
17207,0.0017395094
17208,0.0043335017
17209,0.0050354023
17210,0.006500244
17211,0.009063722
17212,0.012390139
17213,0.0148620615
17214,0.013092041
17215,0.012207031
17216,0.015808105
17217,0.017669678
17218,0.014099123
17219,0.0056762723
17220,0.0017089844
17221,0.004394533
17222,0.005279541
17223,0.0033569345
17224,-0.0011901837
17225,-0.004364011
17226,-0.006164549
17227,-0.008178712
17228,-0.011535645
17229,-0.014617922
17230,-0.014587401
17231,-0.012023924
17232,-0.007507326
17233,-0.0067443866
17234,-0.005065916
17235,-0.0009460421
17236,0.003326416
17237,0.0050659175
17238,0.0037841834
17239,0.0055847187
17240,0.010131836
17241,0.012603759
17242,0.013153078
17243,0.0066223135
17244,-0.0024719238
17245,-0.0076904316
17246,-0.012359615
17247,-0.012512207
17248,-0.014282232
17249,-0.01489258
17250,-0.013702391
17251,-0.015808094
17252,-0.010040285
17253,-0.004394535
17254,0.0043640044
17255,0.009368895
17256,0.009948742
17257,0.011138914
17258,0.011016845
17259,0.013183592
17260,0.012756349
17261,0.012512207
17262,0.011322018
17263,0.0119628925
17264,0.015350342
17265,0.017272957
17266,0.017852783
17267,0.018432628
17268,0.015289318
17269,0.007782001
17270,0.0023803748
17271,0.0045166016
17272,0.009155273
17273,0.014617942
17274,0.018005371
17275,0.019988991
17276,0.017730713
17277,0.021392822
17278,0.033599854
17279,0.041168213
17280,0.037261933
17281,0.020812988
17282,0.0035400167
17283,-0.013458259
17284,-0.02661134
17285,-0.034576416
17286,-0.04333494
17287,-0.047088623
17288,-0.054168724
17289,-0.056518562
17290,-0.05502318
17291,-0.055572502
17292,-0.056243915
17293,-0.061126716
17294,-0.061157227
17295,-0.05758667
17296,-0.056701705
17297,-0.056427017
17298,-0.05209352
17299,-0.040618926
17300,-0.015533462
17301,0.020477273
17302,0.06921387
17303,0.11547853
17304,0.15502931
17305,0.18399051
17306,0.2008056
17307,0.2056275
17308,0.1973876
17309,0.18228155
17310,0.14703363
17311,0.077056825
17312,-0.035461426
17313,-0.18099985
17314,-0.3283386
17315,-0.4472351
17316,-0.50436413
17317,-0.500763
17318,-0.46960443
17319,-0.4373778
17320,-0.3991698
17321,-0.3333131
17322,-0.24188244
17323,-0.14370728
17324,-0.05810523
17325,0.020568848
17326,0.09310913
17327,0.16082752
17328,0.22186291
17329,0.27252197
17330,0.31158447
17331,0.33132946
17332,0.342865
17333,0.3503418
17334,0.3378601
17335,0.31274414
17336,0.2870789
17337,0.27008063
17338,0.23773193
17339,0.19525129
17340,0.14538577
17341,0.09899917
17342,0.06448364
17343,0.0498963
17344,0.023345917
17345,-0.021728307
17346,-0.05593872
17347,-0.038604856
17348,0.00415051
17349,0.0152284205
17350,-0.005279541
17351,-0.0025330484
17352,0.04373187
17353,0.07598886
17354,0.07458526
17355,0.09979239
17356,0.10958862
17357,0.11798102
17358,0.07324219
17359,0.03665167
17360,0.026855469
17361,-0.013275027
17362,-0.016357422
17363,-0.023071289
17364,-0.022308677
17365,-0.026153684
17366,-0.031036288
17367,-0.011138797
17368,-0.0053406954
17369,-0.02243039
17370,-0.029510498
17371,0.008666873
17372,0.0076597035
17373,-0.021301419
17374,-0.0012511611
17375,-0.014038116
17376,-0.06448367
17377,-0.110687375
17378,-0.0806579
17379,-0.062164173
17380,-0.08056623
17381,-0.1475219
17382,-0.16757207
17383,-0.14093025
17384,-0.13742067
17385,-0.063018784
17386,-0.071075425
17387,-0.031158447
17388,-0.016784698
17389,-0.0059509575
17390,0.025176995
17391,0.025726307
17392,0.028045632
17393,-0.027221698
17394,-0.05545046
17395,-0.052001975
17396,-0.041259773
17397,-0.03424072
17398,-0.045013413
17399,-0.013946539
17400,-0.00778199
17401,-0.04223632
17402,-0.036010746
17403,-0.018432615
17404,-0.019622818
17405,-0.030151352
17406,-0.046813946
17407,-0.04870607
17408,-0.040802017
17409,-0.049713135
17410,-0.042572007
17411,-0.04177861
17412,-0.019439712
17413,-0.04226686
17414,-0.06875609
17415,-0.053772017
17416,-0.019073546
17417,0.009002656
17418,-0.007324204
17419,-0.007904068
17420,-0.0031737983
17421,-0.013183624
17422,-0.035186827
17423,-0.07522571
17424,-0.07412705
17425,-0.045532137
17426,-0.049316645
17427,-0.05822766
17428,-0.041442692
17429,-0.008697301
17430,-0.013000548
17431,-0.028228879
17432,-0.0008543432
17433,0.020263702
17434,0.02508527
17435,0.015685856
17436,0.023132354
17437,0.0026856065
17438,0.018707156
17439,0.046539277
17440,0.048156768
17441,0.024261534
17442,-0.003692627
17443,0.026489288
17444,0.046691924
17445,0.03012085
17446,0.026000977
17447,0.022857666
17448,0.021881074
17449,0.02059932
17450,0.0035705268
17451,0.0034485012
17452,0.0089416355
17453,0.036438003
17454,0.05227661
17455,0.016113311
17456,0.0073547363
17457,0.00024412572
17458,-0.0017089993
17459,-0.0126953125
17460,0.01361084
17461,0.05230713
17462,0.010620102
17463,-0.0336304
17464,-0.0030517876
17465,0.06750489
17466,0.07385255
17467,0.026916482
17468,-0.007324241
17469,0.02896119
17470,0.06277466
17471,0.062469482
17472,0.08303831
17473,0.025695793
17474,-0.005096428
17475,0.008972168
17476,0.06579589
17477,0.09219361
17478,0.022827156
17479,-0.0022277758
17480,0.012817375
17481,0.020935073
17482,0.00082398206
17483,-0.015350327
17484,-0.009246811
17485,0.01470946
17486,0.02404783
17487,-0.016510027
17488,-0.052246094
17489,-0.051818848
17490,-0.029296875
17491,-0.031341568
17492,-0.008209223
17493,0.008972171
17494,-0.012176511
17495,-0.05435181
17496,-0.04888916
17497,0.018096916
17498,0.043609627
17499,0.016754158
17500,-0.024261467
17501,-0.03588868
17502,-0.011047377
17503,0.02758789
17504,0.027954105
17505,0.020996101
17506,0.012359618
17507,0.006591793
17508,0.013610851
17509,0.018218989
17510,0.020965569
17511,0.019622806
17512,0.01757814
17513,0.019073501
17514,0.016845688
17515,0.016998298
17516,0.011718772
17517,0.02038575
17518,0.017974854
17519,0.01974485
17520,0.030731216
17521,0.026245132
17522,0.027496338
17523,0.014068574
17524,0.037475586
17525,0.047058105
17526,0.03646849
17527,-0.00024414062
17528,-0.0023803562
17529,-0.0051879734
17530,-0.040100113
17531,-0.06060791
17532,-0.042510957
17533,-0.007934529
17534,-0.04458616
17535,-0.13458255
17536,-0.19650269
17537,-0.19454964
17538,-0.17221063
17539,-0.18029791
17540,-0.209198
17541,-0.22546399
17542,-0.21417242
17543,-0.20626825
17544,-0.19390857
17545,-0.15612799
17546,-0.1038512
17547,-0.027435124
17548,0.054199457
17549,0.14453116
17550,0.21936029
17551,0.26971442
17552,0.30783087
17553,0.3333741
17554,0.37231424
17555,0.3736877
17556,0.38046265
17557,0.39306647
17558,0.42974848
17559,0.45071405
17560,0.41509992
17561,0.36431873
17562,0.31469715
17563,0.27017212
17564,0.21893287
17565,0.1582942
17566,0.09390271
17567,0.0064086914
17568,-0.114593446
17569,-0.22656268
17570,-0.31100467
17571,-0.37121582
17572,-0.42495733
17573,-0.4653015
17574,-0.45288095
17575,-0.39468384
17576,-0.31628418
17577,-0.24887082
17578,-0.20056152
17579,-0.1534119
17580,-0.11380005
17581,-0.089355454
17582,-0.06915285
17583,-0.048034668
17584,-0.012664817
17585,0.023986831
17586,0.054351807
17587,0.07046509
17588,0.0803528
17589,0.07427977
17590,0.05447388
17591,0.037139893
17592,0.018920913
17593,6.1035156e-05
17594,-0.035797134
17595,-0.06484984
17596,-0.08987427
17597,-0.12838739
17598,-0.17550653
17599,-0.21771237
17600,-0.24270636
17601,-0.25729358
17602,-0.26409888
17603,-0.26379395
17604,-0.24856561
17605,-0.21502686
17606,-0.16519177
17607,-0.10424793
17608,-0.042877197
17609,0.026428223
17610,0.09271252
17611,0.14959729
17612,0.18600464
17613,0.20394892
17614,0.2159425
17615,0.2126466
17616,0.20175168
17617,0.1760557
17618,0.15005486
17619,0.12951659
17620,0.11380008
17621,0.112274155
17622,0.11056514
17623,0.11093136
17624,0.117614746
17625,0.12994385
17626,0.15423582
17627,0.16284189
17628,0.15808104
17629,0.1503905
17630,0.1370238
17631,0.11920172
17632,0.09082037
17633,0.055663943
17634,0.018249303
17635,-0.029785156
17636,-0.07559198
17637,-0.10900884
17638,-0.123687774
17639,-0.12017825
17640,-0.11361696
17641,-0.11401365
17642,-0.12670895
17643,-0.12664796
17644,-0.11288455
17645,-0.09387207
17646,-0.081603974
17647,-0.072906494
17648,-0.056060806
17649,-0.040283233
17650,-0.031677246
17651,-0.03741455
17652,-0.04940796
17653,-0.057251006
17654,-0.018890396
17655,0.027313218
17656,0.050476067
17657,0.038513172
17658,0.029388443
17659,0.05557251
17660,0.09008787
17661,0.11563107
17662,0.11483765
17663,0.095214844
17664,0.07644653
17665,0.0670166
17666,0.06857301
17667,0.07839966
17668,0.08840941
17669,0.09384155
17670,0.09936516
17671,0.09613028
17672,0.08822632
17673,0.092437744
17674,0.09509289
17675,0.090545505
17676,0.05719006
17677,0.041870058
17678,0.034179658
17679,0.012084961
17680,-0.01739493
17681,-0.052764833
17682,-0.06317145
17683,-0.07406622
17684,-0.07556161
17685,-0.08010863
17686,-0.09442137
17687,-0.10580444
17688,-0.10296631
17689,-0.08636477
17690,-0.07458496
17691,-0.06958006
17692,-0.060394287
17693,-0.060485847
17694,-0.07571411
17695,-0.07788087
17696,-0.0479431
17697,-0.030090317
17698,-0.030273423
17699,-0.038299575
17700,-0.03326417
17701,-0.012908921
17702,-0.005462639
17703,0.009002663
17704,0.0030517355
17705,-0.0016479604
17706,0.0067138374
17707,0.01254271
17708,0.026885979
17709,0.02621461
17710,0.0395508
17711,0.045593258
17712,0.03997802
17713,0.033599857
17714,0.03173828
17715,0.05023195
17716,0.057617188
17717,0.057189956
17718,0.05319214
17719,0.038574204
17720,0.031341568
17721,0.01953128
17722,0.016937241
17723,0.011383057
17724,0.0010375828
17725,-0.0023803413
17726,-0.008331299
17727,-0.013000473
17728,-0.01675415
17729,-0.022064194
17730,-0.022247314
17731,-0.02664183
17732,-0.02233889
17733,-0.013977081
17734,-0.014129639
17735,-0.016815186
17736,-0.011260979
17737,-0.0048217922
17738,-0.008911122
17739,-0.018096909
17740,-0.02029419
17741,-0.02023317
17742,-0.03271483
17743,-0.040679913
17744,-0.044433594
17745,-0.046875
17746,-0.05111695
17747,-0.04946901
17748,-0.043823235
17749,-0.041320786
17750,-0.04058837
17751,-0.042785674
17752,-0.042144775
17753,-0.04290773
17754,-0.03683473
17755,-0.03259279
17756,-0.030334428
17757,-0.031250015
17758,-0.025573745
17759,-0.022155762
17760,-0.020721376
17761,-0.018554688
17762,-0.01260373
17763,-0.0025634617
17764,0.0062256157
17765,0.016906738
17766,0.022094712
17767,0.034484893
17768,0.045318596
17769,0.054260246
17770,0.053070046
17771,0.050994843
17772,0.054443337
17773,0.049865708
17774,0.04626465
17775,0.04534912
17776,0.046386726
17777,0.040039062
17778,0.02243042
17779,0.013092039
17780,0.010711672
17781,0.009185793
17782,0.0009765597
17783,-0.008117678
17784,-0.010406494
17785,-0.012298573
17786,-0.01867675
17787,-0.027648926
17788,-0.033050537
17789,-0.027130146
17790,-0.021453831
17791,-0.022918675
17792,-0.029022187
17793,-0.020324737
17794,0.0072326623
17795,0.019226097
17796,0.013427764
17797,0.00054930244
17798,0.0013732854
17799,0.015625006
17800,0.027587898
17801,0.029937737
17802,0.01809692
17803,0.00048828125
17804,-0.0154418945
17805,-0.022094734
17806,-0.019592296
17807,-0.012634251
17808,-0.010345474
17809,-0.014099114
17810,-0.012268066
17811,-0.006225586
17812,0.00036621466
17813,0.003601078
17814,0.0025024526
17815,0.0010986254
17816,-0.00027469546
17817,0.00094601884
17818,0.0069274865
17819,0.009307858
17820,0.0147399865
17821,0.0071716234
17822,0.0023498517
17823,0.0038147029
17824,0.009368917
17825,0.013336187
17826,0.014648436
17827,0.021270754
17828,0.016540527
17829,0.001312241
17830,-0.010955809
17831,-0.008239731
17832,-0.006591793
17833,-0.009582546
17834,-0.013031032
17835,-0.010498028
17836,-0.0059814043
17837,-0.00067137554
17838,0.0036010593
17839,0.0025329385
17840,0.005065929
17841,0.01049807
17842,0.019165054
17843,0.023162838
17844,0.02185058
17845,0.014556882
17846,0.0068359394
17847,0.008728029
17848,0.013244629
17849,0.017608643
17850,0.010711671
17851,-0.0027160635
17852,-0.009460452
17853,-0.0038757343
17854,0.0127563495
17855,0.014953615
17856,0.016143806
17857,0.014495835
17858,0.006195061
17859,0.004364006
17860,0.017181396
17861,0.03979493
17862,0.032867417
17863,0.011322029
17864,-0.0023193583
17865,-0.0013122819
17866,0.0068664476
17867,0.008361809
17868,0.004577659
17869,-0.008453384
17870,-0.0052490234
17871,0.0026550218
17872,0.0048827827
17873,0.009124771
17874,0.014587417
17875,0.01791384
17876,0.006317124
17877,-0.00048826635
17878,0.005981475
17879,0.014709488
17880,0.009460434
17881,-0.00061033666
17882,-0.011169404
17883,-0.015075654
17884,-0.01828003
17885,-0.025909452
17886,-0.02606201
17887,-0.031982422
17888,-0.035186768
17889,-0.038299557
17890,-0.0345459
17891,-0.0201416
17892,-0.009216309
17893,-0.0016174335
17894,-0.0023193397
17895,-0.0022277795
17896,0.0039367713
17897,0.010284426
17898,0.010925282
17899,0.014434814
17900,0.017700208
17901,0.013000505
17902,-0.0006713858
17903,-0.014282233
17904,-0.016845707
17905,-0.010620113
17906,-0.002014149
17907,0.012756348
17908,0.027008042
17909,0.034576427
17910,0.040435787
17911,0.039306648
17912,0.03799437
17913,0.029632576
17914,0.027099594
17915,0.019409135
17916,0.0045471042
17917,-0.001953125
17918,0.008209243
17919,0.023529053
17920,0.020263642
17921,0.007904038
17922,-0.006164536
17923,-0.0065612793
17924,0.0009765476
17925,0.0017700121
17926,-0.011444069
17927,-0.03524779
17928,-0.04437259
17929,-0.04745484
17930,-0.051727284
17931,-0.0538635
17932,-0.05249022
17933,-0.053558357
17934,-0.05746463
17935,-0.052551284
17936,-0.042938195
17937,-0.034423806
17938,-0.030029297
17939,-0.020965591
17940,-0.0146179125
17941,-0.013122559
17942,-0.006957993
17943,0.0055542216
17944,0.014465369
17945,0.014709473
17946,0.015319795
17947,0.018463112
17948,0.024841323
17949,0.029052751
17950,0.030761719
17951,0.026367199
17952,0.0088806
17953,-0.011047363
17954,-0.027282707
17955,-0.038269028
17956,-0.045684814
17957,-0.046600357
17958,-0.037384033
17959,-0.028655991
17960,-0.018615708
17961,-0.00592041
17962,0.011840805
17963,0.029724095
17964,0.039978042
17965,0.043701187
17966,0.052886963
17967,0.05520629
17968,0.0541687
17969,0.047119133
17970,0.0446167
17971,0.045349132
17972,0.040588405
17973,0.039215088
17974,0.03521727
17975,0.031280525
17976,0.022521988
17977,0.015045188
17978,0.008300751
17979,0.0062560886
17980,0.0068970025
17981,0.002807632
17982,-0.00030517578
17983,-0.0027160496
17984,-0.0021972284
17985,-0.003478989
17986,-0.0047302395
17987,-0.013366699
17988,-0.023834206
17989,-0.03469848
17990,-0.042327896
17991,-0.045806877
17992,-0.05313111
17993,-0.058013927
17994,-0.064636216
17995,-0.06750487
17996,-0.06604002
17997,-0.06283569
17998,-0.054626465
17999,-0.049163833
18000,-0.03811644
18001,-0.026733384
18002,-0.01651001
18003,-0.002380401
18004,0.010864228
18005,0.02639769
18006,0.03494264
18007,0.03921508
18008,0.042755105
18009,0.038848855
18010,0.026123032
18011,0.014251724
18012,0.0058593974
18013,0.0019226074
18014,-0.0015259013
18015,-0.0065002665
18016,-0.0082092285
18017,-0.011047371
18018,-0.016754173
18019,-0.020233154
18020,-0.019134551
18021,-0.009246811
18022,0.002075158
18023,0.001159668
18024,0.004425034
18025,0.008972168
18026,0.0011902153
18027,0.0039673075
18028,0.0032348633
18029,0.01696778
18030,0.015350342
18031,0.013427727
18032,0.016387913
18033,0.014038064
18034,0.021545425
18035,0.024810798
18036,0.02755737
18037,0.023010243
18038,0.026397707
18039,0.03469851
18040,0.03500367
18041,0.030395515
18042,0.024566637
18043,0.024688728
18044,0.027160652
18045,0.024230968
18046,0.020874009
18047,0.014526345
18048,0.010192856
18049,0.010009751
18050,0.0089416355
18051,0.0076293796
18052,0.0031738132
18053,9.153038e-05
18054,0.0021667331
18055,0.0043029934
18056,0.0044860765
18057,0.00079344213
18058,0.002075158
18059,0.0075989068
18060,0.0098572
18061,0.007385224
18062,0.0022582784
18063,-0.0013122484
18064,-0.002868615
18065,-0.0052795634
18066,-0.010314953
18067,-0.018310547
18068,-0.021301247
18069,-0.025024405
18070,-0.030914303
18071,-0.036560047
18072,-0.03479004
18073,-0.029174801
18074,-0.022064213
18075,-0.017730717
18076,-0.016845703
18077,-0.015228268
18078,-0.011474609
18079,-0.0065612793
18080,-0.015624991
18081,-0.021728527
18082,-0.021423347
18083,-0.018310547
18084,-0.011901833
18085,-0.02160646
18086,-0.028961197
18087,-0.036712646
18088,-0.031341523
18089,-0.012298584
18090,-0.0012817271
18091,0.013916045
18092,0.027099624
18093,0.043426514
18094,0.052429177
18095,0.054473884
18096,0.05380249
18097,0.050598126
18098,0.049438473
18099,0.04678346
18100,0.04486087
18101,0.033843994
18102,0.0222473
18103,0.010040253
18104,0.0035095215
18105,-0.00018308312
18106,-0.0074157584
18107,-0.025970455
18108,-0.06008911
18109,-0.097991936
18110,-0.11898802
18111,-0.12026976
18112,-0.098083496
18113,-0.07241827
18114,-0.064392135
18115,-0.06387326
18116,-0.04379268
18117,0.021118164
18118,0.0891723
18119,0.13342282
18120,0.19421384
18121,0.27767944
18122,0.3049928
18123,0.22772205
18124,0.11566156
18125,0.08584607
18126,0.15567029
18127,0.2486571
18128,0.315643
18129,0.3244325
18130,0.27239996
18131,0.16232279
18132,0.0071104765
18133,-0.14996341
18134,-0.26663214
18135,-0.31579605
18136,-0.2991333
18137,-0.25460792
18138,-0.21856678
18139,-0.20648196
18140,-0.20217904
18141,-0.19290161
18142,-0.18133542
18143,-0.1775818
18144,-0.1821595
18145,-0.18325794
18146,-0.17843628
18147,-0.16793826
18148,-0.15460211
18149,-0.13275152
18150,-0.100768805
18151,-0.06454465
18152,-0.03756714
18153,-0.035095274
18154,-0.058807433
18155,-0.10232532
18156,-0.13629115
18157,-0.1524049
18158,-0.165497
18159,-0.17901623
18160,-0.18518049
18161,-0.14990199
18162,-0.081970215
18163,-0.011993587
18164,0.038818598
18165,0.08404553
18166,0.14260876
18167,0.20040876
18168,0.24591051
18169,0.28588867
18170,0.34277332
18171,0.40664673
18172,0.44738764
18173,0.43713373
18174,0.3881532
18175,0.3521729
18176,0.34500104
18177,0.332031
18178,0.26022333
18179,0.14950567
18180,0.05194068
18181,-0.0077517927
18182,-0.053741485
18183,-0.11022961
18184,-0.16214001
18185,-0.19415292
18186,-0.20397934
18187,-0.20062242
18188,-0.18499751
18189,-0.15432738
18190,-0.11938484
18191,-0.09060669
18192,-0.076080345
18193,-0.069244385
18194,-0.062347412
18195,-0.05899052
18196,-0.06344606
18197,-0.07141115
18198,-0.06939696
18199,-0.05541991
18200,-0.034454353
18201,-0.015197756
18202,-0.0010376088
18203,0.012084983
18204,0.023590097
18205,0.037048325
18206,0.04251099
18207,0.040771488
18208,0.033142112
18209,0.01989745
18210,0.010986332
18211,0.0006713979
18212,-0.0025329553
18213,-0.0022582784
18214,0.0055846944
18215,0.013061531
18216,0.01593016
18217,0.018371575
18218,0.02023314
18219,0.024139382
18220,0.019958496
18221,0.017028831
18222,0.015258759
18223,0.012329072
18224,0.011413559
18225,0.011383057
18226,0.009521484
18227,0.0077819675
18228,0.006439239
18229,0.0025634766
18230,-0.0074462965
18231,-0.02072145
18232,-0.027740464
18233,-0.030670162
18234,-0.0332947
18235,-0.034240745
18236,-0.03839113
18237,-0.042816136
18238,-0.051177975
18239,-0.052978523
18240,-0.052032463
18241,-0.051055916
18242,-0.04833985
18243,-0.04809571
18244,-0.044982918
18245,-0.045013428
18246,-0.03967288
18247,-0.033813477
18248,-0.02847293
18249,-0.02532959
18250,-0.017944321
18251,-0.015991196
18252,-0.014526367
18253,-0.009674072
18254,-0.0023498535
18255,0.0024413913
18256,0.00030520558
18257,0.0007019341
18258,0.004211411
18259,0.011840805
18260,0.01693727
18261,0.016906738
18262,0.017242417
18263,0.021026611
18264,0.021606445
18265,0.0186157
18266,0.014709458
18267,0.015624978
18268,0.018798828
18269,0.022125222
18270,0.029479988
18271,0.031066902
18272,0.030975336
18273,0.03030394
18274,0.034790013
18275,0.042755127
18276,0.049835216
18277,0.0522461
18278,0.046783425
18279,0.038543686
18280,0.029418945
18281,0.022094745
18282,0.012939449
18283,0.008392304
18284,0.007507287
18285,0.009857185
18286,0.011993416
18287,0.0140686035
18288,0.013397194
18289,0.009460464
18290,0.006988518
18291,0.0051879883
18292,0.003936745
18293,-0.0067443997
18294,-0.020965561
18295,-0.027099587
18296,-0.02560424
18297,-0.021850595
18298,-0.02902221
18299,-0.038208
18300,-0.04498289
18301,-0.042846687
18302,-0.03912354
18303,-0.041046143
18304,-0.045593277
18305,-0.052490227
18306,-0.051696762
18307,-0.0462036
18308,-0.03900145
18309,-0.029541045
18310,-0.022460952
18311,-0.01367189
18312,-0.0056762695
18313,0.0011902004
18314,0.007995591
18315,0.010864228
18316,0.013122559
18317,0.013305679
18318,0.011199981
18319,0.008666977
18320,0.007934563
18321,0.009796143
18322,0.0107116625
18323,0.013244621
18324,0.01712035
18325,0.022583
18326,0.026397698
18327,0.029510498
18328,0.03167725
18329,0.034027085
18330,0.034912102
18331,0.035644535
18332,0.03457642
18333,0.030975329
18334,0.02947997
18335,0.029052757
18336,0.030212428
18337,0.02734372
18338,0.02282713
18339,0.017425522
18340,0.013244666
18341,0.011535667
18342,0.011199936
18343,0.009216294
18344,0.004028313
18345,0.00015261024
18346,-0.002990745
18347,-0.0072631836
18348,-0.008117661
18349,-0.009674057
18350,-0.0077819936
18351,-0.0071716383
18352,-0.008117665
18353,-0.010406487
18354,-0.011993431
18355,-0.012329109
18356,-0.01010133
18357,-0.008117694
18358,-0.0047912635
18359,-0.004028309
18360,-0.00793457
18361,-0.007415781
18362,-0.0064697247
18363,-0.006500231
18364,-0.013702381
18365,-0.022613525
18366,-0.028869629
18367,-0.0321045
18368,-0.034851074
18369,-0.034149177
18370,-0.032135002
18371,-0.032714836
18372,-0.03753663
18373,-0.040130645
18374,-0.03268434
18375,-0.016845688
18376,0.0022888444
18377,0.020385727
18378,0.03247069
18379,0.038757324
18380,0.043182384
18381,0.04431154
18382,0.044403072
18383,0.03744506
18384,0.027618404
18385,0.0144958515
18386,0.0019531255
18387,-0.004241945
18388,-0.008880615
18389,-0.0086364765
18390,-0.006866459
18391,0.0014343243
18392,0.0087280255
18393,0.007324216
18394,0.0035400363
18395,-0.0013427744
18396,-0.0026550293
18397,-0.007965088
18398,-0.010253908
18399,-0.009643552
18400,-0.007049561
18401,-0.0051879887
18402,-0.0056457534
18403,-0.0040283212
18404,-0.0015563983
18405,0.0049743634
18406,0.010009766
18407,0.012969974
18408,0.01464843
18409,0.018157963
18410,0.021423347
18411,0.02325441
18412,0.023193348
18413,0.018035885
18414,0.012634274
18415,0.006286647
18416,0.0039062724
18417,0.0053710975
18418,0.0028686672
18419,0.0007934347
18420,-0.002716042
18421,-0.002929695
18422,-0.0028991513
18423,-0.003997788
18424,-0.0053405873
18425,-0.0058593713
18426,-0.0057373196
18427,-0.0034179762
18428,-0.00634766
18429,-0.009185785
18430,-0.011077873
18431,-0.012023924
18432,-0.0150451735
18433,-0.019561768
18434,-0.018829346
18435,-0.01675415
18436,-0.016174315
18437,-0.017272945
18438,-0.017456053
18439,-0.01925659
18440,-0.022460941
18441,-0.021270763
18442,-0.015472405
18443,-0.010436993
18444,-0.009979229
18445,-0.011749297
18446,-0.011444122
18447,-0.008758534
18448,-0.0076904
18449,-0.004974358
18450,-0.0028381571
18451,0.0046692006
18452,0.012847923
18453,0.014099114
18454,0.010864265
18455,0.0076294076
18456,0.007812507
18457,0.017242432
18458,0.024291977
18459,0.02389526
18460,0.024688715
18461,0.022338875
18462,0.027069092
18463,0.03396605
18464,0.030883793
18465,0.027252197
18466,0.020416275
18467,0.012725823
18468,0.010223374
18469,0.002380386
18470,0.00064087287
18471,-0.008666977
18472,-0.024353035
18473,-0.026611328
18474,-0.025817866
18475,-0.022033693
18476,-0.023071297
18477,-0.022003181
18478,-0.018859865
18479,-0.018096922
18480,-0.017120363
18481,-0.017150894
18482,-0.013671877
18483,-0.011688221
18484,-0.010314953
18485,-0.012207039
18486,-0.014007572
18487,-0.012054432
18488,-0.006835934
18489,-0.0036621056
18490,-0.004486073
18491,-0.00082394853
18492,0.006011963
18493,0.01040649
18494,0.0112915095
18495,0.015106199
18496,0.019500742
18497,0.01651001
18498,0.013793943
18499,0.015502926
18500,0.019104006
18501,0.01748657
18502,0.010559083
18503,0.008850098
18504,0.010681154
18505,0.014160156
18506,0.010681149
18507,0.005493164
18508,0.0076599047
18509,0.00915527
18510,0.007659925
18511,0.0054931566
18512,0.0070190392
18513,0.008483872
18514,0.003356941
18515,0.0028686672
18516,0.0013427734
18517,-0.0022277646
18518,-0.0070190392
18519,-0.010009758
18520,-0.0091857985
18521,-0.016357433
18522,-0.021148684
18523,-0.022949222
18524,-0.017547607
18525,-0.012145997
18526,9.313226e-10
18527,-0.0012207013
18528,-0.0040283203
18529,-0.007751465
