0,-0.6241455
1,-0.94396985
2,-1.1046448
3,-1.1925964
4,-1.2494507
5,-1.2752076
6,-1.2606812
7,-1.2150269
8,-1.1949463
9,-1.1735535
10,-1.1558532
11,-1.1040344
12,-1.0281372
13,-0.8983154
14,-0.75750744
15,-0.5832824
16,-0.40542597
17,-0.20526116
18,-0.0036316514
19,0.1768798
20,0.3340454
21,0.4704589
22,0.816559
23,1.4144595
24,1.673706
25,1.7788696
26,1.78183
27,1.7429811
28,1.6715088
29,1.5909424
30,1.5275573
31,1.4767152
32,1.445587
33,1.3878479
34,1.2891235
35,1.1282045
36,0.93930066
37,0.7178955
38,0.48889154
39,0.2356262
40,-0.016815156
41,-0.22280881
42,-0.40042117
43,-0.54748523
44,-0.77575684
45,-1.1107789
46,-1.2797852
47,-1.3761902
48,-1.4395447
49,-1.468506
50,-1.4585571
51,-1.4147339
52,-1.3943481
53,-1.3742065
54,-1.3571471
55,-1.3025513
56,-1.2255249
57,-1.0916443
58,-0.94604504
59,-0.76666254
60,-0.5832214
61,-0.37393183
62,-0.16513069
63,0.0281066
64,0.19854738
65,0.34762567
66,0.3432312
67,0.16455086
68,0.14218134
69,0.18530272
70,0.2983094
71,0.41085818
72,0.5205079
73,0.58947754
74,0.6640624
75,0.69750977
76,0.7224425
77,0.6991576
78,0.6952516
79,0.64727783
80,0.61007696
81,0.52389526
82,0.4660034
83,0.38052368
84,0.31216434
85,0.24060063
86,0.19345088
87,0.102813706
88,-0.0673219
89,-0.4053955
90,-0.57614136
91,-0.70782477
92,-0.77783215
93,-0.8142395
94,-0.7729492
95,-0.71316534
96,-0.65777576
97,-0.6294862
98,-0.62249756
99,-0.6018982
100,-0.55529785
101,-0.47418225
102,-0.37039185
103,-0.25177005
104,-0.13024908
105,0.0067443624
106,0.13980106
107,0.27111807
108,0.39135742
109,0.50228876
110,0.58819586
111,0.6539002
112,0.7055969
113,0.75119025
114,0.7869569
115,0.8033448
116,0.7809754
117,0.72760016
118,0.6682129
119,0.6038208
120,0.5246582
121,0.4353333
122,0.3494262
123,0.2672119
124,0.19241332
125,0.12625119
126,0.057311974
127,-0.003997918
128,-0.06188963
129,-0.13195795
130,-0.19631961
131,-0.24478151
132,-0.28762826
133,-0.3234864
134,-0.33807373
135,-0.33715826
136,-0.32632452
137,-0.32272333
138,-0.34152228
139,-0.3755188
140,-0.3969726
141,-0.41171268
142,-0.42324826
143,-0.42105097
144,-0.41598517
145,-0.40518194
146,-0.38989258
147,-0.36547852
148,-0.34771731
149,-0.32305908
150,-0.3097229
151,-0.30075073
152,-0.29953
153,-0.28036496
154,-0.276825
155,-0.25048828
156,-0.21801758
157,-0.16223146
158,-0.10147098
159,-0.045074366
160,-0.022857692
161,-0.006011978
162,0.009460481
163,0.038543664
164,0.069305435
165,0.08819579
166,0.10708616
167,0.116027854
168,0.123809785
169,0.12893677
170,0.13186646
171,0.1275024
172,0.12182616
173,0.10028082
174,0.076354966
175,0.046783462
176,0.026428185
177,0.004577622
178,-0.007110581
179,-0.02325441
180,-0.032226577
181,-0.045898378
182,-0.045013428
183,-0.048461914
184,-0.037292466
185,-0.024139434
186,-0.011871338
187,0.010803208
188,0.02822876
189,0.04705812
190,0.06054686
191,0.0682373
192,0.07806397
193,0.07870485
194,0.08212283
195,0.079650864
196,0.08169555
197,0.08093262
198,0.07965088
199,0.0838318
200,0.082214355
201,0.08422853
202,0.076141365
203,0.078704834
204,0.064086914
205,0.06555176
206,0.0592041
207,0.058471687
208,0.060180664
209,0.050872795
210,0.04751586
211,0.036376957
212,0.027709952
213,0.029479979
214,0.02825928
215,0.03390501
216,0.03775022
217,0.04751589
218,0.04275513
219,0.05111695
220,0.04394531
221,0.04702759
222,0.046203613
223,0.043762192
224,0.048004176
225,0.040222168
226,0.050201423
227,0.041137684
228,0.05221557
229,0.04843139
230,0.052124016
231,0.056671128
232,0.047546387
233,0.04873658
234,0.040161125
235,0.022888184
236,0.011199944
237,-0.01266478
238,-0.022888158
239,-0.043792747
240,-0.053558357
241,-0.06549072
242,-0.076202415
243,-0.08398436
244,-0.09942626
245,-0.10083006
246,-0.113555916
247,-0.10482788
248,-0.111999504
249,-0.095428474
250,-0.09121704
251,-0.07650755
252,-0.060424805
253,-0.052246086
254,-0.038787834
255,-0.03720093
256,-0.02835083
257,-0.019805908
258,-0.009063706
259,0.0038452223
260,0.022705074
261,0.04180909
262,0.055145286
263,0.061584484
264,0.061767608
265,0.06652831
266,0.07281494
267,0.08340451
268,0.0939026
269,0.100921616
270,0.1144409
271,0.117584236
272,0.12820435
273,0.12936398
274,0.1274414
275,0.1335144
276,0.12738037
277,0.12994385
278,0.1232605
279,0.11532592
280,0.10421753
281,0.08709718
282,0.066925064
283,0.049224854
284,0.029571507
285,0.014434814
286,0.0059508905
287,-0.00476072
288,-0.012359627
289,-0.021789521
290,-0.032348655
291,-0.0368042
292,-0.04605101
293,-0.04724122
294,-0.056396484
295,-0.05398558
296,-0.055023193
297,-0.053649895
298,-0.044586174
299,-0.03878784
300,-0.030792244
301,-0.02319336
302,-0.020904526
303,-0.017395014
304,0.002288811
305,0.023437489
306,0.034667987
307,0.032928474
308,0.023345966
309,0.018463127
310,0.0067749135
311,0.0059814434
312,0.00088501535
313,-0.003906265
314,-0.004425051
315,-0.02130128
316,-0.028533936
317,-0.04922487
318,-0.061187744
319,-0.06768799
320,-0.072601326
321,-0.10733033
322,-0.11508178
323,-0.12133789
324,-0.12329102
325,-0.11260986
326,-0.14361572
327,-0.16799927
328,-0.18618777
329,-0.17877197
330,-0.16510013
331,-0.15985107
332,-0.14450075
333,-0.14846799
334,-0.14288332
335,-0.15020752
336,-0.13946532
337,-0.124023445
338,-0.11129761
339,-0.08883664
340,-0.082946785
341,-0.07763671
342,-0.079803474
343,-0.0148010105
344,-0.006591797
345,0.014343254
346,0.028625518
347,0.048065208
348,0.08926392
349,0.11956785
350,0.15142825
351,0.1519165
352,0.16046144
353,0.14971924
354,0.13562012
355,0.11666871
356,0.07824707
357,0.06872557
358,0.059204105
359,0.04418946
360,0.036163315
361,0.017883278
362,0.016723633
363,0.00918578
364,0.004241936
365,-0.035705566
366,-0.04846191
367,-0.05053711
368,-0.06326296
369,-0.052917503
370,-0.09060669
371,-0.118194565
372,-0.14047244
373,-0.1390686
374,-0.12850952
375,-0.12442018
376,-0.102630645
377,-0.101043686
378,-0.037323013
379,-0.04333495
380,-0.034149162
381,-0.008117676
382,0.008697517
383,0.032073993
384,0.03439331
385,0.028503425
386,0.028747559
387,0.09414673
388,0.09793092
389,0.099975586
390,0.1185608
391,0.1321106
392,0.1618042
393,0.18606567
394,0.20938112
395,0.2246399
396,0.23034668
397,0.23348999
398,0.21755981
399,0.1953125
400,0.15191652
401,0.13793945
402,0.1257019
403,0.08856202
404,0.07449339
405,0.03640745
406,0.030731209
407,0.007324212
408,-0.0011596777
409,-0.053863525
410,-0.07119751
411,-0.088989265
412,-0.10537721
413,-0.1145325
414,-0.15325928
415,-0.1932678
416,-0.21878053
417,-0.21920776
418,-0.20916748
419,-0.19696048
420,-0.1728821
421,-0.14715578
422,-0.08078004
423,-0.06799317
424,-0.05313112
425,-0.018310554
426,0.011291534
427,0.041137706
428,0.051940903
429,0.0487671
430,0.050201427
431,0.106323235
432,0.107482925
433,0.10040282
434,0.105346695
435,0.10693361
436,0.12014771
437,0.13699341
438,0.1458435
439,0.15893555
440,0.15734863
441,0.16091919
442,0.14950562
443,0.1444397
444,0.103057876
445,0.10437011
446,0.08709717
447,0.07241821
448,0.050750718
449,0.04699707
450,0.040557876
451,0.04730224
452,0.047302246
453,0.016479488
454,0.016693112
455,0.015136728
456,-0.0032348633
457,-0.028686536
458,-0.04281617
459,-0.051361084
460,-0.06948851
461,-0.09472656
462,-0.11340332
463,-0.12445068
464,-0.12347412
465,-0.109069824
466,-0.051452644
467,-0.044647213
468,-0.050231934
469,-0.043457035
470,-0.053710923
471,-0.0486145
472,-0.06030275
473,-0.060241703
474,-0.05291745
475,-0.07180787
476,-0.05700684
477,-0.06533812
478,-0.055419914
479,-0.05352784
480,-0.044952393
481,-0.025085434
482,-0.012084976
483,-0.0019225925
484,-0.010070793
485,-0.008972153
486,-0.019866936
487,-0.019317642
488,-0.05142211
489,-0.039916992
490,-0.042266853
491,-0.041778564
492,-0.053497307
493,-0.048675537
494,-0.053253163
495,-0.03277588
496,-0.028717048
497,-0.042938232
498,-0.034942634
499,-0.01773071
500,-0.007934578
501,-0.004455574
502,0.0061950497
503,0.009338383
504,0.0131225735
505,0.007293679
506,0.011566158
507,0.022521976
508,0.031524666
509,0.040710434
510,0.039764397
511,0.049407974
512,0.06735228
513,0.063293464
514,0.07333373
515,0.058715805
516,0.06677243
517,0.054870613
518,0.049896248
519,0.039550796
520,0.03826905
521,0.035522476
522,0.027923591
523,0.019195557
524,0.014984142
525,0.0069580115
526,0.0059509166
527,0.0056457445
528,0.003753662
529,-0.0044555664
530,-0.018066414
531,-0.025207525
532,-0.053283684
533,-0.051849376
534,-0.047851577
535,-0.035034176
536,-0.029785154
537,-0.017364496
538,-0.01037597
539,0.0094299335
540,0.009033196
541,0.019622805
542,0.01727295
543,0.021942139
544,0.020935059
545,0.0032958984
546,0.0044555627
547,-0.013366692
548,-0.017486554
549,-0.041595466
550,-0.044067383
551,-0.049804688
552,-0.04968261
553,-0.055969227
554,-0.054534934
555,-0.058959942
556,-0.0609436
557,-0.065216064
558,-0.06927493
559,-0.078887954
560,-0.07980348
561,-0.092437744
562,-0.0987549
563,-0.110748276
564,-0.1105652
565,-0.11245727
566,-0.11251831
567,-0.106781006
568,-0.10586547
569,-0.09735107
570,-0.09002688
571,-0.08041382
572,-0.07684327
573,-0.08236694
574,-0.0826111
575,-0.08612061
576,-0.0823059
577,-0.07510377
578,-0.062377926
579,-0.04870605
580,-0.04034424
581,-0.024322517
582,-0.016937241
583,0.00872802
584,0.021392837
585,0.047515877
586,0.055145256
587,0.07717896
588,0.08721923
589,0.09829712
590,0.10940552
591,0.117553696
592,0.13131715
593,0.13739014
594,0.14895633
595,0.16281125
596,0.17828369
597,0.18612674
598,0.18920897
599,0.18536375
600,0.1765747
601,0.16598508
602,0.15911865
603,0.15188599
604,0.14419557
605,0.13031007
606,0.12161252
607,0.104675286
608,0.09460451
609,0.083862305
610,0.07281495
611,0.075653106
612,0.0663147
613,0.07247925
614,0.065582275
615,0.07244872
616,0.06127929
617,0.04663086
618,0.030853268
619,0.013610836
620,0.0016174316
621,-0.008453354
622,-0.011810295
623,-0.016967766
624,-0.020538338
625,-0.02365113
626,-0.026519768
627,-0.021179192
628,-0.018218987
629,-0.012969963
630,-0.014587402
631,-0.011077881
632,-0.0034485012
633,-0.0015564114
634,0.0039978176
635,0.0007018894
636,0.0036926419
637,-0.0032348558
638,0.0034179688
639,0.008148193
640,0.021453843
641,0.02758789
642,0.03268434
643,0.033172607
644,0.03375244
645,0.030700684
646,0.035156265
647,0.032165512
648,0.032318108
649,0.019683838
650,0.01187133
651,-0.002197273
652,-0.007110603
653,-0.019683834
654,-0.03088377
655,-0.036621086
656,-0.05325319
657,-0.05755613
658,-0.077789314
659,-0.08645631
660,-0.10653687
661,-0.121093735
662,-0.14172363
663,-0.16043091
664,-0.17843628
665,-0.18621826
666,-0.18954468
667,-0.18954466
668,-0.19177249
669,-0.19381714
670,-0.1953125
671,-0.19253536
672,-0.18585202
673,-0.17642207
674,-0.16726682
675,-0.15393062
676,-0.13793948
677,-0.12213137
678,-0.10671995
679,-0.09182746
680,-0.06942746
681,-0.047698952
682,-0.014831573
683,0.028381325
684,0.07772827
685,0.13336182
686,0.19116211
687,0.24880983
688,0.3076172
689,0.35498047
690,0.41058356
691,0.47076422
692,0.53283685
693,0.5808716
694,0.62176514
695,0.64846796
696,0.66964716
697,0.6651916
698,0.64297485
699,0.6084595
700,0.56329346
701,0.5093995
702,0.44381702
703,0.378601
704,0.29107675
705,0.18768312
706,0.0608826
707,-0.07144165
708,-0.22302245
709,-0.37765503
710,-0.5344239
711,-0.6697692
712,-0.82049567
713,-0.9796143
714,-1.1395264
715,-1.276886
716,-1.3946533
717,-1.4867249
718,-1.5380554
719,-1.5467834
720,-1.4981995
721,-1.4064636
722,-1.2776794
723,-1.1340637
724,-0.9770811
725,-0.80926514
726,-0.62515265
727,-0.41497803
728,-0.1739502
729,0.093994156
730,0.37268072
731,0.6429138
732,0.90368664
733,1.1464232
734,1.3833923
735,1.6005249
736,1.7974854
737,1.9618834
738,2.088379
739,2.1681516
740,2.1905823
741,2.141113
742,2.0143435
743,1.8131104
744,1.5720519
745,1.3022462
746,1.0283201
747,0.75567627
748,0.4814455
749,0.18991086
750,-0.13088985
751,-0.4704895
752,-0.8241273
753,-1.1710814
754,-1.5033569
755,-1.8086852
756,-2.093689
757,-2.3414612
758,-2.5429993
759,-2.6817935
760,-2.758728
761,-2.766388
762,-2.6976624
763,-2.5412903
764,-2.2997742
765,-1.9724731
766,-1.5948792
767,-1.1912537
768,-0.78970325
769,-0.39367688
770,-0.0216676
771,0.33450317
772,0.671875
773,0.9916992
774,1.2919314
775,1.5655518
776,1.8236389
777,2.0639036
778,2.299469
779,2.5139465
780,2.7033691
781,2.8535159
782,2.9502563
783,2.9927979
784,2.9621277
785,2.8604734
786,2.6747742
787,2.4041443
788,2.0895386
789,1.7427064
790,1.3927305
791,1.0456238
792,0.70657367
793,0.3542174
794,-0.0120848715
795,-0.39395136
796,-0.79461694
797,-1.1887512
798,-1.5785216
799,-1.9408872
800,-2.2823792
801,-2.5794678
802,-2.828827
803,-3.0189517
804,-3.1515503
805,-3.219696
806,-3.2122192
807,-3.11734
808,-2.927887
809,-2.64682
810,-2.3053284
811,-1.9307556
812,-1.550659
813,-1.1697083
814,-0.79449475
815,-0.42819208
816,-0.06945795
817,0.27395618
818,0.6084902
819,0.92541516
820,1.2346802
821,1.533142
822,1.8271179
823,2.1001892
824,2.3427734
825,2.5436099
826,2.691101
827,2.7798767
828,2.7877502
829,2.7182007
830,2.5620728
831,2.313202
832,2.0153809
833,1.6893617
834,1.3630369
835,1.0331421
836,0.71972656
837,0.4114074
838,0.101989746
839,-0.21551502
840,-0.532776
841,-0.83071893
842,-1.1098325
843,-1.3843688
844,-1.6228027
845,-1.797699
846,-1.9250488
847,-2.0160525
848,-2.066681
849,-2.0704956
850,-2.0274658
851,-1.9361572
852,-1.7948303
853,-1.5975342
854,-1.3717651
855,-1.1241455
856,-0.873596
857,-0.63485706
858,-0.42001355
859,-0.22674549
860,-0.052947983
861,0.10324086
862,0.25802633
863,0.41186523
864,0.56750464
865,0.7241516
866,0.8683473
867,0.9967958
868,1.093933
869,1.1528018
870,1.1799316
871,1.1734622
872,1.1383667
873,1.0757142
874,0.9864197
875,0.8719178
876,0.74313366
877,0.6047974
878,0.46325672
879,0.31781
880,0.18911739
881,0.08633429
882,0.024108835
883,-0.0044554546
884,-0.014770523
885,-0.018310636
886,-0.034606814
887,-0.062194824
888,-0.11520386
889,-0.18869011
890,-0.2806397
891,-0.38821405
892,-0.5010985
893,-0.61291504
894,-0.71343994
895,-0.80963135
896,-0.88467413
897,-0.9422914
898,-0.9897157
899,-1.020752
900,-1.0364989
901,-1.0290526
902,-1.0057678
903,-0.94851685
904,-0.85000604
905,-0.7096559
906,-0.53637695
907,-0.3489074
908,-0.15390016
909,0.046813965
910,0.22711182
911,0.37002555
912,0.48300177
913,0.57632446
914,0.6545105
915,0.70861816
916,0.75085455
917,0.77548224
918,0.7805786
919,0.767334
920,0.73886114
921,0.6990357
922,0.64575183
923,0.57937616
924,0.51327515
925,0.44821167
926,0.38885492
927,0.33856207
928,0.30233765
929,0.268982
930,0.2379151
931,0.19119257
932,0.1424866
933,0.0879211
934,0.047760054
935,0.015380774
936,-0.004241977
937,-0.008850142
938,-0.0038452707
939,0.0074768662
940,0.025451645
941,0.04479975
942,0.058624253
943,0.07138056
944,0.083953865
945,0.09719846
946,0.099609435
947,0.10058588
948,0.09384163
949,0.08319095
950,0.06582636
951,0.044769287
952,0.025726274
953,0.014617935
954,0.011657707
955,0.0033568442
956,-0.0061340183
957,-0.01089479
958,-0.008758571
959,-0.0047302246
960,-0.001983732
961,0.006866507
962,0.015930146
963,0.02993773
964,0.0463562
965,0.058410615
966,0.06472783
967,0.057922363
968,0.048431486
969,0.02828975
970,0.0074463487
971,-0.011932343
972,-0.025909506
973,-0.035553016
974,-0.052154563
975,-0.07852166
976,-0.11196901
977,-0.13812256
978,-0.1550293
979,-0.16943362
980,-0.17736815
981,-0.18395998
982,-0.1900635
983,-0.20010377
984,-0.20724487
985,-0.212677
986,-0.21554571
987,-0.21386719
988,-0.21160881
989,-0.19854736
990,-0.18646234
991,-0.16448975
992,-0.14376827
993,-0.11932376
994,-0.104614295
995,-0.092742935
996,-0.07830812
997,-0.058654733
998,-0.03494265
999,-0.017700206
1000,-0.0061340034
1001,0.0025329664
1002,0.009033211
1003,0.014984148
1004,0.018951386
1005,0.025115967
1006,0.033264145
1007,0.045135498
1008,0.05847169
1009,0.06716919
1010,0.077941895
1011,0.08154301
1012,0.08605959
1013,0.07934571
1014,0.076080315
1015,0.07125853
1016,0.0716858
1017,0.07369997
1018,0.070251465
1019,0.06451416
1020,0.054077167
1021,0.05044558
1022,0.04815674
1023,0.045379627
1024,0.04208374
1025,0.03286743
1026,0.026550315
1027,0.014251694
1028,-0.0015563965
1029,-0.017791744
1030,-0.030944847
1031,-0.041900635
1032,-0.0529785
1033,-0.062194847
1034,-0.064331055
1035,-0.056732178
1036,-0.05133058
1037,-0.044494614
1038,-0.044891343
1039,-0.045928985
1040,-0.047393814
1041,-0.04611206
1042,-0.036987305
1043,-0.03192137
1044,-0.03161621
1045,-0.036346406
1046,-0.04162597
1047,-0.044799805
1048,-0.05154419
1049,-0.0552368
1050,-0.058197007
1051,-0.0604248
1052,-0.061218265
1053,-0.07040404
1054,-0.07247925
1055,-0.07070921
1056,-0.06341551
1057,-0.060485847
1058,-0.055816658
1059,-0.05197143
1060,-0.041107178
1061,-0.030731186
1062,-0.029479979
1063,-0.033264168
1064,-0.041686997
1065,-0.046508774
1066,-0.04986573
1067,-0.04971315
1068,-0.04922486
1069,-0.05142212
1070,-0.05422972
1071,-0.05764772
1072,-0.057830807
1073,-0.056243885
1074,-0.053680442
1075,-0.041015618
1076,-0.030273424
1077,-0.017120393
1078,-0.00033568544
1079,0.020965576
1080,0.035217278
1081,0.04757691
1082,0.051544197
1083,0.049591035
1084,0.051666252
1085,0.053619385
1086,0.057464592
1087,0.05834961
1088,0.060272217
1089,0.0602417
1090,0.064086914
1091,0.06961059
1092,0.07632447
1093,0.08267213
1094,0.08981323
1095,0.09481809
1096,0.09606935
1097,0.096038826
1098,0.099029526
1099,0.10171512
1100,0.098907456
1101,0.08810425
1102,0.07711792
1103,0.062194817
1104,0.052825913
1105,0.03817752
1106,0.02267456
1107,0.010375977
1108,-0.002471909
1109,-0.009521477
1110,-0.012420669
1111,-0.007629417
1112,-0.002532974
1113,0.0055847242
1114,0.01181031
1115,0.02606202
1116,0.043518044
1117,0.058471665
1118,0.070343
1119,0.08706665
1120,0.10140991
1121,0.109954834
1122,0.118927
1123,0.13156128
1124,0.14480592
1125,0.15219118
1126,0.15283203
1127,0.15185545
1128,0.14755249
1129,0.1421509
1130,0.13671874
1131,0.13208006
1132,0.120086655
1133,0.10897829
1134,0.09805298
1135,0.085998535
1136,0.07821655
1137,0.063140884
1138,0.03933716
1139,0.009277329
1140,-0.018402092
1141,-0.043426506
1142,-0.062438965
1143,-0.07147216
1144,-0.08657838
1145,-0.10342408
1146,-0.11843872
1147,-0.13336182
1148,-0.14251709
1149,-0.14511108
1150,-0.14486696
1151,-0.1404724
1152,-0.14089966
1153,-0.14035034
1154,-0.13879396
1155,-0.13116457
1156,-0.12664795
1157,-0.114227295
1158,-0.11102294
1159,-0.10153197
1160,-0.0887146
1161,-0.07409667
1162,-0.063659675
1163,-0.053283706
1164,-0.048278823
1165,-0.042846687
1166,-0.036621094
1167,-0.023010256
1168,-0.013061533
1169,-0.007843019
1170,-0.0062866155
1171,-0.0040283184
1172,-0.0039977953
1173,-0.008972175
1174,-0.01232911
1175,-0.014038093
1176,-0.015808094
1177,-0.016235344
1178,-0.015197756
1179,-0.017913822
1180,-0.010864265
1181,-0.012908932
1182,-0.02737426
1183,-0.04272462
1184,-0.057922356
1185,-0.06820678
1186,-0.07669066
1187,-0.08172606
1188,-0.0920105
1189,-0.10760498
1190,-0.12347411
1191,-0.1352539
1192,-0.14224243
1193,-0.1463623
1194,-0.14715578
1195,-0.13989256
1196,-0.13269041
1197,-0.12753296
1198,-0.1178589
1199,-0.108367935
1200,-0.0993042
1201,-0.0856018
1202,-0.07315062
1203,-0.05874633
1204,-0.040008545
1205,-0.02294921
1206,-0.00079347007
1207,0.014282219
1208,0.026916496
1209,0.030395502
1210,0.027984621
1211,0.03314209
1212,0.037963867
1213,0.04418944
1214,0.048706066
1215,0.05157471
1216,0.054016113
1217,0.051757805
1218,0.054168686
1219,0.05813598
1220,0.06283571
1221,0.0671692
1222,0.06726073
1223,0.059570312
1224,0.057281487
1225,0.051452637
1226,0.037933335
1227,0.017913807
1228,0.0016174354
1229,-0.0107116625
1230,-0.018341033
1231,-0.020507807
1232,-0.016387943
1233,-0.01730347
1234,-0.015258795
1235,-0.008697504
1236,-0.00015260279
1237,0.011260983
1238,0.02084351
1239,0.031097423
1240,0.038391117
1241,0.04064943
1242,0.046722405
1243,0.048828125
1244,0.051635757
1245,0.06204223
1246,0.06591796
1247,0.07125853
1248,0.07870485
1249,0.08633424
1250,0.09564209
1251,0.100372314
1252,0.10229491
1253,0.099395745
1254,0.09872437
1255,0.10281373
1256,0.104522705
1257,0.108367905
1258,0.10562135
1259,0.09963989
1260,0.096862786
1261,0.091583245
1262,0.08740233
1263,0.08822631
1264,0.089202896
1265,0.088500984
1266,0.08892821
1267,0.0798645
1268,0.07562254
1269,0.07546997
1270,0.078369126
1271,0.08581542
1272,0.09280397
1273,0.09506224
1274,0.11322023
1275,0.1615601
1276,0.21685791
1277,0.25396731
1278,0.2694397
1279,0.25381464
1280,0.26477057
1281,0.29412848
1282,0.18295293
1283,-0.048583977
1284,-0.24868767
1285,-0.4265442
1286,-0.52905273
1287,-0.53887933
1288,-0.5055847
1289,-0.44100958
1290,-0.3862305
1291,-0.33425903
1292,-0.29580694
1293,-0.2686157
1294,-0.2559509
1295,-0.23843378
1296,-0.254364
1297,-0.3294068
1298,-0.40805057
1299,-0.45758066
1300,-0.46203613
1301,-0.38931262
1302,-0.36746234
1303,-0.38934344
1304,-0.1357423
1305,0.33786017
1306,0.7396239
1307,1.0783081
1308,1.259613
1309,1.2450255
1310,1.1599121
1311,1.0215455
1312,0.90438855
1313,0.79956055
1314,0.7232057
1315,0.6652526
1316,0.62670887
1317,0.57598865
1318,0.51806635
1319,0.4766541
1320,0.43145752
1321,0.36968997
1322,0.28485107
1323,0.15664667
1324,0.06460583
1325,0.0036622286
1326,-0.17535394
1327,-0.44253546
1328,-0.65820295
1329,-0.82727045
1330,-0.9151307
1331,-0.9004822
1332,-0.8616944
1333,-0.80545056
1334,-0.7837831
1335,-0.7744752
1336,-0.77694714
1337,-0.78460693
1338,-0.79699695
1339,-0.7930907
1340,-0.8149719
1341,-0.87225354
1342,-0.9193421
1343,-0.9340211
1344,-0.88702387
1345,-0.7566833
1346,-0.6693727
1347,-0.6184389
1348,-0.30957043
1349,0.20343022
1350,0.63269037
1351,0.9975586
1352,1.203186
1353,1.2104186
1354,1.1461487
1355,1.0317079
1356,0.95199597
1357,0.87350464
1358,0.8095399
1359,0.7605896
1360,0.7203673
1361,0.67077625
1362,0.61746216
1363,0.5557556
1364,0.4708862
1365,0.36947635
1366,0.23532107
1367,0.05651851
1368,-0.09448233
1369,-0.21432483
1370,-0.43231192
1371,-0.71356213
1372,-0.93008405
1373,-1.1032408
1374,-1.1821594
1375,-1.1451721
1376,-1.067566
1377,-0.9670106
1378,-0.892975
1379,-0.8287355
1380,-0.7772218
1381,-0.72891235
1382,-0.6777953
1383,-0.60009754
1384,-0.5410767
1385,-0.5228273
1386,-0.50054926
1387,-0.4525453
1388,-0.35690302
1389,-0.18637079
1390,-0.07510388
1391,-0.013794124
1392,0.29009998
1393,0.77777106
1394,1.1707151
1395,1.4851683
1396,1.6408691
1397,1.5915833
1398,1.4660339
1399,1.2909547
1400,1.1399537
1401,0.99472046
1402,0.8688661
1403,0.76394653
1404,0.67050153
1405,0.5737914
1406,0.48291016
1407,0.38781744
1408,0.28271484
1409,0.16894525
1410,0.025787443
1411,-0.15844731
1412,-0.30975333
1413,-0.43093854
1414,-0.6464844
1415,-0.9146424
1416,-1.1159056
1417,-1.2670592
1418,-1.3226014
1419,-1.2586365
1420,-1.1562806
1421,-1.0295717
1422,-0.92367566
1423,-0.8233644
1424,-0.736725
1425,-0.6498413
1426,-0.5561217
1427,-0.44949326
1428,-0.30099493
1429,-0.09588629
1430,0.12255865
1431,0.32739255
1432,0.5047302
1433,0.6419982
1434,0.7873231
1435,0.9333496
1436,0.9052124
1437,0.7163392
1438,0.5276183
1439,0.344818
1440,0.21820076
1441,0.1708986
1442,0.15887463
1443,0.17871092
1444,0.2083435
1445,0.23135379
1446,0.2449035
1447,0.24429323
1448,0.22125243
1449,0.20043944
1450,0.21182261
1451,0.24237068
1452,0.26727295
1453,0.27914423
1454,0.26034555
1455,0.2021789
1456,0.16415398
1457,0.13784797
1458,-0.0129700005
1459,-0.25296015
1460,-0.45568848
1461,-0.63336176
1462,-0.7344056
1463,-0.72769153
1464,-0.66589355
1465,-0.56173706
1466,-0.44467163
1467,-0.3200378
1468,-0.20846564
1469,-0.10324094
1470,0.00057983026
1471,0.098144576
1472,0.20529172
1473,0.32788083
1474,0.450409
1475,0.5554504
1476,0.64477533
1477,0.7168274
1478,0.77169794
1479,0.8098144
1480,0.82727045
1481,0.8108216
1482,0.7745055
1483,0.7261047
1484,0.66317755
1485,0.58319104
1486,0.4920045
1487,0.40271002
1488,0.3065186
1489,0.21975711
1490,0.14932257
1491,0.07601927
1492,0.002471894
1493,-0.079010054
1494,-0.16342165
1495,-0.24041739
1496,-0.30120853
1497,-0.35485846
1498,-0.3922729
1499,-0.42019653
1500,-0.43447888
1501,-0.43975824
1502,-0.4462281
1503,-0.44903558
1504,-0.44137573
1505,-0.420227
1506,-0.39282236
1507,-0.36578372
1508,-0.34298715
1509,-0.3267517
1510,-0.31030273
1511,-0.28915405
1512,-0.26690677
1513,-0.24240111
1514,-0.21414183
1515,-0.20571898
1516,-0.2041626
1517,-0.19598389
1518,-0.18569943
1519,-0.17813103
1520,-0.16613773
1521,-0.1532898
1522,-0.13201901
1523,-0.102325454
1524,-0.06997676
1525,-0.050293043
1526,-0.025512643
1527,0.003173843
1528,0.027313292
1529,0.048980705
1530,0.06417846
1531,0.077941895
1532,0.08828734
1533,0.09448239
1534,0.10260012
1535,0.09963987
1536,0.08578491
1537,0.063293464
1538,0.037048347
1539,0.0048522837
1540,-0.025299072
1541,-0.046203554
1542,-0.060760535
1543,-0.06698606
1544,-0.06970209
1545,-0.06970215
1546,-0.072448656
1547,-0.0697938
1548,-0.063812196
1549,-0.05441278
1550,-0.041290227
1551,-0.029174812
1552,-0.012359604
1553,-0.00027466565
1554,0.0145568885
1555,0.024536137
1556,0.030731183
1557,0.041259788
1558,0.054992683
1559,0.06347657
1560,0.0699768
1561,0.078765854
1562,0.08520509
1563,0.085998565
1564,0.08282467
1565,0.074707024
1566,0.07055668
1567,0.065765336
1568,0.065704376
1569,0.063568085
1570,0.05737307
1571,0.048034653
1572,0.031219527
1573,0.019805914
1574,0.0075988984
1575,-0.0031432956
1576,-0.012908952
1577,-0.02517701
1578,-0.035675056
1579,-0.04809571
1580,-0.06423948
1581,-0.076507576
1582,-0.0852356
1583,-0.096832305
1584,-0.10427858
1585,-0.10751344
1586,-0.10449218
1587,-0.09399413
1588,-0.08352658
1589,-0.073150635
1590,-0.068634026
1591,-0.06204225
1592,-0.052642815
1593,-0.044006333
1594,-0.029907223
1595,-0.01751709
1596,-0.006408685
1597,0.0025329515
1598,0.0064697308
1599,0.012146002
1600,0.01712035
1601,0.026275642
1602,0.036743157
1603,0.051025376
1604,0.06262207
1605,0.0758667
1606,0.08459471
1607,0.089080796
1608,0.087402344
1609,0.08389282
1610,0.07833861
1611,0.07769775
1612,0.079528816
1613,0.07952881
1614,0.081726074
1615,0.08078001
1616,0.07522584
1617,0.07458497
1618,0.07617189
1619,0.076599136
1620,0.07891844
1621,0.08020018
1622,0.082427986
1623,0.078552246
1624,0.06958006
1625,0.06735231
1626,0.06417847
1627,0.055541992
1628,0.044769302
1629,0.033905014
1630,0.028198257
1631,0.02471923
1632,0.018920913
1633,0.010955818
1634,-0.0032043383
1635,-0.014770515
1636,-0.027832046
1637,-0.034454316
1638,-0.032836907
1639,-0.03201294
1640,-0.031280518
1641,-0.03005983
1642,-0.033111587
1643,-0.032073967
1644,-0.031677246
1645,-0.029388428
1646,-0.024566635
1647,-0.019531243
1648,-0.014862075
1649,-0.006072983
1650,0.00064085796
1651,0.008514397
1652,0.00939941
1653,0.009124752
1654,0.00729369
1655,0.004821785
1656,0.008026116
1657,0.009368889
1658,0.011230469
1659,0.008392319
1660,0.0039367676
1661,0.0031127706
1662,0.004547134
1663,0.00686647
1664,0.007873543
1665,0.007415764
1666,0.005096428
1667,0.0017089769
1668,-0.0046692193
1669,-0.007781975
1670,-0.014190674
1671,-0.023437485
1672,-0.03164673
1673,-0.043304443
1674,-0.046203613
1675,-0.046264663
1676,-0.04815674
1677,-0.05313109
1678,-0.059783936
1679,-0.06518553
1680,-0.07281494
1681,-0.07400511
1682,-0.07223509
1683,-0.07382202
1684,-0.07803345
1685,-0.08111575
1686,-0.08557129
1687,-0.08654784
1688,-0.08340451
1689,-0.07894898
1690,-0.07312009
1691,-0.070800774
1692,-0.06573488
1693,-0.056793213
1694,-0.05099487
1695,-0.038543694
1696,-0.02902222
1697,-0.018951401
1698,-0.009918194
1699,-0.003936764
1700,0.0033263974
1701,0.006011959
1702,0.01171875
1703,0.0144348
1704,0.01474
1705,0.017883284
1706,0.02072145
1707,0.02438356
1708,0.025482185
1709,0.02322387
1710,0.020751946
1711,0.018646233
1712,0.0160217
1713,0.01254273
1714,0.009643556
1715,0.004516601
1716,-0.00027465913
1717,-0.007446288
1718,-0.0075683445
1719,-0.0076294094
1720,-0.006256095
1721,-0.0011901853
1722,0.0006713872
1723,0.0046081683
1724,0.0023803692
1725,0.0021972805
1726,0.002166761
1727,-0.00500487
1728,-0.00982666
1729,-0.014587425
1730,-0.013336191
1731,-0.008422853
1732,0.002594022
1733,0.012176491
1734,0.025878932
1735,0.035705574
1736,0.045867912
1737,0.055908203
1738,0.06790162
1739,0.08602907
1740,0.101135254
1741,0.10934448
1742,0.12020875
1743,0.124786384
1744,0.12860106
1745,0.12893675
1746,0.12997437
1747,0.12826537
1748,0.124816895
1749,0.12307738
1750,0.119628906
1751,0.11685183
1752,0.111145034
1753,0.101257324
1754,0.08938597
1755,0.08258058
1756,0.07714844
1757,0.073211655
1758,0.06613158
1759,0.05645752
1760,0.046234116
1761,0.032226562
1762,0.021514907
1763,0.013336197
1764,0.006530747
1765,0.008270264
1766,0.014007553
1767,0.02136232
1768,0.028778106
1769,0.036834717
1770,0.041687027
1771,0.04101564
1772,0.039062485
1773,0.0328369
1774,0.03158571
1775,0.034179673
1776,0.03549195
1777,0.037200913
1778,0.037170418
1779,0.03381346
1780,0.032928474
1781,0.032470696
1782,0.034790047
1783,0.041381855
1784,0.046844475
1785,0.045166023
1786,0.046020508
1787,0.046020508
1788,0.038360596
1789,0.031372078
1790,0.026580801
1791,0.02267456
1792,0.018951401
1793,0.016845703
1794,0.013916012
1795,0.010131836
1796,0.00033567473
1797,-0.012634266
1798,-0.02874757
1799,-0.043823227
1800,-0.06329346
1801,-0.08148193
1802,-0.104766846
1803,-0.12570187
1804,-0.15155031
1805,-0.17861938
1806,-0.20526122
1807,-0.22601317
1808,-0.24304199
1809,-0.25201416
1810,-0.25228882
1811,-0.24917603
1812,-0.24301147
1813,-0.23648071
1814,-0.22866821
1815,-0.22042845
1816,-0.20663452
1817,-0.1907959
1818,-0.17074585
1819,-0.14459229
1820,-0.11965941
1821,-0.09622191
1822,-0.07489013
1823,-0.053863533
1824,-0.032745346
1825,-0.011108421
1826,0.015045188
1827,0.044830322
1828,0.07693479
1829,0.10403441
1830,0.1262207
1831,0.14471434
1832,0.15206909
1833,0.1560669
1834,0.16009521
1835,0.16473386
1836,0.16970825
1837,0.1739502
1838,0.1739807
1839,0.16873169
1840,0.15493774
1841,0.13735962
1842,0.11886597
1843,0.09655762
1844,0.073608406
1845,0.047241226
1846,0.018432617
1847,-0.008300759
1848,-0.033630386
1849,-0.06640624
1850,-0.10379025
1851,-0.13323973
1852,-0.16329956
1853,-0.19195555
1854,-0.20730592
1855,-0.21429445
1856,-0.21917723
1857,-0.21945189
1858,-0.21945189
1859,-0.21734618
1860,-0.20947266
1861,-0.193573
1862,-0.17178343
1863,-0.1446228
1864,-0.11956787
1865,-0.093414314
1866,-0.06826782
1867,-0.04138186
1868,-0.011291504
1869,0.020843469
1870,0.052886978
1871,0.08700562
1872,0.12268063
1873,0.15466307
1874,0.17846678
1875,0.20193481
1876,0.21432497
1877,0.21932985
1878,0.22183228
1879,0.2218933
1880,0.22055054
1881,0.21725464
1882,0.2075195
1883,0.19467163
1884,0.1784973
1885,0.16076659
1886,0.14163207
1887,0.11779782
1888,0.092803955
1889,0.06378177
1890,0.038360626
1891,0.014953628
1892,-0.007232681
1893,-0.034820557
1894,-0.069488496
1895,-0.099151604
1896,-0.1260376
1897,-0.15167235
1898,-0.16522217
1899,-0.17071535
1900,-0.17453004
1901,-0.17770386
1902,-0.17657469
1903,-0.17608644
1904,-0.16928098
1905,-0.15475465
1906,-0.13568112
1907,-0.11529541
1908,-0.09088135
1909,-0.06344604
1910,-0.0368042
1911,-0.007873554
1912,0.02136232
1913,0.046813946
1914,0.07003785
1915,0.09564207
1916,0.12420651
1917,0.15109251
1918,0.1710205
1919,0.18930054
1920,0.20043947
1921,0.20425417
1922,0.2062378
1923,0.20623776
1924,0.20309447
1925,0.19784546
1926,0.18475339
1927,0.16534424
1928,0.14233398
1929,0.11709593
1930,0.092864975
1931,0.06713866
1932,0.046813965
1933,0.023162879
1934,0.0034485012
1935,-0.016937234
1936,-0.031219497
1937,-0.050872795
1938,-0.07434079
1939,-0.093566895
1940,-0.10665892
1941,-0.12106323
1942,-0.12927246
1943,-0.13180543
1944,-0.13476562
1945,-0.13858032
1946,-0.1394348
1947,-0.14193727
1948,-0.1371765
1949,-0.13241577
1950,-0.12429808
1951,-0.114410415
1952,-0.102935806
1953,-0.087585434
1954,-0.0713501
1955,-0.05462648
1956,-0.03961183
1957,-0.027801529
1958,-0.02072142
1959,-0.014923096
1960,-0.00976564
1961,-0.012786865
1962,-0.014526367
1963,-0.012664795
1964,-0.014678948
1965,-0.015930168
1966,-0.019104011
1967,-0.020874001
1968,-0.02716066
1969,-0.03253173
1970,-0.04251097
1971,-0.05206299
1972,-0.056854278
1973,-0.06414795
1974,-0.07293701
1975,-0.08361817
1976,-0.09396364
1977,-0.10000608
1978,-0.10757446
1979,-0.11212158
1980,-0.11645511
1981,-0.113708496
1982,-0.11016844
1983,-0.106048584
1984,-0.09695433
1985,-0.09106447
1986,-0.08215332
1987,-0.07437134
1988,-0.06414795
1989,-0.05331421
1990,-0.038024873
1991,-0.024444595
1992,-0.00378415
1993,0.01525879
1994,0.034576423
1995,0.051574707
1996,0.066223145
1997,0.07998659
1998,0.089660645
1999,0.10067748
2000,0.10827635
2001,0.113159165
2002,0.11511232
2003,0.11437988
2004,0.11761473
2005,0.11819458
2006,0.1211548
2007,0.12530518
2008,0.12643433
2009,0.12780762
2010,0.12573242
2011,0.12805176
2012,0.1248474
2013,0.12289429
2014,0.11682129
2015,0.11230468
2016,0.107666016
2017,0.10125734
2018,0.09677125
2019,0.08810426
2020,0.08236694
2021,0.078979485
2022,0.07489014
2023,0.074462906
2024,0.06872557
2025,0.07202149
2026,0.0731201
2027,0.073516846
2028,0.077362075
2029,0.07617187
2030,0.07730101
2031,0.07568359
2032,0.07531738
2033,0.07443239
2034,0.07699584
2035,0.083099365
2036,0.09371948
2037,0.098876946
2038,0.106719986
2039,0.11581419
2040,0.120269775
2041,0.12817384
2042,0.13330078
2043,0.13787842
2044,0.1411438
2045,0.14352417
2046,0.14172366
2047,0.1289978
2048,0.12188719
2049,0.108703606
2050,0.09088135
2051,0.07797242
2052,0.05496215
2053,0.03353882
2054,0.00686644
2055,-0.01739502
2056,-0.046661366
2057,-0.071166985
2058,-0.10440063
2059,-0.13256837
2060,-0.15695192
2061,-0.18463135
2062,-0.20281982
2063,-0.2182312
2064,-0.2333679
2065,-0.24179076
2066,-0.24594118
2067,-0.25390622
2068,-0.26159662
2069,-0.26226807
2070,-0.26583868
2071,-0.26144406
2072,-0.25485227
2073,-0.24435425
2074,-0.23233032
2075,-0.21096805
2076,-0.17608635
2077,-0.13751215
2078,-0.08584596
2079,-0.027435303
2080,0.04455565
2081,0.11703491
2082,0.1851502
2083,0.2523804
2084,0.32092282
2085,0.39346313
2086,0.45315552
2087,0.5007019
2088,0.534668
2089,0.55581665
2090,0.5686645
2091,0.56967163
2092,0.5630799
2093,0.54510486
2094,0.5148009
2095,0.47201538
2096,0.4166869
2097,0.34573364
2098,0.25057977
2099,0.13281241
2100,0.0029907227
2101,-0.14562988
2102,-0.32147217
2103,-0.4993896
2104,-0.67456067
2105,-0.849701
2106,-1.0321349
2107,-1.2159729
2108,-1.3839722
2109,-1.5246887
2110,-1.6283569
2111,-1.6882937
2112,-1.7034302
2113,-1.6654053
2114,-1.5823975
2115,-1.4512024
2116,-1.29187
2117,-1.1162109
2118,-0.92575073
2119,-0.7222899
2120,-0.49520874
2121,-0.2571105
2122,-0.004699737
2123,0.27011108
2124,0.5680542
2125,0.8760071
2126,1.1836854
2127,1.4855652
2128,1.7700195
2129,2.0368958
2130,2.2674558
2131,2.4662476
2132,2.6079407
2133,2.6737366
2134,2.6818542
2135,2.6133423
2136,2.4631348
2137,2.2287903
2138,1.9465332
2139,1.6344299
2140,1.3075562
2141,0.96359247
2142,0.59588623
2143,0.21578959
2144,-0.17791751
2145,-0.5855408
2146,-1.019867
2147,-1.4526979
2148,-1.8644716
2149,-2.2608032
2150,-2.6194153
2151,-2.928406
2152,-3.1805115
2153,-3.3802187
2154,-3.50589
2155,-3.5498047
2156,-3.5051575
2157,-3.3660889
2158,-3.1294553
2159,-2.7868955
2160,-2.368042
2161,-1.888977
2162,-1.3652345
2163,-0.815155
2164,-0.25732422
2165,0.2874452
2166,0.79318243
2167,1.2591554
2168,1.6947937
2169,2.0879822
2170,2.4363408
2171,2.745575
2172,3.016388
2173,3.2479553
2174,3.4409485
2175,3.5978699
2176,3.7003784
2177,3.7358093
2178,3.7114258
2179,3.6114502
2180,3.4128418
2181,3.122223
2182,2.770935
2183,2.3664856
2184,1.9408876
2185,1.4817506
2186,0.99847406
2187,0.50979596
2188,0.022369444
2189,-0.47738647
2190,-0.98260486
2191,-1.4818728
2192,-1.9613649
2193,-2.408783
2194,-2.8278809
2195,-3.2037356
2196,-3.5171814
2197,-3.7836916
2198,-3.9851687
2199,-4.085846
2200,-4.10141
2201,-4.0223694
2202,-3.8337708
2203,-3.548248
2204,-3.178955
2205,-2.7336426
2206,-2.2359622
2207,-1.7039795
2208,-1.1466674
2209,-0.5957031
2210,-0.07424927
2211,0.4222107
2212,0.8964844
2213,1.337494
2214,1.7506412
2215,2.1351013
2216,2.491455
2217,2.8142395
2218,3.0943296
2219,3.3320007
2220,3.510559
2221,3.6109924
2222,3.6322327
2223,3.555511
2224,3.3747253
2225,3.092865
2226,2.7493896
2227,2.361145
2228,1.9408572
2229,1.5009459
2230,1.0555115
2231,0.62210083
2232,0.2034607
2233,-0.19732654
2234,-0.5808103
2235,-0.94787604
2236,-1.3023682
2237,-1.6333618
2238,-1.9142761
2239,-2.1488342
2240,-2.3441772
2241,-2.5160828
2242,-2.6524968
2243,-2.7343445
2244,-2.7688599
2245,-2.750702
2246,-2.6571655
2247,-2.4904175
2248,-2.2649841
2249,-1.9811708
2250,-1.667908
2251,-1.3218995
2252,-0.96557605
2253,-0.6191406
2254,-0.2880249
2255,0.021209717
2256,0.30526733
2257,0.5594791
2258,0.7842103
2259,0.9824524
2260,1.1618347
2261,1.3148499
2262,1.4393005
2263,1.5416871
2264,1.6292421
2265,1.7011416
2266,1.7399292
2267,1.7485656
2268,1.7203368
2269,1.6600646
2270,1.5493468
2271,1.3802795
2272,1.1634827
2273,0.916687
2274,0.6611327
2275,0.42211923
2276,0.22619623
2277,0.07205212
2278,-0.0390625
2279,-0.11212164
2280,-0.16873187
2281,-0.20611566
2282,-0.25827026
2283,-0.32763672
2284,-0.40249634
2285,-0.48309308
2286,-0.5755615
2287,-0.66400164
2288,-0.75381464
2289,-0.8414306
2290,-0.9173891
2291,-0.98141485
2292,-1.0507202
2293,-1.116028
2294,-1.1793519
2295,-1.2241517
2296,-1.2417907
2297,-1.2247316
2298,-1.1682435
2299,-1.070923
2300,-0.9291077
2301,-0.750885
2302,-0.54260266
2303,-0.32006836
2304,-0.096527115
2305,0.11999525
2306,0.32226568
2307,0.50674444
2308,0.6683351
2309,0.79107654
2310,0.8777771
2311,0.9341736
2312,0.9580382
2313,0.9530333
2314,0.9194335
2315,0.85955805
2316,0.7850342
2317,0.6950377
2318,0.5966491
2319,0.49981695
2320,0.40972894
2321,0.334839
2322,0.27148438
2323,0.2186584
2324,0.1690979
2325,0.12133796
2326,0.07098393
2327,0.01583856
2328,-0.036651555
2329,-0.08291626
2330,-0.123046964
2331,-0.16107176
2332,-0.19055179
2333,-0.21102896
2334,-0.22302243
2335,-0.21392816
2336,-0.1984863
2337,-0.17834473
2338,-0.1500854
2339,-0.1186218
2340,-0.090148926
2341,-0.060668968
2342,-0.04934682
2343,-0.044769257
2344,-0.044311516
2345,-0.052398734
2346,-0.061126605
2347,-0.070556656
2348,-0.07879643
2349,-0.07992549
2350,-0.07669065
2351,-0.06445314
2352,-0.041931186
2353,-0.023010194
2354,-0.0070801005
2355,0.016174354
2356,0.040496908
2357,0.06719974
2358,0.09024052
2359,0.111694396
2360,0.13299567
2361,0.15109259
2362,0.16076657
2363,0.15817259
2364,0.15524302
2365,0.1442566
2366,0.13006592
2367,0.108123735
2368,0.08062749
2369,0.049011216
2370,0.011291489
2371,-0.035980184
2372,-0.08392334
2373,-0.13201904
2374,-0.17443854
2375,-0.20645139
2376,-0.22869876
2377,-0.23959348
2378,-0.24429318
2379,-0.23742668
2380,-0.22201535
2381,-0.19937134
2382,-0.17791748
2383,-0.15374753
2384,-0.12976071
2385,-0.10559087
2386,-0.09353633
2387,-0.08477786
2388,-0.07492065
2389,-0.06329348
2390,-0.047882065
2391,-0.022521958
2392,0.004302956
2393,0.042846736
2394,0.07473755
2395,0.098114
2396,0.117492676
2397,0.12106324
2398,0.112670906
2399,0.10406494
2400,0.09332276
2401,0.08154297
2402,0.07675171
2403,0.07232666
2404,0.0722046
2405,0.07989501
2406,0.08822632
2407,0.09451294
2408,0.10952759
2409,0.11871338
2410,0.12573242
2411,0.13186646
2412,0.1309204
2413,0.12200927
2414,0.11654663
2415,0.09643555
2416,0.07559203
2417,0.05062867
2418,0.032226555
2419,0.0272522
2420,0.032653816
2421,0.040924087
2422,0.04803466
2423,0.052948013
2424,0.06088257
2425,0.066558816
2426,0.06594847
2427,0.05212402
2428,0.03985597
2429,0.022888178
2430,0.0006408673
2431,-0.015869139
2432,-0.029113768
2433,-0.037963867
2434,-0.04446411
2435,-0.04171753
2436,-0.03619384
2437,-0.015869152
2438,0.00033570093
2439,0.017333984
2440,0.029846199
2441,0.043334957
2442,0.051116955
2443,0.05737304
2444,0.059783947
2445,0.05447387
2446,0.049896233
2447,0.03668213
2448,0.025115974
2449,0.02294921
2450,0.020355226
2451,0.019714354
2452,0.02426147
2453,0.023712154
2454,0.02120971
2455,0.017517082
2456,0.005401604
2457,-0.010314964
2458,-0.026275627
2459,-0.050750732
2460,-0.064971924
2461,-0.08169555
2462,-0.092559814
2463,-0.093505874
2464,-0.08389282
2465,-0.076599106
2466,-0.06738281
2467,-0.06500243
2468,-0.064147934
2469,-0.056854248
2470,-0.059082046
2471,-0.06326293
2472,-0.06185914
2473,-0.059234608
2474,-0.04867553
2475,-0.03161621
2476,-0.014892576
2477,0.00030517578
2478,0.012359629
2479,0.021362308
2480,0.026367188
2481,0.03814697
2482,0.042816162
2483,0.05270385
2484,0.053588867
2485,0.055755615
2486,0.057525646
2487,0.059753425
2488,0.061706536
2489,0.062805176
2490,0.062347405
2491,0.050353996
2492,0.042144775
2493,0.031219484
2494,0.025817873
2495,0.025756836
2496,0.026123036
2497,0.02838134
2498,0.025573716
2499,0.022521961
2500,0.011444081
2501,-0.0010681227
2502,-0.020965576
2503,-0.04696654
2504,-0.06774902
2505,-0.0866394
2506,-0.09909058
2507,-0.11444093
2508,-0.11959839
2509,-0.12625122
2510,-0.1232605
2511,-0.11700441
2512,-0.11016844
2513,-0.096282944
2514,-0.08663941
2515,-0.0848999
2516,-0.083404556
2517,-0.08755492
2518,-0.08822632
2519,-0.082397446
2520,-0.07614134
2521,-0.06915283
2522,-0.05331421
2523,-0.04147339
2524,-0.023223871
2525,0.0021972582
2526,0.019714357
2527,0.04391479
2528,0.0616455
2529,0.07934571
2530,0.08749388
2531,0.09582518
2532,0.097717285
2533,0.10083008
2534,0.10375975
2535,0.101745605
2536,0.10986328
2537,0.113037094
2538,0.116088875
2539,0.114929184
2540,0.10833741
2541,0.09304807
2542,0.072448716
2543,0.051788334
2544,0.031646736
2545,0.013671879
2546,-0.007293701
2547,-0.029876698
2548,-0.045898434
2549,-0.06420897
2550,-0.08303833
2551,-0.10369874
2552,-0.12753296
2553,-0.15359497
2554,-0.16934204
2555,-0.18215942
2556,-0.19046018
2557,-0.18588254
2558,-0.18307495
2559,-0.17147827
2560,-0.16455078
2561,-0.15786742
2562,-0.14614868
2563,-0.13397214
2564,-0.11886595
2565,-0.10211182
2566,-0.08004761
2567,-0.060241703
2568,-0.030731192
2569,-0.0016784742
2570,0.025115967
2571,0.050933838
2572,0.07070923
2573,0.08813478
2574,0.0963745
2575,0.10464477
2576,0.103515625
2577,0.102142334
2578,0.09909057
2579,0.09622192
2580,0.09622193
2581,0.0923767
2582,0.090881355
2583,0.08779906
2584,0.085083015
2585,0.07653806
2586,0.0663452
2587,0.056488037
2588,0.04483033
2589,0.031463623
2590,0.013122551
2591,-0.012573224
2592,-0.035644528
2593,-0.05865479
2594,-0.08129884
2595,-0.10119629
2596,-0.11099243
2597,-0.11709596
2598,-0.10986328
2599,-0.106414795
2600,-0.102874756
2601,-0.102539055
2602,-0.10659789
2603,-0.11080933
2604,-0.118804924
2605,-0.12588502
2606,-0.13320924
2607,-0.13360593
2608,-0.12792969
2609,-0.1159668
2610,-0.09954834
2611,-0.079406746
2612,-0.052429188
2613,-0.02322388
2614,0.0054626465
2615,0.032592766
2616,0.06326294
2617,0.08697511
2618,0.108703606
2619,0.12463379
2620,0.1322937
2621,0.13671874
2622,0.14053345
2623,0.14486694
2624,0.1484375
2625,0.15487671
2626,0.157074
2627,0.16000366
2628,0.15881349
2629,0.15203857
2630,0.14450073
2631,0.13363647
2632,0.122802734
2633,0.107788086
2634,0.09417723
2635,0.078063965
2636,0.06674194
2637,0.057525642
2638,0.047241196
2639,0.040588386
2640,0.036956787
2641,0.035491943
2642,0.03857422
2643,0.041870117
2644,0.042999253
2645,0.03866576
2646,0.031677242
2647,0.02114869
2648,0.009887695
2649,0.003295906
2650,-0.0041503906
2651,-0.0071105883
2652,-0.0068664476
2653,-0.0061035044
2654,-0.0036010705
2655,0.0038452055
2656,0.009704599
2657,0.018035881
2658,0.029357895
2659,0.039031982
2660,0.05517579
2661,0.06845092
2662,0.0857544
2663,0.09963991
2664,0.10971069
2665,0.11618042
2666,0.117004395
2667,0.121887244
2668,0.1257934
2669,0.13714603
2670,0.15863042
2671,0.18515015
2672,0.20660399
2673,0.24438477
2674,0.27105713
2675,0.21325687
2676,0.20483398
2677,0.15496828
2678,-0.041473396
2679,-0.26647952
2680,-0.47192383
2681,-0.64614874
2682,-0.7215882
2683,-0.73605347
2684,-0.70751953
2685,-0.65734863
2686,-0.6084595
2687,-0.56411743
2688,-0.5337219
2689,-0.5115662
2690,-0.48620597
2691,-0.4618226
2692,-0.44812024
2693,-0.44351193
2694,-0.42996216
2695,-0.44924927
2696,-0.46044928
2697,-0.31533825
2698,-0.27917486
2699,-0.16506964
2700,0.2236328
2701,0.6626588
2702,1.051239
2703,1.3725893
2704,1.4920046
2705,1.4809875
2706,1.3872375
2707,1.2608948
2708,1.148773
2709,1.0466309
2710,0.96911633
2711,0.89349365
2712,0.8023376
2713,0.6845399
2714,0.55416876
2715,0.42636114
2716,0.2949829
2717,0.19442749
2718,0.10003659
2719,-0.07131946
2720,-0.17965692
2721,-0.31015003
2722,-0.55041504
2723,-0.8034364
2724,-1.0156554
2725,-1.1734926
2726,-1.2092898
2727,-1.174469
2728,-1.1090698
2729,-1.0409241
2730,-0.9937743
2731,-0.95477295
2732,-0.92626953
2733,-0.8931581
2734,-0.8468932
2735,-0.7960817
2736,-0.7597352
2737,-0.7331848
2738,-0.69381714
2739,-0.69247437
2740,-0.6920472
2741,-0.5314943
2742,-0.4677735
2743,-0.33361822
2744,0.06845087
2745,0.52569586
2746,0.9330139
2747,1.2512515
2748,1.3449404
2749,1.3079224
2750,1.1939087
2751,1.0636292
2752,0.9715574
2753,0.9056397
2754,0.87194836
2755,0.83724976
2756,0.7835692
2757,0.7044374
2758,0.6225891
2759,0.5427551
2760,0.45202637
2761,0.3819275
2762,0.31384277
2763,0.17361468
2764,0.09826666
2765,0.003479123
2766,-0.20523065
2767,-0.42883307
2768,-0.6192322
2769,-0.76205456
2770,-0.79223645
2771,-0.75573736
2772,-0.68954474
2773,-0.6268312
2774,-0.59024036
2775,-0.57675165
2776,-0.5759889
2777,-0.5710756
2778,-0.5582884
2779,-0.5442201
2780,-0.5470581
2781,-0.561676
2782,-0.56985474
2783,-0.6199646
2784,-0.6688233
2785,-0.55334485
2786,-0.5297547
2787,-0.43075567
2788,-0.06054692
2789,0.36849985
2790,0.7496643
2791,1.0477296
2792,1.121918
2793,1.0652466
2794,0.9326171
2795,0.78955066
2796,0.6814574
2797,0.60318005
2798,0.56164575
2799,0.52667236
2800,0.47943115
2801,0.41061413
2802,0.34289545
2803,0.28134155
2804,0.21942133
2805,0.18487543
2806,0.15676874
2807,0.057159573
2808,0.023162901
2809,-0.024261385
2810,-0.19079582
2811,-0.37219244
2812,-0.5211487
2813,-0.6193849
2814,-0.601349
2815,-0.51925665
2816,-0.40536505
2817,-0.29876715
2818,-0.22225939
2819,-0.16836543
2820,-0.13635264
2821,-0.101684615
2822,-0.05059807
2823,0.025970384
2824,0.11853035
2825,0.21051015
2826,0.29385373
2827,0.38067627
2828,0.44265753
2829,0.42068475
2830,0.44729608
2831,0.424469
2832,0.23553465
2833,0.020416245
2834,-0.18048099
2835,-0.37298596
2836,-0.48529065
2837,-0.5463867
2838,-0.55502325
2839,-0.5287475
2840,-0.4867248
2841,-0.42895508
2842,-0.376892
2843,-0.32931504
2844,-0.26904297
2845,-0.17065427
2846,-0.032806456
2847,0.111450195
2848,0.24966425
2849,0.39285272
2850,0.52658087
2851,0.57357794
2852,0.65438837
2853,0.68707275
2854,0.5655213
2855,0.39495856
2856,0.231964
2857,0.09478761
2858,0.051757798
2859,0.06369007
2860,0.11276239
2861,0.16873169
2862,0.20144655
2863,0.21658318
2864,0.2066039
2865,0.19232182
2866,0.17880255
2867,0.17999265
2868,0.19161995
2869,0.20651248
2870,0.20730595
2871,0.2063599
2872,0.21255498
2873,0.20669551
2874,0.18103024
2875,0.13986203
2876,0.09335327
2877,0.04049684
2878,-0.014404289
2879,-0.0593262
2880,-0.09765625
2881,-0.13143918
2882,-0.15481569
2883,-0.17614746
2884,-0.20364377
2885,-0.2329101
2886,-0.26177967
2887,-0.28851312
2888,-0.3155212
2889,-0.34411618
2890,-0.37155157
2891,-0.39425653
2892,-0.39987186
2893,-0.3967591
2894,-0.37911993
2895,-0.36053476
2896,-0.3434143
2897,-0.32992557
2898,-0.31686407
2899,-0.3100891
2900,-0.30554193
2901,-0.289154
2902,-0.26162717
2903,-0.22598267
2904,-0.1896362
2905,-0.16003409
2906,-0.1375122
2907,-0.115600675
2908,-0.10208129
2909,-0.08300777
2910,-0.064697325
2911,-0.05111696
2912,-0.04067988
2913,-0.031097397
2914,-0.0217285
2915,-0.0064391643
2916,0.0053710863
2917,0.01733397
2918,0.01968386
2919,0.017089847
2920,0.015045131
2921,0.010436984
2922,0.010070838
2923,0.010986388
2924,0.016693119
2925,0.030731205
2926,0.043212928
2927,0.06475836
2928,0.09097287
2929,0.11288449
2930,0.1390381
2931,0.14971924
2932,0.16180411
2933,0.16558838
2934,0.15728766
2935,0.15151978
2936,0.14419554
2937,0.13497925
2938,0.123168945
2939,0.10803227
2940,0.100158714
2941,0.08325197
2942,0.07055661
2943,0.055664077
2944,0.030242937
2945,0.00854495
2946,-0.012237521
2947,-0.030090347
2948,-0.04708861
2949,-0.062408403
2950,-0.06851198
2951,-0.06997685
2952,-0.07958987
2953,-0.07785032
2954,-0.07879643
2955,-0.07952881
2956,-0.07598871
2957,-0.07196045
2958,-0.069244355
2959,-0.06515499
2960,-0.062591545
2961,-0.051147446
2962,-0.046691887
2963,-0.04052733
2964,-0.030364988
2965,-0.019378675
2966,-0.0011596754
2967,0.011352537
2968,0.02896118
2969,0.049591042
2970,0.0647583
2971,0.08212279
2972,0.10412596
2973,0.114257805
2974,0.12911987
2975,0.12963864
2976,0.13467406
2977,0.13140869
2978,0.11972048
2979,0.11132812
2980,0.10305786
2981,0.091644265
2982,0.07812499
2983,0.059539787
2984,0.046325676
2985,0.029235844
2986,0.006988516
2987,-0.002227774
2988,-0.02130127
2989,-0.035583496
2990,-0.050476074
2991,-0.06686401
2992,-0.07623291
2993,-0.08450317
2994,-0.09100342
2995,-0.087036125
2996,-0.08877564
2997,-0.082153305
2998,-0.07653808
2999,-0.06652832
3000,-0.057800304
3001,-0.052642822
3002,-0.039123535
3003,-0.025634758
3004,-0.0142822135
3005,0.00918581
3006,0.027526846
3007,0.057769768
3008,0.0845642
3009,0.10379028
3010,0.13638303
3011,0.15640259
3012,0.17333984
3013,0.19610593
3014,0.20379639
3015,0.21408081
3016,0.22012328
3017,0.21746825
3018,0.22305296
3019,0.21679685
3020,0.21444702
3021,0.21252441
3022,0.20077518
3023,0.18945312
3024,0.16925049
3025,0.14688109
3026,0.1227722
3027,0.08770751
3028,0.05874633
3029,0.024749756
3030,-0.010131843
3031,-0.041778557
3032,-0.07727049
3033,-0.10220337
3034,-0.12707521
3035,-0.15582274
3036,-0.16827393
3037,-0.17883301
3038,-0.18801878
3039,-0.18902586
3040,-0.1923523
3041,-0.18151855
3042,-0.18115234
3043,-0.1713562
3044,-0.15808107
3045,-0.14331055
3046,-0.12051392
3047,-0.09777832
3048,-0.069091804
3049,-0.038574215
3050,-0.014434822
3051,0.01705933
3052,0.045684814
3053,0.06436157
3054,0.09182737
3055,0.113281235
3056,0.12976074
3057,0.14663696
3058,0.14749146
3059,0.14923096
3060,0.147583
3061,0.1399536
3062,0.14154053
3063,0.14154051
3064,0.13952637
3065,0.13461305
3066,0.13397217
3067,0.12783815
3068,0.114746116
3069,0.09735107
3070,0.07992555
3071,0.057861313
3072,0.03494262
3073,0.007232651
3074,-0.019927975
3075,-0.043365486
3076,-0.07449339
3077,-0.09466552
3078,-0.11090088
3079,-0.13446042
3080,-0.14083862
3081,-0.15142822
3082,-0.1599121
3083,-0.16195676
3084,-0.1678467
3085,-0.16940308
3086,-0.17370607
3087,-0.17358398
3088,-0.17144778
3089,-0.16528322
3090,-0.1522217
3091,-0.13433836
3092,-0.114410415
3093,-0.09411619
3094,-0.073638916
3095,-0.05114746
3096,-0.028961193
3097,-0.015441887
3098,0.00588987
3099,0.01770018
3100,0.024414062
3101,0.041229244
3102,0.035827637
3103,0.0428772
3104,0.04235841
3105,0.04180907
3106,0.044952393
3107,0.048675522
3108,0.057647705
3109,0.059326172
3110,0.05923462
3111,0.051300056
3112,0.044525146
3113,0.02999878
3114,0.016265873
3115,0.008575447
3116,0.0048217773
3117,-0.005188003
3118,-0.0093689
3119,-0.0115051195
3120,-0.02319333
3121,-0.021942131
3122,-0.020141602
3123,-0.023498505
3124,-0.015350357
3125,-0.02420044
3126,-0.02273558
3127,-0.026458725
3128,-0.03872682
3129,-0.046966545
3130,-0.05801393
3131,-0.07049561
3132,-0.07571414
3133,-0.08264164
3134,-0.08670047
3135,-0.079925515
3136,-0.07162478
3137,-0.06158445
3138,-0.04840087
3139,-0.03451538
3140,-0.025665298
3141,-0.015960678
3142,-0.0093689
3143,-0.011291517
3144,-0.015625022
3145,-0.020324709
3146,-0.030487053
3147,-0.034057606
3148,-0.044677723
3149,-0.04879762
3150,-0.043884262
3151,-0.047790535
3152,-0.03610228
3153,-0.025604248
3154,-0.0097350925
3155,0.0033264235
3156,0.017974868
3157,0.025421131
3158,0.028076194
3159,0.032257065
3160,0.031097434
3161,0.027954102
3162,0.024658218
3163,0.0293274
3164,0.022888206
3165,0.02923584
3166,0.03668215
3167,0.04171753
3168,0.05288698
3169,0.053283695
3170,0.0618286
3171,0.065002434
3172,0.060180664
3173,0.053588886
3174,0.04528809
3175,0.036132798
3176,0.025573727
3177,0.022094706
3178,0.01248168
3179,0.01538088
3180,0.022399884
3181,0.022216804
3182,0.024871819
3183,0.034881584
3184,0.03915403
3185,0.03848268
3186,0.03427122
3187,0.0187378
3188,0.0031432956
3189,-0.012512237
3190,-0.029327393
3191,-0.0328369
3192,-0.042572014
3193,-0.04492189
3194,-0.04339596
3195,-0.04281617
3196,-0.037780747
3197,-0.029907215
3198,-0.024230953
3199,-0.014587399
3200,-0.00057981163
3201,0.003753651
3202,0.008026138
3203,0.0084228385
3204,0.004364021
3205,-0.0053100456
3206,-0.007842997
3207,-0.005371088
3208,0.0037231538
3209,0.018585186
3210,0.037933376
3211,0.06253051
3212,0.08099367
3213,0.09332277
3214,0.10446166
3215,0.10772705
3216,0.1059265
3217,0.10198976
3218,0.087707534
3219,0.075073235
3220,0.06607056
3221,0.058471672
3222,0.048034668
3223,0.043975834
3224,0.042114258
3225,0.04351805
3226,0.04721067
3227,0.053039536
3228,0.057495102
3229,0.05322265
3230,0.04840087
3231,0.03445439
3232,0.018981904
3233,-0.0029602125
3234,-0.011901878
3235,-0.019805916
3236,-0.030456554
3237,-0.030303948
3238,-0.024291977
3239,-0.023010254
3240,-0.025207506
3241,-0.025390616
3242,-0.02847289
3243,-0.033813473
3244,-0.04354857
3245,-0.049682632
3246,-0.06433104
3247,-0.08331299
3248,-0.10293579
3249,-0.12512206
3250,-0.13845822
3251,-0.14535524
3252,-0.14074707
3253,-0.13061525
3254,-0.115508996
3255,-0.09539795
3256,-0.0752258
3257,-0.05761719
3258,-0.040191635
3259,-0.027557358
3260,-0.017150909
3261,-0.010620123
3262,-0.0067138784
3263,-0.0020141657
3264,0.0016174316
3265,0.0025024451
3266,0.0019226074
3267,-0.0032348745
3268,-0.007141106
3269,-0.010101333
3270,-0.013153072
3271,-0.0067138784
3272,-0.0039062724
3273,-1.4901161e-08
3274,0.0033874363
3275,0.0060425065
3276,0.0038756952
3277,0.00045774877
3278,0.0056152195
3279,0.014495846
3280,0.027191162
3281,0.0397339
3282,0.05172732
3283,0.0689392
3284,0.07803345
3285,0.0815735
3286,0.07452391
3287,0.066284195
3288,0.05419921
3289,0.046569824
3290,0.04104615
3291,0.036193863
3292,0.033996567
3293,0.030364975
3294,0.03207399
3295,0.03805542
3296,0.04824829
3297,0.060424775
3298,0.07336427
3299,0.08895876
3300,0.09402469
3301,0.09536743
3302,0.09091188
3303,0.08053589
3304,0.07034299
3305,0.061859123
3306,0.05667114
3307,0.05004882
3308,0.045654293
3309,0.03439331
3310,0.028411867
3311,0.011169426
3312,-0.006439192
3313,-0.018646237
3314,-0.031372063
3315,-0.04364013
3316,-0.059173595
3317,-0.06838991
3318,-0.07888793
3319,-0.087188706
3320,-0.09545902
3321,-0.10195924
3322,-0.10156252
3323,-0.099792495
3324,-0.09033204
3325,-0.078765884
3326,-0.064270005
3327,-0.050140362
3328,-0.03640748
3329,-0.02722168
3330,-0.02725219
3331,-0.028259277
3332,-0.034179702
3333,-0.03845215
3334,-0.043640144
3335,-0.042022698
3336,-0.039917
3337,-0.039001487
3338,-0.037445065
3339,-0.039123528
3340,-0.040374745
3341,-0.04388431
3342,-0.03939818
3343,-0.039367653
3344,-0.042999238
3345,-0.049743656
3346,-0.05572509
3347,-0.054992694
3348,-0.05746462
3349,-0.05215455
3350,-0.03930664
3351,-0.026397714
3352,-0.01098633
3353,0.0066833487
3354,0.024658198
3355,0.036773674
3356,0.04907226
3357,0.049407963
3358,0.05062866
3359,0.045776367
3360,0.037292495
3361,0.026947029
3362,0.017120367
3363,0.00820923
3364,-0.004791282
3365,-0.01208498
3366,-0.018157993
3367,-0.020416249
3368,-0.020507801
3369,-0.0195923
3370,-0.020538308
3371,-0.018341042
3372,-0.013092037
3373,-0.0048217624
3374,0.007324215
3375,0.020507812
3376,0.037536614
3377,0.054351807
3378,0.07479857
3379,0.1026001
3380,0.12115481
3381,0.1427307
3382,0.1578064
3383,0.167511
3384,0.17276001
3385,0.17398071
3386,0.17459106
3387,0.16839601
3388,0.15393068
3389,0.13156131
3390,0.10556029
3391,0.078613274
3392,0.056243878
3393,0.033416737
3394,0.016448967
3395,0.0025329506
3396,-0.013763425
3397,-0.019256596
3398,-0.026672363
3399,-0.026641838
3400,-0.026947025
3401,-0.037475597
3402,-0.039886482
3403,-0.051361077
3404,-0.057098377
3405,-0.07128906
3406,-0.08163449
3407,-0.09240722
3408,-0.10214236
3409,-0.11236572
3410,-0.114624046
3411,-0.11123657
3412,-0.10742186
3413,-0.10247803
3414,-0.10113525
3415,-0.094116196
3416,-0.09420776
3417,-0.09146118
3418,-0.0833435
3419,-0.087463394
3420,-0.08227538
3421,-0.07891845
3422,-0.07269288
3423,-0.059051506
3424,-0.049804673
3425,-0.036010746
3426,-0.021575939
3427,-0.011535637
3428,-0.002899181
3429,0.009063732
3430,0.018402118
3431,0.024902329
3432,0.02911378
3433,0.031127915
3434,0.031524625
3435,0.03030396
3436,0.033142082
3437,0.02593993
3438,0.018127438
3439,0.011627193
3440,0.00073242
3441,0.0003356971
3442,-0.011138918
3443,-0.016326902
3444,-0.020355225
3445,-0.03378297
3446,-0.036224373
3447,-0.04849244
3448,-0.060546875
3449,-0.070617676
3450,-0.08157349
3451,-0.09301759
3452,-0.09899902
3453,-0.113739006
3454,-0.116699226
3455,-0.11697388
3456,-0.12414549
3457,-0.123413086
3458,-0.12863159
3459,-0.12643433
3460,-0.13171385
3461,-0.1274414
3462,-0.11773677
3463,-0.11514289
3464,-0.09982301
3465,-0.086914085
3466,-0.07293702
3467,-0.047668405
3468,-0.023773223
3469,0.0053710863
3470,0.038146976
3471,0.07373046
3472,0.12710568
3473,0.18804933
3474,0.24603271
3475,0.31195068
3476,0.37249753
3477,0.4307556
3478,0.4789734
3479,0.5274658
3480,0.58517456
3481,0.61798096
3482,0.6506958
3483,0.6620178
3484,0.65792835
3485,0.64389044
3486,0.6069642
3487,0.57409674
3488,0.53176886
3489,0.48287955
3490,0.43151867
3491,0.36462405
3492,0.2826233
3493,0.18975829
3494,0.05303955
3495,-0.10638429
3496,-0.2714539
3497,-0.4580994
3498,-0.6469116
3499,-0.8290099
3500,-0.9889527
3501,-1.1642151
3502,-1.3202515
3503,-1.4365845
3504,-1.5254211
3505,-1.5561827
3506,-1.5430602
3507,-1.4952393
3508,-1.4024965
3509,-1.2908021
3510,-1.1651917
3511,-1.0272521
3512,-0.8855898
3513,-0.7222595
3514,-0.533844
3515,-0.30825806
3516,-0.019683838
3517,0.29473877
3518,0.6204834
3519,0.9524536
3520,1.2698364
3521,1.5723264
3522,1.8421633
3523,2.0985718
3524,2.309204
3525,2.4470215
3526,2.5361328
3527,2.532135
3528,2.4656982
3529,2.333252
3530,2.1349795
3531,1.8878481
3532,1.6118166
3533,1.3189696
3534,1.0225222
3535,0.7283325
3536,0.42718497
3537,0.10696411
3538,-0.28970337
3539,-0.69335943
3540,-1.0900574
3541,-1.481781
3542,-1.8555602
3543,-2.214325
3544,-2.5229495
3545,-2.8135684
3546,-3.0498657
3547,-3.2147522
3548,-3.2957153
3549,-3.2703247
3550,-3.144989
3551,-2.9199524
3552,-2.603485
3553,-2.2178957
3554,-1.7819827
3555,-1.3198547
3556,-0.8614809
3557,-0.3949585
3558,0.046905518
3559,0.46673578
3560,0.8930969
3561,1.280945
3562,1.6400452
3563,1.976288
3564,2.275879
3565,2.555664
3566,2.796173
3567,3.0265198
3568,3.2182922
3569,3.3544922
3570,3.4380186
3571,3.437439
3572,3.3542175
3573,3.1799316
3574,2.9212954
3575,2.5899048
3576,2.2155151
3577,1.8211973
3578,1.4237673
3579,1.0237427
3580,0.63067615
3581,0.21109003
3582,-0.27047735
3583,-0.7501527
3584,-1.2293701
3585,-1.6885072
3586,-2.131256
3587,-2.5570984
3588,-2.925202
3589,-3.2762756
3590,-3.578247
3591,-3.7999573
3592,-3.947601
3593,-3.9848328
3594,-3.9155273
3595,-3.740784
3596,-3.4629211
3597,-3.109375
3598,-2.692688
3599,-2.2454224
3600,-1.7805482
3601,-1.310669
3602,-0.8481749
3603,-0.391571
3604,0.07669073
3605,0.5256653
3606,0.95755005
3607,1.3727114
3608,1.7643433
3609,2.1355286
3610,2.4631655
3611,2.7817993
3612,3.0404968
3613,3.2446594
3614,3.3725278
3615,3.4136658
3616,3.3598938
3617,3.216156
3618,2.9890442
3619,2.6784668
3620,2.3180847
3621,1.9352722
3622,1.5588685
3623,1.1755676
3624,0.80331403
3625,0.41922
3626,0.019714236
3627,-0.35885632
3628,-0.7250978
3629,-1.0643007
3630,-1.3721924
3631,-1.6726686
3632,-1.9467776
3633,-2.1753845
3634,-2.3692017
3635,-2.5043945
3636,-2.588867
3637,-2.6176453
3638,-2.5766602
3639,-2.4653933
3640,-2.2798767
3641,-2.0305176
3642,-1.7308655
3643,-1.4081115
3644,-1.0767212
3645,-0.76260376
3646,-0.48382545
3647,-0.22467035
3648,0.024993956
3649,0.23867795
3650,0.43780518
3651,0.6157533
3652,0.784088
3653,0.94619775
3654,1.0909423
3655,1.2121887
3656,1.3328248
3657,1.4356387
3658,1.5132139
3659,1.5609742
3660,1.5566101
3661,1.5177307
3662,1.4092102
3663,1.2772522
3664,1.0979613
3665,0.9104005
3666,0.70269775
3667,0.500885
3668,0.32052612
3669,0.16366583
3670,0.07507312
3671,-0.0039673448
3672,-0.060394466
3673,-0.112457514
3674,-0.16156006
3675,-0.20346078
3676,-0.25628674
3677,-0.3133543
3678,-0.39266965
3679,-0.45895374
3680,-0.56167585
3681,-0.66104144
3682,-0.7588502
3683,-0.85876465
3684,-0.93475354
3685,-1.0117493
3686,-1.0655515
3687,-1.1303099
3688,-1.1755066
3689,-1.209259
3690,-1.2158506
3691,-1.1566771
3692,-1.048523
3693,-0.88601696
3694,-0.6936645
3695,-0.48345947
3696,-0.26174924
3697,-0.037384003
3698,0.19467175
3699,0.37582392
3700,0.553131
3701,0.6748961
3702,0.78222656
3703,0.84799194
3704,0.8866272
3705,0.91503906
3706,0.8874512
3707,0.86831665
3708,0.79833984
3709,0.72790533
3710,0.6385498
3711,0.5585327
3712,0.48934925
3713,0.41738898
3714,0.3809508
3715,0.33135992
3716,0.2940063
3717,0.2549133
3718,0.21234141
3719,0.17654411
3720,0.12420652
3721,0.108245865
3722,0.07217398
3723,0.065551706
3724,0.038635217
3725,0.030792225
3726,0.029113814
3727,0.017517153
3728,0.043212976
3729,0.051483072
3730,0.08685305
3731,0.09677119
3732,0.11962885
3733,0.11953737
3734,0.106933594
3735,0.10891713
3736,0.076934814
3737,0.058502205
3738,0.025909454
3739,-0.005523689
3740,-0.034728996
3741,-0.06912227
3742,-0.07348629
3743,-0.10717784
3744,-0.101867676
3745,-0.12243655
3746,-0.10177617
3747,-0.091491714
3748,-0.07470696
3749,-0.035552874
3750,-0.022125188
3751,0.01950069
3752,0.038116425
3753,0.07766721
3754,0.09271237
3755,0.115112305
3756,0.14065553
3757,0.13555901
3758,0.1418152
3759,0.118438765
3760,0.08346561
3761,0.035522424
3762,-0.0126953125
3763,-0.05181882
3764,-0.116607666
3765,-0.13476567
3766,-0.174469
3767,-0.18222043
3768,-0.20111087
3769,-0.19763187
3770,-0.19152834
3771,-0.19720459
3772,-0.16921988
3773,-0.17160034
3774,-0.1416931
3775,-0.13513184
3776,-0.117492706
3777,-0.11898805
3778,-0.123352006
3779,-0.117492706
3780,-0.13320923
3781,-0.11569216
3782,-0.12194823
3783,-0.109863274
3784,-0.09860232
3785,-0.08956908
3786,-0.064880356
3787,-0.070434615
3788,-0.049011234
3789,-0.062347412
3790,-0.038177498
3791,-0.042022713
3792,-0.031951908
3793,-0.028106662
3794,-0.035369888
3795,-0.025939958
3796,-0.033630375
3797,-0.022460934
3798,-0.02639769
3799,-0.007049568
3800,0.008392349
3801,0.020782478
3802,0.045349125
3803,0.05911256
3804,0.063751236
3805,0.06259155
3806,0.052917488
3807,0.046142578
3808,0.022583002
3809,0.025787339
3810,0.0058288574
3811,0.0071716383
3812,-0.003692612
3813,-0.0019226
3814,-0.0007934645
3815,-0.008087188
3816,-0.00015255809
3817,-0.015106179
3818,-0.014099106
3819,-0.021881104
3820,-0.018310554
3821,-0.018463142
3822,-0.017211914
3823,-0.003631577
3824,-0.009643555
3825,0.0038757175
3826,0.01260376
3827,0.03274536
3828,0.048217773
3829,0.055847146
3830,0.071899414
3831,0.06420899
3832,0.077636704
3833,0.06793214
3834,0.07205202
3835,0.062499985
3836,0.05731201
3837,0.061553974
3838,0.0571594
3839,0.07220457
3840,0.074829064
3841,0.09036258
3842,0.08975223
3843,0.10202026
3844,0.107727066
3845,0.10067748
3846,0.10568239
3847,0.086700425
3848,0.07791141
3849,0.054504395
3850,0.03945923
3851,0.02929689
3852,0.013854984
3853,0.013214104
3854,-0.005279541
3855,-0.0010376051
3856,-0.018157944
3857,-0.015350327
3858,-0.022796646
3859,-0.02645877
3860,-0.025421113
3861,-0.038726762
3862,-0.035614014
3863,-0.048217766
3864,-0.046539325
3865,-0.057464615
3866,-0.07141112
3867,-0.08380124
3868,-0.10629271
3869,-0.105529785
3870,-0.102874726
3871,-0.08087155
3872,-0.057800315
3873,-0.034881607
3874,-0.0056152195
3875,0.0043335035
3876,0.034393303
3877,0.035186768
3878,0.048645005
3879,0.04431151
3880,0.03976441
3881,0.03411866
3882,0.016540505
3883,0.020751938
3884,-0.002960205
3885,-0.010803223
3886,-0.03695675
3887,-0.05151365
3888,-0.07116698
3889,-0.09332277
3890,-0.089752205
3891,-0.10903929
3892,-0.09765623
3893,-0.10345459
3894,-0.09640502
3895,-0.09054564
3896,-0.07794189
3897,-0.049102783
3898,-0.045288086
3899,-0.015319828
3900,-0.01727295
3901,-0.0009460449
3902,-0.00091552734
3903,-0.0036010891
3904,0.0034485012
3905,-0.008972139
3906,0.001647966
3907,-0.0040283203
3908,0.012817353
3909,0.013732914
3910,0.025299072
3911,0.04434206
3912,0.036315933
3913,0.049041755
3914,0.04537964
3915,0.05935669
3916,0.057312004
3917,0.060607906
3918,0.06356812
3919,0.05657959
3920,0.06756591
3921,0.059234608
3922,0.07455444
3923,0.070190415
3924,0.07449341
3925,0.082214355
3926,0.07962033
3927,0.09127806
3928,0.07992555
3929,0.08898925
3930,0.07681276
3931,0.072937034
3932,0.067993164
3933,0.05194089
3934,0.045074478
3935,0.019622818
3936,0.005554214
3937,-0.025390625
3938,-0.04336548
3939,-0.060668938
3940,-0.079620354
3941,-0.085296616
3942,-0.10455324
3943,-0.10037233
3944,-0.11291504
3945,-0.105773926
3946,-0.09896852
3947,-0.096405044
3948,-0.08529662
3949,-0.08782958
3950,-0.06820679
3951,-0.06704713
3952,-0.04742435
3953,-0.0405884
3954,-0.037353516
3955,-0.02697752
3956,-0.030059796
3957,-0.021484371
3958,-0.025848385
3959,-0.011810292
3960,-0.010131858
3961,-0.0074157715
3962,-0.0058288574
3963,-0.01428223
3964,-0.0113220215
3965,-0.023590099
3966,-0.011413589
3967,-0.017547596
3968,-0.016082752
3969,-0.018188462
3970,-0.03231813
3971,-0.03945923
3972,-0.06509398
3973,-0.07095339
3974,-0.088165276
3975,-0.09286497
3976,-0.10046387
3977,-0.1049805
3978,-0.10009765
3979,-0.10415648
3980,-0.09237671
3981,-0.09686279
3982,-0.086914055
3983,-0.084259026
3984,-0.07443237
3985,-0.062316883
3986,-0.06054687
3987,-0.048736583
3988,-0.056579567
3989,-0.04971314
3990,-0.05026246
3991,-0.043518063
3992,-0.036865223
3993,-0.030395508
3994,-0.014587395
3995,-0.011108391
3996,0.0064697117
3997,0.014465317
3998,0.027343743
3999,0.03668216
4000,0.047546394
4001,0.061462387
4002,0.06881713
4003,0.084747314
4004,0.09335327
4005,0.10418701
4006,0.1080017
4007,0.11190796
4008,0.117156975
4009,0.11581422
4010,0.122406006
4011,0.11932373
4012,0.12045287
4013,0.119812034
4014,0.1177063
4015,0.114288315
4016,0.106353745
4017,0.10839844
4018,0.09948729
4019,0.09866336
4020,0.09973146
4021,0.10174559
4022,0.10491944
4023,0.10440063
4024,0.109893784
4025,0.10424803
4026,0.10043335
4027,0.09609985
4028,0.087341286
4029,0.080902115
4030,0.07357788
4031,0.07571411
4032,0.06604005
4033,0.06274413
4034,0.05343628
4035,0.044647202
4036,0.03857423
4037,0.033844
4038,0.03204347
4039,0.01373291
4040,0.009338375
4041,0.006561257
4042,0.0026855431
4043,0.0018920973
4044,0.0014648438
4045,0.009704586
4046,0.010650646
4047,0.020538338
4048,0.028778076
4049,0.033386216
4050,0.034820568
4051,0.03488157
4052,0.037139907
4053,0.026855491
4054,0.024505608
4055,0.01928711
4056,0.01452636
4057,0.009582527
4058,0.015319817
4059,0.025817871
4060,0.04547122
4061,0.11776739
4062,0.17831418
4063,0.22796634
4064,0.25994876
4065,0.23626706
4066,0.21331793
4067,0.16595459
4068,0.017059311
4069,-0.23507696
4070,-0.44595337
4071,-0.61175543
4072,-0.7028504
4073,-0.72073364
4074,-0.6932373
4075,-0.63674927
4076,-0.5838318
4077,-0.5331726
4078,-0.4857177
4079,-0.4329835
4080,-0.39437866
4081,-0.35485846
4082,-0.33432013
4083,-0.39425665
4084,-0.45788565
4085,-0.5074769
4086,-0.5209656
4087,-0.4300232
4088,-0.3404848
4089,-0.22583002
4090,0.088897675
4091,0.5979005
4092,1.0018005
4093,1.3192445
4094,1.4804689
4095,1.486969
4096,1.4012146
4097,1.261383
4098,1.1401062
4099,1.0169677
4100,0.90121454
4101,0.76968396
4102,0.6418151
4103,0.5085755
4104,0.39346313
4105,0.33663946
4106,0.25674435
4107,0.17453006
4108,0.08459473
4109,-0.05340582
4110,-0.17391962
4111,-0.29952997
4112,-0.509796
4113,-0.80365
4114,-1.0317384
4115,-1.195282
4116,-1.2688599
4117,-1.2571105
4118,-1.197998
4119,-1.10672
4120,-1.0332031
4121,-0.9704894
4122,-0.9141846
4123,-0.8508912
4124,-0.78564453
4125,-0.70947266
4126,-0.630188
4127,-0.6250917
4128,-0.62701404
4129,-0.61721814
4130,-0.5878601
4131,-0.45306396
4132,-0.3115846
4133,-0.1448974
4134,0.22714229
4135,0.7807008
4136,1.2157898
4137,1.5382081
4138,1.6968995
4139,1.6986694
4140,1.6043396
4141,1.459259
4142,1.3359375
4143,1.2315061
4144,1.1402282
4145,1.0349427
4146,0.9234925
4147,0.78060913
4148,0.6263733
4149,0.49224868
4150,0.33416736
4151,0.17138672
4152,0.0223694
4153,-0.1569825
4154,-0.31750482
4155,-0.47824088
4156,-0.73086536
4157,-1.0421449
4158,-1.2718507
4159,-1.4179993
4160,-1.4628296
4161,-1.4176941
4162,-1.3214111
4163,-1.2020569
4164,-1.0899963
4165,-0.9841918
4166,-0.8798218
4167,-0.7616577
4168,-0.65023804
4169,-0.52456665
4170,-0.41101074
4171,-0.3707582
4172,-0.34597772
4173,-0.31857306
4174,-0.27691656
4175,-0.14062494
4176,0.0005797446
4177,0.1572876
4178,0.52267456
4179,1.0604249
4180,1.4756165
4181,1.7770692
4182,1.9054872
4183,1.873169
4184,1.7392883
4185,1.5512085
4186,1.3811646
4187,1.2291563
4188,1.0963439
4189,0.95199597
4190,0.80459595
4191,0.6336365
4192,0.43844607
4193,0.2552186
4194,0.07458481
4195,-0.094085604
4196,-0.24285884
4197,-0.40817273
4198,-0.56362903
4199,-0.69958496
4200,-0.9206543
4201,-1.2016604
4202,-1.3867495
4203,-1.4954224
4204,-1.4988403
4205,-1.4144591
4206,-1.2765503
4207,-1.1170044
4208,-0.9728089
4209,-0.8345336
4210,-0.7006836
4211,-0.5545349
4212,-0.39700317
4213,-0.22390743
4214,-0.052856363
4215,0.1478576
4216,0.36669916
4217,0.5638428
4218,0.7174682
4219,0.79769903
4220,0.8577577
4221,0.8886718
4222,0.8015747
4223,0.58950806
4224,0.40255743
4225,0.22158805
4226,0.09497063
4227,0.031982407
4228,0.0135497935
4229,0.016967775
4230,0.027252205
4231,0.048339773
4232,0.08599854
4233,0.12228388
4234,0.16046144
4235,0.18582141
4236,0.18313599
4237,0.19229135
4238,0.2180479
4239,0.24084482
4240,0.2702332
4241,0.25656122
4242,0.22644053
4243,0.17187493
4244,0.000854373
4245,-0.26107794
4246,-0.46173096
4247,-0.6043093
4248,-0.6619264
4249,-0.6410218
4250,-0.57159424
4251,-0.46899414
4252,-0.37228388
4253,-0.27862546
4254,-0.19448842
4255,-0.10504158
4256,-0.023223925
4257,0.06118773
4258,0.15383908
4259,0.25213617
4260,0.35958868
4261,0.4578247
4262,0.532257
4263,0.5769959
4264,0.59872437
4265,0.6019592
4266,0.5925598
4267,0.56054693
4268,0.5155335
4269,0.46212766
4270,0.39996338
4271,0.33218378
4272,0.26586914
4273,0.19943237
4274,0.12829593
4275,0.041687
4276,-0.05422967
4277,-0.15298462
4278,-0.24359141
4279,-0.31567383
4280,-0.35913083
4281,-0.3764038
4282,-0.38061523
4283,-0.37731928
4284,-0.37561026
4285,-0.37646493
4286,-0.3731079
4287,-0.35882574
4288,-0.34146127
4289,-0.32150275
4290,-0.30050662
4291,-0.27648932
4292,-0.24768066
4293,-0.21246341
4294,-0.18121338
4295,-0.14794922
4296,-0.13027953
4297,-0.12063596
4298,-0.12927245
4299,-0.13555908
4300,-0.13775636
4301,-0.13565062
4302,-0.109313965
4303,-0.07199095
4304,-0.028625429
4305,0.0123900715
4306,0.037902825
4307,0.0535584
4308,0.06439208
4309,0.077606246
4310,0.08425908
4311,0.08438116
4312,0.07437135
4313,0.05905155
4314,0.04421997
4315,0.030761734
4316,0.025817875
4317,0.022003174
4318,0.020690925
4319,0.014007553
4320,0.0052490383
4321,-0.004516598
4322,-0.014953621
4323,-0.024536148
4324,-0.030975342
4325,-0.031646688
4326,-0.030853238
4327,-0.02960208
4328,-0.024688713
4329,-0.017517045
4330,-0.007476844
4331,0.0038757995
4332,0.011840835
4333,0.024749778
4334,0.033569343
4335,0.04098513
4336,0.04504393
4337,0.04913331
4338,0.051116936
4339,0.054504395
4340,0.056701668
4341,0.06280518
4342,0.065734856
4343,0.07461548
4344,0.082183845
4345,0.092163086
4346,0.10720825
4347,0.119720474
4348,0.13082886
4349,0.14242549
4350,0.14682004
4351,0.14804083
4352,0.14733887
4353,0.14123538
4354,0.13519295
4355,0.11999516
4356,0.1027832
4357,0.0809937
4358,0.058715828
4359,0.034484863
4360,0.013000488
4361,-0.008148186
4362,-0.027832024
4363,-0.04678344
4364,-0.06259155
4365,-0.07315064
4366,-0.080566406
4367,-0.088317886
4368,-0.099243164
4369,-0.10470581
4370,-0.10955808
4371,-0.10971068
4372,-0.106628425
4373,-0.09924318
4374,-0.08566284
4375,-0.06741333
4376,-0.045654304
4377,-0.02389529
4378,-0.0005187914
4379,0.019653317
4380,0.034576405
4381,0.044097904
4382,0.046936035
4383,0.048309326
4384,0.05087281
4385,0.056701653
4386,0.059570305
4387,0.056640632
4388,0.05563354
4389,0.052917473
4390,0.052459724
4391,0.05087281
4392,0.048980698
4393,0.04455565
4394,0.038024906
4395,0.030487068
4396,0.020690925
4397,0.009368882
4398,-0.0028076172
4399,-0.017120346
4400,-0.03192139
4401,-0.047912586
4402,-0.059906
4403,-0.06869508
4404,-0.07421874
4405,-0.079071045
4406,-0.077392586
4407,-0.07464599
4408,-0.068573
4409,-0.06219483
4410,-0.057525635
4411,-0.05737305
4412,-0.06011963
4413,-0.058624268
4414,-0.057464592
4415,-0.05746459
4416,-0.05169679
4417,-0.040710457
4418,-0.025543218
4419,-0.007751462
4420,0.010406484
4421,0.028747546
4422,0.047180183
4423,0.06579589
4424,0.0807495
4425,0.087982185
4426,0.09088135
4427,0.091674805
4428,0.09020997
4429,0.083923325
4430,0.07312011
4431,0.058135994
4432,0.04006958
4433,0.024169926
4434,0.014160156
4435,0.0033569261
4436,-0.0027770922
4437,-0.007263191
4438,-0.011901837
4439,-0.02160646
4440,-0.036132812
4441,-0.051818855
4442,-0.06478882
4443,-0.07769774
4444,-0.08465577
4445,-0.08581543
4446,-0.08392333
4447,-0.075683616
4448,-0.06604005
4449,-0.057830814
4450,-0.052520774
4451,-0.045776345
4452,-0.035156257
4453,-0.027709965
4454,-0.016082754
4455,-0.0033569299
4456,0.004272457
4457,0.009674067
4458,0.01708985
4459,0.025512699
4460,0.035369873
4461,0.05014039
4462,0.06869506
4463,0.08624266
4464,0.10025024
4465,0.111267075
4466,0.120117195
4467,0.12625122
4468,0.13040161
4469,0.13479616
4470,0.1368103
4471,0.13607788
4472,0.13125612
4473,0.1227417
4474,0.10733031
4475,0.08856203
4476,0.06631469
4477,0.043273915
4478,0.018585194
4479,-0.002197273
4480,-0.020904535
4481,-0.03674317
4482,-0.04959105
4483,-0.06542969
4484,-0.08706665
4485,-0.10699464
4486,-0.12509157
4487,-0.13793945
4488,-0.14682007
4489,-0.14968872
4490,-0.14776611
4491,-0.14550783
4492,-0.14251709
4493,-0.13943481
4494,-0.1360779
4495,-0.12719727
4496,-0.111022934
4497,-0.09725953
4498,-0.08343506
4499,-0.06829834
4500,-0.05245972
4501,-0.03900147
4502,-0.029449463
4503,-0.018676762
4504,-0.009277344
4505,0.008331297
4506,0.030181885
4507,0.05487061
4508,0.073913574
4509,0.08831787
4510,0.10125731
4511,0.10543824
4512,0.10583496
4513,0.10382081
4514,0.10345461
4515,0.09863282
4516,0.09063724
4517,0.07922364
4518,0.062255844
4519,0.05111695
4520,0.038635254
4521,0.033416748
4522,0.02703857
4523,0.027923588
4524,0.031433113
4525,0.034149192
4526,0.030364979
4527,0.022705082
4528,0.011962896
4529,-0.002777096
4530,-0.013702391
4531,-0.019470211
4532,-0.02578735
4533,-0.03176879
4534,-0.036956787
4535,-0.04400635
4536,-0.055175785
4537,-0.061004646
4538,-0.064514175
4539,-0.060211193
4540,-0.05377196
4541,-0.043640144
4542,-0.029296868
4543,-0.015777582
4544,-0.0012512244
4545,0.0043029785
4546,0.0074462853
4547,0.0065307543
4548,0.0063476562
4549,0.009368904
4550,0.014404312
4551,0.023345962
4552,0.033172615
4553,0.03976439
4554,0.04617308
4555,0.046600357
4556,0.045959488
4557,0.048614517
4558,0.05429077
4559,0.05725099
4560,0.062225364
4561,0.066406265
4562,0.06634517
4563,0.066558845
4564,0.0626831
4565,0.06018065
4566,0.053100597
4567,0.05163575
4568,0.04974365
4569,0.043609623
4570,0.034790024
4571,0.023986831
4572,0.0105590755
4573,-0.010406501
4574,-0.028747562
4575,-0.03845215
4576,-0.05130004
4577,-0.058685303
4578,-0.05996705
4579,-0.058898933
4580,-0.06414795
4581,-0.05972291
4582,-0.05313112
4583,-0.047302254
4584,-0.041198716
4585,-0.03131104
4586,-0.025085445
4587,-0.026428219
4588,-0.0222168
4589,-0.02178955
4590,-0.023437506
4591,-0.027771005
4592,-0.024291985
4593,-0.018218998
4594,-0.013061509
4595,-0.0050048754
4596,0.0031128228
4597,0.00296022
4598,-0.003906265
4599,-0.0070800595
4600,-0.013519265
4601,-0.024902336
4602,-0.031066908
4603,-0.033355705
4604,-0.03314207
4605,-0.035003647
4606,-0.035003677
4607,-0.035125732
4608,-0.03384401
4609,-0.026092537
4610,-0.018005352
4611,-0.007446289
4612,0.006988529
4613,0.020721443
4614,0.023590075
4615,0.021423351
4616,0.020172115
4617,0.012908934
4618,0.005249018
4619,-0.0006408747
4620,-0.006774895
4621,-0.01113892
4622,-0.012603775
4623,-0.010864269
4624,-0.009460449
4625,-0.013610851
4626,-0.016113304
4627,-0.010314956
4628,-0.0037841648
4629,0.0021362305
4630,0.004547134
4631,-0.0042419434
4632,-0.014495857
4633,-0.027709961
4634,-0.040954594
4635,-0.053710945
4636,-0.055206288
4637,-0.05529786
4638,-0.05880736
4639,-0.06185913
4640,-0.0649414
4641,-0.06854249
4642,-0.07510377
4643,-0.07928466
4644,-0.08447263
4645,-0.09445188
4646,-0.101318374
4647,-0.10754393
4648,-0.11428832
4649,-0.12341307
4650,-0.12625124
4651,-0.12567139
4652,-0.11828614
4653,-0.10455323
4654,-0.08728027
4655,-0.064666755
4656,-0.03839112
4657,-0.011474609
4658,0.008850098
4659,0.023681644
4660,0.037353504
4661,0.04904175
4662,0.055328373
4663,0.05996705
4664,0.07131958
4665,0.082733154
4666,0.09194945
4667,0.100433335
4668,0.1109314
4669,0.11135864
4670,0.115234375
4671,0.12283324
4672,0.13375857
4673,0.14025879
4674,0.1426697
4675,0.13397217
4676,0.1175537
4677,0.09674072
4678,0.07141115
4679,0.054656975
4680,0.04650879
4681,0.042572007
4682,0.04113769
4683,0.043365464
4684,0.047668457
4685,0.05010987
4686,0.045867927
4687,0.047576904
4688,0.047821045
4689,0.047851577
4690,0.04522705
4691,0.0425415
4692,0.032806396
4693,0.02453613
4694,0.010284416
4695,-0.0045166053
4696,-0.012756359
4697,-0.012695305
4698,-0.004119873
4699,0.005737312
4700,0.017791737
4701,0.032287605
4702,0.037292477
4703,0.039428726
4704,0.040496822
4705,0.042816184
4706,0.044342063
4707,0.04849244
4708,0.06188964
4709,0.0671692
4710,0.06719971
4711,0.06460568
4712,0.061828613
4713,0.04925537
4714,0.042236343
4715,0.042755127
4716,0.050292984
4717,0.054718032
4718,0.056854263
4719,0.05108644
4720,0.034149155
4721,0.011077881
4722,-0.01940918
4723,-0.045135513
4724,-0.06411743
4725,-0.07571411
4726,-0.08370972
4727,-0.08752443
4728,-0.083282486
4729,-0.07485963
4730,-0.06726074
4731,-0.058471672
4732,-0.047790535
4733,-0.028442375
4734,-0.015533447
4735,0.0023498572
4736,0.009460453
4737,0.011138912
4738,0.004669182
4739,-0.0031738319
4740,-0.012359619
4741,-0.020172112
4742,-0.01776123
4743,-0.009368904
4744,0.0042419285
4745,0.01226807
4746,0.017303463
4747,0.021301277
4748,0.020568844
4749,0.018249538
4750,0.007812515
4751,0.0008545108
4752,-0.0069580227
4753,-0.018676743
4754,-0.030090315
4755,-0.046173107
4756,-0.05633545
4757,-0.063354485
4758,-0.058807343
4759,-0.063140854
4760,-0.05651854
4761,-0.04534912
4762,-0.029785156
4763,-0.012451161
4764,-0.0033874586
4765,0.0015258864
4766,0.0015869141
4767,0.0021057092
4768,-0.0007324256
4769,-0.0042114295
4770,-0.0039672814
4771,-0.0043945536
4772,0.0042724647
4773,0.009735107
4774,0.006042488
4775,0.010589596
4776,0.018798815
4777,0.034576412
4778,0.052642822
4779,0.07977295
4780,0.09646606
4781,0.10681152
4782,0.099029526
4783,0.08142088
4784,0.061950676
4785,0.04473877
4786,0.034942623
4787,0.024963371
4788,0.020446762
4789,0.011474607
4790,0.0025939927
4791,-0.009307859
4792,-0.02539061
4793,-0.039306622
4794,-0.05651856
4795,-0.07244873
4796,-0.08886718
4797,-0.108306885
4798,-0.1283569
4799,-0.15319824
4800,-0.17440796
4801,-0.19839478
4802,-0.21371458
4803,-0.22702025
4804,-0.22683716
4805,-0.22378539
4806,-0.21527098
4807,-0.20327759
4808,-0.19219974
4809,-0.17495728
4810,-0.1584778
4811,-0.14111328
4812,-0.12380981
4813,-0.10424806
4814,-0.08395386
4815,-0.06649783
4816,-0.044952374
4817,-0.024444576
4818,-0.0027160645
4819,0.01663208
4820,0.035614
4821,0.05850219
4822,0.07998657
4823,0.1038208
4824,0.11874388
4825,0.1300354
4826,0.13308716
4827,0.13311768
4828,0.13116458
4829,0.12499997
4830,0.1152649
4831,0.10342407
4832,0.09402465
4833,0.08187867
4834,0.07174683
4835,0.05679322
4836,0.044616688
4837,0.034973152
4838,0.01672361
4839,-0.0043334886
4840,-0.020050032
4841,-0.034637455
4842,-0.04867553
4843,-0.06524657
4844,-0.07919312
4845,-0.092681885
4846,-0.09768677
4847,-0.098358154
4848,-0.093109146
4849,-0.0866089
4850,-0.079895034
4851,-0.0713501
4852,-0.060638428
4853,-0.038604744
4854,-0.009002678
4855,0.025421143
4856,0.06481932
4857,0.115234375
4858,0.17071533
4859,0.22512814
4860,0.28439337
4861,0.35476685
4862,0.42623895
4863,0.488739
4864,0.5456543
4865,0.5936279
4866,0.6307068
4867,0.6531372
4868,0.66030884
4869,0.6531067
4870,0.638153
4871,0.6165161
4872,0.5838318
4873,0.5390319
4874,0.47824097
4875,0.38320923
4876,0.26193234
4877,0.124694824
4878,-0.029174808
4879,-0.20513912
4880,-0.38623053
4881,-0.55422974
4882,-0.7228699
4883,-0.90451044
4884,-1.0773923
4885,-1.2314758
4886,-1.354187
4887,-1.4512328
4888,-1.5159303
4889,-1.5315247
4890,-1.5020142
4891,-1.4382325
4892,-1.3509215
4893,-1.2443542
4894,-1.1261292
4895,-0.99142444
4896,-0.83264166
4897,-0.6345215
4898,-0.39715576
4899,-0.12731934
4900,0.16656493
4901,0.4661254
4902,0.76394665
4903,1.0453491
4904,1.3199157
4905,1.5949095
4906,1.8561094
4907,2.0733643
4908,2.2360537
4909,2.3519592
4910,2.3990479
4911,2.360138
4912,2.2497253
4913,2.080017
4914,1.8669739
4915,1.6230773
4916,1.354828
4917,1.0738829
4918,0.7900391
4919,0.47662354
4920,0.13931277
4921,-0.21612552
4922,-0.58847046
4923,-0.9605712
4924,-1.3229066
4925,-1.6655577
4926,-2.005127
4927,-2.347534
4928,-2.6573484
4929,-2.9070127
4930,-3.091919
4931,-3.2086792
4932,-3.23172
4933,-3.1410522
4934,-2.942413
4935,-2.643738
4936,-2.266052
4937,-1.8215944
4938,-1.3378905
4939,-0.83273304
4940,-0.33633423
4941,0.14309704
4942,0.5956421
4943,1.0111083
4944,1.3924867
4945,1.7304076
4946,2.0297546
4947,2.2895813
4948,2.5342405
4949,2.7710571
4950,2.9913938
4951,3.1729126
4952,3.3033447
4953,3.3908386
4954,3.4014893
4955,3.3153076
4956,3.141388
4957,2.8880005
4958,2.570343
4959,2.2008362
4960,1.7999269
4961,1.3887328
4962,0.97973645
4963,0.5491333
4964,0.10317993
4965,-0.34957898
4966,-0.8130799
4967,-1.2632749
4968,-1.7042544
4969,-2.1223145
4970,-2.5287168
4971,-2.9268494
4972,-3.2971497
4973,-3.6062012
4974,-3.8463745
4975,-4.0158386
4976,-4.0857544
4977,-4.038574
4978,-3.8747559
4979,-3.602295
4980,-3.2409663
4981,-2.8092651
4982,-2.325958
4983,-1.8147583
4984,-1.2991334
4985,-0.77926636
4986,-0.2721557
4987,0.21304315
4988,0.6714785
4989,1.0929258
4990,1.4855652
4991,1.8432007
4992,2.1865842
4993,2.5176086
4994,2.8311462
4995,3.0925598
4996,3.2962036
4997,3.4429016
4998,3.5046387
4999,3.4646606
5000,3.3232422
5001,3.0983276
5002,2.7953491
5003,2.4391172
5004,2.0531616
5005,1.658325
5006,1.2639773
5007,0.8666992
5008,0.4732362
5009,0.078186035
5010,-0.31442267
5011,-0.6705625
5012,-1.0047305
5013,-1.3218079
5014,-1.6243893
5015,-1.9013367
5016,-2.150238
5017,-2.3543086
5018,-2.5193486
5019,-2.6443787
5020,-2.7013245
5021,-2.6795654
5022,-2.579956
5023,-2.3966675
5024,-2.140045
5025,-1.8291016
5026,-1.4804993
5027,-1.1274415
5028,-0.7914735
5029,-0.47088623
5030,-0.17831415
5031,0.08111566
5032,0.31845102
5033,0.5367125
5034,0.74023426
5035,0.9296874
5036,1.11557
5037,1.2910461
5038,1.4476317
5039,1.5755005
5040,1.6848449
5041,1.763092
5042,1.8056337
5043,1.8034971
5044,1.7424011
5045,1.6182251
5046,1.4440305
5047,1.2342529
5048,0.9966124
5049,0.7507629
5050,0.50433356
5051,0.27505487
5052,0.07815552
5053,-0.07958985
5054,-0.19934094
5055,-0.29278553
5056,-0.36795056
5057,-0.43136603
5058,-0.48797584
5059,-0.5384218
5060,-0.6072692
5061,-0.678192
5062,-0.751648
5063,-0.8307494
5064,-0.9146118
5065,-0.99771106
5066,-1.0766603
5067,-1.155609
5068,-1.231964
5069,-1.3103637
5070,-1.381134
5071,-1.4452515
5072,-1.4811708
5073,-1.4594117
5074,-1.3761597
5075,-1.2312622
5076,-1.028778
5077,-0.7918397
5078,-0.53152454
5079,-0.26501465
5080,-0.0032654405
5081,0.24542232
5082,0.4733277
5083,0.669708
5084,0.836548
5085,0.9691162
5086,1.073822
5087,1.145172
5088,1.1826477
5089,1.1868896
5090,1.1596677
5091,1.1113586
5092,1.0391539
5093,0.9537963
5094,0.85592663
5095,0.7553406
5096,0.652649
5097,0.5497438
5098,0.4530028
5099,0.35906982
5100,0.27020267
5101,0.1926574
5102,0.12295537
5103,0.063446015
5104,0.010742143
5105,-0.034088105
5106,-0.07467645
5107,-0.10330205
5108,-0.13241582
5109,-0.15115355
5110,-0.1582336
5111,-0.15203857
5112,-0.13449097
5113,-0.11080931
5114,-0.08123785
5115,-0.05691521
5116,-0.041503906
5117,-0.02944944
5118,-0.023162916
5119,-0.020172164
5120,-0.015197791
5121,-0.010559041
5122,-0.012634262
5123,-0.013916016
5124,-0.016784742
5125,-0.016571002
5126,-0.011505097
5127,-0.0024719574
5128,0.008209273
5129,0.021484375
5130,0.045867898
5131,0.07369996
5132,0.10375977
5133,0.12893671
5134,0.15069577
5135,0.16833499
5136,0.18011469
5137,0.1880189
5138,0.18902586
5139,0.17922977
5140,0.15667716
5141,0.12380974
5142,0.0821228
5143,0.030731224
5144,-0.024749786
5145,-0.07693483
5146,-0.1261902
5147,-0.16656497
5148,-0.19860835
5149,-0.22689822
5150,-0.24822998
5151,-0.26336673
5152,-0.28137207
5153,-0.29782102
5154,-0.31042483
5155,-0.32089233
5156,-0.3261413
5157,-0.32907104
5158,-0.3240967
5159,-0.31311032
5160,-0.30264282
5161,-0.28536987
5162,-0.26107794
5163,-0.22848517
5164,-0.19024658
5165,-0.15444943
5166,-0.12219238
5167,-0.09530638
5168,-0.074157745
5169,-0.05865477
5170,-0.045135457
5171,-0.030517615
5172,-0.015960675
5173,-0.00042722002
5174,0.019836413
5175,0.046356194
5176,0.07705686
5177,0.10650633
5178,0.13305666
5179,0.15344241
5180,0.1706543
5181,0.184845
5182,0.20117185
5183,0.21295168
5184,0.2182922
5185,0.22058107
5186,0.21820068
5187,0.21896364
5188,0.22247314
5189,0.22695923
5190,0.230896
5191,0.23071289
5192,0.22460938
5193,0.21105957
5194,0.19607542
5195,0.18289183
5196,0.16400146
5197,0.13934326
5198,0.11401369
5199,0.08584595
5200,0.06365967
5201,0.04595945
5202,0.029571518
5203,0.0148315355
5204,-0.0028075948
5205,-0.022003189
5206,-0.046051003
5207,-0.061523445
5208,-0.07144165
5209,-0.077423096
5210,-0.081665024
5211,-0.0840454
5212,-0.09216309
5213,-0.106536865
5214,-0.11938478
5215,-0.12942505
5216,-0.13446045
5217,-0.13601683
5218,-0.13180542
5219,-0.1251831
5220,-0.116760254
5221,-0.10968019
5222,-0.10815431
5223,-0.1049194
5224,-0.09780882
5225,-0.090179436
5226,-0.0794678
5227,-0.074798554
5228,-0.063842796
5229,-0.053649895
5230,-0.036499023
5231,-0.012603741
5232,0.012634307
5233,0.031127952
5234,0.0423584
5235,0.047241226
5236,0.047790542
5237,0.052947998
5238,0.060516357
5239,0.05917357
5240,0.054016113
5241,0.045379654
5242,0.03552249
5243,0.022827156
5244,0.009216297
5245,-0.009033233
5246,-0.03717043
5247,-0.067840576
5248,-0.09753417
5249,-0.12289432
5250,-0.14746091
5251,-0.16012573
5252,-0.16796876
5253,-0.17327882
5254,-0.17529297
5255,-0.17538452
5256,-0.17092896
5257,-0.16726685
5258,-0.15618896
5259,-0.14355469
5260,-0.1321106
5261,-0.11788939
5262,-0.101440415
5263,-0.08035278
5264,-0.059417725
5265,-0.035827633
5266,-0.01693726
5267,0.00015261024
5268,0.016601555
5269,0.025146492
5270,0.036193825
5271,0.053833038
5272,0.0835266
5273,0.102569595
5274,0.11401368
5275,0.1286316
5276,0.14715579
5277,0.16275026
5278,0.17752075
5279,0.19036865
5280,0.19519043
5281,0.20532228
5282,0.21444702
5283,0.21508786
5284,0.21405028
5285,0.21060182
5286,0.20739748
5287,0.20184325
5288,0.19827272
5289,0.19110104
5290,0.17428587
5291,0.15270995
5292,0.13153078
5293,0.10406492
5294,0.06829833
5295,0.04074097
5296,0.013061523
5297,-0.015502945
5298,-0.041625984
5299,-0.058898948
5300,-0.07507324
5301,-0.0914917
5302,-0.10076906
5303,-0.1100464
5304,-0.12365723
5305,-0.13079831
5306,-0.13201903
5307,-0.13012695
5308,-0.12539673
5309,-0.1144104
5310,-0.103088394
5311,-0.09136963
5312,-0.07580568
5313,-0.060241684
5314,-0.0461731
5315,-0.029846188
5316,-0.002380371
5317,0.019622795
5318,0.033233657
5319,0.035125725
5320,0.031921394
5321,0.02651978
5322,0.02371215
5323,0.021881096
5324,0.015258787
5325,0.015167236
5326,0.019256609
5327,0.014373772
5328,0.008392304
5329,-0.000122051686
5330,-0.011688236
5331,-0.021270774
5332,-0.025421128
5333,-0.029632568
5334,-0.037628174
5335,-0.043518085
5336,-0.046386726
5337,-0.05270387
5338,-0.060913086
5339,-0.062408462
5340,-0.062408455
5341,-0.06719971
5342,-0.07901002
5343,-0.094116226
5344,-0.10028076
5345,-0.10250855
5346,-0.09500123
5347,-0.09494021
5348,-0.10165405
5349,-0.0998535
5350,-0.09500122
5351,-0.08370972
5352,-0.07333375
5353,-0.0653076
5354,-0.056060806
5355,-0.04690552
5356,-0.034149185
5357,-0.020904524
5358,-0.003234852
5359,0.023040775
5360,0.05062867
5361,0.069183335
5362,0.08078007
5363,0.08685301
5364,0.095855705
5365,0.10568237
5366,0.11676025
5367,0.13302614
5368,0.14355469
5369,0.14843751
5370,0.15368652
5371,0.1531677
5372,0.14538573
5373,0.12863159
5374,0.1043701
5375,0.08099364
5376,0.056243896
5377,0.034027115
5378,0.014343276
5379,0.0039062425
5380,0.0006103534
5381,-0.0071105883
5382,-0.014343269
5383,-0.019531274
5384,-0.018920898
5385,-0.013153061
5386,-0.0059204083
5387,-0.0006408822
5388,-0.0014343355
5389,-0.0061340295
5390,-0.007324226
5391,-0.016296383
5392,-0.026184082
5393,-0.029937737
5394,-0.028015126
5395,-0.025390636
5396,-0.020172115
5397,-0.016784646
5398,-0.015686043
5399,-0.0132751465
5400,-0.01379396
5401,-0.01553344
5402,-0.016540527
5403,-0.012817375
5404,-0.013336159
5405,-0.017852768
5406,-0.021881104
5407,-0.026214607
5408,-0.030273445
5409,-0.030670144
5410,-0.026947021
5411,-0.019042965
5412,-0.011566151
5413,-0.0010070838
5414,0.008819576
5415,0.015747055
5416,0.0095825195
5417,-0.004760742
5418,-0.023986824
5419,-0.040771507
5420,-0.055847183
5421,-0.07235716
5422,-0.08258055
5423,-0.08389282
5424,-0.0822754
5425,-0.08065796
5426,-0.07629394
5427,-0.072174065
5428,-0.06726075
5429,-0.05648802
5430,-0.051971443
5431,-0.047698982
5432,-0.03674317
5433,-0.029876713
5434,-0.027648926
5435,-0.027587894
5436,-0.02764893
5437,-0.026367178
5438,-0.018341057
5439,-0.0009765774
5440,0.018737808
5441,0.058044434
5442,0.11535647
5443,0.17297362
5444,0.20697021
5445,0.24356075
5446,0.19125366
5447,0.21569827
5448,0.2887268
5449,0.22000118
5450,0.022338856
5451,-0.1756897
5452,-0.37557983
5453,-0.50308233
5454,-0.53649896
5455,-0.51385504
5456,-0.4512024
5457,-0.38104248
5458,-0.31182864
5459,-0.25753784
5460,-0.23660275
5461,-0.23931886
5462,-0.24163818
5463,-0.2705993
5464,-0.33132938
5465,-0.37588495
5466,-0.3826599
5467,-0.4024047
5468,-0.24215707
5469,-0.22781378
5470,-0.33114627
5471,-0.17514032
5472,0.23229982
5473,0.6382751
5474,1.0460815
5475,1.3053591
5476,1.3598937
5477,1.2886963
5478,1.1378784
5479,1.0047913
5480,0.8843995
5481,0.7945556
5482,0.75378406
5483,0.7499085
5484,0.7408142
5485,0.7258301
5486,0.70239264
5487,0.6516418
5488,0.5614624
5489,0.46844476
5490,0.27008057
5491,0.146698
5492,0.09591684
5493,-0.070892274
5494,-0.34393305
5495,-0.60504156
5496,-0.8562623
5497,-1.0254211
5498,-1.084137
5499,-1.0822144
5500,-1.0387574
5501,-1.0047303
5502,-0.9763793
5503,-0.9650573
5504,-0.975952
5505,-0.988861
5506,-0.9771422
5507,-0.98229986
5508,-1.0044252
5509,-0.9954529
5510,-0.9306336
5511,-0.87927234
5512,-0.6455078
5513,-0.5520325
5514,-0.5758972
5515,-0.34945673
5516,0.1213379
5517,0.5865783
5518,1.0494995
5519,1.359009
5520,1.4589232
5521,1.4418945
5522,1.3531494
5523,1.2798463
5524,1.2124023
5525,1.1665039
5526,1.1565247
5527,1.1661988
5528,1.1492004
5529,1.1135864
5530,1.0541382
5531,0.9488524
5532,0.8035278
5533,0.6552124
5534,0.388153
5535,0.18844599
5536,0.05743411
5537,-0.17700192
5538,-0.5222778
5539,-0.8585511
5540,-1.1671754
5541,-1.3785095
5542,-1.4587402
5543,-1.4660339
5544,-1.4374695
5545,-1.4235841
5546,-1.4077147
5547,-1.39682
5548,-1.3771362
5549,-1.3360596
5550,-1.2612914
5551,-1.2017212
5552,-1.1601564
5553,-1.084259
5554,-0.9526368
5555,-0.83538806
5556,-0.5312195
5557,-0.36883542
5558,-0.32958984
5559,-0.040405273
5560,0.48126215
5561,0.98745716
5562,1.4808351
5563,1.8121645
5564,1.9202269
5565,1.9029236
5566,1.8033446
5567,1.7052612
5568,1.6006165
5569,1.5140991
5570,1.4632568
5571,1.4212343
5572,1.3525391
5573,1.2687073
5574,1.1644592
5575,1.0137022
5576,0.82904047
5577,0.6491394
5578,0.3616027
5579,0.14682001
5580,0.0074158013
5581,-0.23056024
5582,-0.57620233
5583,-0.90515137
5584,-1.2102968
5585,-1.4205627
5586,-1.4952393
5587,-1.4954529
5588,-1.4580078
5589,-1.4361575
5590,-1.4139402
5591,-1.3918456
5592,-1.3608093
5593,-1.3045349
5594,-1.2088012
5595,-1.0658876
5596,-0.8805542
5597,-0.6831665
5598,-0.48501587
5599,-0.2621765
5600,-0.10751332
5601,0.121643156
5602,0.39511108
5603,0.5110167
5604,0.47418207
5605,0.4131469
5606,0.32156384
5607,0.28088367
5608,0.3081972
5609,0.387146
5610,0.49737543
5611,0.59600836
5612,0.6825559
5613,0.74887085
5614,0.77923596
5615,0.7625427
5616,0.7209472
5617,0.70132464
5618,0.696228
5619,0.6803589
5620,0.63977045
5621,0.61602783
5622,0.51092523
5623,0.47555536
5624,0.49652094
5625,0.38470447
5626,0.13308716
5627,-0.12945545
5628,-0.39730835
5629,-0.5955812
5630,-0.68423456
5631,-0.70938116
5632,-0.694641
5633,-0.6718141
5634,-0.6361694
5635,-0.6005249
5636,-0.5745851
5637,-0.55123913
5638,-0.51708996
5639,-0.47268677
5640,-0.40164185
5641,-0.30902094
5642,-0.20822138
5643,-0.10034188
5644,0.024902344
5645,0.15356451
5646,0.27508545
5647,0.3821715
5648,0.47640985
5649,0.5529174
5650,0.6086427
5651,0.64462274
5652,0.6587831
5653,0.6614685
5654,0.6564025
5655,0.64245605
5656,0.6161803
5657,0.57833856
5658,0.52523804
5659,0.45202637
5660,0.36740106
5661,0.2775879
5662,0.19680789
5663,0.12747198
5664,0.063354515
5665,-0.0013428517
5666,-0.05868526
5667,-0.11486815
5668,-0.16555789
5669,-0.21429443
5670,-0.25091553
5671,-0.2669067
5672,-0.28170785
5673,-0.28964233
5674,-0.29629523
5675,-0.30499268
5676,-0.31082147
5677,-0.30911252
5678,-0.300354
5679,-0.2896424
5680,-0.28900146
5681,-0.29669186
5682,-0.30828857
5683,-0.31588748
5684,-0.31036377
5685,-0.29837036
5686,-0.28726193
5687,-0.28564453
5688,-0.28869626
5689,-0.29202268
5690,-0.30004883
5691,-0.305542
5692,-0.2991333
5693,-0.28005975
5694,-0.2449036
5695,-0.20739745
5696,-0.16390994
5697,-0.11703492
5698,-0.0601501
5699,-0.0019225553
5700,0.051361054
5701,0.097167924
5702,0.13156131
5703,0.15759282
5704,0.17462158
5705,0.1867676
5706,0.19439697
5707,0.19332884
5708,0.18707275
5709,0.17446898
5710,0.15386963
5711,0.12942505
5712,0.10168454
5713,0.07165529
5714,0.045135505
5715,0.025299102
5716,0.0015258268
5717,-0.010742165
5718,-0.023803756
5719,-0.03631589
5720,-0.047851503
5721,-0.053588845
5722,-0.049438447
5723,-0.03778076
5724,-0.022796646
5725,-0.009674057
5726,-0.0033569187
5727,0.004333483
5728,0.0138549805
5729,0.023162853
5730,0.03625487
5731,0.042816162
5732,0.047393795
5733,0.04553223
5734,0.040130626
5735,0.03741456
5736,0.03347779
5737,0.026245125
5738,0.030120851
5739,0.026092527
5740,0.031402595
5741,0.034728996
5742,0.04220581
5743,0.04736328
5744,0.052520745
5745,0.052642822
5746,0.051544204
5747,0.05352784
5748,0.062408447
5749,0.06967164
5750,0.072906494
5751,0.06851195
5752,0.0639038
5753,0.063232414
5754,0.065460205
5755,0.06878662
5756,0.07226561
5757,0.07516478
5758,0.08392334
5759,0.08831785
5760,0.08178712
5761,0.08038331
5762,0.0687561
5763,0.05731202
5764,0.044830337
5765,0.030151367
5766,0.016998306
5767,0.011444092
5768,0.0140686035
5769,0.016601559
5770,0.014282215
5771,0.014587373
5772,0.008972168
5773,0.0032653883
5774,-0.00024414808
5775,-0.0054321177
5776,-0.015014645
5777,-0.030212406
5778,-0.044158928
5779,-0.055541985
5780,-0.06744385
5781,-0.07452392
5782,-0.07156372
5783,-0.07635498
5784,-0.07675172
5785,-0.079895034
5786,-0.08245851
5787,-0.08779907
5788,-0.09774782
5789,-0.1095276
5790,-0.12548828
5791,-0.13613893
5792,-0.13699341
5793,-0.13290404
5794,-0.1184082
5795,-0.09817505
5796,-0.07846069
5797,-0.05758667
5798,-0.033477783
5799,-0.007446278
5800,0.017059326
5801,0.039764382
5802,0.0600586
5803,0.07434081
5804,0.080017105
5805,0.08984376
5806,0.090515144
5807,0.093414314
5808,0.10006717
5809,0.10095213
5810,0.10092164
5811,0.09457399
5812,0.094818115
5813,0.09692381
5814,0.0925598
5815,0.08401488
5816,0.067840576
5817,0.05667115
5818,0.05297852
5819,0.050109867
5820,0.048614502
5821,0.040924057
5822,0.033721916
5823,0.02200318
5824,0.009765616
5825,0.0013427958
5826,-0.0033569448
5827,-0.012329109
5828,-0.012878437
5829,-0.012725841
5830,-0.014221195
5831,-0.018798836
5832,-0.027252223
5833,-0.031738285
5834,-0.03894043
5835,-0.038940437
5836,-0.02841185
5837,-0.019653313
5838,-0.0039672703
5839,0.007385239
5840,0.008422866
5841,0.0036010705
5842,-0.0023498572
5843,-0.005187979
5844,-0.006927489
5845,-0.0034790193
5846,-0.00094603014
5847,-0.0007629432
5848,-0.0020141604
5849,0.0028686598
5850,0.010070809
5851,0.02056883
5852,0.03033447
5853,0.041717526
5854,0.04989626
5855,0.05075072
5856,0.051330566
5857,0.052764893
5858,0.05209349
5859,0.056060784
5860,0.043579094
5861,0.030853279
5862,0.020996094
5863,0.015106203
5864,0.009857177
5865,0.007904049
5866,-0.004608155
5867,-0.017852774
5868,-0.037872322
5869,-0.05328367
5870,-0.06591798
5871,-0.077789314
5872,-0.090026885
5873,-0.097045906
5874,-0.10324097
5875,-0.10339356
5876,-0.104370154
5877,-0.09616089
5878,-0.09915161
5879,-0.09902954
5880,-0.09674071
5881,-0.08990477
5882,-0.06985472
5883,-0.050567634
5884,-0.03747558
5885,-0.028839123
5886,-0.029693589
5887,-0.033325188
5888,-0.036743157
5889,-0.04095459
5890,-0.04855346
5891,-0.055084247
5892,-0.057952877
5893,-0.052276604
5894,-0.048797593
5895,-0.046020515
5896,-0.042480476
5897,-0.032012947
5898,-0.016967762
5899,-0.0078124907
5900,0.0018920861
5901,0.001403816
5902,-0.00418091
5903,-0.013366698
5904,-0.02947999
5905,-0.03985596
5906,-0.045562744
5907,-0.044097908
5908,-0.031524673
5909,-0.013549812
5910,0.00021362305
5911,0.012023931
5912,0.020507814
5913,0.023132324
5914,0.026519775
5915,0.025421143
5916,0.028167717
5917,0.03448487
5918,0.04754641
5919,0.05776977
5920,0.069793686
5921,0.081481956
5922,0.08377076
5923,0.08438111
5924,0.07998657
5925,0.07147218
5926,0.07308961
5927,0.071533196
5928,0.06826782
5929,0.06573486
5930,0.053955074
5931,0.036468506
5932,0.027893059
5933,0.021362308
5934,0.022125242
5935,0.028808584
5936,0.031951908
5937,0.038970947
5938,0.042938232
5939,0.044677734
5940,0.03695678
5941,0.034118652
5942,0.029541038
5943,0.030731186
5944,0.03482055
5945,0.0305481
5946,0.026702877
5947,0.01318359
5948,-0.00616456
5949,-0.018585203
5950,-0.030059818
5951,-0.039031975
5952,-0.04110719
5953,-0.036071792
5954,-0.033355713
5955,-0.026397705
5956,-0.022918703
5957,-0.022491457
5958,-0.018493652
5959,-0.018218994
5960,-0.0150146475
5961,-0.008209223
5962,0.0002136305
5963,0.00018311292
5964,0.0024108868
5965,0.0013732985
5966,-0.0018920992
5967,-0.0074157733
5968,-0.013916016
5969,-0.014862067
5970,-0.007812502
5971,0.0021057148
5972,0.011779787
5973,0.019653317
5974,0.019836428
5975,0.0138244685
5976,0.009399409
5977,-0.0014038049
5978,-0.006530758
5979,-0.00869751
5980,-0.01104736
5981,-0.008575439
5982,-0.01373291
5983,-0.019470215
5984,-0.034423843
5985,-0.038879402
5986,-0.042236336
5987,-0.032989524
5988,-0.019500736
5989,-0.014892578
5990,-0.0115356445
5991,-0.017211916
5992,-0.021057133
5993,-0.02301025
5994,-0.019989017
5995,-0.02319335
5996,-0.022735603
5997,-0.01715089
5998,-0.0070800725
5999,0.008148195
6000,0.027343735
6001,0.04135132
6002,0.053375237
6003,0.05886842
6004,0.067291275
6005,0.07427978
6006,0.08505249
6007,0.0836792
6008,0.082733154
6009,0.06787111
6010,0.05419921
6011,0.038970947
6012,0.023468018
6013,0.018066408
6014,0.006011959
6015,-0.0077209547
6016,-0.026794426
6017,-0.04107666
6018,-0.052001946
6019,-0.058593743
6020,-0.06359865
6021,-0.069610596
6022,-0.07223509
6023,-0.07196045
6024,-0.07678223
6025,-0.078643814
6026,-0.084564224
6027,-0.09075928
6028,-0.099578865
6029,-0.096252434
6030,-0.09597778
6031,-0.086883575
6032,-0.07839964
6033,-0.07015991
6034,-0.06347658
6035,-0.052459717
6036,-0.04470825
6037,-0.032928467
6038,-0.017364511
6039,-0.0039062481
6040,0.007690441
6041,0.018676745
6042,0.025939947
6043,0.035583485
6044,0.044799786
6045,0.05224608
6046,0.05755615
6047,0.0605774
6048,0.063140884
6049,0.06335449
6050,0.065979004
6051,0.062469475
6052,0.06311035
6053,0.053924568
6054,0.047485344
6055,0.048095696
6056,0.049926773
6057,0.059844963
6058,0.060028065
6059,0.054382328
6060,0.04217531
6061,0.031219486
6062,0.025604244
6063,0.022125255
6064,0.022521965
6065,0.019378673
6066,0.015563987
6067,0.006103523
6068,0.0023498535
6069,-0.00048828125
6070,-0.006072998
6071,-0.010009766
6072,-0.016357422
6073,-0.017364495
6074,-0.02514648
6075,-0.025543218
6076,-0.030151345
6077,-0.03210449
6078,-0.03216553
6079,-0.034606934
6080,-0.027313244
6081,-0.017852789
6082,-0.002105713
6083,0.0115356445
6084,0.019470215
6085,0.02239991
6086,0.021331795
6087,0.023284897
6088,0.025787331
6089,0.027496316
6090,0.027770992
6091,0.02868652
6092,0.030181892
6093,0.025634758
6094,0.019012451
6095,0.010253895
6096,0.005889885
6097,-0.0018615648
6098,-0.006011978
6099,-0.006073009
6100,-0.0034484789
6101,-0.0049743727
6102,-0.017578129
6103,-0.034301754
6104,-0.048065174
6105,-0.05245971
6106,-0.04949951
6107,-0.0434265
6108,-0.03588868
6109,-0.033508293
6110,-0.030792201
6111,-0.029693596
6112,-0.02566528
6113,-0.024078362
6114,-0.022674568
6115,-0.024536148
6116,-0.027496338
6117,-0.026794408
6118,-0.024902318
6119,-0.016174324
6120,-0.0059509203
6121,0.003173843
6122,0.014801025
6123,0.0256958
6124,0.041229233
6125,0.06323241
6126,0.08407591
6127,0.10211182
6128,0.10971069
6129,0.10620119
6130,0.09674075
6131,0.08215332
6132,0.06903074
6133,0.05926514
6134,0.046112053
6135,0.0366516
6136,0.029968262
6137,0.025115974
6138,0.018463124
6139,0.014251699
6140,0.015991203
6141,0.012176517
6142,0.012725808
6143,0.014373772
6144,0.008758545
6145,0.0037841722
6146,-0.006011948
6147,-0.023193352
6148,-0.035888657
6149,-0.044158936
6150,-0.041809067
6151,-0.033111587
6152,-0.02606202
6153,-0.02059935
6154,-0.020904511
6155,-0.023132324
6156,-0.024230942
6157,-0.024688698
6158,-0.02661132
6159,-0.025512718
6160,-0.02648925
6161,-0.027069084
6162,-0.030822754
6163,-0.026245117
6164,-0.020568848
6165,-0.016967773
6166,-0.009551987
6167,0.0018921047
6168,0.017059326
6169,0.037597634
6170,0.053558327
6171,0.059997555
6172,0.060089108
6173,0.05526735
6174,0.051269554
6175,0.050079353
6176,0.05075071
6177,0.05538942
6178,0.05407714
6179,0.051605217
6180,0.051513664
6181,0.044097915
6182,0.03640747
6183,0.030853268
6184,0.017364495
6185,0.003143318
6186,-0.01919556
6187,-0.03759765
6188,-0.06665041
6189,-0.09643553
6190,-0.12298581
6191,-0.16055298
6192,-0.19064331
6193,-0.20947266
6194,-0.22286984
6195,-0.21948245
6196,-0.22143558
6197,-0.21838382
6198,-0.21743773
6199,-0.21551515
6200,-0.21243286
6201,-0.21005248
6202,-0.20788574
6203,-0.19674683
6204,-0.18759155
6205,-0.17062376
6206,-0.14715575
6207,-0.12634279
6208,-0.0941162
6209,-0.07113647
6210,-0.028961167
6211,0.019531243
6212,0.06958008
6213,0.13293456
6214,0.19039916
6215,0.24597165
6216,0.29467773
6217,0.33334348
6218,0.38745117
6219,0.4378052
6220,0.47634888
6221,0.5190125
6222,0.54400635
6223,0.55694586
6224,0.55963135
6225,0.5459595
6226,0.52725214
6227,0.4925232
6228,0.45202637
6229,0.41107178
6230,0.3570252
6231,0.30194092
6232,0.21170044
6233,0.100738555
6234,-0.012420654
6235,-0.1534729
6236,-0.3007202
6237,-0.45352167
6238,-0.5949402
6239,-0.7308043
6240,-0.8778991
6241,-1.0159607
6242,-1.1433107
6243,-1.2553711
6244,-1.332611
6245,-1.3762515
6246,-1.3787231
6247,-1.329651
6248,-1.2416075
6249,-1.1228638
6250,-0.9840393
6251,-0.8429259
6252,-0.6889955
6253,-0.5294496
6254,-0.3364563
6255,-0.12753299
6256,0.09259032
6257,0.350708
6258,0.6080628
6259,0.8637389
6260,1.1001893
6261,1.3215331
6262,1.5473938
6263,1.7576598
6264,1.932648
6265,2.0808105
6266,2.1912231
6267,2.2409365
6268,2.2351685
6269,2.1526794
6270,2.0064392
6271,1.7790834
6272,1.4859314
6273,1.2079161
6274,0.9162904
6275,0.6305542
6276,0.34158328
6277,0.031341597
6278,-0.2810974
6279,-0.61761475
6280,-0.95172113
6281,-1.2705383
6282,-1.5609741
6283,-1.8351135
6284,-2.10437
6285,-2.343414
6286,-2.5245059
6287,-2.6538696
6288,-2.7254028
6289,-2.7353826
6290,-2.6727297
6291,-2.511383
6292,-2.258026
6293,-1.9092102
6294,-1.4962158
6295,-1.0802001
6296,-0.6520387
6297,-0.25662237
6298,0.13027948
6299,0.5026244
6300,0.8483887
6301,1.1858827
6302,1.4839783
6303,1.7555847
6304,1.9853212
6305,2.1805725
6306,2.3847046
6307,2.560913
6308,2.7116396
6309,2.845398
6310,2.9346313
6311,2.9658816
6312,2.927887
6313,2.8062134
6314,2.6036377
6315,2.3008118
6316,1.9283141
6317,1.5551451
6318,1.1681521
6319,0.7928468
6320,0.4123841
6321,0.031066984
6322,-0.35177612
6323,-0.7453003
6324,-1.1312255
6325,-1.5088195
6326,-1.8403932
6327,-2.1568909
6328,-2.4669495
6329,-2.7444458
6330,-2.968842
6331,-3.136078
6332,-3.2426758
6333,-3.2832341
6334,-3.2506716
6335,-3.1306458
6336,-2.9163203
6337,-2.608307
6338,-2.2312927
6339,-1.8303223
6340,-1.417908
6341,-1.0139161
6342,-0.62170434
6343,-0.23275775
6344,0.14016718
6345,0.5092163
6346,0.85116565
6347,1.1629028
6348,1.4482118
6349,1.7091672
6350,1.9719237
6351,2.2162168
6352,2.4357607
6353,2.6118774
6354,2.7460327
6355,2.802796
6356,2.7952578
6357,2.697571
6358,2.515228
6359,2.2429504
6360,1.9002988
6361,1.54364
6362,1.1738589
6363,0.82244885
6364,0.49636853
6365,0.1833803
6366,-0.1229859
6367,-0.42611694
6368,-0.7157286
6369,-0.9861754
6370,-1.2320864
6371,-1.4480895
6372,-1.6575929
6373,-1.8209227
6374,-1.9467167
6375,-2.0481567
6376,-2.1231384
6377,-2.1566164
6378,-2.1569827
6379,-2.1014402
6380,-1.9812009
6381,-1.7770997
6382,-1.5023193
6383,-1.22052
6384,-0.9266664
6385,-0.6572266
6386,-0.4116823
6387,-0.19003315
6388,0.014282212
6389,0.19689944
6390,0.36132798
6391,0.51254284
6392,0.63619995
6393,0.75582886
6394,0.8721618
6395,0.9733275
6396,1.058838
6397,1.1142578
6398,1.1413574
6399,1.1526796
6400,1.1387026
6401,1.0889587
6402,1.0028683
6403,0.8894347
6404,0.7670592
6405,0.60711676
6406,0.44003302
6407,0.2914124
6408,0.15420543
6409,0.044921994
6410,-0.0396424
6411,-0.09545898
6412,-0.12631226
6413,-0.1466065
6414,-0.16873181
6415,-0.17776468
6416,-0.20538333
6417,-0.24267581
6418,-0.29980478
6419,-0.37939435
6420,-0.46136463
6421,-0.5230713
6422,-0.5870362
6423,-0.6455994
6424,-0.70629877
6425,-0.7566223
6426,-0.78689563
6427,-0.8086244
6428,-0.8088075
6429,-0.7954103
6430,-0.76217663
6431,-0.7095338
6432,-0.62405396
6433,-0.513672
6434,-0.36737072
6435,-0.20019539
6436,-0.024535999
6437,0.1490783
6438,0.31219488
6439,0.45108032
6440,0.5592042
6441,0.6375121
6442,0.69616693
6443,0.7357789
6444,0.76605237
6445,0.78042597
6446,0.7732848
6447,0.7405701
6448,0.692688
6449,0.6264344
6450,0.5595093
6451,0.49938965
6452,0.44677746
6453,0.4095155
6454,0.3724975
6455,0.3383485
6456,0.30419916
6457,0.26962262
6458,0.23104858
6459,0.19030763
6460,0.14797972
6461,0.10360728
6462,0.059020966
6463,0.013305709
6464,-0.023834273
6465,-0.049285926
6466,-0.062896796
6467,-0.060607955
6468,-0.04592894
6469,-0.022918567
6470,0.0042725205
6471,0.042816177
6472,0.078002945
6473,0.100433394
6474,0.11068727
6475,0.106933594
6476,0.10211183
6477,0.08685306
6478,0.075988755
6479,0.069366455
6480,0.06292732
6481,0.05917351
6482,0.05145265
6483,0.04479982
6484,0.03857428
6485,0.04394524
6486,0.055877656
6487,0.07241817
6488,0.09063716
6489,0.11047357
6490,0.120697014
6491,0.12222295
6492,0.10858155
6493,0.08154293
6494,0.044921897
6495,0.018981956
6496,-0.0057373084
6497,-0.020568859
6498,-0.044769242
6499,-0.06292723
6500,-0.08682246
6501,-0.121673554
6502,-0.15557855
6503,-0.19027711
6504,-0.21490474
6505,-0.23089606
6506,-0.24060054
6507,-0.25204474
6508,-0.25952148
6509,-0.26712042
6510,-0.27325445
6511,-0.27346802
6512,-0.27148438
6513,-0.26013178
6514,-0.2423706
6515,-0.21618655
6516,-0.1815796
6517,-0.1539917
6518,-0.13162233
6519,-0.11715702
6520,-0.100707985
6521,-0.08392338
6522,-0.06066895
6523,-0.037048288
6524,-0.007934518
6525,0.017913796
6526,0.039001495
6527,0.058166496
6528,0.07693484
6529,0.09567259
6530,0.11679075
6531,0.13314818
6532,0.14566037
6533,0.1522522
6534,0.15197754
6535,0.15258788
6536,0.13623047
6537,0.11288451
6538,0.086883545
6539,0.067626946
6540,0.05560303
6541,0.04937743
6542,0.035217285
6543,0.017120356
6544,-0.0040588286
6545,-0.025512703
6546,-0.04888916
6547,-0.07269286
6548,-0.09011839
6549,-0.09805299
6550,-0.10287474
6551,-0.10943605
6552,-0.122222915
6553,-0.14682007
6554,-0.17034912
6555,-0.19400026
6556,-0.20306395
6557,-0.20285034
6558,-0.1880188
6559,-0.17010497
6560,-0.14611816
6561,-0.11987303
6562,-0.09243773
6563,-0.07611083
6564,-0.055603042
6565,-0.036071785
6566,-0.015075685
6567,0.0009155511
6568,0.021881096
6569,0.04284668
6570,0.058349624
6571,0.06399536
6572,0.0640564
6573,0.06896974
6574,0.06829832
6575,0.07098389
6576,0.07318114
6577,0.07281494
6578,0.07229614
6579,0.06826782
6580,0.05953978
6581,0.051971443
6582,0.036956787
6583,0.026214592
6584,0.020324707
6585,0.013366692
6586,0.006378172
6587,-0.0038452297
6588,-0.018157959
6589,-0.032012943
6590,-0.046081547
6591,-0.053344723
6592,-0.05392457
6593,-0.052490234
6594,-0.050994877
6595,-0.05230712
6596,-0.06002806
6597,-0.068939194
6598,-0.0786438
6599,-0.086364746
6600,-0.08477782
6601,-0.076782234
6602,-0.05770874
6603,-0.035858154
6604,-0.0126037635
6605,0.008270256
6606,0.02307128
6607,0.03399659
6608,0.04760743
6609,0.064941406
6610,0.07824708
6611,0.085968025
6612,0.09414673
6613,0.09988403
6614,0.10342409
6615,0.09869386
6616,0.09121704
6617,0.08789063
6618,0.08477782
6619,0.08789062
6620,0.093811005
6621,0.10247801
6622,0.10708618
6623,0.10961914
6624,0.109741196
6625,0.12081909
6626,0.12713623
6627,0.12640381
6628,0.12405394
6629,0.11367798
6630,0.10064698
6631,0.07443236
6632,0.042175293
6633,0.017150873
6634,-0.015380861
6635,-0.041259766
6636,-0.06570435
6637,-0.088745125
6638,-0.105011
6639,-0.11294556
6640,-0.10757444
6641,-0.10269165
6642,-0.09152221
6643,-0.08139038
6644,-0.070556626
6645,-0.057006836
6646,-0.05047607
6647,-0.04724121
6648,-0.047882084
6649,-0.050415043
6650,-0.056152344
6651,-0.061859123
6652,-0.06793213
6653,-0.06738279
6654,-0.06655884
6655,-0.06686402
6656,-0.064941406
6657,-0.06576538
6658,-0.06329346
6659,-0.06280518
6660,-0.06384278
6661,-0.06225586
6662,-0.061157227
6663,-0.05566407
6664,-0.046173103
6665,-0.034118652
6666,-0.028717048
6667,-0.028533936
6668,-0.025604248
6669,-0.021911621
6670,-0.014068595
6671,-0.0068054125
6672,0.0031433068
6673,0.012878399
6674,0.0246582
6675,0.030273426
6676,0.033538815
6677,0.04132081
6678,0.046295166
6679,0.04678346
6680,0.045257553
6681,0.03890992
6682,0.037353516
6683,0.03390503
6684,0.036315925
6685,0.04272464
6686,0.0435486
6687,0.048309352
6688,0.055328358
6689,0.06332398
6690,0.06506348
6691,0.0569458
6692,0.040802006
6693,0.019195575
6694,-0.010803219
6695,-0.033569336
6696,-0.05432129
6697,-0.06472776
6698,-0.06951904
6699,-0.06741334
6700,-0.064086914
6701,-0.05993653
6702,-0.056426995
6703,-0.04803466
6704,-0.037322998
6705,-0.030029288
6706,-0.02227783
6707,-0.013763433
6708,-0.008666988
6709,-0.005920425
6710,-0.006469734
6711,-0.009063721
6712,-0.009002678
6713,-0.00299073
6714,0.0044860765
6715,0.015380856
6716,0.029998776
6717,0.04254149
6718,0.05859375
6719,0.066284165
6720,0.07775879
6721,0.09320069
6722,0.10266113
6723,0.10549927
6724,0.101989746
6725,0.09768677
6726,0.09536745
6727,0.096496575
6728,0.09869384
6729,0.094879165
6730,0.08642578
6731,0.07452394
6732,0.06649779
6733,0.059020996
6734,0.048461914
6735,0.036712646
6736,0.018554693
6737,0.004455574
6738,-0.012908934
6739,-0.029418942
6740,-0.045593254
6741,-0.060089096
6742,-0.06704712
6743,-0.07427979
6744,-0.07626343
6745,-0.07138062
6746,-0.067260735
6747,-0.061767578
6748,-0.05682373
6749,-0.056640618
6750,-0.05142212
6751,-0.044006355
6752,-0.02822876
6753,-0.0144958645
6754,-0.005767837
6755,-0.00494384
6756,-0.0058898777
6757,-0.0038452186
6758,0.0064086765
6759,0.02053833
6760,0.036346436
6761,0.050872806
6762,0.062347412
6763,0.07354735
6764,0.08416748
6765,0.09686281
6766,0.109191895
6767,0.11187744
6768,0.112457275
6769,0.10510254
6770,0.09625246
6771,0.08862304
6772,0.07617187
6773,0.067169204
6774,0.051635742
6775,0.038360603
6776,0.021057133
6777,0.007965088
6778,-0.0054931603
6779,-0.017364498
6780,-0.028045652
6781,-0.036499027
6782,-0.043792717
6783,-0.049957283
6784,-0.0588684
6785,-0.06527709
6786,-0.07501221
6787,-0.08840944
6788,-0.09640503
6789,-0.09637451
6790,-0.08856201
6791,-0.08551025
6792,-0.07727051
6793,-0.07781982
6794,-0.07235718
6795,-0.06613161
6796,-0.056732174
6797,-0.044281017
6798,-0.033111587
6799,-0.022125237
6800,-0.009887684
6801,0.0010375978
6802,0.019226057
6803,0.01974487
6804,0.027709961
6805,0.051666275
6806,0.12252802
6807,0.1860657
6808,0.20666498
6809,0.17346188
6810,0.11956787
6811,0.15478516
6812,0.25436404
6813,0.24893185
6814,0.11831662
6815,-0.013427734
6816,-0.19436643
6817,-0.33288574
6818,-0.39743042
6819,-0.3975525
6820,-0.3877259
6821,-0.35650638
6822,-0.33105475
6823,-0.29586792
6824,-0.2831421
6825,-0.2929993
6826,-0.31417847
6827,-0.38082886
6828,-0.5168761
6829,-0.60760504
6830,-0.61541736
6831,-0.5041199
6832,-0.36846927
6833,-0.3982849
6834,-0.54904187
6835,-0.49075314
6836,-0.1777038
6837,0.12878415
6838,0.5180358
6839,0.8035278
6840,0.9244996
6841,0.9110718
6842,0.8718873
6843,0.82675177
6844,0.7860108
6845,0.7337647
6846,0.7154846
6847,0.73184204
6848,0.7706908
6849,0.81118774
6850,0.86679065
6851,0.8574524
6852,0.7934569
6853,0.6441345
6854,0.47241217
6855,0.3694458
6856,0.33175662
6857,0.19766234
6858,-0.04763794
6859,-0.2693786
6860,-0.5197449
6861,-0.6913757
6862,-0.77587897
6863,-0.7818297
6864,-0.7844238
6865,-0.7969055
6866,-0.8306884
6867,-0.86474615
6868,-0.9190062
6869,-0.9633178
6870,-1.0050963
6871,-1.0436403
6872,-1.132965
6873,-1.1533203
6874,-1.0720823
6875,-0.8565978
6876,-0.6174623
6877,-0.5520325
6878,-0.62222296
6879,-0.48544306
6880,-0.11981195
6881,0.22570798
6882,0.6291198
6883,0.9198913
6884,1.0386964
6885,1.0245972
6886,0.9939577
6887,0.94912726
6888,0.91238403
6889,0.85363764
6890,0.8277893
6891,0.8448182
6892,0.8795776
6893,0.90335095
6894,0.90399146
6895,0.8509216
6896,0.7249754
6897,0.49606317
6898,0.28369153
6899,0.13314825
6900,0.07443244
6901,-0.10140994
6902,-0.34552
6903,-0.5718078
6904,-0.7739258
6905,-0.8894652
6906,-0.900055
6907,-0.8432311
6908,-0.77978516
6909,-0.72900385
6910,-0.6912231
6911,-0.63488775
6912,-0.6057128
6913,-0.57009876
6914,-0.5526122
6915,-0.53237927
6916,-0.57928455
6917,-0.5648803
6918,-0.45687854
6919,-0.212219
6920,0.034973025
6921,0.108550906
6922,0.017638981
6923,0.13964856
6924,0.45407104
6925,0.7568359
6926,1.0885314
6927,1.3081359
6928,1.3391725
6929,1.2418213
6930,1.1186526
6931,0.9937744
6932,0.8861084
6933,0.77249146
6934,0.70504755
6935,0.6944886
6936,0.70965564
6937,0.7094117
6938,0.692047
6939,0.624359
6940,0.47982776
6941,0.25534046
6942,0.03277594
6943,-0.1111449
6944,-0.1739806
6945,-0.3471985
6946,-0.5964966
6947,-0.82635486
6948,-1.0252991
6949,-1.1459043
6950,-1.1456604
6951,-1.0852965
6952,-1.0033569
6953,-0.94982904
6954,-0.88723755
6955,-0.820343
6956,-0.76104724
6957,-0.72790515
6958,-0.69372547
6959,-0.60977185
6960,-0.44717413
6961,-0.26907325
6962,-0.10171504
6963,0.0314333
6964,0.150421
6965,0.36437976
6966,0.6099548
6967,0.7498475
6968,0.6984557
6969,0.6228332
6970,0.44595334
6971,0.28851306
6972,0.19891365
6973,0.1653747
6974,0.16629021
6975,0.18209833
6976,0.2131652
6977,0.24691767
6978,0.264038
6979,0.24597171
6980,0.20193475
6981,0.1591798
6982,0.13119507
6983,0.11910999
6984,0.044067323
6985,-0.06814593
6986,-0.17999269
6987,-0.17230216
6988,-0.08874504
6989,-0.108428955
6990,-0.22988898
6991,-0.33895874
6992,-0.46670526
6993,-0.5487976
6994,-0.5437011
6995,-0.48287964
6996,-0.39984137
6997,-0.30200204
6998,-0.18170172
6999,-0.053527758
7000,0.06918332
7001,0.124298036
7002,0.15771478
7003,0.1754455
7004,0.22265626
7005,0.2648316
7006,0.32144165
7007,0.38677984
7008,0.43405145
7009,0.49575794
7010,0.53396595
7011,0.59423834
7012,0.6015014
7013,0.6183776
7014,0.57870483
7015,0.52496326
7016,0.45294195
7017,0.3709106
7018,0.29266357
7019,0.22290035
7020,0.16293329
7021,0.09957892
7022,0.04376219
7023,-0.012878425
7024,-0.064209074
7025,-0.1060791
7026,-0.13159168
7027,-0.15911877
7028,-0.1914978
7029,-0.19924942
7030,-0.24176024
7031,-0.26354972
7032,-0.2864074
7033,-0.29293823
7034,-0.29782104
7035,-0.28811643
7036,-0.28964233
7037,-0.29501334
7038,-0.3069458
7039,-0.30303955
7040,-0.3088379
7041,-0.31027222
7042,-0.31185913
7043,-0.34237665
7044,-0.35202023
7045,-0.38882452
7046,-0.40023792
7047,-0.42614746
7048,-0.40499878
7049,-0.4027099
7050,-0.3642578
7051,-0.34671018
7052,-0.30389398
7053,-0.27987668
7054,-0.24227902
7055,-0.20498662
7056,-0.15597528
7057,-0.1175232
7058,-0.0740051
7059,-0.0314636
7060,0.02200317
7061,0.067352295
7062,0.116058365
7063,0.16336061
7064,0.1819458
7065,0.20840453
7066,0.19924927
7067,0.21438597
7068,0.20397957
7069,0.21737677
7070,0.20388788
7071,0.1982422
7072,0.17895506
7073,0.16442874
7074,0.14373787
7075,0.12548834
7076,0.1104126
7077,0.08981317
7078,0.08288579
7079,0.07073973
7080,0.06729131
7081,0.06497195
7082,0.05322265
7083,0.062255837
7084,0.050415043
7085,0.06155394
7086,0.06643674
7087,0.07821654
7088,0.08819579
7089,0.09313965
7090,0.09820561
7091,0.094116256
7092,0.097137414
7093,0.09692389
7094,0.10134888
7095,0.094879195
7096,0.09915164
7097,0.09051511
7098,0.08181763
7099,0.070922844
7100,0.0654297
7101,0.05282592
7102,0.05267334
7103,0.0502014
7104,0.053405754
7105,0.045745857
7106,0.044494633
7107,0.03823854
7108,0.029754631
7109,0.03533935
7110,0.035308857
7111,0.04864502
7112,0.05462646
7113,0.060485836
7114,0.06088257
7115,0.05511474
7116,0.046600338
7117,0.036254898
7118,0.031311028
7119,0.019775413
7120,0.016326904
7121,0.0012512128
7122,-0.007446302
7123,-0.030212406
7124,-0.03964231
7125,-0.05685426
7126,-0.07431032
7127,-0.08859253
7128,-0.108947754
7129,-0.12551883
7130,-0.13159183
7131,-0.14202881
7132,-0.14556886
7133,-0.15170288
7134,-0.14782715
7135,-0.14654538
7136,-0.13119507
7137,-0.11590575
7138,-0.0914917
7139,-0.07775879
7140,-0.060363755
7141,-0.058105484
7142,-0.049377427
7143,-0.045593254
7144,-0.032257073
7145,-0.022796618
7146,-0.0014648512
7147,0.016174313
7148,0.037292484
7149,0.04837037
7150,0.07006836
7151,0.08514404
7152,0.08547975
7153,0.09591675
7154,0.08981323
7155,0.09341431
7156,0.07687378
7157,0.07257079
7158,0.052673325
7159,0.03643798
7160,0.017730713
7161,0.0073242337
7162,-0.005462654
7163,-0.00045774877
7164,0.001342766
7165,0.0071411133
7166,0.0092468
7167,0.0068969615
7168,-0.0010986067
7169,-0.008483883
7170,-0.016540542
7171,-0.018829346
7172,-0.025238048
7173,-0.030151382
7174,-0.02813722
7175,-0.028961167
7176,-0.03067018
7177,-0.02880859
7178,-0.030975351
7179,-0.013122544
7180,-0.0054931603
7181,0.026947021
7182,0.04913331
7183,0.07513428
7184,0.08505249
7185,0.09130858
7186,0.09350586
7187,0.09405519
7188,0.09146121
7189,0.09197998
7190,0.09469603
7191,0.09664916
7192,0.106048584
7193,0.106842056
7194,0.115997314
7195,0.11260987
7196,0.105377205
7197,0.08703613
7198,0.078887954
7199,0.061645508
7200,0.052764896
7201,0.038879376
7202,0.029724106
7203,0.010284431
7204,-0.006561272
7205,-0.026336677
7206,-0.036682136
7207,-0.041778553
7208,-0.041534446
7209,-0.04074099
7210,-0.04763794
7211,-0.0515442
7212,-0.07226561
7213,-0.08673096
7214,-0.1093445
7215,-0.12078856
7216,-0.13208006
7217,-0.13348387
7218,-0.12554933
7219,-0.120056145
7220,-0.10998535
7221,-0.101806656
7222,-0.09216309
7223,-0.08831786
7224,-0.07550049
7225,-0.064086914
7226,-0.04345703
7227,-0.034484867
7228,-0.021972653
7229,-0.025787361
7230,-0.023925785
7231,-0.024353024
7232,-0.027069084
7233,-0.023071267
7234,-0.021301292
7235,-0.014068626
7236,-0.0066222996
7237,0.0045776367
7238,0.013214126
7239,0.021911617
7240,0.019622806
7241,0.013885494
7242,0.0058899075
7243,-0.0046386663
7244,-0.005004883
7245,-0.012268074
7246,-0.01321412
7247,-0.0256958
7248,-0.038116448
7249,-0.044036873
7250,-0.041259773
7251,-0.029296868
7252,-0.020111091
7253,-0.0036926344
7254,0.0032959022
7255,0.018737782
7256,0.021667495
7257,0.03176882
7258,0.02938842
7259,0.034667987
7260,0.03250122
7261,0.03970338
7262,0.044860832
7263,0.059417732
7264,0.068817124
7265,0.07785034
7266,0.077911384
7267,0.06735228
7268,0.06192017
7269,0.052642837
7270,0.051757805
7271,0.043457024
7272,0.034301765
7273,0.019073479
7274,0.008697509
7275,-0.004486069
7276,-0.008819571
7277,-0.013092019
7278,-0.008544946
7279,-0.003753676
7280,0.0058593843
7281,0.010986323
7282,0.015991218
7283,0.017913813
7284,0.015411381
7285,0.00982666
7286,0.0074462965
7287,0.0047912598
7288,0.010314949
7289,0.013580333
7290,0.019439701
7291,0.024047844
7292,0.024444576
7293,0.029418949
7294,0.03500367
7295,0.044342056
7296,0.04873658
7297,0.05319214
7298,0.053527847
7299,0.05593872
7300,0.055206306
7301,0.05212403
7302,0.04257202
7303,0.036438
7304,0.024261475
7305,0.017303482
7306,0.00686644
7307,0.007446289
7308,0.0025329515
7309,0.0017395094
7310,-0.0072326735
7311,-0.0137024075
7312,-0.02215577
7313,-0.030639626
7314,-0.038055427
7315,-0.044799812
7316,-0.05697631
7317,-0.071014404
7318,-0.081634514
7319,-0.09414671
7320,-0.09466553
7321,-0.10049437
7322,-0.09298707
7323,-0.09005738
7324,-0.080627434
7325,-0.07379152
7326,-0.06604004
7327,-0.057434097
7328,-0.04449462
7329,-0.036254875
7330,-0.028015133
7331,-0.020141628
7332,-0.011718728
7333,-0.0027160458
7334,-0.0014038123
7335,0.0052795373
7336,0.00579834
7337,0.007446304
7338,0.019439695
7339,0.029876703
7340,0.040802017
7341,0.048828118
7342,0.053955063
7343,0.06289671
7344,0.07006837
7345,0.07708741
7346,0.0836792
7347,0.088317886
7348,0.08587646
7349,0.07559204
7350,0.063568115
7351,0.04946898
7352,0.030364968
7353,0.012969989
7354,-0.005065929
7355,-0.008483898
7356,-0.01455687
7357,-0.0217285
7358,-0.028686535
7359,-0.039672874
7360,-0.055816665
7361,-0.06497193
7362,-0.07528688
7363,-0.08279419
7364,-0.08169556
7365,-0.08441162
7366,-0.0776062
7367,-0.074432366
7368,-0.06906128
7369,-0.069702156
7370,-0.061187744
7371,-0.060485847
7372,-0.04946898
7373,-0.04260253
7374,-0.033081044
7375,-0.021972679
7376,-0.011901848
7377,-0.0048828013
7378,0.0027160645
7379,0.013153066
7380,0.019317625
7381,0.030151375
7382,0.042022705
7383,0.052642822
7384,0.06265259
7385,0.070983864
7386,0.07540892
7387,0.080749504
7388,0.07461547
7389,0.061553955
7390,0.052246083
7391,0.04147339
7392,0.030090334
7393,0.018859878
7394,0.006195076
7395,-0.007720951
7396,-0.025756847
7397,-0.04605101
7398,-0.06073
7399,-0.061340332
7400,-0.06799315
7401,-0.07122803
7402,-0.07128907
7403,-0.065521255
7404,-0.06747437
7405,-0.059570312
7406,-0.06268312
7407,-0.057189934
7408,-0.050689694
7409,-0.049865726
7410,-0.045745853
7411,-0.040191658
7412,-0.042907707
7413,-0.045166023
7414,-0.044891343
7415,-0.048889168
7416,-0.04119872
7417,-0.03381347
7418,-0.028076163
7419,-0.011199957
7420,-0.0013427716
7421,0.0028076172
7422,0.0051269587
7423,0.009246808
7424,0.009948738
7425,0.018066408
7426,0.023529045
7427,0.020782463
7428,0.028472919
7429,0.03247068
7430,0.034667972
7431,0.034637436
7432,0.029388413
7433,0.021789566
7434,0.02770995
7435,0.02575685
7436,0.02804564
7437,0.039215095
7438,0.03768921
7439,0.037078865
7440,0.028594956
7441,0.019653324
7442,0.016448963
7443,0.0195923
7444,0.017700192
7445,0.015563969
7446,0.02682494
7447,0.023162846
7448,0.02496336
7449,0.02947998
7450,0.02542112
7451,0.026489273
7452,0.027465824
7453,0.026885983
7454,0.02865601
7455,0.04479979
7456,0.039337162
7457,0.045745835
7458,0.04589844
7459,0.03756714
7460,0.038299564
7461,0.032348648
7462,0.034484863
7463,0.040039055
7464,0.04785157
7465,0.039276123
7466,0.050476074
7467,0.05291746
7468,0.04565431
7469,0.049316414
7470,0.037170425
7471,0.031951904
7472,0.03060915
7473,0.03213501
7474,0.0261841
7475,0.023651108
7476,0.012390139
7477,-0.0058898665
7478,0.0015563853
7479,-0.008483868
7480,-0.0021057278
7481,0.0020446777
7482,-0.005554199
7483,-0.010314949
7484,-0.013793945
7485,-0.026947044
7486,-0.03665161
7487,-0.04425049
7488,-0.06530762
7489,-0.07507321
7490,-0.080200195
7491,-0.09161374
7492,-0.0871277
7493,-0.09219358
7494,-0.096771255
7495,-0.10443115
7496,-0.1077881
7497,-0.11151123
7498,-0.1081543
7499,-0.097290054
7500,-0.10870358
7501,-0.08895875
7502,-0.09283449
7503,-0.08398437
7504,-0.068908684
7505,-0.060180668
7506,-0.039947506
7507,-0.021911621
7508,-0.00064085796
7509,0.014587384
7510,0.06222534
7511,0.09207152
7512,0.1263733
7513,0.17492676
7514,0.20904544
7515,0.25146484
7516,0.29422
7517,0.34680176
7518,0.3938293
7519,0.4338684
7520,0.45846558
7521,0.46218875
7522,0.4747314
7523,0.45410162
7524,0.43560788
7525,0.40863037
7526,0.36105344
7527,0.32833865
7528,0.27413934
7529,0.23355103
7530,0.18255618
7531,0.115051284
7532,0.014007568
7533,-0.09286497
7534,-0.20492558
7535,-0.35232547
7536,-0.48095712
7537,-0.62487787
7538,-0.7550965
7539,-0.90707403
7540,-1.0513306
7541,-1.1754456
7542,-1.2754211
7543,-1.326355
7544,-1.3609924
7545,-1.324646
7546,-1.2628478
7547,-1.1696473
7548,-1.0404663
7549,-0.91787726
7550,-0.7587585
7551,-0.5982666
7552,-0.42816168
7553,-0.22314458
7554,0.023010254
7555,0.2748108
7556,0.5265504
7557,0.8022462
7558,1.0635682
7559,1.3190917
7560,1.5544434
7561,1.7833865
7562,1.986969
7563,2.1674805
7564,2.2840884
7565,2.3403323
7566,2.351654
7567,2.2619324
7568,2.1429749
7569,1.9607544
7570,1.7614747
7571,1.5431215
7572,1.2802429
7573,1.033203
7574,0.74984753
7575,0.4247132
7576,0.029266357
7577,-0.3540039
7578,-0.7504884
7579,-1.1649781
7580,-1.5693055
7581,-1.9466248
7582,-2.2871401
7583,-2.6213076
7584,-2.9167786
7585,-3.1478577
7586,-3.2728882
7587,-3.3207397
7588,-3.262085
7589,-3.1055908
7590,-2.8597717
7591,-2.565857
7592,-2.2302856
7593,-1.8810427
7594,-1.5096436
7595,-1.1409607
7596,-0.7831727
7597,-0.40048224
7598,0.003295891
7599,0.4119873
7600,0.8251039
7601,1.2369995
7602,1.6464236
7603,2.020935
7604,2.3622437
7605,2.6837466
7606,2.9621277
7607,3.2072446
7608,3.368744
7609,3.4743347
7610,3.4777527
7611,3.3792725
7612,3.1926575
7613,2.9379883
7614,2.6381836
7615,2.3215332
7616,1.9623108
7617,1.6203308
7618,1.2724916
7619,0.8830872
7620,0.45083618
7621,0.013336197
7622,-0.41711438
7623,-0.8743287
7624,-1.3324891
7625,-1.7496643
7626,-2.1481936
7627,-2.523163
7628,-2.8765259
7629,-3.1515198
7630,-3.3389282
7631,-3.438324
7632,-3.4288025
7633,-3.338379
7634,-3.1411743
7635,-2.9114685
7636,-2.632843
7637,-2.3467102
7638,-2.0220032
7639,-1.7087708
7640,-1.3875428
7641,-1.0378113
7642,-0.6571656
7643,-0.2616272
7644,0.14443988
7645,0.55633545
7646,0.97161883
7647,1.3579407
7648,1.7225038
7649,2.0736394
7650,2.397461
7651,2.6923826
7652,2.9102173
7653,3.064087
7654,3.1152039
7655,3.0710754
7656,2.9300842
7657,2.7295837
7658,2.472504
7659,2.1993103
7660,1.8937072
7661,1.590332
7662,1.2924194
7663,0.9697876
7664,0.62725836
7665,0.2789306
7666,-0.068481624
7667,-0.39953625
7668,-0.7480775
7669,-1.0565186
7670,-1.3562623
7671,-1.61438
7672,-1.8452454
7673,-2.0300293
7674,-2.1497803
7675,-2.245819
7676,-2.2688596
7677,-2.2291565
7678,-2.1438904
7679,-2.0197449
7680,-1.8845828
7681,-1.7334288
7682,-1.5523987
7683,-1.3925476
7684,-1.2070314
7685,-1.0269164
7686,-0.79687506
7687,-0.5835571
7688,-0.35357666
7689,-0.11679089
7690,0.13031003
7691,0.36425784
7692,0.57397485
7693,0.7870178
7694,0.9786682
7695,1.133606
7696,1.2380369
7697,1.3119811
7698,1.3257751
7699,1.3144227
7700,1.2373047
7701,1.1497802
7702,1.020569
7703,0.90200806
7704,0.78985584
7705,0.6705934
7706,0.5913696
7707,0.5290527
7708,0.48641974
7709,0.43179315
7710,0.3687438
7711,0.31466675
7712,0.25863636
7713,0.20538333
7714,0.14596556
7715,0.09185788
7716,0.017242434
7717,-0.07662952
7718,-0.19046018
7719,-0.31616217
7720,-0.43792737
7721,-0.5392151
7722,-0.63546765
7723,-0.70013416
7724,-0.7460328
7725,-0.79040515
7726,-0.80706775
7727,-0.82922363
7728,-0.8326721
7729,-0.8150634
7730,-0.76245123
7731,-0.70477295
7732,-0.62435913
7733,-0.5447693
7734,-0.43630987
7735,-0.33868408
7736,-0.22735581
7737,-0.12490843
7738,-0.011413559
7739,0.07577519
7740,0.15286256
7741,0.22219853
7742,0.28073108
7743,0.3260193
7744,0.37277222
7745,0.41931152
7746,0.47113037
7747,0.51937866
7748,0.5518187
7749,0.5810547
7750,0.5883179
7751,0.59783936
7752,0.57287604
7753,0.54132074
7754,0.47348014
7755,0.40396118
7756,0.3240661
7757,0.2350159
7758,0.16711418
7759,0.086578295
7760,0.01962287
7761,-0.057006765
7762,-0.116882294
7763,-0.1755065
7764,-0.22024538
7765,-0.23861693
7766,-0.2418823
7767,-0.22244264
7768,-0.19430542
7769,-0.16372687
7770,-0.13363649
7771,-0.10452275
7772,-0.083740205
7773,-0.072570816
7774,-0.06353759
7775,-0.052551225
7776,-0.031402536
7777,-0.021331668
7778,-0.00082394853
7779,0.009033158
7780,0.01715085
7781,0.023376537
7782,0.045013417
7783,0.061615005
7784,0.09271234
7785,0.13128659
7786,0.17330933
7787,0.20361331
7788,0.23632814
7789,0.2510376
7790,0.27011114
7791,0.27856442
7792,0.28164676
7793,0.27734375
7794,0.27163696
7795,0.26876825
7796,0.25695798
7797,0.23962405
7798,0.19787602
7799,0.15887457
7800,0.10815434
7801,0.067230195
7802,0.030273434
7803,-0.0053405277
7804,-0.043670654
7805,-0.08978273
7806,-0.13369751
7807,-0.18194583
7808,-0.21777344
7809,-0.24856566
7810,-0.27398682
7811,-0.28900146
7812,-0.30325317
7813,-0.30541995
7814,-0.3030395
7815,-0.28985602
7816,-0.2737121
7817,-0.2558899
7818,-0.23577884
7819,-0.21350095
7820,-0.17803952
7821,-0.14205927
7822,-0.09771721
7823,-0.060363777
7824,-0.025237992
7825,0.0073547885
7826,0.052459665
7827,0.09530643
7828,0.14480588
7829,0.19744869
7830,0.246521
7831,0.28552246
7832,0.31280518
7833,0.32901004
7834,0.34127808
7835,0.34481812
7836,0.3406067
7837,0.33920288
7838,0.32910156
7839,0.32403564
7840,0.31115717
7841,0.2972412
7842,0.26110837
7843,0.2331848
7844,0.18539429
7845,0.14840698
7846,0.111114495
7847,0.0701599
7848,0.027984627
7849,-0.021240238
7850,-0.07662964
7851,-0.13494873
7852,-0.19284058
7853,-0.24234006
7854,-0.28344727
7855,-0.3216858
7856,-0.34942627
7857,-0.3710022
7858,-0.3843689
7859,-0.3882141
7860,-0.38616943
7861,-0.37695312
7862,-0.36801147
7863,-0.34298706
7864,-0.30825806
7865,-0.26385498
7866,-0.21697995
7867,-0.16983032
7868,-0.13061522
7869,-0.08874511
7870,-0.04275514
7871,0.004058849
7872,0.054565407
7873,0.10543823
7874,0.15191652
7875,0.18667603
7876,0.21487427
7877,0.23699951
7878,0.25064087
7879,0.25778198
7880,0.25601196
7881,0.24710083
7882,0.23022461
7883,0.21557617
7884,0.1972351
7885,0.18508913
7886,0.16174313
7887,0.13308717
7888,0.09573363
7889,0.070892334
7890,0.044342034
7891,0.012542725
7892,-0.030029278
7893,-0.075958274
7894,-0.12075804
7895,-0.1609497
7896,-0.19775392
7897,-0.22073364
7898,-0.24398804
7899,-0.25958252
7900,-0.27172852
7901,-0.27304077
7902,-0.2720337
7903,-0.269104
7904,-0.26419067
7905,-0.25933838
7906,-0.24841309
7907,-0.23791505
7908,-0.21670532
7909,-0.19458008
7910,-0.16531372
7911,-0.15081787
7912,-0.1317749
7913,-0.106811516
7914,-0.073730476
7915,-0.030120846
7916,0.008575435
7917,0.04409791
7918,0.06640625
7919,0.08358763
7920,0.09317016
7921,0.11431885
7922,0.13107298
7923,0.15203859
7924,0.17074588
7925,0.18322754
7926,0.18386844
7927,0.1842041
7928,0.17758179
7929,0.16824341
7930,0.15603638
7931,0.13525394
7932,0.1135559
7933,0.092071526
7934,0.06838989
7935,0.03598022
7936,0.00033570826
7937,-0.039947517
7938,-0.07229613
7939,-0.09207155
7940,-0.10302734
7941,-0.09786987
7942,-0.09109498
7943,-0.083343506
7944,-0.08020018
7945,-0.0715027
7946,-0.07015993
7947,-0.06436155
7948,-0.06271363
7949,-0.06015014
7950,-0.052276596
7951,-0.04821776
7952,-0.03543091
7953,-0.02664186
7954,-0.011749275
7955,-0.009460449
7956,-0.0012817495
7957,0.016143791
7958,0.03994751
7959,0.07098389
7960,0.09286499
7961,0.10305786
7962,0.10409546
7963,0.089935295
7964,0.07797241
7965,0.06954956
7966,0.06802367
7967,0.06442262
7968,0.061462414
7969,0.057189927
7970,0.04956055
7971,0.043975823
7972,0.036041275
7973,0.03143309
7974,0.024047859
7975,0.018737808
7976,0.012573246
7977,0.008728042
7978,0.004180908
7979,-0.0065612905
7980,-0.020141587
7981,-0.037475593
7982,-0.048645
7983,-0.053131107
7984,-0.050689675
7985,-0.0387268
7986,-0.018249491
7987,-0.00039672852
7988,0.015869139
7989,0.031951893
7990,0.043914787
7991,0.058349624
7992,0.06542967
7993,0.066192634
7994,0.067779526
7995,0.06259156
7996,0.058929436
7997,0.051177964
7998,0.044555645
7999,0.024810798
8000,0.013336178
8001,0.011108391
8002,0.01937867
8003,0.037902832
8004,0.043273915
8005,0.035827644
8006,0.016021729
8007,-0.013854977
8008,-0.042175297
8009,-0.06655883
8010,-0.08151244
8011,-0.090332046
8012,-0.09179686
8013,-0.09387207
8014,-0.09115602
8015,-0.088256836
8016,-0.08810425
8017,-0.087463394
8018,-0.08828734
8019,-0.08078003
8020,-0.07379148
8021,-0.059539787
8022,-0.049011227
8023,-0.044128437
8024,-0.04412843
8025,-0.04898072
8026,-0.04287719
8027,-0.03048705
8028,-0.013641354
8029,0.010559084
8030,0.03170778
8031,0.053070076
8032,0.07272338
8033,0.0909729
8034,0.10781859
8035,0.1223755
8036,0.13253786
8037,0.13824464
8038,0.14355467
8039,0.14505008
8040,0.15023802
8041,0.14486694
8042,0.13916013
8043,0.13137819
8044,0.1203308
8045,0.10531616
8046,0.08496096
8047,0.066467285
8048,0.039672837
8049,0.016021729
8050,-0.0039978065
8051,-0.025726322
8052,-0.043243416
8053,-0.065979
8054,-0.085144036
8055,-0.10479736
8056,-0.11749265
8057,-0.13320923
8058,-0.14013675
8059,-0.1468811
8060,-0.15402222
8061,-0.15414432
8062,-0.1550598
8063,-0.14602661
8064,-0.13568114
8065,-0.117675774
8066,-0.10015869
8067,-0.08450318
8068,-0.07052613
8069,-0.05908204
8070,-0.03756714
8071,-0.013244629
8072,0.01626587
8073,0.044433605
8074,0.0704651
8075,0.09362793
8076,0.11163328
8077,0.123809844
8078,0.13262936
8079,0.13623047
8080,0.13720706
8081,0.13293456
8082,0.12445068
8083,0.11486817
8084,0.10516356
8085,0.09179689
8086,0.07891844
8087,0.06735229
8088,0.054931644
8089,0.044830326
8090,0.03622438
8091,0.028625494
8092,0.016204827
8093,0.0038452111
8094,-0.012390139
8095,-0.026092526
8096,-0.037536632
8097,-0.050109863
8098,-0.068786606
8099,-0.08233644
8100,-0.09005737
8101,-0.09942627
8102,-0.10296631
8103,-0.10891723
8104,-0.10040283
8105,-0.05386354
8106,0.012176573
8107,0.06396481
8108,0.09796142
8109,0.090850785
8110,0.09750366
8111,0.16235355
8112,0.16055296
8113,0.018707275
8114,-0.16033933
8115,-0.33468625
8116,-0.46591187
8117,-0.491333
8118,-0.45236206
8119,-0.36697394
8120,-0.26492313
8121,-0.16961664
8122,-0.09289554
8123,-0.040801965
8124,-0.0137939155
8125,0.0056152344
8126,-0.0056762695
8127,-0.09207152
8128,-0.20989999
8129,-0.28222644
8130,-0.31161496
8131,-0.24432367
8132,-0.19613642
8133,-0.2693787
8134,-0.2071228
8135,0.11773683
8136,0.5227966
8137,0.9079894
8138,1.1983337
8139,1.2617188
8140,1.1725464
8141,0.99215704
8142,0.7832032
8143,0.5899962
8144,0.4403687
8145,0.345581
8146,0.2977295
8147,0.26428223
8148,0.2463074
8149,0.2645874
8150,0.3011781
8151,0.32089233
8152,0.3110656
8153,0.25384516
8154,0.18023682
8155,0.1543274
8156,0.052734375
8157,-0.16937262
8158,-0.4284973
8159,-0.66186523
8160,-0.8246155
8161,-0.8539124
8162,-0.7894897
8163,-0.6914673
8164,-0.6004334
8165,-0.5451354
8166,-0.51525885
8167,-0.5090027
8168,-0.5191345
8169,-0.52816767
8170,-0.56137097
8171,-0.66159064
8172,-0.8030397
8173,-0.89678955
8174,-0.9340208
8175,-0.8881835
8176,-0.82769775
8177,-0.8634645
8178,-0.75201416
8179,-0.38601682
8180,0.06713858
8181,0.50088495
8182,0.8252869
8183,0.9163208
8184,0.84262085
8185,0.6970826
8186,0.5401612
8187,0.41342145
8188,0.3392029
8189,0.3110351
8190,0.33584595
8191,0.39297482
8192,0.4751588
8193,0.5898133
8194,0.70938134
8195,0.78344715
8196,0.80877674
8197,0.7702331
8198,0.7067567
8199,0.6852722
8200,0.5918886
8201,0.37911978
8202,0.1255188
8203,-0.11389166
8204,-0.2955628
8205,-0.35650635
8206,-0.33068842
8207,-0.27975464
8208,-0.21752939
8209,-0.17318708
8210,-0.1835022
8211,-0.21276855
8212,-0.26867676
8213,-0.3199157
8214,-0.3954774
8215,-0.53799444
8216,-0.7203676
8217,-0.85702515
8218,-0.9343566
8219,-0.9323424
8220,-0.9058838
8221,-0.97287
8222,-0.8827821
8223,-0.5310364
8224,-0.08444217
8225,0.34283438
8226,0.66952515
8227,0.75781256
8228,0.68640125
8229,0.5420532
8230,0.38812262
8231,0.26516703
8232,0.18991095
8233,0.16906732
8234,0.19921875
8235,0.26156616
8236,0.34924328
8237,0.46762097
8238,0.58923364
8239,0.66497797
8240,0.6932677
8241,0.6606749
8242,0.6047059
8243,0.5946655
8244,0.5167543
8245,0.3224181
8246,0.088592574
8247,-0.13323979
8248,-0.2952271
8249,-0.33306885
8250,-0.28250116
8251,-0.2081908
8252,-0.1314393
8253,-0.07223493
8254,-0.07208255
8255,-0.09286499
8256,-0.13967896
8257,-0.19540404
8258,-0.23892222
8259,-0.23831183
8260,-0.2247315
8261,-0.22442633
8262,-0.22741686
8263,-0.27612305
8264,-0.26922613
8265,-0.17672732
8266,-0.14721695
8267,-0.27175903
8268,-0.44091785
8269,-0.6091614
8270,-0.7537842
8271,-0.79846185
8272,-0.78695685
8273,-0.70858777
8274,-0.58700556
8275,-0.44854742
8276,-0.3078308
8277,-0.1994018
8278,-0.10772705
8279,-0.02514653
8280,0.079956144
8281,0.21676645
8282,0.37615982
8283,0.49972522
8284,0.5856627
8285,0.6377257
8286,0.686493
8287,0.78790283
8288,0.821808
8289,0.71865845
8290,0.5588685
8291,0.38284296
8292,0.23056024
8293,0.17053229
8294,0.17105103
8295,0.20492554
8296,0.2649841
8297,0.33523571
8298,0.35961917
8299,0.36074835
8300,0.3265381
8301,0.26306152
8302,0.18322752
8303,0.109130844
8304,0.049377453
8305,0.015838712
8306,-0.0064697266
8307,-0.006225601
8308,-0.008270331
8309,-0.020324696
8310,-0.045837477
8311,-0.07275391
8312,-0.10537717
8313,-0.13098145
8314,-0.14578244
8315,-0.15203854
8316,-0.14941414
8317,-0.1445008
8318,-0.1481628
8319,-0.16320813
8320,-0.1533508
8321,-0.14282225
8322,-0.1378784
8323,-0.147583
8324,-0.16915894
8325,-0.19802858
8326,-0.2111206
8327,-0.21746819
8328,-0.21661374
8329,-0.20162964
8330,-0.19515994
8331,-0.19711302
8332,-0.19497679
8333,-0.18667601
8334,-0.16955575
8335,-0.15014644
8336,-0.120086625
8337,-0.08236699
8338,-0.03799434
8339,0.009155301
8340,0.02999881
8341,0.0359497
8342,0.05035399
8343,0.064025864
8344,0.079132065
8345,0.08218387
8346,0.07785031
8347,0.075317346
8348,0.07150266
8349,0.077941924
8350,0.08892825
8351,0.09585573
8352,0.09533689
8353,0.08755496
8354,0.06375123
8355,0.032104556
8356,-0.007507421
8357,-0.04251094
8358,-0.066833444
8359,-0.0808106
8360,-0.08407585
8361,-0.08532712
8362,-0.09008788
8363,-0.10409548
8364,-0.09750371
8365,-0.0923767
8366,-0.08367918
8367,-0.07202148
8368,-0.058685295
8369,-0.04763794
8370,-0.03552246
8371,-0.031097412
8372,-0.026641846
8373,-0.024444565
8374,-0.02029419
8375,-0.01593019
8376,-0.0065612644
8377,0.004913375
8378,0.023162797
8379,0.039978042
8380,0.05487062
8381,0.064392075
8382,0.075256385
8383,0.08749394
8384,0.09759522
8385,0.10818486
8386,0.11279297
8387,0.11456297
8388,0.12063597
8389,0.11920165
8390,0.12103271
8391,0.12615967
8392,0.13043216
8393,0.13769533
8394,0.14669797
8395,0.15133668
8396,0.14843749
8397,0.14111328
8398,0.12466433
8399,0.11022951
8400,0.09075926
8401,0.07022096
8402,0.052856453
8403,0.037475586
8404,0.024993926
8405,0.0069274902
8406,-0.008605972
8407,-0.024292007
8408,-0.037323028
8409,-0.046997063
8410,-0.062530495
8411,-0.07507326
8412,-0.08865356
8413,-0.102050774
8414,-0.11395265
8415,-0.12463379
8416,-0.13650513
8417,-0.1439209
8418,-0.14782715
8419,-0.15145874
8420,-0.14916994
8421,-0.14486694
8422,-0.12942505
8423,-0.11160278
8424,-0.09173584
8425,-0.07492065
8426,-0.056701675
8427,-0.034088127
8428,-0.01565551
8429,0.0025634896
8430,0.014984146
8431,0.024536118
8432,0.034545884
8433,0.04168701
8434,0.047821045
8435,0.0499878
8436,0.05505372
8437,0.062438972
8438,0.06817626
8439,0.07687377
8440,0.08081053
8441,0.08517455
8442,0.08209229
8443,0.07693483
8444,0.06677245
8445,0.05636598
8446,0.04486084
8447,0.033905037
8448,0.015197776
8449,-0.005645751
8450,-0.025878904
8451,-0.04647828
8452,-0.062225357
8453,-0.07653806
8454,-0.0928955
8455,-0.10763551
8456,-0.11904907
8457,-0.13452148
8458,-0.1484375
8459,-0.16131592
8460,-0.17590332
8461,-0.18435669
8462,-0.18811035
8463,-0.18380737
8464,-0.17172244
8465,-0.15606691
8466,-0.13671875
8467,-0.114105225
8468,-0.094573975
8469,-0.078613274
8470,-0.061737075
8471,-0.04476928
8472,-0.03137206
8473,-0.020690922
8474,-0.012451158
8475,-0.007934574
8476,0.0011596698
8477,0.013854984
8478,0.024658203
8479,0.03518676
8480,0.048889168
8481,0.06454469
8482,0.086791985
8483,0.11016846
8484,0.1314392
8485,0.14718625
8486,0.157074
8487,0.1630249
8488,0.16366577
8489,0.1602478
8490,0.15213013
8491,0.14178467
8492,0.12002565
8493,0.09973144
8494,0.08056641
8495,0.06542968
8496,0.05645751
8497,0.050415054
8498,0.04196167
8499,0.03671263
8500,0.031921383
8501,0.026397713
8502,0.01821899
8503,0.008148193
8504,-0.0040283203
8505,-0.0153503455
8506,-0.024047833
8507,-0.027496336
8508,-0.0222168
8509,-0.01812746
8510,-0.012786858
8511,-0.009277357
8512,-0.00390625
8513,0.0035705492
8514,0.01202392
8515,0.022125244
8516,0.028289791
8517,0.035705566
8518,0.04244996
8519,0.046569817
8520,0.051971443
8521,0.0572815
8522,0.05758667
8523,0.059020992
8524,0.057922363
8525,0.060882565
8526,0.06802367
8527,0.07723999
8528,0.08410645
8529,0.08615113
8530,0.08151245
8531,0.07476807
8532,0.06323244
8533,0.050872803
8534,0.03723145
8535,0.02185058
8536,0.0014038067
8537,-0.017425546
8538,-0.033935547
8539,-0.046966545
8540,-0.057434082
8541,-0.06402588
8542,-0.07092286
8543,-0.07583618
8544,-0.07736206
8545,-0.07763672
8546,-0.08035278
8547,-0.09030151
8548,-0.10025024
8549,-0.112457275
8550,-0.12075804
8551,-0.12509155
8552,-0.12716675
8553,-0.12728883
8554,-0.12860107
8555,-0.12579347
8556,-0.119506836
8557,-0.10806275
8558,-0.09082031
8559,-0.0725708
8560,-0.049865726
8561,-0.023986818
8562,0.0035705566
8563,0.028747566
8564,0.050750725
8565,0.0682068
8566,0.082153305
8567,0.09164428
8568,0.10086059
8569,0.11267088
8570,0.12423706
8571,0.13656616
8572,0.14508057
8573,0.14627077
8574,0.14224243
8575,0.13687135
8576,0.124328606
8577,0.10641481
8578,0.08712769
8579,0.06542969
8580,0.045989994
8581,0.028686529
8582,0.012634285
8583,-0.0052795326
8584,-0.028076172
8585,-0.04623413
8586,-0.06524658
8587,-0.076141365
8588,-0.082855225
8589,-0.08053589
8590,-0.077178955
8591,-0.079345696
8592,-0.08566284
8593,-0.0925293
8594,-0.0975952
8595,-0.09820557
8596,-0.10116575
8597,-0.10232543
8598,-0.10223387
8599,-0.097259514
8600,-0.089019775
8601,-0.07498168
8602,-0.058044437
8603,-0.039611824
8604,-0.02017213
8605,0.0031127855
8606,0.02725219
8607,0.047882095
8608,0.06787108
8609,0.08493044
8610,0.0994873
8611,0.110748276
8612,0.12194823
8613,0.13208005
8614,0.14147949
8615,0.14727782
8616,0.14910889
8617,0.14712524
8618,0.14263915
8619,0.13815309
8620,0.13217162
8621,0.12664796
8622,0.11932373
8623,0.10864258
8624,0.098236084
8625,0.08483888
8626,0.067443855
8627,0.045806885
8628,0.01959229
8629,-0.0017395075
8630,-0.024017321
8631,-0.045135498
8632,-0.064392075
8633,-0.078125
8634,-0.0925293
8635,-0.10604857
8636,-0.12384033
8637,-0.14266968
8638,-0.15829465
8639,-0.16961668
8640,-0.17718503
8641,-0.1795044
8642,-0.1733093
8643,-0.16296387
8644,-0.15121458
8645,-0.13607788
8646,-0.12414552
8647,-0.11141968
8648,-0.094116226
8649,-0.07708742
8650,-0.05218506
8651,-0.029632553
8652,-0.0016174503
8653,0.022705093
8654,0.046813957
8655,0.06375121
8656,0.07998656
8657,0.09201048
8658,0.1043091
8659,0.11123656
8660,0.11456297
8661,0.11526488
8662,0.11648558
8663,0.1173401
8664,0.11868283
8665,0.12097167
8666,0.12274171
8667,0.12033081
8668,0.11764528
8669,0.1083069
8670,0.09454346
8671,0.0770874
8672,0.054443352
8673,0.032684326
8674,0.0051269755
8675,-0.021575928
8676,-0.047851548
8677,-0.06903078
8678,-0.0883484
8679,-0.102752686
8680,-0.122406006
8681,-0.138916
8682,-0.15023802
8683,-0.15457152
8684,-0.15121457
8685,-0.14620973
8686,-0.1375427
8687,-0.12731934
8688,-0.11584473
8689,-0.10229492
8690,-0.08932496
8691,-0.0753479
8692,-0.06436158
8693,-0.063995376
8694,-0.06311035
8695,-0.06872558
8696,-0.065429695
8697,-0.057861328
8698,-0.048095703
8699,-0.0390625
8700,-0.029113766
8701,-0.023040768
8702,-0.011199946
8703,0.00042724982
8704,0.011291489
8705,0.018310528
8706,0.023864735
8707,0.028442388
8708,0.036773674
8709,0.04266356
8710,0.04028321
8711,0.036926247
8712,0.029693604
8713,0.0154418945
8714,0.0055236667
8715,0.008239746
8716,0.014587395
8717,0.028350815
8718,0.032928474
8719,0.031402584
8720,0.02563477
8721,0.01638794
8722,0.0052490234
8723,-0.0019226009
8724,-0.012420652
8725,-0.021911588
8726,-0.027496334
8727,-0.03317259
8728,-0.033355713
8729,-0.033874527
8730,-0.03286742
8731,-0.034149162
8732,-0.031616203
8733,-0.030700687
8734,-0.024841323
8735,-0.014495846
8736,-0.005676267
8737,-0.0040588416
8738,-0.0024719164
8739,-0.0057983343
8740,-0.0039672814
8741,-0.0031738393
8742,0.0031738281
8743,0.0100097805
8744,0.016632099
8745,0.023071293
8746,0.03131105
8747,0.042510986
8748,0.04785155
8749,0.052246083
8750,0.050262462
8751,0.049346913
8752,0.05050658
8753,0.048187234
8754,0.043182377
8755,0.041381814
8756,0.037231453
8757,0.030456543
8758,0.030731184
8759,0.04547119
8760,0.062438972
8761,0.08184813
8762,0.090271
8763,0.09362793
8764,0.09048462
8765,0.08673094
8766,0.08227539
8767,0.07421875
8768,0.06454467
8769,0.053436283
8770,0.043121334
8771,0.03460694
8772,0.025756821
8773,0.016326906
8774,0.0032348558
8775,-0.012542722
8776,-0.02816773
8777,-0.04565428
8778,-0.05313111
8779,-0.055450432
8780,-0.05917357
8781,-0.0673828
8782,-0.080017105
8783,-0.094238274
8784,-0.10095215
8785,-0.10177614
8786,-0.09686279
8787,-0.08401488
8788,-0.06738281
8789,-0.050445586
8790,-0.033355728
8791,-0.0057373345
8792,0.027770981
8793,0.07312012
8794,0.11343384
8795,0.15438843
8796,0.19979858
8797,0.23599243
8798,0.26214594
8799,0.30160517
8800,0.33538824
8801,0.36663818
8802,0.39779657
8803,0.4251709
8804,0.44622812
8805,0.45465082
8806,0.44589236
8807,0.42733774
8808,0.39773554
8809,0.35745245
8810,0.30545044
8811,0.2436524
8812,0.17037964
8813,0.076751724
8814,-0.038421616
8815,-0.17440797
8816,-0.3101806
8817,-0.4568787
8818,-0.6113281
8819,-0.7597656
8820,-0.8995971
8821,-1.0510254
8822,-1.1969606
8823,-1.3215332
8824,-1.4111632
8825,-1.4590759
8826,-1.4672854
8827,-1.4258116
8828,-1.3241884
8829,-1.2039491
8830,-1.0571593
8831,-0.89602673
8832,-0.7244262
8833,-0.533722
8834,-0.33096313
8835,-0.105590835
8836,0.13455199
8837,0.38897708
8838,0.64840686
8839,0.9129639
8840,1.1684877
8841,1.4248658
8842,1.6764832
8843,1.9242249
8844,2.1531372
8845,2.342865
8846,2.4601135
8847,2.5002441
8848,2.4771423
8849,2.3666992
8850,2.1546023
8851,1.9101259
8852,1.6383058
8853,1.3369752
8854,1.0251769
8855,0.71917725
8856,0.42587286
8857,0.116943404
8858,-0.20300293
8859,-0.54315186
8860,-0.88610834
8861,-1.2263794
8862,-1.5639039
8863,-1.8946229
8864,-2.21167
8865,-2.5275269
8866,-2.819855
8867,-3.0578613
8868,-3.2183533
8869,-3.2828674
8870,-3.2525635
8871,-3.1071775
8872,-2.8436892
8873,-2.5093994
8874,-2.1134033
8875,-1.6782228
8876,-1.2216796
8877,-0.75302136
8878,-0.2898255
8879,0.16064453
8880,0.58944696
8881,0.99407965
8882,1.3711853
8883,1.7205199
8884,2.0379336
8885,2.3355105
8886,2.6087952
8887,2.867859
8888,3.1002808
8889,3.2922971
8890,3.4101562
8891,3.4476318
8892,3.418213
8893,3.2938232
8894,3.0580754
8895,2.7720947
8896,2.443634
8897,2.0693362
8898,1.6726379
8899,1.2761536
8900,0.8853456
8901,0.48162845
8902,0.06838989
8903,-0.36578375
8904,-0.8062439
8905,-1.2320862
8906,-1.650055
8907,-2.0647585
8908,-2.466034
8909,-2.8570251
8910,-3.2205508
8911,-3.5327759
8912,-3.762024
8913,-3.8888245
8914,-3.9172058
8915,-3.8274531
8916,-3.6166384
8917,-3.3276062
8918,-2.97229
8919,-2.5641787
8920,-2.122467
8921,-1.6552429
8922,-1.1810913
8923,-0.70727533
8924,-0.24102789
8925,0.21234149
8926,0.64938354
8927,1.0697324
8928,1.4669497
8929,1.8497927
8930,2.2120361
8931,2.5549316
8932,2.8683777
8933,3.1377258
8934,3.3281555
8935,3.433838
8936,3.4575806
8937,3.3779297
8938,3.1803896
8939,2.928009
8940,2.6213684
8941,2.2763977
8942,1.9155577
8943,1.5420837
8944,1.1684875
8945,0.7907714
8946,0.42611688
8947,0.07232654
8948,-0.2884521
8949,-0.6230773
8950,-0.933838
8951,-1.2471011
8952,-1.5526733
8953,-1.8358458
8954,-2.0863647
8955,-2.3056335
8956,-2.473114
8957,-2.5891724
8958,-2.6572266
8959,-2.647705
8960,-2.5507507
8961,-2.3902588
8962,-2.1842957
8963,-1.9267884
8964,-1.6383362
8965,-1.3532103
8966,-1.0786132
8967,-0.8157043
8968,-0.5650025
8969,-0.3168639
8970,-0.07839954
8971,0.13995337
8972,0.34484872
8973,0.5478517
8974,0.7388611
8975,0.92443836
8976,1.096985
8977,1.2583923
8978,1.4031068
8979,1.5211487
8980,1.597168
8981,1.6291504
8982,1.6293335
8983,1.5761718
8984,1.4732053
8985,1.3373718
8986,1.1745911
8987,0.98306274
8988,0.7738342
8989,0.57318103
8990,0.38903803
8991,0.22616564
8992,0.08596794
8993,-0.035491824
8994,-0.13562009
8995,-0.22448736
8996,-0.29882818
8997,-0.36926258
8998,-0.433258
8999,-0.50958234
9000,-0.5838319
9001,-0.6643677
9002,-0.7519838
9003,-0.8309326
9004,-0.88989264
9005,-0.9495851
9006,-1.0062865
9007,-1.0516664
9008,-1.0853882
9009,-1.1039733
9010,-1.0942076
9011,-1.0472717
9012,-0.966095
9013,-0.85253894
9014,-0.7036133
9015,-0.54412836
9016,-0.380188
9017,-0.20193481
9018,-0.024414048
9019,0.1514587
9020,0.31408697
9021,0.46243286
9022,0.592926
9023,0.704834
9024,0.7954712
9025,0.852539
9026,0.8762207
9027,0.8710631
9028,0.84027094
9029,0.7900392
9030,0.7186889
9031,0.6325377
9032,0.5390929
9033,0.4515075
9034,0.37149042
9035,0.3026427
9036,0.24508663
9037,0.18511975
9038,0.14184573
9039,0.09991461
9040,0.07083139
9041,0.041290343
9042,0.01409906
9043,-0.010528624
9044,-0.03741455
9045,-0.06738274
9046,-0.097320504
9047,-0.11392219
9048,-0.12170413
9049,-0.12136836
9050,-0.11599731
9051,-0.10671994
9052,-0.093933016
9053,-0.07827763
9054,-0.057525635
9055,-0.038299493
9056,-0.028259251
9057,-0.016632035
9058,-0.00079350546
9059,0.016021643
9060,0.02206415
9061,0.02648928
9062,0.01879885
9063,0.008392289
9064,-0.008880585
9065,-0.026062055
9066,-0.029632568
9067,-0.021820022
9068,-0.001373237
9069,0.019653255
9070,0.04074096
9071,0.060760573
9072,0.077819824
9073,0.097045906
9074,0.1124268
9075,0.11624146
9076,0.10592653
9077,0.0889893
9078,0.07254034
9079,0.047454808
9080,0.01541131
9081,-0.025054984
9082,-0.0631409
9083,-0.1022339
9084,-0.1293335
9085,-0.15011601
9086,-0.15893555
9087,-0.15716553
9088,-0.14932251
9089,-0.13433833
9090,-0.120056145
9091,-0.10009767
9092,-0.07299803
9093,-0.04995726
9094,-0.025176987
9095,-0.0051574856
9096,0.015777625
9097,0.038147017
9098,0.06231694
9099,0.08432012
9100,0.10037233
9101,0.11770639
9102,0.13772583
9103,0.16259761
9104,0.18432614
9105,0.20343016
9106,0.21469113
9107,0.22164914
9108,0.2210694
9109,0.20724487
9110,0.1943054
9111,0.16806032
9112,0.14425656
9113,0.1182251
9114,0.089874275
9115,0.06799317
9116,0.052093502
9117,0.04727172
9118,0.04821778
9119,0.048889153
9120,0.046600327
9121,0.042846672
9122,0.04202272
9123,0.029724121
9124,0.0075683743
9125,-0.028411873
9126,-0.06701661
9127,-0.10253905
9128,-0.128479
9129,-0.14904787
9130,-0.15621951
9131,-0.15023802
9132,-0.1412048
9133,-0.12524413
9134,-0.11190796
9135,-0.098144524
9136,-0.083496094
9137,-0.07897949
9138,-0.07821657
9139,-0.08944702
9140,-0.10147094
9141,-0.11071776
9142,-0.11383057
9143,-0.111969
9144,-0.10736083
9145,-0.08715821
9146,-0.060058583
9147,-0.020782482
9148,0.025573734
9149,0.07324219
9150,0.11776735
9151,0.15652464
9152,0.18267824
9153,0.19689941
9154,0.20223999
9155,0.19259644
9156,0.1809082
9157,0.16119386
9158,0.13201903
9159,0.10684203
9160,0.0786438
9161,0.06167604
9162,0.04751587
9163,0.036895737
9164,0.023712143
9165,0.012054443
9166,0.0055847317
9167,-0.008239746
9168,-0.026611306
9169,-0.055053703
9170,-0.08724977
9171,-0.11938476
9172,-0.1510315
9173,-0.1847229
9174,-0.21069339
9175,-0.22238158
9176,-0.22235106
9177,-0.20721436
9178,-0.18603516
9179,-0.16445923
9180,-0.14059448
9181,-0.12454224
9182,-0.10845947
9183,-0.10708619
9184,-0.11196898
9185,-0.12002563
9186,-0.12646483
9187,-0.13006592
9188,-0.12594604
9189,-0.11038211
9190,-0.091247566
9191,-0.06622313
9192,-0.03515623
9193,3.0502677e-05
9194,0.03814698
9195,0.0847473
9196,0.1289978
9197,0.1621704
9198,0.18035889
9199,0.18038939
9200,0.17663576
9201,0.16726685
9202,0.14981076
9203,0.13864134
9204,0.12362671
9205,0.1148987
9206,0.104003906
9207,0.09289549
9208,0.076812744
9209,0.05880738
9210,0.0385437
9211,0.0144958645
9212,-0.00680542
9213,-0.03024293
9214,-0.052948013
9215,-0.07250976
9216,-0.08715821
9217,-0.10150146
9218,-0.110015884
9219,-0.11010741
9220,-0.10968016
9221,-0.10745241
9222,-0.116302475
9223,-0.1293335
9224,-0.14093018
9225,-0.15109253
9226,-0.15084839
9227,-0.15051273
9228,-0.14871216
9229,-0.15063477
9230,-0.1500244
9231,-0.15142822
9232,-0.14840698
9233,-0.13742068
9234,-0.12594604
9235,-0.1046753
9236,-0.08135985
9237,-0.05709839
9238,-0.033233635
9239,0.0
9240,0.030639641
9241,0.05270385
9242,0.06750488
9243,0.08190915
9244,0.09277345
9245,0.105407715
9246,0.117950425
9247,0.13494872
9248,0.14465332
9249,0.157959
9250,0.1697998
9251,0.17947388
9252,0.18414308
9253,0.1852417
9254,0.17599489
9255,0.16094972
9256,0.14959717
9257,0.13943481
9258,0.13040161
9259,0.1243286
9260,0.12088013
9261,0.105285645
9262,0.08715822
9263,0.07287598
9264,0.060272202
9265,0.046966534
9266,0.02917479
9267,0.008056622
9268,-0.014068589
9269,-0.035858154
9270,-0.04257202
9271,-0.04605104
9272,-0.046844475
9273,-0.04330443
9274,-0.042266846
9275,-0.040069558
9276,-0.044219974
9277,-0.04730225
9278,-0.0548401
9279,-0.06094359
9280,-0.069244385
9281,-0.079956055
9282,-0.098724365
9283,-0.11343384
9284,-0.12689207
9285,-0.14263916
9286,-0.14852904
9287,-0.14224242
9288,-0.1246643
9289,-0.095977776
9290,-0.06600952
9291,-0.04223632
9292,-0.03274536
9293,-0.025390618
9294,-0.017456055
9295,-0.010314949
9296,0.0005187988
9297,0.0065307505
9298,0.0072936937
9299,-0.0008850023
9300,-0.008239739
9301,-0.01467897
9302,-0.020080574
9303,-0.018768307
9304,-0.010223392
9305,-0.00482177
9306,0.0024108961
9307,0.012237556
9308,0.011199947
9309,0.005401604
9310,0.00088499486
9311,-0.011810306
9312,-0.028381342
9313,-0.04925537
9314,-0.06665039
9315,-0.08227539
9316,-0.089538574
9317,-0.08441162
9318,-0.084045425
9319,-0.08306885
9320,-0.082092285
9321,-0.07559204
9322,-0.06912233
9323,-0.060089104
9324,-0.047882088
9325,-0.04037475
9326,-0.03930664
9327,-0.03344726
9328,-0.02947998
9329,-0.028015122
9330,-0.021057129
9331,-0.010864258
9332,0.00064085424
9333,0.019226104
9334,0.04272461
9335,0.063751236
9336,0.07113649
9337,0.07299806
9338,0.066772446
9339,0.05599975
9340,0.05203248
9341,0.050476078
9342,0.05822752
9343,0.061218284
9344,0.068115234
9345,0.06884764
9346,0.06820677
9347,0.06857301
9348,0.069213875
9349,0.07046509
9350,0.076171875
9351,0.08535768
9352,0.088348374
9353,0.088104255
9354,0.085876465
9355,0.0763855
9356,0.070343025
9357,0.062194813
9358,0.057312008
9359,0.047210686
9360,0.037811294
9361,0.039916996
9362,0.040252678
9363,0.0453186
9364,0.049072277
9365,0.056396473
9366,0.059417725
9367,0.05654908
9368,0.056365974
9369,0.053710938
9370,0.052581795
9371,0.05197143
9372,0.050354008
9373,0.041748043
9374,0.03738405
9375,0.038513184
9376,0.036529534
9377,0.03997805
9378,0.04818725
9379,0.07168579
9380,0.10357668
9381,0.14868167
9382,0.1737365
9383,0.16659543
9384,0.18038937
9385,0.13513185
9386,0.16879271
9387,0.20455933
9388,0.0805053
9389,-0.13244629
9390,-0.3404541
9391,-0.53292847
9392,-0.62976074
9393,-0.6316223
9394,-0.5826721
9395,-0.50555426
9396,-0.44656378
9397,-0.40289307
9398,-0.37292477
9399,-0.35849002
9400,-0.3573303
9401,-0.37051395
9402,-0.39010626
9403,-0.428711
9404,-0.43899527
9405,-0.40112296
9406,-0.391571
9407,-0.2663268
9408,-0.28738406
9409,-0.31594843
9410,-0.028747499
9411,0.42279053
9412,0.8515014
9413,1.2317809
9414,1.4102783
9415,1.3973389
9416,1.2878418
9417,1.1272279
9418,1.005066
9419,0.9142152
9420,0.8432921
9421,0.7944337
9422,0.75381464
9423,0.71286017
9424,0.6651307
9425,0.6281433
9426,0.574768
9427,0.48681638
9428,0.3914184
9429,0.20745842
9430,0.09689331
9431,-0.006256163
9432,-0.2394104
9433,-0.5257264
9434,-0.76928717
9435,-0.96325684
9436,-1.037964
9437,-1.009247
9438,-0.93774426
9439,-0.85171515
9440,-0.79730237
9441,-0.7654115
9442,-0.75112915
9443,-0.752472
9444,-0.76562494
9445,-0.79833984
9446,-0.8274231
9447,-0.87515265
9448,-0.9018554
9449,-0.8878479
9450,-0.87872297
9451,-0.71887195
9452,-0.70217896
9453,-0.6925048
9454,-0.38400263
9455,0.06628418
9456,0.4680481
9457,0.82012933
9458,0.9702759
9459,0.933197
9460,0.82455444
9461,0.6832887
9462,0.5897523
9463,0.544983
9464,0.5479125
9465,0.59152234
9466,0.6527709
9467,0.7010193
9468,0.72302246
9469,0.7395935
9470,0.7399596
9471,0.7166138
9472,0.6852721
9473,0.56262195
9474,0.51318353
9475,0.47073346
9476,0.2867127
9477,0.048339844
9478,-0.15710449
9479,-0.3255006
9480,-0.38681018
9481,-0.36099255
9482,-0.30868524
9483,-0.26031494
9484,-0.26577765
9485,-0.30441302
9486,-0.36096185
9487,-0.42868048
9488,-0.5103452
9489,-0.6015625
9490,-0.700531
9491,-0.821167
9492,-0.918457
9493,-0.9623413
9494,-1.0094602
9495,-0.9019164
9496,-0.92974854
9497,-0.9604491
9498,-0.6867065
9499,-0.2627563
9500,0.12222278
9501,0.46807858
9502,0.60620105
9503,0.5653992
9504,0.45843497
9505,0.33132946
9506,0.25881973
9507,0.22726464
9508,0.24649042
9509,0.31301898
9510,0.40872175
9511,0.49252325
9512,0.548767
9513,0.59518427
9514,0.6288756
9515,0.63809204
9516,0.6360167
9517,0.5495299
9518,0.5375366
9519,0.5296629
9520,0.3683167
9521,0.1427917
9522,-0.051971484
9523,-0.21151745
9524,-0.25582874
9525,-0.2057191
9526,-0.12612909
9527,-0.050537154
9528,-0.018920943
9529,-0.018768445
9530,-0.044555604
9531,-0.09216316
9532,-0.13790871
9533,-0.1630249
9534,-0.16540526
9535,-0.15484612
9536,-0.1578675
9537,-0.17575085
9538,-0.14199826
9539,-0.12100217
9540,-0.024688631
9541,0.07531749
9542,-0.0030518472
9543,-0.19940177
9544,-0.4185791
9545,-0.63256824
9546,-0.76037604
9547,-0.7954407
9548,-0.7727357
9549,-0.70132446
9550,-0.62127686
9551,-0.5417479
9552,-0.45629877
9553,-0.3669433
9554,-0.26519787
9555,-0.14624025
9556,-0.009735199
9557,0.13745117
9558,0.27413934
9559,0.39334112
9560,0.52465796
9561,0.60668933
9562,0.7615051
9563,0.92648315
9564,0.91726685
9565,0.8152161
9566,0.695221
9567,0.5552062
9568,0.48730487
9569,0.48104864
9570,0.49282855
9571,0.51138306
9572,0.51223755
9573,0.49740595
9574,0.45364386
9575,0.37875366
9576,0.28714
9577,0.21401976
9578,0.14739993
9579,0.09613043
9580,0.050659254
9581,0.01492314
9582,-0.005371101
9583,-0.03015137
9584,-0.06304923
9585,-0.10189806
9586,-0.12808235
9587,-0.14916983
9588,-0.15634158
9589,-0.16452017
9590,-0.1780091
9591,-0.1983642
9592,-0.2236329
9593,-0.2368164
9594,-0.23861687
9595,-0.24267565
9596,-0.2560119
9597,-0.27401727
9598,-0.29910293
9599,-0.31741333
9600,-0.31509405
9601,-0.29733285
9602,-0.26748645
9603,-0.24462888
9604,-0.24411014
9605,-0.25180057
9606,-0.2649842
9607,-0.2772827
9608,-0.28234866
9609,-0.2674256
9610,-0.24203487
9611,-0.20761108
9612,-0.16281126
9613,-0.11380004
9614,-0.065826446
9615,-0.024841275
9616,0.018890344
9617,0.05258173
9618,0.08297722
9619,0.102600016
9620,0.115234375
9621,0.12915038
9622,0.14041147
9623,0.1537171
9624,0.16653444
9625,0.16979979
9626,0.1781006
9627,0.17248537
9628,0.15255731
9629,0.11718751
9630,0.08300777
9631,0.042816065
9632,0.014068624
9633,-0.010223385
9634,-0.026885968
9635,-0.036132827
9636,-0.04327394
9637,-0.04507447
9638,-0.052642837
9639,-0.062408462
9640,-0.071960516
9641,-0.077240065
9642,-0.080719024
9643,-0.080780044
9644,-0.068817124
9645,-0.0554809
9646,-0.041290287
9647,-0.032684334
9648,-0.038299546
9649,-0.0426941
9650,-0.051086456
9651,-0.048828147
9652,-0.03713987
9653,-0.018951483
9654,-0.005676262
9655,0.0040588006
9656,0.011566222
9657,0.027862556
9658,0.049224876
9659,0.06698609
9660,0.08309935
9661,0.09356686
9662,0.10491939
9663,0.11694331
9664,0.12878422
9665,0.1392517
9666,0.14178474
9667,0.14395145
9668,0.14401244
9669,0.14682007
9670,0.15850829
9671,0.15582275
9672,0.14419556
9673,0.120208755
9674,0.08432006
9675,0.036682136
9676,-0.005493164
9677,-0.048492428
9678,-0.08963013
9679,-0.12615967
9680,-0.15060423
9681,-0.15249634
9682,-0.14761353
9683,-0.13876343
9684,-0.13085938
9685,-0.122039795
9686,-0.11395267
9687,-0.118438736
9688,-0.11840822
9689,-0.11825561
9690,-0.116638176
9691,-0.12625124
9692,-0.15014648
9693,-0.16567993
9694,-0.17178345
9695,-0.16323853
9696,-0.15145874
9697,-0.13784793
9698,-0.12402343
9699,-0.10424805
9700,-0.0769348
9701,-0.042785645
9702,-0.008056648
9703,0.015289295
9704,0.0371704
9705,0.056182865
9706,0.07196046
9707,0.081726074
9708,0.095947266
9709,0.12088014
9710,0.1433716
9711,0.15640259
9712,0.15847778
9713,0.17300414
9714,0.19454955
9715,0.19711304
9716,0.1960449
9717,0.18112184
9718,0.16180417
9719,0.1369629
9720,0.11169433
9721,0.08779906
9722,0.06246949
9723,0.04391479
9724,0.023834238
9725,0.015258778
9726,0.0037536658
9727,-0.002746582
9728,-0.0054626428
9729,-0.011993419
9730,-0.016845722
9731,-0.026641853
9732,-0.035583504
9733,-0.04287719
9734,-0.050476067
9735,-0.068817146
9736,-0.099609375
9737,-0.11874391
9738,-0.1251831
9739,-0.11798094
9740,-0.10522459
9741,-0.094451904
9742,-0.08340455
9743,-0.07870483
9744,-0.06665036
9745,-0.05895997
9746,-0.05426026
9747,-0.06179811
9748,-0.0710144
9749,-0.07107543
9750,-0.07669068
9751,-0.08471678
9752,-0.086730935
9753,-0.06915283
9754,-0.049804684
9755,-0.036621112
9756,-0.03140258
9757,-0.010711666
9758,0.026153553
9759,0.049987808
9760,0.06723022
9761,0.07482912
9762,0.082275376
9763,0.08963015
9764,0.09344484
9765,0.09777831
9766,0.09765624
9767,0.09722902
9768,0.09011839
9769,0.0921936
9770,0.098999016
9771,0.09899902
9772,0.09808348
9773,0.0925598
9774,0.0805359
9775,0.056060787
9776,0.031738263
9777,0.017425545
9778,0.007965088
9779,-0.009338379
9780,-0.028350838
9781,-0.031311035
9782,-0.021484353
9783,-0.0038452
9784,0.014984146
9785,0.032379143
9786,0.048126217
9787,0.06506351
9788,0.08764651
9789,0.09765623
9790,0.09646608
9791,0.0770874
9792,0.052001953
9793,0.030120872
9794,0.003570553
9795,-0.023559548
9796,-0.0364685
9797,-0.025939934
9798,-0.011932369
9799,-0.0074157827
9800,-0.013519295
9801,-0.009216286
9802,0.0013732817
9803,0.004821779
9804,0.006378174
9805,0.010437
9806,0.02191161
9807,0.034851074
9808,0.035156257
9809,0.032958984
9810,0.02325439
9811,0.022949226
9812,0.025268532
9813,0.024353042
9814,0.025207534
9815,0.020141587
9816,0.024597168
9817,0.03759765
9818,0.043609634
9819,0.03335572
9820,0.01351928
9821,9.1560185e-05
9822,-0.009033211
9823,-0.01870729
9824,-0.03759764
9825,-0.05111694
9826,-0.061828606
9827,-0.07952878
9828,-0.09359738
9829,-0.10128785
9830,-0.09979248
9831,-0.097503625
9832,-0.09671019
9833,-0.10394288
9834,-0.10577393
9835,-0.103424065
9836,-0.10150146
9837,-0.093719475
9838,-0.09243776
9839,-0.08862303
9840,-0.08224487
9841,-0.07223512
9842,-0.055664048
9843,-0.041595463
9844,-0.026489263
9845,-0.021759024
9846,-0.016479502
9847,-0.0061950777
9848,0.0013427669
9849,0.011962884
9850,0.016204823
9851,0.022705078
9852,0.02252198
9853,0.020202633
9854,0.009552002
9855,0.0037841722
9856,0.003417939
9857,0.0060730204
9858,0.020660423
9859,0.032775864
9860,0.05410767
9861,0.08459472
9862,0.09872437
9863,0.094268814
9864,0.08273314
9865,0.07714844
9866,0.075561516
9867,0.069641106
9868,0.06558231
9869,0.06665041
9870,0.068603516
9871,0.059478782
9872,0.04309085
9873,0.03182982
9874,0.03167723
9875,0.036926284
9876,0.036560066
9877,0.031311043
9878,0.02413942
9879,0.021057129
9880,0.016815186
9881,0.016418453
9882,0.006713874
9883,-0.009490967
9884,-0.022033703
9885,-0.022552494
9886,-0.01950071
9887,-0.021148678
9888,-0.023254385
9889,-0.027923577
9890,-0.032775894
9891,-0.03704834
9892,-0.041534428
9893,-0.03918459
9894,-0.04135134
9895,-0.04437255
9896,-0.048919674
9897,-0.05358887
9898,-0.055267334
9899,-0.052490253
9900,-0.0472107
9901,-0.04364012
9902,-0.032623276
9903,-0.028381368
9904,-0.020141577
9905,-0.013397209
9906,-0.009033211
9907,-0.007751436
9908,-0.008422859
9909,-0.013702402
9910,-0.019134523
9911,-0.019683838
9912,-0.016815163
9913,-0.014190659
9914,-0.013214108
9915,-0.023406979
9916,-0.042144768
9917,-0.062072743
9918,-0.06765747
9919,-0.06890869
9920,-0.070495605
9921,-0.07537841
9922,-0.07846069
9923,-0.07507325
9924,-0.07174683
9925,-0.06192017
9926,-0.0626526
9927,-0.06954957
9928,-0.07742309
9929,-0.083404556
9930,-0.087402344
9931,-0.09146117
9932,-0.08868406
9933,-0.081085205
9934,-0.07211306
9935,-0.062316895
9936,-0.057617188
9937,-0.047607437
9938,-0.039459247
9939,-0.028411858
9940,-0.01455687
9941,0.005706787
9942,0.030120835
9943,0.052825928
9944,0.06893921
9945,0.08221434
9946,0.09127808
9947,0.09381104
9948,0.09851074
9949,0.10681152
9950,0.11209105
9951,0.109680176
9952,0.106842026
9953,0.104187004
9954,0.10711669
9955,0.1109314
9956,0.114074714
9957,0.117767334
9958,0.12493898
9959,0.12704468
9960,0.120269775
9961,0.10964966
9962,0.09838866
9963,0.08190917
9964,0.063385
9965,0.04846192
9966,0.04104615
9967,0.033447262
9968,0.022582995
9969,0.020507824
9970,0.023681637
9971,0.02902222
9972,0.02957153
9973,0.024047848
9974,0.014984129
9975,0.011901854
9976,0.009979257
9977,0.010620117
9978,0.0017089732
9979,-0.015991215
9980,-0.040252686
9981,-0.05410768
9982,-0.050567634
9983,-0.047790512
9984,-0.0510559
9985,-0.049438473
9986,-0.03579712
9987,-0.019531243
9988,-0.006195061
9989,0.0059203953
9990,0.008331295
9991,0.004211433
9992,-0.0019225962
9993,-0.007629387
9994,-0.010559075
9995,-0.012664799
9996,-0.010681137
9997,-0.0047302283
9998,0.00054930523
9999,0.005004883
10000,0.010864254
10001,0.021057121
10002,0.041046154
10003,0.058166504
10004,0.067504875
10005,0.06930543
10006,0.064208984
10007,0.053833
10008,0.042053223
10009,0.027954109
10010,0.019439697
10011,0.011779787
10012,0.007720938
10013,0.009155276
10014,0.011474607
10015,0.008331298
10016,0.0005493169
10017,-0.011566164
10018,-0.02709961
10019,-0.038146973
10020,-0.047912594
10021,-0.05432129
10022,-0.06182861
10023,-0.07388306
10024,-0.0940552
10025,-0.1099243
10026,-0.112579346
10027,-0.11779786
10028,-0.1249695
10029,-0.12591554
10030,-0.12265013
10031,-0.11953734
10032,-0.12191772
10033,-0.12054445
10034,-0.120025605
10035,-0.12289424
10036,-0.1291199
10037,-0.13766477
10038,-0.14257812
10039,-0.13989255
10040,-0.133728
10041,-0.12643433
10042,-0.11907962
10043,-0.11248776
10044,-0.10046385
10045,-0.077758834
10046,-0.043090828
10047,-0.0024718791
10048,0.044830337
10049,0.09683226
10050,0.14944457
10051,0.20458984
10052,0.26229855
10053,0.31179813
10054,0.3579712
10055,0.40777594
10056,0.46029657
10057,0.5091552
10058,0.5528565
10059,0.5862731
10060,0.60891724
10061,0.6175231
10062,0.6087341
10063,0.58929443
10064,0.55261236
10065,0.50698847
10066,0.44885242
10067,0.37396243
10068,0.28414917
10069,0.1789855
10070,0.061981216
10071,-0.06436157
10072,-0.2060547
10073,-0.36651614
10074,-0.53063965
10075,-0.6837158
10076,-0.8264466
10077,-0.97421277
10078,-1.130188
10079,-1.2808534
10080,-1.4090576
10081,-1.5096738
10082,-1.5734557
10083,-1.587799
10084,-1.5509948
10085,-1.4684142
10086,-1.3544312
10087,-1.2185973
10088,-1.0592344
10089,-0.8697204
10090,-0.6545104
10091,-0.41622913
10092,-0.1654968
10093,0.09588621
10094,0.35424805
10095,0.62478644
10096,0.9006958
10097,1.1694641
10098,1.4281923
10099,1.684662
10100,1.9492188
10101,2.2169495
10102,2.46109
10103,2.653534
10104,2.7704163
10105,2.8070984
10106,2.7609558
10107,2.6377869
10108,2.4403687
10109,2.1851501
10110,1.878906
10111,1.5222168
10112,1.1253356
10113,0.69158924
10114,0.2373352
10115,-0.21261601
10116,-0.6396179
10117,-1.0710449
10118,-1.5049438
10119,-1.9123842
10120,-2.286316
10121,-2.6484377
10122,-3.0047302
10123,-3.3472292
10124,-3.6433718
10125,-3.8549192
10126,-3.9587402
10127,-3.9506226
10128,-3.8139343
10129,-3.5722961
10130,-3.227173
10131,-2.799408
10132,-2.304321
10133,-1.7509767
10134,-1.1547852
10135,-0.53555286
10136,0.082092226
10137,0.67950445
10138,1.2430725
10139,1.7605592
10140,2.2226868
10141,2.6218872
10142,2.9604797
10143,3.2550664
10144,3.5250244
10145,3.7796023
10146,4.001251
10147,4.1587524
10148,4.2273865
10149,4.207062
10150,4.087097
10151,3.8789062
10152,3.580902
10153,3.2087708
10154,2.776611
10155,2.2800903
10156,1.7384644
10157,1.1617736
10158,0.5768738
10159,0.0075683147
10160,-0.536377
10161,-1.0751954
10162,-1.5988463
10163,-2.0864563
10164,-2.5306091
10165,-2.9594116
10166,-3.385254
10167,-3.7901
10168,-4.1476135
10169,-4.416626
10170,-4.578308
10171,-4.629547
10172,-4.5490417
10173,-4.3508606
10174,-4.044068
10175,-3.6502075
10176,-3.1866453
10177,-2.6585693
10178,-2.0763245
10179,-1.463501
10180,-0.8446963
10181,-0.24349958
10182,0.32577503
10183,0.8594362
10184,1.3466798
10185,1.7954406
10186,2.1996155
10187,2.5748906
10188,2.9324036
10189,3.273377
10190,3.5730286
10191,3.791626
10192,3.9145203
10193,3.9465027
10194,3.871704
10195,3.6997986
10196,3.437439
10197,3.094452
10198,2.6900938
10199,2.2269897
10200,1.718872
10201,1.1951599
10202,0.69162
10203,0.20632926
10204,-0.24133313
10205,-0.6505432
10206,-1.0271301
10207,-1.3793334
10208,-1.7068785
10209,-2.0084534
10210,-2.2990112
10211,-2.5892944
10212,-2.8574219
10213,-3.0679321
10214,-3.1927495
10215,-3.2436829
10216,-3.203949
10217,-3.0909119
10218,-2.8934941
10219,-2.623566
10220,-2.2991943
10221,-1.9258423
10222,-1.5122681
10223,-1.0784912
10224,-0.65185565
10225,-0.24069196
10226,0.14154047
10227,0.4873963
10228,0.8028259
10229,1.0867615
10230,1.3317258
10231,1.5455933
10232,1.7397766
10233,1.9090273
10234,2.0472107
10235,2.1390076
10236,2.1871033
10237,2.1949465
10238,2.136963
10239,2.032257
10240,1.8792728
10241,1.6857605
10242,1.4564512
10243,1.1972352
10244,0.91934204
10245,0.64788824
10246,0.38400292
10247,0.13833608
10248,-0.08804332
10249,-0.2679444
10250,-0.3978578
10251,-0.49749732
10252,-0.57385254
10253,-0.62976074
10254,-0.6623536
10255,-0.686249
10256,-0.69799787
10257,-0.70877075
10258,-0.72463995
10259,-0.7571411
10260,-0.79187006
10261,-0.83132946
10262,-0.86801153
10263,-0.9048157
10264,-0.9392394
10265,-0.95950305
10266,-0.97415173
10267,-0.97875977
10268,-0.9773865
10269,-0.9450072
10270,-0.8963319
10271,-0.82321167
10272,-0.72094727
10273,-0.5816957
10274,-0.4152223
10275,-0.22744764
10276,-0.021087632
10277,0.19348149
10278,0.3927307
10279,0.56616217
10280,0.7187197
10281,0.8371581
10282,0.90988165
10283,0.95645136
10284,0.9762269
10285,0.9616396
10286,0.9183654
10287,0.8581543
10288,0.7800292
10289,0.6838989
10290,0.5753481
10291,0.46231067
10292,0.35815424
10293,0.26959234
10294,0.18704204
10295,0.112335235
10296,0.045379736
10297,-0.010742135
10298,-0.060485773
10299,-0.11474621
10300,-0.1538086
10301,-0.17730723
10302,-0.21200556
10303,-0.23388678
10304,-0.22317499
10305,-0.22140504
10306,-0.2149658
10307,-0.18441772
10308,-0.12948604
10309,-0.06701661
10310,-0.016479459
10311,0.030700758
10312,0.08212282
10313,0.13427731
10314,0.17529307
10315,0.19448847
10316,0.20513909
10317,0.20272826
10318,0.18597403
10319,0.16149905
10320,0.13821411
10321,0.120758176
10322,0.09082026
10323,0.071380615
10324,0.07141123
10325,0.07772825
10326,0.0710755
10327,0.08129888
10328,0.102630585
10329,0.11633305
10330,0.10879521
10331,0.1004944
10332,0.106720045
10333,0.108245924
10334,0.08944701
10335,0.054901145
10336,0.019073583
10337,-0.009552062
10338,-0.03558351
10339,-0.06619257
10340,-0.10012819
10341,-0.13528445
10342,-0.1612854
10343,-0.17965694
10344,-0.19604494
10345,-0.21957393
10346,-0.25836176
10347,-0.2770996
10348,-0.27331537
10349,-0.28723145
10350,-0.3165894
10351,-0.32547
10352,-0.29888913
10353,-0.26986694
10354,-0.2599792
10355,-0.24435425
10356,-0.19696046
10357,-0.15209961
10358,-0.119262666
10359,-0.09390266
10360,-0.06240844
10361,-0.04367067
10362,-0.031646803
10363,-0.019622829
10364,-0.01019289
10365,0.004577715
10366,0.010650612
10367,0.02069094
10368,0.048797652
10369,0.07031251
10370,0.07467649
10371,0.094268814
10372,0.13409422
10373,0.15948488
10374,0.15240479
10375,0.1506958
10376,0.17376709
10377,0.17404175
10378,0.1463928
10379,0.11935427
10380,0.09429931
10381,0.080871575
10382,0.0751648
10383,0.07147218
10384,0.06686404
10385,0.06045533
10386,0.06448366
10387,0.07437132
10388,0.08135986
10389,0.06610109
10390,0.035064694
10391,0.017242417
10392,0.005340595
10393,-0.027099604
10394,-0.068115234
10395,-0.07772828
10396,-0.070129395
10397,-0.08654785
10398,-0.10296629
10399,-0.079925545
10400,-0.04629515
10401,-0.04541016
10402,-0.048278797
10403,-0.03903198
10404,-0.023742676
10405,-0.013977069
10406,-0.000366237
10407,0.013061535
10408,0.019134512
10409,0.030395512
10410,0.03964232
10411,0.05667113
10412,0.0715027
10413,0.062988296
10414,0.05419921
10415,0.063201904
10416,0.07788086
10417,0.06750489
10418,0.032897938
10419,0.024719227
10420,0.04342651
10421,0.0388489
10422,0.0034179734
10423,-0.007843016
10424,-0.008544929
10425,-0.016387917
10426,-0.02474973
10427,-0.028381355
10428,-0.04248045
10429,-0.048278812
10430,-0.045379635
10431,-0.0423584
10432,-0.03671263
10433,-0.053924564
10434,-0.05773927
10435,-0.043273948
10436,-0.042205796
10437,-0.058074944
10438,-0.06817627
10439,-0.06271363
10440,-0.058563236
10441,-0.07150268
10442,-0.07687378
10443,-0.058563247
10444,-0.0371399
10445,-0.04159546
10446,-0.04013062
10447,-0.031768806
10448,-0.040985104
10449,-0.048065174
10450,-0.034790047
10451,-0.017120354
10452,-0.01553344
10453,-0.01858522
10454,-0.011871349
10455,0.014495846
10456,0.031616237
10457,0.017852802
10458,0.0103454515
10459,0.023101792
10460,0.041198723
10461,0.040069602
10462,0.033233628
10463,0.06228637
10464,0.09008789
10465,0.07678224
10466,0.054748535
10467,0.060913086
10468,0.082275376
10469,0.08798218
10470,0.07592774
10471,0.064819336
10472,0.050567657
10473,0.047607396
10474,0.0411682
10475,0.020263687
10476,0.002716072
10477,-0.016021721
10478,-0.0296631
10479,-0.024993923
10480,-0.023681633
10481,-0.032836903
10482,-0.039001472
10483,-0.026580822
10484,-0.02090453
10485,-0.050933823
10486,-0.07711792
10487,-0.0756531
10488,-0.07696533
10489,-0.09747313
10490,-0.1050415
10491,-0.101043686
10492,-0.11029054
10493,-0.10592652
10494,-0.08532715
10495,-0.072906494
10496,-0.065155014
10497,-0.058868423
10498,-0.04901124
10499,-0.024353024
10500,-0.012725815
10501,-0.0172119
10502,-0.0080871545
10503,0.015197724
10504,0.025970463
10505,0.022949241
10506,0.04632569
10507,0.097290024
10508,0.11267088
10509,0.10217286
10510,0.10107421
10511,0.12277222
10512,0.14321898
10513,0.15426636
10514,0.16741946
10515,0.15658568
10516,0.13043213
10517,0.12823486
10518,0.12499997
10519,0.09228517
10520,0.05114746
10521,0.018798826
10522,0.0038452032
10523,0.007995594
10524,-3.7252903e-09
10525,-0.026977532
10526,-0.05538941
10527,-0.06988528
10528,-0.0657959
10529,-0.08572387
10530,-0.117614746
10531,-0.14541629
10532,-0.15368652
10533,-0.1573181
10534,-0.16567993
10535,-0.16748047
10536,-0.15704347
10537,-0.14007567
10538,-0.11456297
10539,-0.11340332
10540,-0.127655
10541,-0.108032234
10542,-0.07510376
10543,-0.062072754
10544,-0.05068969
10545,-0.03518675
10546,-0.015533447
10547,0.009918192
10548,0.018188473
10549,0.019928
10550,0.037078857
10551,0.07263182
10552,0.099090576
10553,0.11868286
10554,0.1383667
10555,0.15194702
10556,0.15420532
10557,0.16577148
10558,0.18493652
10559,0.18038939
10560,0.15420532
10561,0.13903809
10562,0.1366272
10563,0.10662842
10564,0.068878174
10565,0.0626831
10566,0.06246947
10567,0.0434265
10568,0.012481686
10569,-0.012451157
10570,-0.023651134
10571,-0.03378298
10572,-0.053375244
10573,-0.09710693
10574,-0.12625122
10575,-0.12585449
10576,-0.1204834
10577,-0.12081911
10578,-0.13757323
10579,-0.15380861
10580,-0.14190677
10581,-0.12463378
10582,-0.10675047
10583,-0.10601808
10584,-0.120452866
10585,-0.09649657
10586,-0.0566101
10587,-0.041259762
10588,-0.02346801
10589,-0.0007324163
10590,0.028808592
10591,0.06326294
10592,0.07568361
10593,0.07284547
10594,0.072601326
10595,0.08679199
10596,0.10040283
10597,0.11312866
10598,0.12606812
10599,0.1354065
10600,0.1459961
10601,0.16073608
10602,0.15701294
10603,0.13479613
10604,0.10668943
10605,0.1069336
10606,0.115692146
10607,0.0743103
10608,0.03842164
10609,0.048767075
10610,0.055053703
10611,0.03292846
10612,-0.011230474
10613,-0.046844468
10614,-0.0463257
10615,-0.043487564
10616,-0.045349143
10617,-0.06210328
10618,-0.07543944
10619,-0.080383286
10620,-0.081970215
10621,-0.082275406
10622,-0.091674775
10623,-0.10665895
10624,-0.11791991
10625,-0.11901853
10626,-0.09539793
10627,-0.089416526
10628,-0.10339354
10629,-0.0762329
10630,-0.04086305
10631,-0.0474243
10632,-0.0555725
10633,-0.03933716
10634,0.028625488
10635,0.11437985
10636,0.15087889
10637,0.14443973
10638,0.094818115
10639,0.045410164
10640,0.14410402
10641,0.28256223
10642,0.25231937
10643,0.0935669
10644,-0.051849373
10645,-0.21871948
10646,-0.3463745
10647,-0.3696289
10648,-0.35739136
10649,-0.31674197
10650,-0.26275632
10651,-0.24926761
10652,-0.2341614
10653,-0.20080571
10654,-0.20941158
10655,-0.24975589
10656,-0.354187
10657,-0.49746695
10658,-0.559845
10659,-0.53543097
10660,-0.4082642
10661,-0.2402649
10662,-0.35061648
10663,-0.5324706
10664,-0.38253793
10665,0.0017700195
10666,0.36367795
10667,0.7312622
10668,0.9534913
10669,0.9909667
10670,0.972473
10671,0.89114386
10672,0.82968134
10673,0.81231695
10674,0.7837525
10675,0.7615662
10676,0.7741394
10677,0.8050843
10678,0.85806274
10679,0.8965148
10680,0.88226324
10681,0.8112487
10682,0.6548463
10683,0.4597168
10684,0.3869629
10685,0.35156244
10686,0.16632083
10687,-0.12680048
10688,-0.38800043
10689,-0.64398205
10690,-0.8220216
10691,-0.8830565
10692,-0.91922
10693,-0.93582153
10694,-0.9502869
10695,-0.9821166
10696,-1.0045776
10697,-1.0255432
10698,-1.0655823
10699,-1.0874939
10700,-1.1445922
10701,-1.2365111
10702,-1.2459413
10703,-1.1411743
10704,-0.9058229
10705,-0.6128235
10706,-0.6140137
10707,-0.7303771
10708,-0.538849
10709,-0.109558105
10710,0.290039
10711,0.70355225
10712,0.9679566
10713,1.0409545
10714,1.077484
10715,1.0445558
10716,0.99530023
10717,0.99002075
10718,0.9672243
10719,0.9309082
10720,0.93417346
10721,0.93688977
10722,0.95483387
10723,0.97082496
10724,0.916443
10725,0.7856139
10726,0.56457525
10727,0.30010986
10728,0.19442748
10729,0.18066405
10730,0.01947023
10731,-0.24295036
10732,-0.47790515
10733,-0.69625866
10734,-0.8022157
10735,-0.79718006
10736,-0.7918091
10737,-0.7663269
10738,-0.73037726
10739,-0.7036437
10740,-0.67004406
10741,-0.6296691
10742,-0.5914307
10743,-0.53729254
10744,-0.52639747
10745,-0.569885
10746,-0.5618287
10747,-0.4781798
10748,-0.2732849
10749,-0.024902344
10750,-0.07675159
10751,-0.2558899
10752,-0.12976074
10753,0.22631839
10754,0.5504455
10755,0.89248663
10756,1.0900574
10757,1.1049193
10758,1.0593566
10759,0.9729005
10760,0.8946228
10761,0.8301697
10762,0.7566836
10763,0.68749994
10764,0.6884154
10765,0.67349255
10766,0.6548461
10767,0.6575314
10768,0.59634405
10769,0.47363257
10770,0.25555432
10771,-0.011993289
10772,-0.124939024
10773,-0.14746097
10774,-0.2863465
10775,-0.5279235
10776,-0.73831165
10777,-0.93338025
10778,-1.0214236
10779,-0.9906615
10780,-0.95858765
10781,-0.9188233
10782,-0.8739014
10783,-0.8388366
10784,-0.79193133
10785,-0.73046863
10786,-0.6768494
10787,-0.5865784
10788,-0.46041846
10789,-0.2872923
10790,-0.116424665
10791,0.010864437
10792,0.12216186
10793,0.20059206
10794,0.42526263
10795,0.640869
10796,0.64279187
10797,0.5114441
10798,0.35549918
10799,0.17590338
10800,0.035736144
10801,-0.007934548
10802,0.02087405
10803,0.08081054
10804,0.11798101
10805,0.1409911
10806,0.16082774
10807,0.13839705
10808,0.111724794
10809,0.048217773
10810,0.006652668
10811,0.028533742
10812,0.019103974
10813,-0.013733014
10814,-0.10089111
10815,-0.19653308
10816,-0.11230473
10817,0.069122314
10818,0.12115474
10819,0.023529053
10820,-0.0816956
10821,-0.20489503
10822,-0.2658997
10823,-0.24569702
10824,-0.20211792
10825,-0.12707523
10826,-0.044555604
10827,0.030212387
10828,0.12930281
10829,0.23135383
10830,0.29583752
10831,0.34677112
10832,0.38873297
10833,0.43063372
10834,0.47500616
10835,0.5096133
10836,0.54846203
10837,0.59625244
10838,0.61569226
10839,0.6186523
10840,0.5888062
10841,0.5483704
10842,0.51571643
10843,0.4379273
10844,0.36608893
10845,0.2687378
10846,0.17803955
10847,0.13375857
10848,0.07534793
10849,0.03634645
10850,-0.026306063
10851,-0.089447156
10852,-0.14996338
10853,-0.22991946
10854,-0.28436285
10855,-0.34344488
10856,-0.38958746
10857,-0.39614874
10858,-0.39761353
10859,-0.37966913
10860,-0.3738404
10861,-0.39440912
10862,-0.36703497
10863,-0.33432007
10864,-0.31707764
10865,-0.2806397
10866,-0.26934823
10867,-0.23794556
10868,-0.24472049
10869,-0.27130127
10870,-0.26968384
10871,-0.3009643
10872,-0.30541992
10873,-0.32092288
10874,-0.35339344
10875,-0.3559265
10876,-0.36190784
10877,-0.35885617
10878,-0.35037237
10879,-0.33120722
10880,-0.30834964
10881,-0.25354007
10882,-0.22750859
10883,-0.19882196
10884,-0.18374634
10885,-0.16119388
10886,-0.09597775
10887,-0.07461546
10888,-0.022979692
10889,0.0039062537
10890,0.03381348
10891,0.08670044
10892,0.09719849
10893,0.13882446
10894,0.12454222
10895,0.13671869
10896,0.13848883
10897,0.11553958
10898,0.116638236
10899,0.08718871
10900,0.08883667
10901,0.08364873
10902,0.07412717
10903,0.069732614
10904,0.06674195
10905,0.06417851
10906,0.07180786
10907,0.0776367
10908,0.070800826
10909,0.09875491
10910,0.093414366
10911,0.11206053
10912,0.11981201
10913,0.102905266
10914,0.1265564
10915,0.10607912
10916,0.12155147
10917,0.11996463
10918,0.11218266
10919,0.12902832
10920,0.12765507
10921,0.12902835
10922,0.117950454
10923,0.11035161
10924,0.08203125
10925,0.076507546
10926,0.051696777
10927,0.045013428
10928,0.03353884
10929,0.00393676
10930,0.017944327
10931,-0.0066222968
10932,0.002899211
10933,0.00045775063
10934,-0.00033568405
10935,0.023803707
10936,0.017669685
10937,0.04513549
10938,0.028015135
10939,0.039398182
10940,0.04528808
10941,0.03247071
10942,0.046600334
10943,0.03616334
10944,0.057556152
10945,0.063323975
10946,0.07363893
10947,0.071502686
10948,0.08029177
10949,0.07748412
10950,0.070159905
10951,0.078887925
10952,0.05529785
10953,0.07736206
10954,0.050811782
10955,0.042816155
10956,0.038970936
10957,-0.0023803767
10958,0.015411381
10959,-0.019500744
10960,-0.019531246
10961,-0.026367182
10962,-0.058288574
10963,-0.04388428
10964,-0.0642395
10965,-0.06802369
10966,-0.07101441
10967,-0.08383178
10968,-0.07116699
10969,-0.07165528
10970,-0.056457527
10971,-0.043945312
10972,-0.03076173
10973,-0.018249504
10974,-0.0031738263
10975,0.0066833524
10976,0.023071282
10977,0.032043472
10978,0.04464723
10979,0.05834961
10980,0.057373047
10981,0.07223511
10982,0.060516357
10983,0.068634026
10984,0.07928467
10985,0.0630188
10986,0.075164795
10987,0.06591798
10988,0.07504274
10989,0.08236693
10990,0.07650758
10991,0.07870483
10992,0.071105994
10993,0.065338135
10994,0.049499527
10995,0.041168198
10996,0.023498535
10997,0.012817398
10998,0.00195314
10999,-0.022308365
11000,-0.029998802
11001,-0.05108642
11002,-0.058990493
11003,-0.0623169
11004,-0.06869506
11005,-0.062561035
11006,-0.06658936
11007,-0.056549072
11008,-0.055542
11009,-0.05853273
11010,-0.061340332
11011,-0.06533812
11012,-0.05703736
11013,-0.051300056
11014,-0.043792736
11015,-0.031280514
11016,-0.02124024
11017,-0.008514397
11018,-0.0002746582
11019,-0.0005798377
11020,0.022186283
11021,0.028900143
11022,0.03985597
11023,0.05496215
11024,0.042358406
11025,0.05807495
11026,0.056854244
11027,0.04257203
11028,0.049713142
11029,0.03140258
11030,0.043670665
11031,0.051544193
11032,0.043731697
11033,0.053466767
11034,0.045227062
11035,0.045532234
11036,0.046752945
11037,0.045318604
11038,0.035217304
11039,0.032714844
11040,0.026763901
11041,0.018188462
11042,0.011718743
11043,-0.01010133
11044,-0.020904556
11045,-0.027618386
11046,-0.03445435
11047,-0.03555298
11048,-0.03494262
11049,-0.037261963
11050,-0.050476074
11051,-0.049713127
11052,-0.07153322
11053,-0.07910158
11054,-0.08944702
11055,-0.10986327
11056,-0.10232545
11057,-0.11154175
11058,-0.106750496
11059,-0.0979004
11060,-0.0979004
11061,-0.083465576
11062,-0.08193969
11063,-0.07455445
11064,-0.06225585
11065,-0.058807366
11066,-0.04736326
11067,-0.03460695
11068,-0.02841185
11069,-0.025848389
11070,-0.01876831
11071,-0.024749741
11072,-0.02020263
11073,-0.019409176
11074,-0.02307127
11075,-0.014068596
11076,-0.02511596
11077,-0.020538352
11078,-0.023956297
11079,-0.029724121
11080,-0.026733391
11081,-0.028625483
11082,-0.026580792
11083,-0.021667473
11084,-0.009155288
11085,0.0037536696
11086,0.012939449
11087,0.028472912
11088,0.038940415
11089,0.05734253
11090,0.072509766
11091,0.0793457
11092,0.092559814
11093,0.099731445
11094,0.10177613
11095,0.10787964
11096,0.0951843
11097,0.08929442
11098,0.07556151
11099,0.053344738
11100,0.039733894
11101,0.011657711
11102,-0.009307858
11103,-0.03268434
11104,-0.05331421
11105,-0.06939698
11106,-0.090301506
11107,-0.10177614
11108,-0.11471557
11109,-0.12380982
11110,-0.13122556
11111,-0.13739014
11112,-0.13854977
11113,-0.13934326
11114,-0.13745117
11115,-0.13986206
11116,-0.13012695
11117,-0.12158204
11118,-0.10659787
11119,-0.08529663
11120,-0.070800796
11121,-0.049011245
11122,-0.031341553
11123,-0.016113266
11124,0.0079956055
11125,0.029052742
11126,0.055114746
11127,0.079559326
11128,0.10867308
11129,0.13034058
11130,0.14852905
11131,0.16357425
11132,0.16738892
11133,0.17755127
11134,0.18032837
11135,0.1843567
11136,0.19366454
11137,0.19384767
11138,0.19784549
11139,0.1933899
11140,0.18344116
11141,0.17956543
11142,0.16674805
11143,0.15338136
11144,0.14166263
11145,0.11981201
11146,0.10079956
11147,0.06970213
11148,0.03948974
11149,0.009948723
11150,-0.027404785
11151,-0.05966188
11152,-0.08880615
11153,-0.117828384
11154,-0.1383972
11155,-0.16012573
11156,-0.17739867
11157,-0.18969727
11158,-0.20446777
11159,-0.21813966
11160,-0.22106934
11161,-0.22534181
11162,-0.21621701
11163,-0.20489502
11164,-0.19332887
11165,-0.17141724
11166,-0.15579225
11167,-0.13244629
11168,-0.10589601
11169,-0.08117675
11170,-0.054168716
11171,-0.033935547
11172,-0.0068664616
11173,0.01739503
11174,0.03637696
11175,0.05807496
11176,0.0708313
11177,0.083465576
11178,0.090209946
11179,0.09707643
11180,0.108886704
11181,0.12020874
11182,0.13165283
11183,0.14151
11184,0.15261841
11185,0.15847778
11186,0.1595459
11187,0.16104126
11188,0.16098024
11189,0.15792847
11190,0.14880371
11191,0.1302185
11192,0.11328125
11193,0.08703615
11194,0.055328354
11195,0.029022215
11196,0.0015258696
11197,-0.020507844
11198,-0.037353516
11199,-0.056091294
11200,-0.06378174
11201,-0.07614136
11202,-0.0906372
11203,-0.10198977
11204,-0.11657716
11205,-0.12783815
11206,-0.13275146
11207,-0.13870241
11208,-0.13546754
11209,-0.13449097
11210,-0.13446046
11211,-0.12670898
11212,-0.12265016
11213,-0.10781859
11214,-0.09710695
11215,-0.086792
11216,-0.07369993
11217,-0.06356812
11218,-0.060241714
11219,-0.054779038
11220,-0.05825807
11221,-0.054595944
11222,-0.050415043
11223,-0.04623413
11224,-0.032409683
11225,-0.016632102
11226,-0.0025329515
11227,0.009460464
11228,0.022430435
11229,0.028503418
11230,0.042785667
11231,0.052947998
11232,0.072479255
11233,0.08514406
11234,0.09606933
11235,0.09939575
11236,0.10568238
11237,0.10708619
11238,0.10388183
11239,0.10235596
11240,0.09948731
11241,0.09951781
11242,0.09973143
11243,0.103668205
11244,0.10617064
11245,0.11123657
11246,0.10528566
11247,0.11138917
11248,0.09786986
11249,0.10299683
11250,0.0870056
11251,0.081115745
11252,0.06784058
11253,0.050048828
11254,0.027984608
11255,0.011749256
11256,-0.015167233
11257,-0.02816772
11258,-0.04537965
11259,-0.06936646
11260,-0.07379149
11261,-0.09292603
11262,-0.110260025
11263,-0.11505125
11264,-0.13061523
11265,-0.14367676
11266,-0.1435852
11267,-0.16333008
11268,-0.16046143
11269,-0.15774536
11270,-0.16323851
11271,-0.15692136
11272,-0.15109253
11273,-0.16061403
11274,-0.15164185
11275,-0.14831543
11276,-0.15011597
11277,-0.12567139
11278,-0.12356566
11279,-0.1036377
11280,-0.08489989
11281,-0.06521607
11282,-0.052612305
11283,-0.025970496
11284,-0.014648393
11285,0.0072021335
11286,0.03662108
11287,0.04913331
11288,0.091491684
11289,0.12066649
11290,0.15930176
11291,0.19848636
11292,0.2434082
11293,0.28622437
11294,0.3276672
11295,0.36364746
11296,0.4043579
11297,0.45217893
11298,0.4799804
11299,0.51745605
11300,0.52474976
11301,0.5290223
11302,0.5229187
11303,0.4956665
11304,0.46783453
11305,0.43005377
11306,0.38702387
11307,0.33807373
11308,0.27850336
11309,0.2051392
11310,0.11798097
11311,9.1552734e-05
11312,-0.11846925
11313,-0.23623659
11314,-0.37857056
11315,-0.52023315
11316,-0.6517029
11317,-0.7885132
11318,-0.9207154
11319,-1.0663451
11320,-1.2030334
11321,-1.3078003
11322,-1.3896179
11323,-1.4448854
11324,-1.4491272
11325,-1.4118651
11326,-1.3305055
11327,-1.1972352
11328,-1.0593872
11329,-0.88281244
11330,-0.68469226
11331,-0.48919684
11332,-0.25332642
11333,0.0065918043
11334,0.25393677
11335,0.5037842
11336,0.7606507
11337,0.9992065
11338,1.245636
11339,1.4814148
11340,1.7070312
11341,1.9376523
11342,2.1419983
11343,2.3162231
11344,2.4694214
11345,2.5683289
11346,2.6054382
11347,2.5681763
11348,2.4683228
11349,2.3046265
11350,2.1063843
11351,1.8447571
11352,1.556854
11353,1.2220764
11354,0.8238221
11355,0.37500003
11356,-0.0787964
11357,-0.52087396
11358,-0.9657288
11359,-1.3839722
11360,-1.7878724
11361,-2.1466978
11362,-2.4940493
11363,-2.8081663
11364,-3.088684
11365,-3.3096619
11366,-3.4907532
11367,-3.5971072
11368,-3.6178286
11369,-3.5523372
11370,-3.4081116
11371,-3.1913452
11372,-2.91806
11373,-2.5750122
11374,-2.1522214
11375,-1.6799927
11376,-1.1254274
11377,-0.5124207
11378,0.0849914
11379,0.67419434
11380,1.2363281
11381,1.7263486
11382,2.1939087
11383,2.5980835
11384,2.962555
11385,3.2900388
11386,3.5703125
11387,3.7737122
11388,3.960846
11389,4.055359
11390,4.0831604
11391,4.032318
11392,3.8720396
11393,3.6499023
11394,3.3667905
11395,2.9936523
11396,2.5773315
11397,2.1256104
11398,1.5647583
11399,0.9801024
11400,0.37063605
11401,-0.23803706
11402,-0.81649786
11403,-1.3752441
11404,-1.9083254
11405,-2.3642576
11406,-2.814911
11407,-3.2249446
11408,-3.5575867
11409,-3.863037
11410,-4.084656
11411,-4.2466125
11412,-4.3077703
11413,-4.2850947
11414,-4.158386
11415,-3.983673
11416,-3.7138062
11417,-3.3720093
11418,-2.9776304
11419,-2.4891052
11420,-1.9526063
11421,-1.3239441
11422,-0.7250366
11423,-0.11312866
11424,0.45834345
11425,1.0012511
11426,1.4989625
11427,1.9546813
11428,2.3750305
11429,2.747711
11430,3.089569
11431,3.3469238
11432,3.5820007
11433,3.736023
11434,3.8022466
11435,3.789642
11436,3.680359
11437,3.4803162
11438,3.2290344
11439,2.8998108
11440,2.5137634
11441,2.08844
11442,1.6064148
11443,1.0766602
11444,0.5788574
11445,0.060791045
11446,-0.39859003
11447,-0.81036365
11448,-1.2164308
11449,-1.5591427
11450,-1.8743896
11451,-2.1289363
11452,-2.3538513
11453,-2.5238647
11454,-2.7037964
11455,-2.8146975
11456,-2.8926702
11457,-2.9162903
11458,-2.8807065
11459,-2.8234253
11460,-2.6920166
11461,-2.5180664
11462,-2.2821043
11463,-1.9921567
11464,-1.6314089
11465,-1.2339172
11466,-0.8172302
11467,-0.41491705
11468,-0.04238905
11469,0.3160094
11470,0.6277162
11471,0.890167
11472,1.1439514
11473,1.3498534
11474,1.5189819
11475,1.6546633
11476,1.7564697
11477,1.8382263
11478,1.8847353
11479,1.9180295
11480,1.9074705
11481,1.8949583
11482,1.8238829
11483,1.7316895
11484,1.5895996
11485,1.4040222
11486,1.200531
11487,0.9590759
11488,0.73898315
11489,0.4861144
11490,0.2812196
11491,0.08453378
11492,-0.07266238
11493,-0.20709231
11494,-0.33493024
11495,-0.43997192
11496,-0.53457665
11497,-0.60467535
11498,-0.67370605
11499,-0.7306824
11500,-0.7912293
11501,-0.83337414
11502,-0.8569336
11503,-0.8609009
11504,-0.84225476
11505,-0.8221742
11506,-0.8013611
11507,-0.78201294
11508,-0.76782227
11509,-0.7384337
11510,-0.70495605
11511,-0.65875256
11512,-0.5935669
11513,-0.51766956
11514,-0.4309997
11515,-0.33380142
11516,-0.22735591
11517,-0.12692267
11518,-0.020965513
11519,0.07092275
11520,0.17211916
11521,0.26745617
11522,0.33911133
11523,0.41314703
11524,0.47045898
11525,0.5246277
11526,0.5612794
11527,0.59240717
11528,0.5998229
11529,0.57876587
11530,0.54068005
11531,0.47903454
11532,0.422943
11533,0.3700866
11534,0.32135022
11535,0.27020276
11536,0.23095705
11537,0.19622815
11538,0.1529846
11539,0.12152087
11540,0.077880785
11541,0.053924438
11542,0.020629738
11543,-0.015411444
11544,-0.053771943
11545,-0.093841456
11546,-0.12350458
11547,-0.14859001
11548,-0.15447994
11549,-0.16265866
11550,-0.14968877
11551,-0.13128662
11552,-0.10665887
11553,-0.071868934
11554,-0.034484882
11555,0.0094910255
11556,0.04989621
11557,0.08337401
11558,0.09994508
11559,0.10617067
11560,0.11389159
11561,0.10510254
11562,0.09176643
11563,0.07153317
11564,0.057220478
11565,0.05142213
11566,0.05636596
11567,0.06344611
11568,0.07241818
11569,0.09112547
11570,0.09307858
11571,0.11380011
11572,0.12338258
11573,0.12481691
11574,0.12622073
11575,0.11688225
11576,0.100921676
11577,0.084747374
11578,0.05670166
11579,0.025054876
11580,0.005798269
11581,-0.021820052
11582,-0.03842166
11583,-0.044464067
11584,-0.049560502
11585,-0.042907704
11586,-0.03881834
11587,-0.042694062
11588,-0.0438232
11589,-0.052001968
11590,-0.06283568
11591,-0.06765747
11592,-0.07580571
11593,-0.08038327
11594,-0.08898926
11595,-0.09024049
11596,-0.09054565
11597,-0.082916304
11598,-0.07891841
11599,-0.068847634
11600,-0.05593875
11601,-0.042236365
11602,-0.023498569
11603,-0.015960742
11604,-0.0026550125
11605,0.0029602647
11606,0.009460492
11607,0.005004877
11608,0.0035400894
11609,0.00073243305
11610,-0.00091557205
11611,-0.0025634617
11612,-0.0022583008
11613,0.00079345703
11614,0.005096428
11615,0.014862049
11616,0.017791744
11617,0.022460938
11618,0.02020263
11619,0.009948734
11620,-0.0035705492
11621,-0.019287115
11622,-0.035156228
11623,-0.042633057
11624,-0.05090334
11625,-0.059417717
11626,-0.0597229
11627,-0.05789183
11628,-0.050231926
11629,-0.034179673
11630,-0.023803722
11631,-0.011505125
11632,0.0007019304
11633,0.004211422
11634,0.0028076358
11635,-0.0021972694
11636,-0.010620109
11637,-0.02157594
11638,-0.02856445
11639,-0.027252203
11640,-0.024505612
11641,-0.014526367
11642,-0.0110168345
11643,-0.002838131
11644,0.010772705
11645,0.028350824
11646,0.04141236
11647,0.04592895
11648,0.050170906
11649,0.03802491
11650,0.032806415
11651,0.014801024
11652,0.003387453
11653,-0.01080323
11654,-0.02203371
11655,-0.032470677
11656,-0.031036384
11657,-0.026184078
11658,-0.024993904
11659,-0.017333988
11660,-0.020416262
11661,-0.02154541
11662,-0.027557382
11663,-0.03546142
11664,-0.045471188
11665,-0.05380249
11666,-0.06625365
11667,-0.06991577
11668,-0.07260132
11669,-0.07131958
11670,-0.070098884
11671,-0.065704346
11672,-0.058288574
11673,-0.051574707
11674,-0.043914795
11675,-0.036804188
11676,-0.0323181
11677,-0.030120848
11678,-0.03161621
11679,-0.039093025
11680,-0.04702759
11681,-0.05493164
11682,-0.055480957
11683,-0.051239014
11684,-0.03973388
11685,-0.023803713
11686,-0.009796139
11687,0.008239746
11688,0.019592278
11689,0.03311157
11690,0.04052734
11691,0.041015632
11692,0.03857421
11693,0.0336914
11694,0.02258301
11695,0.012268064
11696,0.007049568
11697,-0.001953125
11698,-0.0010681227
11699,0.006439209
11700,0.023376457
11701,0.047149677
11702,0.07348633
11703,0.09024047
11704,0.098327644
11705,0.098480225
11706,0.08941649
11707,0.079071045
11708,0.068664566
11709,0.057037346
11710,0.041595485
11711,0.027435306
11712,0.014526363
11713,0.006683357
11714,-0.008819584
11715,-0.022430427
11716,-0.035949714
11717,-0.048187256
11718,-0.059967045
11719,-0.06948852
11720,-0.08236694
11721,-0.098236084
11722,-0.11108399
11723,-0.12716676
11724,-0.13241577
11725,-0.13732912
11726,-0.12820436
11727,-0.11917116
11728,-0.103607155
11729,-0.084472656
11730,-0.06478884
11731,-0.045379646
11732,-0.027282733
11733,-0.01785279
11734,-0.014709484
11735,-0.0107727125
11736,-0.011474617
11737,-0.010101311
11738,-0.016815182
11739,-0.02014159
11740,-0.021514883
11741,-0.017730724
11742,-0.001586929
11743,0.020599362
11744,0.053558335
11745,0.08767702
11746,0.11788941
11747,0.14169312
11748,0.15921022
11749,0.16900635
11750,0.17303464
11751,0.17367554
11752,0.16708374
11753,0.15493774
11754,0.13305664
11755,0.11199952
11756,0.10000609
11757,0.09277345
11758,0.082916275
11759,0.07424926
11760,0.0694275
11761,0.0625305
11762,0.054138172
11763,0.04171752
11764,0.019531257
11765,-0.0058593713
11766,-0.035064705
11767,-0.06838991
11768,-0.09332275
11769,-0.11361695
11770,-0.1270447
11771,-0.13494875
11772,-0.13870236
11773,-0.1373291
11774,-0.13031007
11775,-0.121154785
11776,-0.11068727
11777,-0.108520515
11778,-0.10479736
11779,-0.100494385
11780,-0.08743286
11781,-0.06750487
11782,-0.050872803
11783,-0.030029288
11784,-0.014007561
11785,0.006652817
11786,0.032501202
11787,0.060455307
11788,0.09277344
11789,0.123229995
11790,0.14611816
11791,0.15975952
11792,0.16729738
11793,0.17977905
11794,0.18856809
11795,0.19390869
11796,0.19107057
11797,0.18365479
11798,0.17202759
11799,0.16253662
11800,0.15335082
11801,0.14169312
11802,0.13259889
11803,0.11450195
11804,0.10418703
11805,0.08715819
11806,0.072051995
11807,0.046325676
11808,0.03424073
11809,-0.020721436
11810,-0.076660156
11811,-0.10577393
11812,-0.14251707
11813,-0.16674805
11814,-0.18887332
11815,-0.20806885
11816,-0.22985837
11817,-0.24508666
11818,-0.2546997
11819,-0.2531128
11820,-0.24343872
11821,-0.23876953
11822,-0.23358153
11823,-0.2270813
11824,-0.21676636
11825,-0.19726562
11826,-0.18313599
11827,-0.16513062
11828,-0.15713501
11829,-0.12924196
11830,-0.14581302
11831,-0.07785035
11832,-0.011108398
11833,-0.0010376051
11834,0.026702875
11835,0.033203125
11836,0.043518063
11837,0.054107662
11838,0.077880844
11839,0.09100342
11840,0.10821533
11841,0.11386108
11842,0.11679077
11843,0.12454226
11844,0.13604733
11845,0.14456177
11846,0.15371707
11847,0.15240479
11848,0.15878296
11849,0.15527342
11850,0.15606688
11851,0.14382935
11852,0.1492615
11853,0.11175536
11854,0.07217407
11855,0.0602417
11856,0.0418396
11857,0.03894043
11858,0.029449463
11859,0.02142334
11860,0.0024109185
11861,-0.010803223
11862,-0.022918716
11863,-0.029296875
11864,-0.026885971
11865,-0.025543213
11866,-0.025970414
11867,-0.02597043
11868,-0.026489273
11869,-0.025512703
11870,-0.024993919
11871,-0.023376483
11872,-0.022308357
11873,-0.0054626456
11874,-0.00045779254
11875,0.11483765
11876,0.20346072
11877,0.20681761
11878,0.2019043
11879,0.16104126
11880,0.24798587
11881,0.32446292
11882,0.26046753
11883,0.053070053
11884,-0.16671756
11885,-0.3710938
11886,-0.50851446
11887,-0.5151062
11888,-0.47946167
11889,-0.41946408
11890,-0.37094116
11891,-0.32989502
11892,-0.28970343
11893,-0.25958252
11894,-0.24478145
11895,-0.247345
11896,-0.2764587
11897,-0.40176395
11898,-0.48181164
11899,-0.47726434
11900,-0.40670776
11901,-0.28637695
11902,-0.4155579
11903,-0.53652966
11904,-0.36944592
11905,0.060790956
11906,0.51367193
11907,0.9194032
11908,1.1784365
11909,1.1759034
11910,1.0808105
11911,0.94754016
11912,0.84063727
11913,0.75238043
11914,0.669098
11915,0.6043396
11916,0.5719604
11917,0.57061774
11918,0.5377197
11919,0.6001281
11920,0.62646484
11921,0.55975336
11922,0.4588318
11923,0.29589844
11924,0.25921625
11925,0.20809942
11926,0.030059904
11927,-0.2632751
11928,-0.5400086
11929,-0.7772827
11930,-0.9115907
11931,-0.8940126
11932,-0.852417
11933,-0.7999877
11934,-0.7621154
11935,-0.73159796
11936,-0.70159924
11937,-0.6871644
11938,-0.7003174
11939,-0.7213135
11940,-0.75375354
11941,-0.86950684
11942,-0.92871094
11943,-0.8881834
11944,-0.7705995
11945,-0.59207153
11946,-0.67974854
11947,-0.7541505
11948,-0.5533755
11949,-0.10638434
11950,0.36096197
11951,0.787079
11952,1.0392764
11953,1.0163574
11954,0.93557733
11955,0.8121642
11956,0.70330817
11957,0.60034186
11958,0.51113904
11959,0.46810913
11960,0.508911
11961,0.55490124
11962,0.62008667
11963,0.64825433
11964,0.646698
11965,0.63415515
11966,0.5480348
11967,0.42681882
11968,0.42080683
11969,0.41744998
11970,0.28182998
11971,0.051178038
11972,-0.1689148
11973,-0.33676142
11974,-0.41351342
11975,-0.3454895
11976,-0.26535022
11977,-0.18438715
11978,-0.12847888
11979,-0.08871472
11980,-0.060943723
11981,-0.056854248
11982,-0.09329212
11983,-0.14947516
11984,-0.23098743
11985,-0.4041443
11986,-0.53103644
11987,-0.5668028
11988,-0.53353894
11989,-0.44515988
11990,-0.62051386
11991,-0.78179944
11992,-0.6592715
11993,-0.28698736
11994,0.10815433
11995,0.46859747
11996,0.66592443
11997,0.59704596
11998,0.4776917
11999,0.3202209
12000,0.17745972
12001,0.051239133
12002,-0.058166265
12003,-0.11224359
12004,-0.08227557
12005,-0.024688601
12006,0.034820557
12007,0.1096496
12008,0.15570056
12009,0.17733747
12010,0.1458742
12011,0.07891834
12012,0.13607782
12013,0.18862924
12014,0.11285421
12015,-0.06796259
12016,-0.23538208
12017,-0.36740106
12018,-0.39743066
12019,-0.28576666
12020,-0.15365589
12021,-0.021758972
12022,0.07943736
12023,0.15460193
12024,0.21206647
12025,0.23730469
12026,0.21582042
12027,0.18441768
12028,0.18399058
12029,0.21871954
12030,0.23229992
12031,0.22500621
12032,0.20379625
12033,0.18786624
12034,0.28756726
12035,0.3811035
12036,0.3054198
12037,0.07116693
12038,-0.19311531
12039,-0.44308484
12040,-0.63778675
12041,-0.72277826
12042,-0.71963495
12043,-0.6853332
12044,-0.66760266
12045,-0.6545409
12046,-0.6379394
12047,-0.5950622
12048,-0.5221558
12049,-0.45251465
12050,-0.35211188
12051,-0.22042847
12052,-0.10980242
12053,-0.021728694
12054,0.036560237
12055,0.094329715
12056,0.29443353
12057,0.49334726
12058,0.550995
12059,0.47628778
12060,0.36938483
12061,0.26385492
12062,0.21176134
12063,0.27676398
12064,0.3646546
12065,0.47854608
12066,0.5878601
12067,0.69052124
12068,0.77661127
12069,0.82052624
12070,0.80191064
12071,0.74942005
12072,0.6928711
12073,0.63549805
12074,0.5767822
12075,0.49893188
12076,0.417633
12077,0.33795172
12078,0.27523804
12079,0.21832272
12080,0.15887439
12081,0.10128777
12082,0.026275579
12083,-0.06686409
12084,-0.15420519
12085,-0.23706049
12086,-0.32641602
12087,-0.40054315
12088,-0.4473573
12089,-0.4708556
12090,-0.48330677
12091,-0.5066528
12092,-0.538025
12093,-0.56439203
12094,-0.56500244
12095,-0.5466614
12096,-0.5202333
12097,-0.4866944
12098,-0.45706177
12099,-0.42453003
12100,-0.38116452
12101,-0.3410949
12102,-0.30053708
12103,-0.26190186
12104,-0.23501587
12105,-0.21688843
12106,-0.19546509
12107,-0.16830447
12108,-0.15237431
12109,-0.12985234
12110,-0.10076903
12111,-0.0653687
12112,-0.03161625
12113,-0.012970017
12114,-0.018157972
12115,-0.02392576
12116,-0.024139509
12117,-0.017181382
12118,-0.008331222
12119,-0.005187882
12120,0.0061339363
12121,0.012542814
12122,0.02273564
12123,0.03302
12124,0.03826894
12125,0.03799439
12126,0.03396603
12127,0.023834258
12128,0.015350364
12129,0.007873483
12130,0.002624441
12131,-0.004394587
12132,-0.0070189983
12133,-0.0065918304
12134,-0.0077514984
12135,-0.007873572
12136,-0.0016479269
12137,0.00808714
12138,0.0250854
12139,0.041778557
12140,0.06073003
12141,0.07913214
12142,0.09423827
12143,0.11102301
12144,0.12374876
12145,0.13232419
12146,0.13931271
12147,0.14370729
12148,0.14468387
12149,0.14682008
12150,0.14489743
12151,0.14160155
12152,0.13803099
12153,0.13934322
12154,0.14123538
12155,0.13696286
12156,0.13470456
12157,0.12945555
12158,0.123931915
12159,0.11724851
12160,0.10424802
12161,0.088470474
12162,0.07101442
12163,0.05017093
12164,0.037200905
12165,0.025268596
12166,0.015197754
12167,0.009979233
12168,0.0053100027
12169,-0.0016479641
12170,-0.0056457706
12171,-0.011260971
12172,-0.015777567
12173,-0.021209713
12174,-0.02658082
12175,-0.03143312
12176,-0.032287598
12177,-0.030517567
12178,-0.028778065
12179,-0.030181875
12180,-0.032196037
12181,-0.032531746
12182,-0.029693596
12183,-0.026214607
12184,-0.016723635
12185,-0.0021972638
12186,0.010223398
12187,0.019989021
12188,0.024963364
12189,0.024719233
12190,0.02386476
12191,0.019317638
12192,0.014404314
12193,0.0053100428
12194,-0.0028991764
12195,-0.011505133
12196,-0.015289297
12197,-0.013092039
12198,-0.007385252
12199,-0.0068359375
12200,-0.0023498572
12201,0.0057067834
12202,0.015045172
12203,0.024993904
12204,0.029724117
12205,0.032897953
12206,0.026702888
12207,0.023651123
12208,0.020019528
12209,0.0171814
12210,0.015838623
12211,0.019531261
12212,0.025115952
12213,0.027374264
12214,0.031707756
12215,0.033355728
12216,0.03466797
12217,0.037872314
12218,0.040008537
12219,0.03726196
12220,0.035980213
12221,0.037872326
12222,0.038024925
12223,0.038970947
12224,0.035278328
12225,0.033264168
12226,0.03353883
12227,0.036468487
12228,0.041625977
12229,0.046539318
12230,0.04705812
12231,0.04556276
12232,0.03857421
12233,0.022674553
12234,0.0076599196
12235,-0.00628661
12236,-0.017639149
12237,-0.029266372
12238,-0.036987305
12239,-0.04843141
12240,-0.05700683
12241,-0.06350708
12242,-0.063018784
12243,-0.06246949
12244,-0.06188966
12245,-0.05679322
12246,-0.05065919
12247,-0.042938232
12248,-0.03570558
12249,-0.032226555
12250,-0.035125732
12251,-0.0416565
12252,-0.052795418
12253,-0.05783081
12254,-0.060791016
12255,-0.056701645
12256,-0.052337654
12257,-0.04681398
12258,-0.038970955
12259,-0.029235836
12260,-0.019683842
12261,-0.0062866136
12262,0.0046081543
12263,0.011840817
12264,0.01556395
12265,0.020050064
12266,0.025451664
12267,0.024902359
12268,0.022827148
12269,0.018707277
12270,0.015716568
12271,0.01586914
12272,0.019470215
12273,0.022399917
12274,0.023345966
12275,0.02041626
12276,0.011444092
12277,-0.00097655505
12278,-0.016418453
12279,-0.026641846
12280,-0.037719723
12281,-0.047973644
12282,-0.058013916
12283,-0.07119752
12284,-0.08334349
12285,-0.09320068
12286,-0.10086058
12287,-0.10525514
12288,-0.108123794
12289,-0.10705568
12290,-0.10250856
12291,-0.0949707
12292,-0.08465578
12293,-0.07522583
12294,-0.06539918
12295,-0.054626472
12296,-0.04373171
12297,-0.030731214
12298,-0.0146484375
12299,0.000610359
12300,0.017486582
12301,0.0314331
12302,0.043853752
12303,0.05227662
12304,0.05783081
12305,0.064056404
12306,0.067474365
12307,0.06729125
12308,0.05813597
12309,0.04992678
12310,0.04055787
12311,0.027923595
12312,0.019683838
12313,0.011260982
12314,0.0052795624
12315,3.051781e-05
12316,-0.0014343262
12317,-0.0052184956
12318,-0.012390118
12319,-0.020294175
12320,-0.029968254
12321,-0.04043579
12322,-0.054046627
12323,-0.063079834
12324,-0.07366942
12325,-0.08129883
12326,-0.08868408
12327,-0.094055176
12328,-0.09646606
12329,-0.096801765
12330,-0.08953856
12331,-0.08590699
12332,-0.07989502
12333,-0.070434585
12334,-0.058715828
12335,-0.045806877
12336,-0.03237917
12337,-0.017852783
12338,-0.0053710863
12339,0.00970459
12340,0.02822876
12341,0.04403686
12342,0.06411742
12343,0.08020019
12344,0.09747314
12345,0.11257935
12346,0.12878416
12347,0.1465149
12348,0.15789795
12349,0.1690979
12350,0.17868042
12351,0.1845398
12352,0.18063354
12353,0.17462158
12354,0.16265866
12355,0.15136722
12356,0.14111328
12357,0.12533568
12358,0.109741226
12359,0.09237672
12360,0.07858277
12361,0.06451417
12362,0.049072273
12363,0.031036377
12364,0.017395027
12365,0.005767826
12366,-0.007263176
12367,-0.017364502
12368,-0.031555172
12369,-0.045593265
12370,-0.06073
12371,-0.06832885
12372,-0.072387695
12373,-0.06848144
12374,-0.064208984
12375,-0.061248794
12376,-0.05972288
12377,-0.055847194
12378,-0.05426024
12379,-0.04782103
12380,-0.046173118
12381,-0.03778076
12382,-0.03121949
12383,-0.020935066
12384,-0.0051879883
12385,0.0041809157
12386,0.014434807
12387,0.01928711
12388,0.027801506
12389,0.034545913
12390,0.043060303
12391,0.051513676
12392,0.05532837
12393,0.05477903
12394,0.054443352
12395,0.04922487
12396,0.038726795
12397,0.036987297
12398,0.029418938
12399,0.0310364
12400,0.023406986
12401,0.01730346
12402,0.008697506
12403,-0.0026245117
12404,-0.013977056
12405,-0.029296871
12406,-0.048034675
12407,-0.06588744
12408,-0.0772705
12409,-0.084960945
12410,-0.08776854
12411,-0.09030152
12412,-0.0921631
12413,-0.094909675
12414,-0.091796905
12415,-0.082489
12416,-0.07458497
12417,-0.05581665
12418,-0.03945923
12419,-0.027008064
12420,-0.011260971
12421,-0.002868671
12422,0.008270264
12423,0.017211929
12424,0.021606434
12425,0.030731212
12426,0.031158455
12427,0.032836907
12428,0.0386963
12429,0.041046143
12430,0.038238518
12431,0.03848266
12432,0.03506469
12433,0.036529563
12434,0.04598999
12435,0.059478756
12436,0.0680542
12437,0.07147215
12438,0.07354736
12439,0.06747438
12440,0.06781006
12441,0.06555175
12442,0.0626831
12443,0.06677249
12444,0.059265137
12445,0.056152333
12446,0.052093506
12447,0.042297363
12448,0.038330086
12449,0.031250007
12450,0.022003176
12451,0.019409172
12452,0.013366705
12453,0.0104065
12454,0.0037841965
12455,-0.008239748
12456,-0.020996101
12457,-0.03613282
12458,-0.04125976
12459,-0.045135483
12460,-0.053649917
12461,-0.054962162
12462,-0.05847169
12463,-0.0647583
12464,-0.06643677
12465,-0.07836917
12466,-0.08374024
12467,-0.092681885
12468,-0.0987854
12469,-0.10653686
12470,-0.11386111
12471,-0.11715698
12472,-0.1148987
12473,-0.108947754
12474,-0.105804436
12475,-0.100372314
12476,-0.08981325
12477,-0.07467651
12478,-0.057403557
12479,-0.04156493
12480,-0.02990721
12481,-0.027832028
12482,-0.023651123
12483,-0.031280518
12484,-0.031402588
12485,-0.032135002
12486,-0.031341545
12487,-0.023284897
12488,-0.024841307
12489,-0.018646244
12490,-0.014160151
12491,-0.015716553
12492,-0.014617918
12493,-0.015869142
12494,-0.024963377
12495,-0.03042603
12496,-0.04156494
12497,-0.050506584
12498,-0.06002807
12499,-0.074920654
12500,-0.0925293
12501,-0.110015854
12502,-0.12243651
12503,-0.1272278
12504,-0.13278195
12505,-0.1306152
12506,-0.13021854
12507,-0.13235469
12508,-0.12530516
12509,-0.13146974
12510,-0.12478638
12511,-0.12170414
12512,-0.111846894
12513,-0.09109495
12514,-0.07312016
12515,-0.043914765
12516,-0.0014648736
12517,0.04486084
12518,0.099426284
12519,0.15496825
12520,0.22381589
12521,0.30087274
12522,0.3787231
12523,0.4570312
12524,0.5291748
12525,0.59011847
12526,0.6393126
12527,0.6649779
12528,0.6801454
12529,0.6846618
12530,0.66751087
12531,0.6477356
12532,0.6143188
12533,0.57144177
12534,0.5169066
12535,0.44918817
12536,0.37115484
12537,0.27496335
12538,0.15124512
12539,0.0062866285
12540,-0.15100102
12541,-0.31280524
12542,-0.5010681
12543,-0.6918335
12544,-0.87927234
12545,-1.0672607
12546,-1.2506715
12547,-1.4119264
12548,-1.5484008
12549,-1.6336974
12550,-1.6712646
12551,-1.665161
12552,-1.6165159
12553,-1.5340881
12554,-1.409973
12555,-1.2549134
12556,-1.07077
12557,-0.86560047
12558,-0.63742054
12559,-0.38714594
12560,-0.118560806
12561,0.15957643
12562,0.44595343
12563,0.72320557
12564,1.0215759
12565,1.3147278
12566,1.5978696
12567,1.8795166
12568,2.153168
12569,2.4055176
12570,2.6378784
12571,2.8137817
12572,2.9241028
12573,2.9627683
12574,2.9056392
12575,2.788757
12576,2.626648
12577,2.406891
12578,2.1001277
12579,1.7457885
12580,1.3417969
12581,0.8928833
12582,0.40441892
12583,-0.09362792
12584,-0.58401495
12585,-1.0500488
12586,-1.5315552
12587,-1.9896545
12588,-2.4160764
12589,-2.8147888
12590,-3.18396
12591,-3.5112002
12592,-3.7927856
12593,-4.0011597
12594,-4.1277466
12595,-4.17749
12596,-4.096374
12597,-3.9309082
12598,-3.7330933
12599,-3.452576
12600,-3.0185237
12601,-2.49115
12602,-1.8930969
12603,-1.2385255
12604,-0.5443725
12605,0.1595459
12606,0.84725964
12607,1.4862062
12608,2.0866392
12609,2.6203005
12610,3.0795894
12611,3.4833376
12612,3.8268738
12613,4.1156006
12614,4.3501587
12615,4.511017
12616,4.5954285
12617,4.6042175
12618,4.5119014
12619,4.3476562
12620,4.132141
12621,3.8350525
12622,3.4337153
12623,2.960846
12624,2.4220886
12625,1.8280945
12626,1.1860046
12627,0.5289002
12628,-0.11767581
12629,-0.7381592
12630,-1.3632811
12631,-1.9586487
12632,-2.5062556
12633,-3.0158997
12634,-3.4840088
12635,-3.9052737
12636,-4.2727966
12637,-4.55542
12638,-4.7503967
12639,-4.858032
12640,-4.827728
12641,-4.707428
12642,-4.5555725
12643,-4.316895
12644,-3.9199824
12645,-3.4317932
12646,-2.8632202
12647,-2.2366033
12648,-1.5595093
12649,-0.8634033
12650,-0.17004395
12651,0.4844972
12652,1.1231991
12653,1.7074891
12654,2.2280269
12655,2.7005007
12656,3.1184692
12657,3.4856567
12658,3.80188
12659,4.0435486
12660,4.200287
12661,4.271576
12662,4.243683
12663,4.1328125
12664,3.9606628
12665,3.7113342
12666,3.3519282
12667,2.92276
12668,2.4288635
12669,1.8925477
12670,1.3405762
12671,0.7944946
12672,0.27252203
12673,-0.21594232
12674,-0.6820373
12675,-1.1183472
12676,-1.5128477
12677,-1.8779908
12678,-2.2035217
12679,-2.509827
12680,-2.7971802
12681,-3.0483398
12682,-3.2567139
12683,-3.4077451
12684,-3.4531555
12685,-3.441864
12686,-3.4230351
12687,-3.3358154
12688,-3.1127012
12689,-2.8072815
12690,-2.4388428
12691,-2.026276
12692,-1.5689697
12693,-1.1031799
12694,-0.64724743
12695,-0.2182312
12696,0.19519019
12697,0.57614136
12698,0.91021705
12699,1.19928
12700,1.449249
12701,1.6628418
12702,1.8392029
12703,1.977112
12704,2.0899048
12705,2.190979
12706,2.2404783
12707,2.2640076
12708,2.2882078
12709,2.2654114
12710,2.1486204
12711,1.9581909
12712,1.720276
12713,1.4567568
12714,1.1712952
12715,0.8782654
12716,0.59194946
12717,0.3239135
12718,0.08419812
12719,-0.11413586
12720,-0.27645862
12721,-0.41806042
12722,-0.53292835
12723,-0.63165283
12724,-0.7101134
12725,-0.76690686
12726,-0.8118895
12727,-0.84493995
12728,-0.8869629
12729,-0.93292236
12730,-0.9272156
12731,-0.9021605
12732,-0.90087885
12733,-0.8955995
12734,-0.88684076
12735,-0.87850964
12736,-0.87841797
12737,-0.88012695
12738,-0.89120495
12739,-0.8891908
12740,-0.8347473
12741,-0.7549135
12742,-0.63623047
12743,-0.47573853
12744,-0.2929992
12745,-0.09683214
12746,0.1021422
12747,0.28378284
12748,0.44888315
12749,0.58560175
12750,0.670105
12751,0.7307128
12752,0.78948987
12753,0.817749
12754,0.78167725
12755,0.7100525
12756,0.616272
12757,0.51596093
12758,0.41259766
12759,0.31985468
12760,0.23449712
12761,0.16693114
12762,0.09732069
12763,0.045379713
12764,0.0016479045
12765,-0.038909867
12766,-0.06954942
12767,-0.09136971
12768,-0.1057434
12769,-0.112213075
12770,-0.119323775
12771,-0.12396245
12772,-0.1267394
12773,-0.12945552
12774,-0.116180345
12775,-0.0867005
12776,-0.04473868
12777,0.014495924
12778,0.07733144
12779,0.1348572
12780,0.18164062
12781,0.20687865
12782,0.207428
12783,0.19934082
12784,0.19113164
12785,0.16174325
12786,0.1315002
12787,0.106933564
12788,0.07879634
12789,0.051239043
12790,0.022705026
12791,-0.0054016486
12792,-0.027526826
12793,-0.04769905
12794,-0.06729123
12795,-0.07983394
12796,-0.09561153
12797,-0.115081854
12798,-0.13122559
12799,-0.15051264
12800,-0.15634163
12801,-0.14788818
12802,-0.12789916
12803,-0.094268754
12804,-0.05612186
12805,-0.017913833
12806,0.004150413
12807,0.024810836
12808,0.03433229
12809,0.026550226
12810,0.016052209
12811,-0.0018615276
12812,-0.016174346
12813,-0.02557376
12814,-0.032928415
12815,-0.030120824
12816,-0.021423332
12817,-0.008270267
12818,0.015594453
12819,0.048980713
12820,0.08914186
12821,0.13842776
12822,0.18530267
12823,0.22262567
12824,0.24203493
12825,0.24243167
12826,0.22586057
12827,0.1968689
12828,0.17987062
12829,0.14813234
12830,0.12414554
12831,0.10906978
12832,0.09069819
12833,0.0688477
12834,0.039520226
12835,0.006591752
12836,-0.025299044
12837,-0.059478782
12838,-0.09637451
12839,-0.13568115
12840,-0.18249513
12841,-0.22933961
12842,-0.26461795
12843,-0.29019165
12844,-0.3017273
12845,-0.2965088
12846,-0.28186035
12847,-0.24887083
12848,-0.21136476
12849,-0.17010498
12850,-0.14343263
12851,-0.108062744
12852,-0.0765381
12853,-0.051025413
12854,-0.02218626
12855,0.0049438477
12856,0.035156254
12857,0.06658938
12858,0.10446168
12859,0.15097047
12860,0.1987915
12861,0.24777219
12862,0.28659058
12863,0.31051636
12864,0.31600952
12865,0.30654904
12866,0.28189087
12867,0.24337767
12868,0.20443724
12869,0.16116332
12870,0.12942506
12871,0.10198974
12872,0.07608034
12873,0.05279541
12874,0.027404789
12875,-0.0016174205
12876,-0.03253174
12877,-0.04797364
12878,-0.061584488
12879,-0.0680237
12880,-0.07073976
12881,-0.07290648
12882,-0.07672116
12883,-0.08520506
12884,-0.09582521
12885,-0.1020813
12886,-0.10379028
12887,-0.10430907
12888,-0.09774782
12889,-0.08679198
12890,-0.06854245
12891,-0.04782103
12892,-0.021911636
12893,0.0007324442
12894,0.0097045675
12895,0.027099594
12896,0.03433225
12897,0.037200898
12898,0.033111602
12899,0.02355956
12900,0.0126037635
12901,-0.00073240045
12902,-0.009857163
12903,-0.020538324
12904,-0.020233171
12905,-0.019470213
12906,-0.017730705
12907,-0.018157963
12908,-0.02416993
12909,-0.032348625
12910,-0.04086303
12911,-0.051422134
12912,-0.058441177
12913,-0.066528335
12914,-0.07168578
12915,-0.07119751
12916,-0.06085206
12917,-0.053222664
12918,-0.042144783
12919,-0.035339344
12920,-0.026947029
12921,-0.016265877
12922,-0.0064697266
12923,0.0028075948
12924,0.0041808896
12925,0.0015564077
12926,-0.0134582445
12927,-0.030059796
12928,-0.048828132
12929,-0.056854248
12930,-0.056518555
12931,-0.051239
12932,-0.047027588
12933,-0.043884277
12934,-0.036224335
12935,-0.030761689
12936,-0.026489265
12937,-0.025512684
12938,-0.028472919
12939,-0.025024429
12940,-0.02261354
12941,-0.010986336
12942,-0.0015869029
12943,0.0056762733
12944,0.011566151
12945,0.013000503
12946,0.015380863
12947,0.008544913
12948,0.006713858
12949,0.005859364
12950,0.0023498684
12951,-0.0063781887
12952,-0.021179192
12953,-0.041870125
12954,-0.057342514
12955,-0.07495119
12956,-0.09072879
12957,-0.09887696
12958,-0.10665892
12959,-0.104339615
12960,-0.09869385
12961,-0.099853516
12962,-0.099121094
12963,-0.10253905
12964,-0.09817506
12965,-0.0881653
12966,-0.065460205
12967,-0.039642356
12968,-0.017913831
12969,0.0037841965
12970,0.015869148
12971,0.0322876
12972,0.052795406
12973,0.078308105
12974,0.104400635
12975,0.12908936
12976,0.14627078
12977,0.1610718
12978,0.17233278
12979,0.1753235
12980,0.18145752
12981,0.1737976
12982,0.1619873
12983,0.15197754
12984,0.13848877
12985,0.12738037
12986,0.11596679
12987,0.103210464
12988,0.087127686
12989,0.07281495
12990,0.05578613
12991,0.036651604
12992,0.02798461
12993,0.01770018
12994,0.01049806
12995,-0.0017700307
12996,-0.012359613
12997,-0.026733406
12998,-0.032409675
12999,-0.03976441
13000,-0.056427024
13001,-0.0649109
13002,-0.08053588
13003,-0.08630371
13004,-0.091918945
13005,-0.097503655
13006,-0.101257324
13007,-0.10745241
13008,-0.10690309
13009,-0.10873414
13010,-0.102020256
13011,-0.096160896
13012,-0.092681885
13013,-0.08532715
13014,-0.08309937
13015,-0.07586671
13016,-0.06503296
13017,-0.055206295
13018,-0.044067383
13019,-0.029296882
13020,-0.02560425
13021,-0.017333971
13022,-0.0050659105
13023,-0.0024719238
13024,0.0083923265
13025,0.007843005
13026,0.009094242
13027,0.0102539025
13028,0.010772705
13029,0.015625
13030,0.02203368
13031,0.030792251
13032,0.031188961
13033,0.032867443
13034,0.03149414
13035,0.028198235
13036,0.026489262
13037,0.02337646
13038,0.017333986
13039,0.0068359403
13040,-0.0018615751
13041,-0.015594481
13042,-0.01715089
13043,-0.027557375
13044,-0.03903199
13045,-0.04257203
13046,-0.053833008
13047,-0.05456543
13048,-0.056488037
13049,-0.059692383
13050,-0.060607895
13051,-0.061157227
13052,-0.06011963
13053,-0.05883789
13054,-0.05340576
13055,-0.045928955
13056,-0.03805542
13057,-0.027709961
13058,-0.021636967
13059,-0.0152282715
13060,-0.008239754
13061,-0.0024414062
13062,-0.0029601976
13063,0.00039671734
13064,-0.005065907
13065,0.001190193
13066,0.010894779
13067,0.016113278
13068,0.026763923
13069,0.030883789
13070,0.033721928
13071,0.03640746
13072,0.03768921
13073,0.043609623
13074,0.04830934
13075,0.057617188
13076,0.061859146
13077,0.066284195
13078,0.06964112
13079,0.07205199
13080,0.07543947
13081,0.07647706
13082,0.07653809
13083,0.075134285
13084,0.07461546
13085,0.07147218
13086,0.071350075
13087,0.06121826
13088,0.049163803
13089,0.041931156
13090,0.032440178
13091,0.036254894
13092,0.041290283
13093,0.05459597
13094,0.06701662
13095,0.07525633
13096,0.08380126
13097,0.08755493
13098,0.0985718
13099,0.1433411
13100,0.19955446
13101,0.23483278
13102,0.25173953
13103,0.2200928
13104,0.23919678
13105,0.30139157
13106,0.2745667
13107,0.089965776
13108,-0.15945429
13109,-0.35714725
13110,-0.5209656
13111,-0.59051514
13112,-0.5760193
13113,-0.52728266
13114,-0.48001096
13115,-0.44512945
13116,-0.41098022
13117,-0.3779297
13118,-0.3587036
13119,-0.34323123
13120,-0.33676153
13121,-0.3912964
13122,-0.46057135
13123,-0.48526007
13124,-0.47406015
13125,-0.36087042
13126,-0.3481751
13127,-0.42559808
13128,-0.3385316
13129,0.061554015
13130,0.57092273
13131,0.9756776
13132,1.3044435
13133,1.4212952
13134,1.3710327
13135,1.2483826
13136,1.1343689
13137,1.0391237
13138,0.94692993
13139,0.8468628
13140,0.7692566
13141,0.7163087
13142,0.65573126
13143,0.61083984
13144,0.56213385
13145,0.49575812
13146,0.40298465
13147,0.24685678
13148,0.14260873
13149,0.09460455
13150,-0.023345947
13151,-0.2808228
13152,-0.5762938
13153,-0.80206305
13154,-0.9772339
13155,-1.0343628
13156,-1.004364
13157,-0.9448243
13158,-0.9064942
13159,-0.89443976
13160,-0.8873595
13161,-0.86468494
13162,-0.85321045
13163,-0.86096203
13164,-0.8694763
13165,-0.9388123
13166,-1.0229495
13167,-1.0593874
13168,-1.0332947
13169,-0.8976137
13170,-0.8619386
13171,-0.9180907
13172,-0.81448376
13173,-0.40301508
13174,0.11434919
13175,0.5454408
13176,0.91064465
13177,1.073181
13178,1.0782777
13179,1.0119934
13180,0.967224
13181,0.95581067
13182,0.94927984
13183,0.9382323
13184,0.9402466
13185,0.9587097
13186,0.9585573
13187,0.9710694
13188,0.97818005
13189,0.9654237
13190,0.923584
13191,0.8038027
13192,0.72872925
13193,0.700348
13194,0.59652716
13195,0.34875485
13196,0.060882747
13197,-0.1788941
13198,-0.37664795
13199,-0.47091663
13200,-0.49029553
13201,-0.48358166
13202,-0.50271595
13203,-0.54690564
13204,-0.5980835
13205,-0.63424665
13206,-0.67831415
13207,-0.74591076
13208,-0.80358887
13209,-0.9216309
13210,-1.0496522
13211,-1.1255801
13212,-1.1413879
13213,-1.0464785
13214,-1.0490724
13215,-1.138031
13216,-1.067688
13217,-0.6838379
13218,-0.19686902
13219,0.21038833
13220,0.5555116
13221,0.6994933
13222,0.6860962
13223,0.6012572
13224,0.54592884
13225,0.5218507
13226,0.5202942
13227,0.5173338
13228,0.5307312
13229,0.5674439
13230,0.5855104
13231,0.62802124
13232,0.6658936
13233,0.68737805
13234,0.6810608
13235,0.60049456
13236,0.5639038
13237,0.57293713
13238,0.50726324
13239,0.29409784
13240,0.04296893
13241,-0.1648255
13242,-0.33337402
13243,-0.3929137
13244,-0.37503064
13245,-0.32690436
13246,-0.3030395
13247,-0.30355847
13248,-0.30560297
13249,-0.29418927
13250,-0.2908935
13251,-0.31567395
13252,-0.31704703
13253,-0.28613275
13254,-0.2319642
13255,-0.20281991
13256,-0.17227167
13257,-0.16442874
13258,-0.10256967
13259,-0.0014649034
13260,0.012298673
13261,-0.14596565
13262,-0.38024902
13263,-0.5633849
13264,-0.71847534
13265,-0.77142334
13266,-0.74072266
13267,-0.65902704
13268,-0.5574341
13269,-0.4374084
13270,-0.30526733
13271,-0.18402117
13272,-0.07000741
13273,0.038116455
13274,0.1496582
13275,0.30953988
13276,0.48733526
13277,0.634369
13278,0.74676514
13279,0.8089602
13280,0.9106444
13281,1.0497131
13282,1.0872195
13283,0.9663696
13284,0.7755738
13285,0.5950927
13286,0.42324826
13287,0.32485962
13288,0.2944336
13289,0.29592896
13290,0.29479998
13291,0.27966297
13292,0.25796497
13293,0.22668462
13294,0.18527225
13295,0.1456604
13296,0.11508174
13297,0.09167482
13298,0.070220955
13299,0.04678345
13300,0.011718769
13301,-0.016876161
13302,-0.028991677
13303,-0.05026255
13304,-0.06039423
13305,-0.07913211
13306,-0.10458377
13307,-0.12814322
13308,-0.16174316
13309,-0.19467163
13310,-0.22946168
13311,-0.25457764
13312,-0.27502447
13313,-0.28823844
13314,-0.29617313
13315,-0.31817633
13316,-0.3236695
13317,-0.3220824
13318,-0.31756604
13319,-0.30465704
13320,-0.29199225
13321,-0.28033447
13322,-0.2760315
13323,-0.26654053
13324,-0.26129144
13325,-0.24291998
13326,-0.23538214
13327,-0.21231079
13328,-0.18457036
13329,-0.15975955
13330,-0.1265564
13331,-0.09997566
13332,-0.06295769
13333,-0.033019956
13334,-0.008636455
13335,0.007843006
13336,0.0129090175
13337,0.021331836
13338,0.019683894
13339,0.025939949
13340,0.019287117
13341,0.018035868
13342,0.008148169
13343,-0.0067444276
13344,-0.013702372
13345,-0.025665283
13346,-0.024444556
13347,-0.030578652
13348,-0.018920932
13349,-0.025695741
13350,-0.026886012
13351,-0.020141605
13352,-0.01879884
13353,-0.006286707
13354,0.00061039254
13355,0.014038164
13356,0.01937867
13357,0.033386193
13358,0.04159552
13359,0.045196593
13360,0.058074974
13361,0.0534973
13362,0.060516357
13363,0.065093994
13364,0.071991
13365,0.08117675
13366,0.087677
13367,0.09429931
13368,0.0921936
13369,0.10070801
13370,0.08993529
13371,0.09451297
13372,0.09594725
13373,0.08938597
13374,0.09655762
13375,0.091552705
13376,0.0919495
13377,0.08660891
13378,0.08047492
13379,0.071166955
13380,0.05187988
13381,0.040222198
13382,0.014556926
13383,0.007568337
13384,-0.0062560895
13385,-0.00970458
13386,-0.022247283
13387,-0.035400413
13388,-0.04034424
13389,-0.056457523
13390,-0.05706787
13391,-0.06161499
13392,-0.05502318
13393,-0.06048583
13394,-0.062438965
13395,-0.06640625
13396,-0.07424927
13397,-0.07015992
13398,-0.07577515
13399,-0.070556626
13400,-0.06546021
13401,-0.06478883
13402,-0.05444336
13403,-0.053863518
13404,-0.04559326
13405,-0.047027588
13406,-0.042724624
13407,-0.042144775
13408,-0.038391113
13409,-0.031158444
13410,-0.029602043
13411,-0.022094741
13412,-0.02600098
13413,-0.028320316
13414,-0.040100113
13415,-0.052215584
13416,-0.060516357
13417,-0.075408936
13418,-0.080566406
13419,-0.085052475
13420,-0.08392335
13421,-0.080078125
13422,-0.07254027
13423,-0.0675354
13424,-0.06085205
13425,-0.04864502
13426,-0.04809571
13427,-0.028289795
13428,-0.018493658
13429,-0.012115488
13430,0.0046691783
13431,0.008666996
13432,0.014709478
13433,0.027069101
13434,0.03570557
13435,0.04769899
13436,0.065948494
13437,0.080841064
13438,0.0941162
13439,0.10830688
13440,0.113616936
13441,0.1290283
13442,0.13769533
13443,0.14584352
13444,0.15411375
13445,0.1591797
13446,0.16021729
13447,0.15533446
13448,0.1531372
13449,0.14138794
13450,0.134552
13451,0.11593629
13452,0.106384285
13453,0.098724365
13454,0.082305916
13455,0.07678222
13456,0.05947876
13457,0.03744506
13458,0.014373761
13459,-0.012146011
13460,-0.03121949
13461,-0.049133305
13462,-0.06384277
13463,-0.082244866
13464,-0.09341433
13465,-0.10827639
13466,-0.113800034
13467,-0.1112671
13468,-0.11105348
13469,-0.10250853
13470,-0.09521485
13471,-0.080810554
13472,-0.066406265
13473,-0.057708748
13474,-0.050323486
13475,-0.04641724
13476,-0.047637932
13477,-0.04907226
13478,-0.04357911
13479,-0.036041252
13480,-0.025207505
13481,-0.011505116
13482,-0.00024414062
13483,0.0134582445
13484,0.027862564
13485,0.045959473
13486,0.06643678
13487,0.07833866
13488,0.07958984
13489,0.075164795
13490,0.07302856
13491,0.071228
13492,0.07000735
13493,0.06781006
13494,0.066528335
13495,0.072479255
13496,0.08166505
13497,0.09768678
13498,0.11358642
13499,0.12655638
13500,0.1333313
13501,0.12783813
13502,0.11828613
13503,0.0996704
13504,0.08383177
13505,0.07202146
13506,0.051513694
13507,0.023010246
13508,-0.0056457706
13509,-0.025634773
13510,-0.032958984
13511,-0.032959
13512,-0.026184086
13513,-0.017852753
13514,-0.012176529
13515,-0.004241936
13516,-0.0005798489
13517,-0.0010986552
13518,-0.011444099
13519,-0.028656006
13520,-0.049346916
13521,-0.07345581
13522,-0.08441161
13523,-0.08386229
13524,-0.07824706
13525,-0.06707763
13526,-0.060638413
13527,-0.054412857
13528,-0.042053238
13529,-0.022552505
13530,-0.00012204051
13531,0.01522829
13532,0.0142517015
13533,-0.00027465075
13534,-0.015502952
13535,-0.018615767
13536,-0.021697983
13537,-0.019592293
13538,-0.007995591
13539,0.0049133413
13540,0.02362061
13541,0.044281013
13542,0.064514145
13543,0.07968138
13544,0.07925416
13545,0.07000734
13546,0.05792238
13547,0.042022698
13548,0.035980217
13549,0.038177475
13550,0.036041275
13551,0.02517698
13552,0.0075378157
13553,-0.0023498647
13554,0.00036622584
13555,0.0010986254
13556,0.0016479492
13557,-0.004577592
13558,-0.012725834
13559,-0.024871815
13560,-0.034301773
13561,-0.04425051
13562,-0.06277466
13563,-0.082794204
13564,-0.10726929
13565,-0.13244629
13566,-0.14715576
13567,-0.15463255
13568,-0.1579895
13569,-0.15927124
13570,-0.16833493
13571,-0.17971802
13572,-0.18246463
13573,-0.17016603
13574,-0.14440918
13575,-0.11972046
13576,-0.10983276
13577,-0.109802246
13578,-0.10357665
13579,-0.08465581
13580,-0.061126724
13581,-0.039032005
13582,-0.015106186
13583,0.009857193
13584,0.038543697
13585,0.06857301
13586,0.10684202
13587,0.13549803
13588,0.14974976
13589,0.15899658
13590,0.16149902
13591,0.16378784
13592,0.16677856
13593,0.17233276
13594,0.16928102
13595,0.15396118
13596,0.12973022
13597,0.11260986
13598,0.108490005
13599,0.110198975
13600,0.10632326
13601,0.09124758
13602,0.0703125
13603,0.04458618
13604,0.016967777
13605,-0.009277366
13606,-0.039459243
13607,-0.07519531
13608,-0.10998534
13609,-0.13650513
13610,-0.15045166
13611,-0.15219116
13612,-0.14804079
13613,-0.13485718
13614,-0.124450654
13615,-0.1189575
13616,-0.10363772
13617,-0.07482909
13618,-0.043975815
13619,-0.018096907
13620,-0.0056457613
13621,0.0025329683
13622,-0.0018615746
13623,-0.008819604
13624,-0.008300794
13625,-0.017364524
13626,-0.02749633
13627,-0.0344238
13628,-0.038238525
13629,-0.034423836
13630,-0.020507812
13631,0.0024414072
13632,0.021789547
13633,0.039031968
13634,0.055511467
13635,0.07022095
13636,0.089050286
13637,0.10269165
13638,0.10757448
13639,0.10913085
13640,0.10162354
13641,0.09030151
13642,0.091003425
13643,0.10317995
13644,0.105407745
13645,0.09436036
13646,0.07763673
13647,0.059906006
13648,0.035644546
13649,0.014068589
13650,-0.005676277
13651,-0.025665276
13652,-0.05151365
13653,-0.06787108
13654,-0.07458497
13655,-0.07904053
13656,-0.07772827
13657,-0.072418205
13658,-0.068267815
13659,-0.06771849
13660,-0.06738282
13661,-0.061920144
13662,-0.049316414
13663,-0.04852295
13664,-0.0524292
13665,-0.051910415
13666,-0.04434202
13667,-0.036102302
13668,-0.02511599
13669,-0.014984138
13670,-0.009674087
13671,-0.004730221
13672,0.00082398206
13673,0.014068596
13674,0.033630364
13675,0.052795406
13676,0.06808472
13677,0.07644653
13678,0.08190918
13679,0.08996582
13680,0.095947266
13681,0.10110474
13682,0.09277346
13683,0.07739258
13684,0.06112671
13685,0.045867905
13686,0.034362786
13687,0.03051758
13688,0.029083258
13689,0.025665272
13690,0.017150879
13691,0.020599369
13692,0.033081077
13693,0.041809067
13694,0.044647202
13695,0.040344253
13696,0.027191173
13697,0.0016479543
13698,-0.02148438
13699,-0.037139885
13700,-0.053009033
13701,-0.06390381
13702,-0.07916258
13703,-0.09002685
13704,-0.08627321
13705,-0.08905026
13706,-0.095153816
13707,-0.09988402
13708,-0.10247802
13709,-0.11288454
13710,-0.11630248
13711,-0.11343384
13712,-0.112915054
13713,-0.11471556
13714,-0.11474611
13715,-0.10916139
13716,-0.099517815
13717,-0.08209229
13718,-0.06677247
13719,-0.043853763
13720,-0.025024414
13721,-0.01828004
13722,-0.009674072
13723,-0.0086059645
13724,-0.0072326623
13725,-0.004425049
13726,-0.00024414808
13727,0.0069579966
13728,0.021911614
13729,0.044158928
13730,0.06539917
13731,0.08517457
13732,0.09286499
13733,0.10388184
13734,0.111389145
13735,0.11727907
13736,0.121368416
13737,0.12521361
13738,0.12319946
13739,0.10919191
13740,0.102996826
13741,0.08786012
13742,0.083251946
13743,0.077667244
13744,0.07067872
13745,0.060913093
13746,0.04510498
13747,0.023132317
13748,0.004943846
13749,-0.012542717
13750,-0.046722412
13751,-0.07223511
13752,-0.10504149
13753,-0.13134766
13754,-0.15545654
13755,-0.17343137
13756,-0.18017578
13757,-0.19699097
13758,-0.20220947
13759,-0.21783447
13760,-0.20529173
13761,-0.19320679
13762,-0.18460086
13763,-0.15020749
13764,-0.14254758
13765,-0.119323745
13766,-0.12255858
13767,-0.11706543
13768,-0.11236574
13769,-0.10754398
13770,-0.09454342
13771,-0.09393315
13772,-0.047241256
13773,-0.034332305
13774,0.010528564
13775,0.041320786
13776,0.07998654
13777,0.13018797
13778,0.1735535
13779,0.2272949
13780,0.27731323
13781,0.34420782
13782,0.38973993
13783,0.44592285
13784,0.50787354
13785,0.54290766
13786,0.5791931
13787,0.5974427
13788,0.60614014
13789,0.60113525
13790,0.58425903
13791,0.56030273
13792,0.5272216
13793,0.5068666
13794,0.4386598
13795,0.39758304
13796,0.31689453
13797,0.24893194
13798,0.14334105
13799,0.0019836575
13800,-0.14682007
13801,-0.32696536
13802,-0.5072937
13803,-0.7130128
13804,-0.8847046
13805,-1.067444
13806,-1.250824
13807,-1.3881226
13808,-1.5174868
13809,-1.5877382
13810,-1.626465
13811,-1.6268005
13812,-1.5747072
13813,-1.4907224
13814,-1.377533
13815,-1.2437136
13816,-1.050171
13817,-0.8735045
13818,-0.65618896
13819,-0.43447888
13820,-0.1861572
13821,0.09875486
13822,0.40173343
13823,0.7349854
13824,1.0560303
13825,1.3548585
13826,1.626831
13827,1.8949891
13828,2.165192
13829,2.3815002
13830,2.5828247
13831,2.7273254
13832,2.845032
13833,2.9052124
13834,2.850281
13835,2.7331543
13836,2.5281372
13837,2.245972
13838,1.8757936
13839,1.5164183
13840,1.1149291
13841,0.7206117
13842,0.3048095
13843,-0.1449585
13844,-0.59161377
13845,-1.0585632
13846,-1.5195312
13847,-1.9317932
13848,-2.3035889
13849,-2.6614685
13850,-3.0005798
13851,-3.2775269
13852,-3.5121462
13853,-3.6704102
13854,-3.7753606
13855,-3.8041077
13856,-3.7108464
13857,-3.5133972
13858,-3.214508
13859,-2.8327026
13860,-2.3487244
13861,-1.8698728
13862,-1.3112793
13863,-0.7629701
13864,-0.1835632
13865,0.3969116
13866,0.9653932
13867,1.5180969
13868,2.03537
13869,2.4725342
13870,2.8510437
13871,3.1913147
13872,3.480133
13873,3.6939697
13874,3.8653567
13875,3.9812624
13876,4.0382996
13877,4.0609436
13878,3.9436648
13879,3.7737427
13880,3.5021362
13881,3.1687927
13882,2.7373657
13883,2.3227234
13884,1.8476562
13885,1.3650513
13886,0.8682556
13887,0.324707
13888,-0.22402954
13889,-0.7953491
13890,-1.3663026
13891,-1.8924562
13892,-2.3731382
13893,-2.8444824
13894,-3.272644
13895,-3.6488037
13896,-3.94574
13897,-4.190399
13898,-4.3424687
13899,-4.438904
13900,-4.405762
13901,-4.265564
13902,-4.036743
13903,-3.691864
13904,-3.2780457
13905,-2.8103638
13906,-2.3025818
13907,-1.7668762
13908,-1.2017822
13909,-0.62854004
13910,-0.045013428
13911,0.51654065
13912,1.0738833
13913,1.5472411
13914,1.9881287
13915,2.392273
13916,2.7633057
13917,3.0844424
13918,3.335999
13919,3.5455935
13920,3.6757512
13921,3.7612
13922,3.7097476
13923,3.5814207
13924,3.3743591
13925,3.0658875
13926,2.7020874
13927,2.3191223
13928,1.9102173
13929,1.477661
13930,1.0576172
13931,0.62619025
13932,0.18457037
13933,-0.26733392
13934,-0.705475
13935,-1.0725403
13936,-1.4197689
13937,-1.7395936
13938,-2.0171814
13939,-2.2629395
13940,-2.4706116
13941,-2.6678772
13942,-2.825531
13943,-2.9693909
13944,-3.001343
13945,-2.9580386
13946,-2.8275452
13947,-2.6056519
13948,-2.335785
13949,-2.0307922
13950,-1.7022705
13951,-1.3478088
13952,-1.0009766
13953,-0.6486511
13954,-0.2998352
13955,0.022338986
13956,0.3509829
13957,0.6265868
13958,0.86782813
13959,1.0782163
13960,1.2441099
13961,1.3866577
13962,1.4707336
13963,1.5532229
13964,1.5904237
13965,1.633728
13966,1.6583252
13967,1.6435242
13968,1.6070254
13969,1.550659
13970,1.4655457
13971,1.3437805
13972,1.1787109
13973,0.98507667
13974,0.78518677
13975,0.5895386
13976,0.41018683
13977,0.258606
13978,0.12438953
13979,0.002166689
13980,-0.10406494
13981,-0.20697033
13982,-0.2833556
13983,-0.36578378
13984,-0.41754162
13985,-0.496155
13986,-0.5374452
13987,-0.59375
13988,-0.63479614
13989,-0.6750487
13990,-0.75497437
13991,-0.8061522
13992,-0.89447033
13993,-0.96377563
13994,-1.0545045
13995,-1.1068115
13996,-1.1608276
13997,-1.1700134
13998,-1.1473085
13999,-1.064148
14000,-0.9500122
14001,-0.7931825
14002,-0.62240595
14003,-0.43414295
14004,-0.23645014
14005,-0.051666275
14006,0.13989255
14007,0.30496216
14008,0.47369397
14009,0.6008911
14010,0.71286017
14011,0.765564
14012,0.81204224
14013,0.80532825
14014,0.8033447
14015,0.76141363
14016,0.7195739
14017,0.6540221
14018,0.5734558
14019,0.50793463
14020,0.42636114
14021,0.36981207
14022,0.28887928
14023,0.24295056
14024,0.18542498
14025,0.15921023
14026,0.13442993
14027,0.11566156
14028,0.116821304
14029,0.102355875
14030,0.095764145
14031,0.08956908
14032,0.08120727
14033,0.07934571
14034,0.06411734
14035,0.05126955
14036,0.031372108
14037,0.021911584
14038,0.01559449
14039,0.02532965
14040,0.03189093
14041,0.030120835
14042,0.021453874
14043,0.011840766
14044,0.007446222
14045,0.0008545518
14046,0.0015869271
14047,-0.008087043
14048,-0.022949312
14049,-0.028717011
14050,-0.034942664
14051,-0.022674486
14052,-0.016845644
14053,-0.0048217494
14054,0.01312256
14055,0.025177017
14056,0.05215448
14057,0.0690918
14058,0.10330202
14059,0.12145993
14060,0.14147952
14061,0.14154057
14062,0.1494141
14063,0.15924071
14064,0.16952518
14065,0.16900629
14066,0.14965816
14067,0.121734634
14068,0.08779901
14069,0.068664625
14070,0.035583504
14071,0.01510623
14072,-0.018096905
14073,-0.04022213
14074,-0.06826779
14075,-0.07647702
14076,-0.09188843
14077,-0.097137436
14078,-0.1141968
14079,-0.12878416
14080,-0.14324951
14081,-0.15118413
14082,-0.1552124
14083,-0.15036008
14084,-0.13986203
14085,-0.14471439
14086,-0.15338138
14087,-0.16174318
14088,-0.16311646
14089,-0.16030887
14090,-0.15469366
14091,-0.15310664
14092,-0.14367674
14093,-0.12438962
14094,-0.11071778
14095,-0.09091183
14096,-0.07647702
14097,-0.07513425
14098,-0.057647713
14099,-0.05767823
14100,-0.031097412
14101,-0.014709469
14102,0.021057133
14103,0.03656005
14104,0.059539795
14105,0.06655883
14106,0.07040404
14107,0.08630371
14108,0.09054566
14109,0.09744263
14110,0.08959961
14111,0.08746338
14112,0.07165526
14113,0.07952883
14114,0.07171631
14115,0.07952881
14116,0.07904056
14117,0.080322266
14118,0.08627319
14119,0.090118416
14120,0.093811035
14121,0.07827759
14122,0.070129395
14123,0.03936767
14124,0.021728523
14125,-0.0058593787
14126,-0.025054924
14127,-0.0336609
14128,-0.036987305
14129,-0.047271743
14130,-0.054473877
14131,-0.05911255
14132,-0.05718995
14133,-0.04916381
14134,-0.042266846
14135,-0.0411072
14136,-0.036437985
14137,-0.028259266
14138,-0.026977558
14139,-0.017608643
14140,-0.018005379
14141,-0.009002682
14142,-0.0062866304
14143,0.0021972563
14144,0.011627195
14145,0.025848392
14146,0.042633057
14147,0.048217773
14148,0.056976322
14149,0.043762207
14150,0.038360585
14151,0.033172607
14152,0.025482185
14153,0.01071167
14154,0.0012817378
14155,-0.016387936
14156,-0.024047863
14157,-0.032775868
14158,-0.045166034
14159,-0.05505372
14160,-0.06643677
14161,-0.068389885
14162,-0.06774904
14163,-0.06384278
14164,-0.062744126
14165,-0.050262444
14166,-0.04666139
14167,-0.04440309
14168,-0.046722412
14169,-0.05200195
14170,-0.058410656
14171,-0.057037354
14172,-0.06665038
14173,-0.06649782
14174,-0.05984497
14175,-0.05056762
14176,-0.042968757
14177,-0.035095215
14178,-0.0302124
14179,-0.032196067
14180,-0.024047839
14181,-0.030883774
14182,-0.026397727
14183,-0.028259277
14184,-0.028778085
14185,-0.030426022
14186,-0.030578623
14187,-0.023651136
14188,-0.014160154
14189,0.0077514686
14190,0.018890383
14191,0.037109375
14192,0.044525146
14193,0.04220581
14194,0.031951897
14195,0.016479502
14196,-0.002044686
14197,-0.019500736
14198,-0.031311035
14199,-0.05065918
14200,-0.05343627
14201,-0.051269528
14202,-0.0432129
14203,-0.027191168
14204,-0.015228267
14205,0.0024108961
14206,0.019104006
14207,0.02514649
14208,0.035888683
14209,0.038482662
14210,0.04046631
14211,0.027984612
14212,0.021148678
14213,0.0057067946
14214,0.00042724237
14215,0.004760742
14216,0.0020752102
14217,0.015533458
14218,0.027526852
14219,0.04907226
14220,0.061553963
14221,0.07611084
14222,0.07519532
14223,0.078735344
14224,0.077117935
14225,0.06167604
14226,0.05938722
14227,0.03479004
14228,0.02496339
14229,0.009735096
14230,-0.006469734
14231,-0.021545425
14232,-0.031311043
14233,-0.033996563
14234,-0.039642327
14235,-0.029968249
14236,-0.03521728
14237,-0.032562252
14238,-0.03259278
14239,-0.036193855
14240,-0.04409791
14241,-0.04415893
14242,-0.045440674
14243,-0.03918457
14244,-0.031738285
14245,-0.023498535
14246,-0.018859863
14247,-0.010375982
14248,-0.015228275
14249,-0.010589592
14250,-0.01721192
14251,-0.025390621
14252,-0.025024405
14253,-0.033996567
14254,-0.03759765
14255,-0.04858399
14256,-0.045043953
14257,-0.04660035
14258,-0.03201294
14259,-0.019927967
14260,-0.008270241
14261,0.012268078
14262,0.027984623
14263,0.04766845
14264,0.05935669
14265,0.06759643
14266,0.060241695
14267,0.058685303
14268,0.044952396
14269,0.028930653
14270,0.019622818
14271,-0.0036926195
14272,-0.014953606
14273,-0.029602058
14274,-0.043365486
14275,-0.05410768
14276,-0.05691529
14277,-0.058715805
14278,-0.055633537
14279,-0.044769287
14280,-0.04486084
14281,-0.04269409
14282,-0.04278566
14283,-0.052825943
14284,-0.05313111
14285,-0.05749511
14286,-0.056030273
14287,-0.049804688
14288,-0.041107178
14289,-0.034576412
14290,-0.022766113
14291,-0.009033198
14292,-0.0023193378
14293,0.02069091
14294,0.025268547
14295,0.041046143
14296,0.053649902
14297,0.053955078
14298,0.05184937
14299,0.041625977
14300,0.035064697
14301,0.027832024
14302,0.035278328
14303,0.030639648
14304,0.038818367
14305,0.04107667
14306,0.043762207
14307,0.04177856
14308,0.039489735
14309,0.03228759
14310,0.024566649
14311,0.020660402
14312,0.008392331
14313,0.0003967173
14314,-0.005523675
14315,-0.017517079
14316,-0.016601553
14317,-0.019256596
14318,-0.025207529
14319,-0.020965591
14320,-0.019744882
14321,-0.011352523
14322,-0.0060119564
14323,0.0029907264
14324,0.003692625
14325,0.008117661
14326,0.005889885
14327,-0.0031128004
14328,-0.00082398206
14329,-0.005645752
14330,0.0027771145
14331,0.012969986
14332,0.020416252
14333,0.022918709
14334,0.03179933
14335,0.034790054
14336,0.037384026
14337,0.05020141
14338,0.04611206
14339,0.05282592
14340,0.057525635
14341,0.055969246
14342,0.054565437
14343,0.051879883
14344,0.04055786
14345,0.0368042
14346,0.037323
14347,0.037750244
14348,0.05075074
14349,0.062896736
14350,0.069610596
14351,0.08050537
14352,0.09179687
14353,0.102325425
14354,0.1194458
14355,0.14260867
14356,0.197876
14357,0.25292966
14358,0.3122559
14359,0.28955084
14360,0.2525329
14361,0.24453735
14362,0.1659241
14363,-0.030822761
14364,-0.2470093
14365,-0.41537476
14366,-0.5429687
14367,-0.57632446
14368,-0.5741883
14369,-0.54159546
14370,-0.507843
14371,-0.47106937
14372,-0.43310547
14373,-0.39901733
14374,-0.37329096
14375,-0.348114
14376,-0.30722046
14377,-0.2902527
14378,-0.32736212
14379,-0.37475574
14380,-0.43118292
14381,-0.34802264
14382,-0.22659296
14383,-0.1899414
14384,-0.009399533
14385,0.41235352
14386,0.8448182
14387,1.186554
14388,1.4168088
14389,1.4548035
14390,1.413727
14391,1.3283997
14392,1.2350159
14393,1.1435548
14394,1.0491333
14395,0.9501343
14396,0.85885614
14397,0.7512512
14398,0.62792975
14399,0.49295044
14400,0.38183594
14401,0.2749939
14402,0.17642212
14403,0.009246945
14404,-0.1625061
14405,-0.2710265
14406,-0.4362793
14407,-0.6956787
14408,-0.9497986
14409,-1.13266
14410,-1.2428894
14411,-1.2496338
14412,-1.2125549
14413,-1.160614
14414,-1.1172485
14415,-1.0776979
14416,-1.0434265
14417,-1.0073853
14418,-0.97839355
14419,-0.93667597
14420,-0.87960815
14421,-0.8355409
14422,-0.8511658
14423,-0.86938465
14424,-0.8886415
14425,-0.7467653
14426,-0.5712584
14427,-0.490448
14428,-0.27310193
14429,0.19329834
14430,0.6730347
14431,1.0596008
14432,1.3341978
14433,1.4007263
14434,1.3784792
14435,1.3000183
14436,1.2167664
14437,1.1340028
14438,1.064331
14439,0.99957275
14440,0.9459228
14441,0.87167364
14442,0.76794434
14443,0.6538087
14444,0.5577698
14445,0.47064203
14446,0.38061514
14447,0.21646133
14448,0.043518007
14449,-0.06494135
14450,-0.2210083
14451,-0.4685974
14452,-0.70291144
14453,-0.87524426
14454,-0.977478
14455,-0.9820861
14456,-0.94729614
14457,-0.89157116
14458,-0.8432921
14459,-0.7911378
14460,-0.73840326
14461,-0.68759143
14462,-0.6419068
14463,-0.58621216
14464,-0.51620495
14465,-0.4627993
14466,-0.46542358
14467,-0.48678583
14468,-0.50762945
14469,-0.37442034
14470,-0.22283924
14471,-0.17953482
14472,-0.0019838214
14473,0.41189575
14474,0.8382264
14475,1.1697083
14476,1.378021
14477,1.3794556
14478,1.2993472
14479,1.1648254
14480,1.030426
14481,0.90313727
14482,0.7878113
14483,0.6890868
14484,0.6053466
14485,0.5027161
14486,0.37652594
14487,0.2409975
14488,0.12753302
14489,0.04699701
14490,-0.03189093
14491,-0.1864317
14492,-0.31738278
14493,-0.37728882
14494,-0.48178095
14495,-0.6789855
14496,-0.85968024
14497,-0.97799695
14498,-1.019928
14499,-0.9629211
14500,-0.88116455
14501,-0.77468884
14502,-0.69335926
14503,-0.61376965
14504,-0.53317255
14505,-0.4599303
14506,-0.37728888
14507,-0.27340698
14508,-0.16668712
14509,-0.027588084
14510,0.15148939
14511,0.31350702
14512,0.48901373
14513,0.60180664
14514,0.65063477
14515,0.70562744
14516,0.6653137
14517,0.46133417
14518,0.24508664
14519,0.049011245
14520,-0.1256408
14521,-0.21212772
14522,-0.2565003
14523,-0.27566522
14524,-0.26254278
14525,-0.2366944
14526,-0.21636957
14527,-0.165619
14528,-0.12408449
14529,-0.086914
14530,-0.034179673
14531,0.027862862
14532,0.12564093
14533,0.25195307
14534,0.35745245
14535,0.36743176
14536,0.3831787
14537,0.44448844
14538,0.424347
14539,0.28436288
14540,0.107543916
14541,-0.051361118
14542,-0.1476745
14543,-0.15747076
14544,-0.12973031
14545,-0.06744391
14546,-0.0043333843
14547,0.0563965
14548,0.12310785
14549,0.16622932
14550,0.20059209
14551,0.24575792
14552,0.28509516
14553,0.3540954
14554,0.4324646
14555,0.47607428
14556,0.53353894
14557,0.58767694
14558,0.61413574
14559,0.6271973
14560,0.6199035
14561,0.55694574
14562,0.48538208
14563,0.40344244
14564,0.29656982
14565,0.20874022
14566,0.13424684
14567,0.06448369
14568,0.011260927
14569,-0.037353516
14570,-0.104156435
14571,-0.16250621
14572,-0.22387686
14573,-0.2862854
14574,-0.31954938
14575,-0.37734973
14576,-0.43658453
14577,-0.45050043
14578,-0.4897765
14579,-0.5478821
14580,-0.56713855
14581,-0.5617981
14582,-0.5490112
14583,-0.50473017
14584,-0.47253418
14585,-0.4399109
14586,-0.3742981
14587,-0.31454468
14588,-0.25131226
14589,-0.19586176
14590,-0.16134647
14591,-0.14035031
14592,-0.11923222
14593,-0.11355591
14594,-0.114410296
14595,-0.099151626
14596,-0.10363768
14597,-0.08160407
14598,-0.055725176
14599,-0.05920411
14600,-0.03305056
14601,0.006256043
14602,0.034606963
14603,0.05316168
14604,0.071319565
14605,0.056732148
14606,0.05307007
14607,0.058288604
14608,0.04733278
14609,0.056640647
14610,0.061401397
14611,0.0629578
14612,0.07296747
14613,0.0826111
14614,0.08261101
14615,0.08712768
14616,0.097595274
14617,0.09719847
14618,0.114166245
14619,0.11132815
14620,0.096221864
14621,0.10055538
14622,0.07562253
14623,0.03372187
14624,-0.012725852
14625,-0.060302727
14626,-0.100616485
14627,-0.10800173
14628,-0.117126465
14629,-0.13415526
14630,-0.12661746
14631,-0.12704468
14632,-0.114227295
14633,-0.097717285
14634,-0.085052475
14635,-0.066925034
14636,-0.039001513
14637,-0.016479447
14638,0.0041503916
14639,0.036102265
14640,0.05038449
14641,0.07589716
14642,0.112457275
14643,0.106689416
14644,0.12942503
14645,0.15423582
14646,0.1642761
14647,0.16333011
14648,0.16265866
14649,0.13574216
14650,0.11294555
14651,0.09643555
14652,0.061401367
14653,0.042449962
14654,0.020141609
14655,-0.0061645545
14656,-0.014587402
14657,-0.027099617
14658,-0.041625973
14659,-0.054534905
14660,-0.05935669
14661,-0.064697266
14662,-0.056549102
14663,-0.056732178
14664,-0.072082534
14665,-0.05227661
14666,-0.061340317
14667,-0.09017944
14668,-0.114227265
14669,-0.13601686
14670,-0.14746094
14671,-0.13327026
14672,-0.11575318
14673,-0.095245376
14674,-0.06542969
14675,-0.049865726
14676,-0.03237916
14677,-0.006469719
14678,0.005157467
14679,0.016326904
14680,0.02716064
14681,0.029815663
14682,0.025909439
14683,0.030181892
14684,0.025848389
14685,0.026336666
14686,0.04281616
14687,0.03448486
14688,0.043945305
14689,0.0635376
14690,0.0788269
14691,0.09497072
14692,0.10900879
14693,0.107910156
14694,0.10494995
14695,0.10791015
14696,0.09613038
14697,0.08679201
14698,0.07803346
14699,0.0597229
14700,0.057617195
14701,0.050964355
14702,0.037689213
14703,0.02926636
14704,0.018035889
14705,-0.0053100497
14706,-0.02328492
14707,-0.027740486
14708,-0.044586204
14709,-0.040954575
14710,-0.041564934
14711,-0.030303957
14712,-0.0078124814
14713,0.009887695
14714,0.015960682
14715,0.02706908
14716,0.032135017
14717,0.0296936
14718,0.03866578
14719,0.0446167
14720,0.047119148
14721,0.0647583
14722,0.068939194
14723,0.07141113
14724,0.07730101
14725,0.07336425
14726,0.06835939
14727,0.062042233
14728,0.05044558
14729,0.0392456
14730,0.041473404
14731,0.023223866
14732,0.015838608
14733,0.025634766
14734,0.020080537
14735,0.02218628
14736,0.017639175
14737,0.0078125
14738,-0.0026550442
14739,-0.010131836
14740,-0.026061997
14741,-0.040985107
14742,-0.04812622
14743,-0.06149293
14744,-0.06420897
14745,-0.057800286
14746,-0.0583191
14747,-0.048614502
14748,-0.041931167
14749,-0.04058837
14750,-0.03613282
14751,-0.026184086
14752,-0.031555183
14753,-0.021331774
14754,-0.017913818
14755,-0.01959228
14756,-0.01174926
14757,-0.006683355
14758,-0.0073242313
14759,-0.0032043532
14760,0.0011596717
14761,0.0014953553
14762,0.009429937
14763,0.022369377
14764,0.028167732
14765,0.04751587
14766,0.058197014
14767,0.062042236
14768,0.065612786
14769,0.06579588
14770,0.05804445
14771,0.05334472
14772,0.041809097
14773,0.027435306
14774,0.018707298
14775,0.0022582933
14776,-0.015197771
14777,-0.021026615
14778,-0.041351333
14779,-0.051818863
14780,-0.062225327
14781,-0.06948852
14782,-0.078674324
14783,-0.07583618
14784,-0.08563231
14785,-0.09283447
14786,-0.09347536
14787,-0.09863283
14788,-0.10150145
14789,-0.09188842
14790,-0.08691406
14791,-0.07571411
14792,-0.06320191
14793,-0.0519409
14794,-0.039825447
14795,-0.023406979
14796,-0.018127449
14797,-0.009124741
14798,-0.0020751953
14799,-0.0016174316
14800,0.008575439
14801,0.011230476
14802,0.009826653
14803,0.00921632
14804,0.0071411207
14805,0.002746597
14806,0.0017700158
14807,0.007751446
14808,0.0036926158
14809,0.007843021
14810,0.0033874437
14811,-0.007843018
14812,-0.018493645
14813,-0.029327393
14814,-0.036346436
14815,-0.039886486
14816,-0.043090805
14817,-0.052703872
14818,-0.06042479
14819,-0.066284195
14820,-0.07818603
14821,-0.0736084
14822,-0.08312989
14823,-0.08489992
14824,-0.081787094
14825,-0.07556152
14826,-0.06729127
14827,-0.051971436
14828,-0.0429077
14829,-0.03411865
14830,-0.027465824
14831,-0.02261354
14832,-0.021301266
14833,-0.012878418
14834,-0.008514419
14835,0.0011901855
14836,0.011138894
14837,0.022399914
14838,0.034240715
14839,0.04708862
14840,0.06341552
14841,0.07669068
14842,0.09066772
14843,0.09408569
14844,0.10000609
14845,0.10113526
14846,0.09985352
14847,0.09826662
14848,0.09201049
14849,0.08544923
14850,0.07852171
14851,0.070495605
14852,0.06082152
14853,0.052093506
14854,0.04611206
14855,0.034698486
14856,0.02618409
14857,0.01898193
14858,0.010864265
14859,0.0068664504
14860,0.004608158
14861,0.0017700223
14862,0.00030517578
14863,-0.004760743
14864,-0.0022888118
14865,-0.00015258789
14866,0.005157478
14867,0.012542728
14868,0.026062012
14869,0.0357666
14870,0.045013435
14871,0.053894043
14872,0.057495117
14873,0.06372072
14874,0.06469728
14875,0.07003784
14876,0.07144164
14877,0.07742309
14878,0.08401489
14879,0.08804321
14880,0.09857178
14881,0.10101318
14882,0.10656739
14883,0.1116028
14884,0.11303711
14885,0.12069702
14886,0.11740109
14887,0.11331177
14888,0.11349487
14889,0.10220337
14890,0.09466553
14891,0.08758546
14892,0.07699585
14893,0.06701661
14894,0.06179809
14895,0.04846191
14896,0.041381836
14897,0.037475593
14898,0.023559572
14899,-6.1034225e-05
14900,-0.019927973
14901,-0.034210198
14902,-0.041015618
14903,-0.047027595
14904,-0.054351807
14905,-0.0574646
14906,-0.06066894
14907,-0.065460205
14908,-0.065887436
14909,-0.067626946
14910,-0.069610596
14911,-0.06820679
14912,-0.06500244
14913,-0.06228637
14914,-0.059478767
14915,-0.062347412
14916,-0.058471687
14917,-0.053405743
14918,-0.048187256
14919,-0.047088623
14920,-0.035644542
14921,0.007934563
14922,0.03692626
14923,0.046936035
14924,0.0613098
14925,0.052856445
14926,0.052673332
14927,0.048858643
14928,0.03616333
14929,0.03643799
14930,0.032745343
14931,0.022033695
14932,0.024780277
14933,0.024810772
14934,0.011505131
14935,0.013977043
14936,0.0075378465
14937,0.0020751879
14938,0.010772713
14939,-0.0064086947
14940,-0.009033196
14941,-0.013427731
14942,-0.032409657
14943,-0.052001953
14944,-0.068878174
14945,-0.08471679
14946,-0.09924317
14947,-0.10693361
14948,-0.12686157
14949,-0.13610841
14950,-0.14807129
14951,-0.17501831
14952,-0.17855832
14953,-0.19680786
14954,-0.20361328
14955,-0.19662474
14956,-0.19305421
14957,-0.18048096
14958,-0.1683655
14959,-0.16061401
14960,-0.1477051
14961,-0.13235474
14962,-0.11251832
14963,-0.10598756
14964,-0.07696533
14965,-0.025390623
14966,0.014434821
14967,0.040252678
14968,0.065673836
14969,0.07333375
14970,0.08816527
14971,0.10046388
14972,0.09487915
14973,0.11001586
14974,0.11254884
14975,0.10806273
14976,0.117309585
14977,0.11550903
14978,0.10388183
14979,0.10140991
14980,0.09024048
14981,0.081237786
14982,0.0770569
14983,0.05163575
14984,0.030975342
14985,0.017120363
14986,-0.019714346
14987,-0.054809563
14988,-0.084747314
14989,-0.111816406
14990,-0.12878418
14991,-0.13839722
14992,-0.15603636
14993,-0.16275027
14994,-0.17025758
14995,-0.18881224
14996,-0.18884276
14997,-0.18786621
14998,-0.18725586
14999,-0.17196652
15000,-0.15872194
15001,-0.15148924
15002,-0.13058473
15003,-0.125
15004,-0.11318971
15005,-0.089965805
15006,-0.07418823
15007,-0.060241707
15008,-0.021331795
15009,0.02670288
15010,0.07354736
15011,0.103515625
15012,0.12432861
15013,0.14105226
15014,0.1612854
15015,0.16983034
15016,0.17840579
15017,0.1929321
15018,0.1954956
15019,0.19778441
15020,0.20120242
15021,0.20080565
15022,0.19000244
15023,0.17663574
15024,0.15957643
15025,0.13937378
15026,0.11883545
15027,0.085998535
15028,0.04776001
15029,0.020690916
15030,-0.027343754
15031,-0.07424927
15032,-0.114288345
15033,-0.15301514
15034,-0.18057251
15035,-0.1993103
15036,-0.22424313
15037,-0.23556522
15038,-0.23947147
15039,-0.25994873
15040,-0.25671387
15041,-0.25164795
15042,-0.25350952
15043,-0.23791502
15044,-0.21878055
15045,-0.20950317
15046,-0.17480469
15047,-0.15255737
15048,-0.12515259
15049,-0.07501221
15050,-0.03530883
15051,0.017700203
15052,0.096527115
15053,0.13406372
15054,0.19949342
15055,0.28918454
15056,0.35534668
15057,0.43978888
15058,0.5221863
15059,0.5897827
15060,0.66906726
15061,0.7402649
15062,0.77413946
15063,0.81033325
15064,0.8154297
15065,0.8060303
15066,0.7803956
15067,0.6789551
15068,0.6130676
15069,0.547699
15070,0.4570618
15071,0.36752316
15072,0.2726746
15073,0.1456604
15074,-0.008666992
15075,-0.18920904
15076,-0.37994385
15077,-0.58013916
15078,-0.7712401
15079,-0.9409791
15080,-1.1177673
15081,-1.2920532
15082,-1.4353635
15083,-1.5671692
15084,-1.6385806
15085,-1.665222
15086,-1.6568909
15087,-1.6289672
15088,-1.5177615
15089,-1.2757872
15090,-1.1031494
15091,-0.9114989
15092,-0.7022096
15093,-0.48498532
15094,-0.26675415
15095,-0.039886467
15096,0.23617554
15097,0.52081305
15098,0.83929443
15099,1.1780701
15100,1.4931638
15101,1.7820132
15102,2.0653381
15103,2.3142698
15104,2.534546
15105,2.714691
15106,2.8058777
15107,2.828247
15108,2.776764
15109,2.660278
15110,2.4483647
15111,2.1111755
15112,1.7705994
15113,1.3973082
15114,0.9927064
15115,0.59768677
15116,0.21447754
15117,-0.1584473
15118,-0.54895025
15119,-0.9574585
15120,-1.3742371
15121,-1.8104247
15122,-2.2109067
15123,-2.5811465
15124,-2.9315188
15125,-3.2327576
15126,-3.461609
15127,-3.63208
15128,-3.7080688
15129,-3.6972046
15130,-3.5945435
15131,-3.4237366
15132,-3.1117864
15133,-2.6011047
15134,-2.1110535
15135,-1.5651549
15136,-0.9871522
15137,-0.41720578
15138,0.1172179
15139,0.6022645
15140,1.0586854
15141,1.4847107
15142,1.8721007
15143,2.2473142
15144,2.5794373
15145,2.8646545
15146,3.1351624
15147,3.3801575
15148,3.5793762
15149,3.749237
15150,3.8382263
15151,3.8473206
15152,3.7745972
15153,3.618744
15154,3.3415532
15155,2.9288635
15156,2.5062866
15157,2.0448303
15158,1.5533755
15159,1.076294
15160,0.60998535
15161,0.15997308
15162,-0.30682382
15163,-0.7879944
15164,-1.2802124
15165,-1.7922057
15166,-2.2689817
15167,-2.7180789
15168,-3.1427917
15169,-3.519226
15170,-3.8268127
15171,-4.0716248
15172,-4.2258606
15173,-4.295532
15174,-4.2622986
15175,-4.158539
15176,-3.9120793
15177,-3.4527588
15178,-3.013794
15179,-2.5057068
15180,-1.9516908
15181,-1.3970946
15182,-0.86557007
15183,-0.35662824
15184,0.13439965
15185,0.61550915
15186,1.0752562
15187,1.5274352
15188,1.947296
15189,2.3170166
15190,2.6773682
15191,3.0082703
15192,3.2891848
15193,3.5305173
15194,3.68396
15195,3.7535095
15196,3.7315373
15197,3.6216736
15198,3.3859253
15199,3.0049438
15200,2.6124268
15201,2.184967
15202,1.7289736
15203,1.2785034
15204,0.8547669
15205,0.46896362
15206,0.092071414
15207,-0.2940063
15208,-0.67797863
15209,-1.063507
15210,-1.4208373
15211,-1.7551271
15212,-2.0639954
15213,-2.323822
15214,-2.528473
15215,-2.6973572
15216,-2.8144531
15217,-2.8764038
15218,-2.8778076
15219,-2.7988892
15220,-2.6539004
15221,-2.479004
15222,-2.1828003
15223,-1.840149
15224,-1.4634705
15225,-1.0766907
15226,-0.71939087
15227,-0.39678937
15228,-0.11624119
15229,0.14453125
15230,0.3764037
15231,0.5926511
15232,0.78079224
15233,0.9711304
15234,1.1447755
15235,1.2887881
15236,1.4030458
15237,1.489624
15238,1.5569459
15239,1.6069946
15240,1.6226195
15241,1.6149904
15242,1.5618591
15243,1.4141234
15244,1.2741089
15245,1.1127931
15246,0.93380743
15247,0.74124134
15248,0.576172
15249,0.412323
15250,0.27816764
15251,0.18218988
15252,0.10034186
15253,0.0400697
15254,-0.016388116
15255,-0.06423947
15256,-0.1308288
15257,-0.21801756
15258,-0.3351441
15259,-0.46713245
15260,-0.5895387
15261,-0.7149657
15262,-0.82580566
15263,-0.9154662
15264,-0.9900818
15265,-1.0458373
15266,-1.1044618
15267,-1.1665651
15268,-1.221344
15269,-1.255127
15270,-1.2642821
15271,-1.2376709
15272,-1.1600342
15273,-1.0228577
15274,-0.84539795
15275,-0.6272583
15276,-0.40802014
15277,-0.1795348
15278,0.0447388
15279,0.24176028
15280,0.41030884
15281,0.5492859
15282,0.6560364
15283,0.74652094
15284,0.8157043
15285,0.8636168
15286,0.89550793
15287,0.89297473
15288,0.8544007
15289,0.79486096
15290,0.71276855
15291,0.6041259
15292,0.5093385
15293,0.4131775
15294,0.3359069
15295,0.26748663
15296,0.20996094
15297,0.17355356
15298,0.14019771
15299,0.109252885
15300,0.080291875
15301,0.0507203
15302,0.022277668
15303,0.005859405
15304,-0.003417924
15305,-0.0011291504
15306,0.0026245415
15307,0.006317109
15308,0.016235398
15309,0.035064675
15310,0.049652115
15311,0.055450443
15312,0.052490164
15313,0.05270388
15314,0.049499467
15315,0.043823183
15316,0.03024292
15317,0.00860589
15318,-0.013336137
15319,-0.03265379
15320,-0.050292864
15321,-0.06622312
15322,-0.071685806
15323,-0.06744379
15324,-0.051971443
15325,-0.026519781
15326,0.004608199
15327,0.034851037
15328,0.07281497
15329,0.11251833
15330,0.14739992
15331,0.17886354
15332,0.20443726
15333,0.22506717
15334,0.23702997
15335,0.2332764
15336,0.2156066
15337,0.19461054
15338,0.16552731
15339,0.12399286
15340,0.08297736
15341,0.04400637
15342,0.00979621
15343,-0.027709935
15344,-0.049896277
15345,-0.0680237
15346,-0.08505243
15347,-0.09234619
15348,-0.09017943
15349,-0.08654784
15350,-0.095001176
15351,-0.10671996
15352,-0.11682129
15353,-0.13082886
15354,-0.14566039
15355,-0.1609497
15356,-0.17819217
15357,-0.18814084
15358,-0.18673709
15359,-0.17456058
15360,-0.15798952
15361,-0.14016727
15362,-0.11798093
15363,-0.097961426
15364,-0.07757566
15365,-0.058471665
15366,-0.040374793
15367,-0.019744905
15368,-0.004058808
15369,0.0072326623
15370,0.014739996
15371,0.013519285
15372,0.015655518
15373,0.025146503
15374,0.035156257
15375,0.04391481
15376,0.06091307
15377,0.077789314
15378,0.09396362
15379,0.10317993
15380,0.10693358
15381,0.107818596
15382,0.10592651
15383,0.1034851
15384,0.09945677
15385,0.08859253
15386,0.07742309
15387,0.065338135
15388,0.04901123
15389,0.027130123
15390,0.008056647
15391,-0.013183607
15392,-0.03353882
15393,-0.04449462
15394,-0.06542969
15395,-0.085357666
15396,-0.098144546
15397,-0.11502075
15398,-0.13388059
15399,-0.14938354
15400,-0.16360474
15401,-0.18066406
15402,-0.1873474
15403,-0.18862915
15404,-0.18307495
15405,-0.1769409
15406,-0.15841672
15407,-0.14001465
15408,-0.119964615
15409,-0.09616089
15410,-0.07659913
15411,-0.056976326
15412,-0.036956787
15413,-0.014160147
15414,0.0022888165
15415,0.010528563
15416,0.025421143
15417,0.038726818
15418,0.04272461
15419,0.048492447
15420,0.05615232
15421,0.056762695
15422,0.05355835
15423,0.054473877
15424,0.053527817
15425,0.053894047
15426,0.056121826
15427,0.061309792
15428,0.06118774
15429,0.05770875
15430,0.06027221
15431,0.06100465
15432,0.057861317
15433,0.047241196
15434,0.03668212
15435,0.016021729
15436,-0.003509529
15437,-0.017578118
15438,-0.027648918
15439,-0.033203132
15440,-0.03186036
15441,-0.03213502
15442,-0.029693574
15443,-0.02182006
15444,-0.0138549805
15445,-0.007720925
15446,-0.0046691746
15447,-0.0053710863
15448,-0.0076293945
15449,-0.011138901
15450,-0.012115464
15451,-0.01574706
15452,-0.022583017
15453,-0.02465821
15454,-0.020690918
15455,-0.014709471
15456,-0.008666989
15457,0.00045777112
15458,0.0025939886
15459,0.0018005427
15460,0.005859373
15461,0.0072936956
15462,0.001281729
15463,6.103143e-05
15464,0.00015257671
15465,-0.0036621206
15466,9.156391e-05
15467,0.0082702525
15468,0.01452636
15469,0.021881104
15470,0.028564438
15471,0.03759766
15472,0.04074096
15473,0.036132812
15474,0.034973156
15475,0.034179695
15476,0.027221676
15477,0.018615708
15478,0.007629389
15479,-0.008331303
15480,-0.020263674
15481,-0.02368164
15482,-0.023406977
15483,-0.019683838
15484,-0.0068054143
15485,0.00640868
15486,0.01553346
15487,0.029968262
15488,0.0463562
15489,0.05795288
15490,0.06390382
15491,0.067901604
15492,0.06320192
15493,0.05206299
15494,0.046447754
15495,0.04598999
15496,0.037506092
15497,0.029754639
15498,0.031738285
15499,0.03610231
15500,0.03945923
15501,0.05090332
15502,0.059997566
15503,0.06744386
15504,0.068603516
15505,0.06710815
15506,0.05239868
15507,0.041259766
15508,0.031524647
15509,0.022705078
15510,0.0129394615
15511,0.0062866127
15512,0.0005493099
15513,-0.005462651
15514,-0.0046691946
15515,-0.006195071
15516,-0.010620117
15517,-0.01742555
15518,-0.02322385
15519,-0.02423095
15520,-0.027526855
15521,-0.030212421
15522,-0.029876718
15523,-0.03356935
15524,-0.03186036
15525,-0.032684334
15526,-0.03286743
15527,-0.03341674
15528,-0.027191164
15529,-0.023651127
15530,-0.019103998
15531,-0.01730347
15532,-0.018219002
15533,-0.019073486
15534,-0.021148674
15535,-0.019775406
15536,-0.02270507
15537,-0.020019524
15538,-0.011871345
15539,0.003295906
15540,0.015167221
15541,0.02517699
15542,0.039489746
15543,0.052032482
15544,0.05834961
15545,0.061553955
15546,0.059631355
15547,0.055419922
15548,0.046630856
15549,0.037872307
15550,0.021423347
15551,0.0070190504
15552,-0.0024108887
15553,-0.01083374
15554,-0.022033684
15555,-0.028350836
15556,-0.033325203
15557,-0.041778564
15558,-0.04058839
15559,-0.03723145
15560,-0.040557854
15561,-0.05249024
15562,-0.067749016
15563,-0.079772934
15564,-0.100372314
15565,-0.11416626
15566,-0.12139893
15567,-0.12808228
15568,-0.13113405
15569,-0.13046265
15570,-0.12911989
15571,-0.12612914
15572,-0.11361694
15573,-0.10543822
15574,-0.098419204
15575,-0.09814454
15576,-0.09597779
15577,-0.092132576
15578,-0.08807373
15579,-0.07702637
15580,-0.066406265
15581,-0.047393784
15582,-0.03250124
15583,-0.011383042
15584,0.013092026
15585,0.029724106
15586,0.049804688
15587,0.06372072
15588,0.06964112
15589,0.07171631
15590,0.07049561
15591,0.07534791
15592,0.07440186
15593,0.07739256
15594,0.07418823
15595,0.07104492
15596,0.06866456
15597,0.070922844
15598,0.07495118
15599,0.07943726
15600,0.08291625
15601,0.0803528
15602,0.081573494
15603,0.07934571
15604,0.07049562
15605,0.05899048
15606,0.04153443
15607,0.025939938
15608,0.0061645433
15609,-0.009613052
15610,-0.016387947
15611,-0.022247307
15612,-0.024688743
15613,-0.028320327
15614,-0.026031502
15615,-0.021026615
15616,-0.011596698
15617,0.00079346076
15618,0.0073242113
15619,0.009063713
15620,0.0069580087
15621,0.0019531194
15622,-0.005859375
15623,-0.013214109
15624,-0.017425533
15625,-0.02075195
15626,-0.019622818
15627,-0.010192856
15628,0.040435806
15629,0.11599728
15630,0.1976929
15631,0.3078613
15632,0.29824835
15633,0.22872922
15634,0.2393494
15635,0.19509889
15636,0.048736572
15637,-0.14859004
15638,-0.34255975
15639,-0.5074768
15640,-0.6012574
15641,-0.64199835
15642,-0.619934
15643,-0.56777954
15644,-0.50643927
15645,-0.44958496
15646,-0.3961792
15647,-0.35513306
15648,-0.3063965
15649,-0.26599118
15650,-0.28103635
15651,-0.34512323
15652,-0.42404187
15653,-0.5568237
15654,-0.47512835
15655,-0.2748107
15656,-0.2471314
15657,-0.12442011
15658,0.19766238
15659,0.5972899
15660,0.9941711
15661,1.3222351
15662,1.4935
15663,1.5646363
15664,1.5155332
15665,1.4133606
15666,1.287903
15667,1.1618042
15668,1.043274
15669,0.9258423
15670,0.79617316
15671,0.6604308
15672,0.5438842
15673,0.4388733
15674,0.33795172
15675,0.27511597
15676,0.10827646
15677,-0.10861206
15678,-0.21612555
15679,-0.3484192
15680,-0.55871594
15681,-0.79766834
15682,-1.0215454
15683,-1.1978151
15684,-1.2905273
15685,-1.3204651
15686,-1.2945862
15687,-1.25589
15688,-1.2001343
15689,-1.1372986
15690,-1.0727845
15691,-1.0050049
15692,-0.9147644
15693,-0.8166503
15694,-0.7735596
15695,-0.77597046
15696,-0.7876893
15697,-0.8643493
15698,-0.7241212
15699,-0.46417227
15700,-0.3695374
15701,-0.1851501
15702,0.18957521
15703,0.63516223
15704,1.0528258
15705,1.3888245
15706,1.5697024
15707,1.6485597
15708,1.6070554
15709,1.5236512
15710,1.4153136
15711,1.3025817
15712,1.196228
15713,1.0818788
15714,0.9451295
15715,0.77975446
15716,0.6130067
15717,0.45651248
15718,0.3085023
15719,0.22586057
15720,0.040100187
15721,-0.20513918
15722,-0.32199103
15723,-0.4668274
15724,-0.6727601
15725,-0.89266956
15726,-1.08078
15727,-1.2218933
15728,-1.2747803
15729,-1.269867
15730,-1.2091064
15731,-1.126526
15732,-1.0221556
15733,-0.9054564
15734,-0.79309094
15735,-0.67471325
15736,-0.5437317
15737,-0.41955543
15738,-0.35333258
15739,-0.3468933
15740,-0.35418725
15741,-0.457611
15742,-0.32327273
15743,-0.04046628
15744,0.023010075
15745,0.18936174
15746,0.52877814
15747,0.9332275
15748,1.3029174
15749,1.5829467
15750,1.7091677
15751,1.7241212
15752,1.630676
15753,1.497162
15754,1.3402404
15755,1.1841735
15756,1.0358582
15757,0.8933412
15758,0.7208559
15759,0.52651954
15760,0.33984378
15761,0.16217053
15762,0.0016174912
15763,-0.09689331
15764,-0.28039554
15765,-0.51821905
15766,-0.6268616
15767,-0.7460938
15768,-0.9226074
15769,-1.0942686
15770,-1.234131
15771,-1.3148499
15772,-1.3068237
15773,-1.2469788
15774,-1.1289673
15775,-0.9968568
15776,-0.85205066
15777,-0.7053832
15778,-0.5686951
15779,-0.42910773
15780,-0.28674316
15781,-0.13555884
15782,0.050323427
15783,0.25759885
15784,0.4675292
15785,0.66329956
15786,0.7644044
15787,0.8220214
15788,0.8997192
15789,0.9105531
15790,0.77529913
15791,0.57284546
15792,0.3418885
15793,0.12048343
15794,-0.033996627
15795,-0.14382946
15796,-0.18453974
15797,-0.18054187
15798,-0.17193617
15799,-0.16616832
15800,-0.1571961
15801,-0.15826395
15802,-0.16159055
15803,-0.16796887
15804,-0.13940421
15805,-0.06820667
15806,0.01422125
15807,0.15060425
15808,0.17523189
15809,0.12194814
15810,0.15713513
15811,0.11627184
15812,-0.020721368
15813,-0.18286124
15814,-0.31811523
15815,-0.4071043
15816,-0.42672735
15817,-0.3900758
15818,-0.29443353
15819,-0.17239378
15820,-0.044555575
15821,0.07534802
15822,0.17401135
15823,0.25332624
15824,0.3325805
15825,0.41677868
15826,0.5163879
15827,0.6165772
15828,0.7129821
15829,0.7733765
15830,0.8261414
15831,0.8834839
15832,0.8687133
15833,0.84552014
15834,0.79428107
15835,0.7062378
15836,0.6011353
15837,0.48349
15838,0.36019897
15839,0.24157709
15840,0.12506104
15841,0.007385239
15842,-0.105987564
15843,-0.2159424
15844,-0.31677252
15845,-0.4032897
15846,-0.46658325
15847,-0.5039674
15848,-0.5202332
15849,-0.51318353
15850,-0.50497437
15851,-0.48922727
15852,-0.4872132
15853,-0.4983521
15854,-0.4838866
15855,-0.47854626
15856,-0.46524045
15857,-0.445343
15858,-0.41497806
15859,-0.3676147
15860,-0.32177734
15861,-0.27578735
15862,-0.24331668
15863,-0.22656251
15864,-0.20983887
15865,-0.19934087
15866,-0.19073492
15867,-0.18579109
15868,-0.17492676
15869,-0.15243533
15870,-0.124114946
15871,-0.09021002
15872,-0.05374138
15873,-0.009063765
15874,0.003326401
15875,-0.0058288127
15876,0.0017089844
15877,0.014465369
15878,0.030090235
15879,0.028320275
15880,0.018890388
15881,-0.0019226223
15882,-0.011627197
15883,-0.025146488
15884,-0.03262329
15885,-0.03698731
15886,-0.044555727
15887,-0.04803472
15888,-0.05450441
15889,-0.047393806
15890,-0.04064943
15891,-0.023407008
15892,-0.00872796
15893,0.007873476
15894,0.026794467
15895,0.046539262
15896,0.058074974
15897,0.047943164
15898,0.06604002
15899,0.06698609
15900,0.06845085
15901,0.07653802
15902,0.08462526
15903,0.099944994
15904,0.10836792
15905,0.122222915
15906,0.12496947
15907,0.12503053
15908,0.12646486
15909,0.12384032
15910,0.122283936
15911,0.11758417
15912,0.113525406
15913,0.10980226
15914,0.10870366
15915,0.10372926
15916,0.10006718
15917,0.09509276
15918,0.08215335
15919,0.06716922
15920,0.051208466
15921,0.049102835
15922,0.061096124
15923,0.064086914
15924,0.06103518
15925,0.05139155
15926,0.04541016
15927,0.030822752
15928,0.027130129
15929,0.033203125
15930,0.030914318
15931,0.030731203
15932,0.023101801
15933,0.025695795
15934,0.023315426
15935,0.024047837
15936,0.026458735
15937,0.02304077
15938,0.019683827
15939,0.0065917876
15940,0.003723137
15941,0.00061033666
15942,0.0015563965
15943,0.00088500045
15944,-0.013458237
15945,-0.01766969
15946,-0.02941896
15947,-0.038787857
15948,-0.05316162
15949,-0.069213875
15950,-0.09039307
15951,-0.11401367
15952,-0.12344363
15953,-0.1343384
15954,-0.14019775
15955,-0.1491699
15956,-0.15414429
15957,-0.16311643
15958,-0.1757202
15959,-0.18011475
15960,-0.18417358
15961,-0.18322754
15962,-0.17263795
15963,-0.15634154
15964,-0.13647461
15965,-0.12869263
15966,-0.11755371
15967,-0.10202025
15968,-0.07400513
15969,-0.05038451
15970,-0.02316285
15971,-0.008544929
15972,0.005401619
15973,0.025207512
15974,0.023620617
15975,0.034423828
15976,0.0298767
15977,0.031951897
15978,0.03909302
15979,0.051605202
15980,0.076293945
15981,0.08947754
15982,0.10360717
15983,0.10900879
15984,0.120391846
15985,0.12771605
15986,0.14053345
15987,0.15130615
15988,0.14556886
15989,0.1415405
15990,0.12512206
15991,0.107299805
15992,0.08471678
15993,0.07022096
15994,0.060607918
15995,0.045745842
15996,0.046081517
15997,0.03585816
15998,0.03363039
15999,0.041259788
16000,0.036071766
16001,0.027679447
16002,0.014343256
16003,0.00872802
16004,0.0090942355
16005,0.00924683
16006,0.013488775
16007,0.02133179
16008,0.018157959
16009,0.010559093
16010,0.00915527
16011,0.014038086
16012,0.03259279
16013,0.05133058
16014,0.06289673
16015,0.06552124
16016,0.06112671
16017,0.055511475
16018,0.03836061
16019,0.024810784
16020,0.010284413
16021,-0.0038147122
16022,-0.0012207031
16023,0.0082702525
16024,0.025238052
16025,0.028167725
16026,0.018981941
16027,0.0079956055
16028,-0.008392334
16029,-0.0231018
16030,-0.03839112
16031,-0.037475593
16032,-0.049835205
16033,-0.056549072
16034,-0.07879639
16035,-0.09875488
16036,-0.108551025
16037,-0.112396255
16038,-0.096343994
16039,-0.08593751
16040,-0.05526734
16041,-0.038543694
16042,-0.011230443
16043,0.017944355
16044,0.022186276
16045,0.020477314
16046,-0.00070191175
16047,-0.003601078
16048,-0.0025634766
16049,0.006805435
16050,0.021820076
16051,0.04360962
16052,0.04873658
16053,0.041320797
16054,0.039398197
16055,0.037078854
16056,0.05538941
16057,0.07315066
16058,0.0857544
16059,0.09838868
16060,0.09863281
16061,0.09518434
16062,0.07910158
16063,0.06216429
16064,0.04055784
16065,0.020904532
16066,0.016113292
16067,0.014495827
16068,0.020202663
16069,0.013061531
16070,-0.0018005446
16071,-0.013519295
16072,-0.033233643
16073,-0.048400868
16074,-0.054077156
16075,-0.052093513
16076,-0.05474853
16077,-0.056488037
16078,-0.07223511
16079,-0.08010865
16080,-0.08233643
16081,-0.07504273
16082,-0.058258045
16083,-0.03890992
16084,-0.005584717
16085,0.017150883
16086,0.05035402
16087,0.07400514
16088,0.074035645
16089,0.06799319
16090,0.04946898
16091,0.05407714
16092,0.06420899
16093,0.07015993
16094,0.07284546
16095,0.07675171
16096,0.06771851
16097,0.056426995
16098,0.051940925
16099,0.04840087
16100,0.057403557
16101,0.06585695
16102,0.06338502
16103,0.063873306
16104,0.05569458
16105,0.044830345
16106,0.03250122
16107,0.015502928
16108,-0.0051879957
16109,-0.027191173
16110,-0.037200924
16111,-0.047973644
16112,-0.05273436
16113,-0.06604004
16114,-0.08132936
16115,-0.08483888
16116,-0.09176637
16117,-0.101593
16118,-0.108490005
16119,-0.11117555
16120,-0.11685179
16121,-0.11532593
16122,-0.12765503
16123,-0.13165285
16124,-0.12454226
16125,-0.12557983
16126,-0.11709595
16127,-0.1107483
16128,-0.09109497
16129,-0.06445311
16130,-0.034057606
16131,-0.023254396
16132,-0.012969961
16133,0.001007095
16134,0.0084228385
16135,0.023956291
16136,0.039947517
16137,0.050170906
16138,0.0524292
16139,0.049896237
16140,0.047424316
16141,0.046722412
16142,0.055847168
16143,0.055633545
16144,0.06939696
16145,0.07101441
16146,0.07299806
16147,0.07666017
16148,0.078430176
16149,0.07821657
16150,0.06744385
16151,0.055725098
16152,0.037475567
16153,0.025085453
16154,0.021392826
16155,0.014312722
16156,0.01882935
16157,0.0112609975
16158,0.0042114174
16159,0.0051269494
16160,0.0037841853
16161,0.0024414025
16162,0.006286625
16163,0.009613043
16164,0.00869751
16165,0.0009765569
16166,-0.014678955
16167,-0.02178954
16168,-0.020416277
16169,-0.031311035
16170,-0.041381847
16171,-0.049865726
16172,-0.051361084
16173,-0.044311516
16174,-0.033843994
16175,-0.024261476
16176,-0.015350342
16177,-0.0031127892
16178,0.0010070708
16179,0.008483889
16180,0.010345471
16181,0.0038146994
16182,-0.0069274986
16183,-0.019744877
16184,-0.026397709
16185,-0.03216551
16186,-0.03063966
16187,-0.03259276
16188,-0.023986828
16189,-0.024292007
16190,-0.025878888
16191,-0.01931763
16192,-0.017578121
16193,-0.0128479
16194,-0.013061522
16195,-0.015716555
16196,-0.022705082
16197,-0.026550304
16198,-0.027343757
16199,-0.03347779
16200,-0.031799324
16201,-0.0361023
16202,-0.042083737
16203,-0.043426502
16204,-0.03781127
16205,-0.031066906
16206,-0.027221676
16207,-0.030456543
16208,-0.03115844
16209,-0.03463746
16210,-0.043945305
16211,-0.044311523
16212,-0.045959488
16213,-0.050415035
16214,-0.05203248
16215,-0.05273437
16216,-0.050109863
16217,-0.040008537
16218,-0.030883782
16219,-0.017883305
16220,-0.010406494
16221,-0.0032958873
16222,-0.00039673783
16223,0.0016174223
16224,0.0038146935
16225,0.0027465783
16226,0.004272472
16227,0.00488282
16228,0.009552002
16229,0.017425545
16230,0.02011107
16231,0.019836448
16232,0.027160626
16233,0.027618408
16234,0.034149174
16235,0.047790516
16236,0.054656994
16237,0.06185914
16238,0.06011963
16239,0.05780029
16240,0.05270385
16241,0.03848266
16242,0.023925776
16243,0.004211426
16244,-0.008544922
16245,-0.021179207
16246,-0.027465817
16247,-0.033325195
16248,-0.03384398
16249,-0.027740484
16250,-0.021057125
16251,-0.012908945
16252,-0.0065002404
16253,-0.002899181
16254,-0.0047607366
16255,-0.0020141583
16256,-0.0020751916
16257,0.00054930523
16258,0.0037536658
16259,0.009216294
16260,0.012390137
16261,0.019500732
16262,0.025360117
16263,0.036010742
16264,0.05105591
16265,0.06945802
16266,0.0853882
16267,0.09851074
16268,0.09918214
16269,0.09210205
16270,0.08493042
16271,0.07641603
16272,0.07424927
16273,0.07305908
16274,0.065887436
16275,0.061187748
16276,0.05868529
16277,0.056274414
16278,0.055877686
16279,0.056213375
16280,0.05474853
16281,0.04736329
16282,0.032623295
16283,0.016174313
16284,-0.0026550293
16285,-0.023620602
16286,-0.040252686
16287,-0.053039573
16288,-0.062866226
16289,-0.06787111
16290,-0.06958008
16291,-0.06695557
16292,-0.05972289
16293,-0.05355837
16294,-0.044555653
16295,-0.04534914
16296,-0.039886467
16297,-0.039947506
16298,-0.04620359
16299,-0.056579582
16300,-0.07867432
16301,-0.097595215
16302,-0.119140625
16303,-0.13397218
16304,-0.1441345
16305,-0.14959717
16306,-0.14868164
16307,-0.13867186
16308,-0.12451171
16309,-0.104888946
16310,-0.08706664
16311,-0.07498171
16312,-0.06781003
16313,-0.06298826
16314,-0.057861283
16315,-0.057678163
16316,-0.0589905
16317,-0.05477903
16318,-0.050872777
16319,-0.042480435
16320,-0.03256224
16321,-0.016174294
16322,0.017883345
16323,0.05828856
16324,0.107360825
16325,0.15859987
16326,0.21453857
16327,0.2732849
16328,0.33038333
16329,0.38735962
16330,0.4378357
16331,0.47406012
16332,0.49862677
16333,0.5199891
16334,0.54226685
16335,0.5600585
16336,0.56854236
16337,0.566101
16338,0.5628052
16339,0.5450439
16340,0.51837146
16341,0.47320554
16342,0.4152221
16343,0.33361813
16344,0.2150878
16345,0.07537843
16346,-0.078643784
16347,-0.2371521
16348,-0.4125977
16349,-0.5888977
16350,-0.7542115
16351,-0.92703253
16352,-1.1012878
16353,-1.2564392
16354,-1.3822328
16355,-1.4799196
16356,-1.552063
16357,-1.5925292
16358,-1.5866699
16359,-1.5378418
16360,-1.4680176
16361,-1.3833922
16362,-1.2710569
16363,-1.1287538
16364,-0.95428467
16365,-0.75259405
16366,-0.5157165
16367,-0.24420168
16368,0.07873534
16369,0.427948
16370,0.7908936
16371,1.1515807
16372,1.4984436
16373,1.8361207
16374,2.150177
16375,2.4157104
16376,2.6097717
16377,2.7351077
16378,2.8097532
16379,2.8266904
16380,2.756897
16381,2.6163635
16382,2.4259949
16383,2.1992185
16384,1.9248654
16385,1.6080934
16386,1.2564088
16387,0.8812256
16388,0.4716795
16389,0.029083371
16390,-0.460083
16391,-0.9754029
16392,-1.4923706
16393,-1.9989316
16394,-2.469116
16395,-2.921173
16396,-3.3260193
16397,-3.6349487
16398,-3.829773
16399,-3.8980713
16400,-3.8789978
16401,-3.780182
16402,-3.5923154
16403,-3.320221
16404,-2.9830627
16405,-2.5830688
16406,-2.1228635
16407,-1.6098634
16408,-1.0588074
16409,-0.49954236
16410,0.068969846
16411,0.6233825
16412,1.1635437
16413,1.6694031
16414,2.1315918
16415,2.5466003
16416,2.913025
16417,3.2526248
16418,3.5567932
16419,3.7979734
16420,3.9646301
16421,4.056793
16422,4.0947876
16423,4.0754395
16424,3.9617004
16425,3.7669067
16426,3.5011594
16427,3.1919858
16428,2.821014
16429,2.4025574
16430,1.945984
16431,1.4697571
16432,0.96246326
16433,0.4197083
16434,-0.17160033
16435,-0.7918702
16436,-1.4132997
16437,-2.0236816
16438,-2.598053
16439,-3.1593628
16440,-3.661255
16441,-4.065094
16442,-4.355896
16443,-4.516449
16444,-4.587555
16445,-4.576935
16446,-4.4722595
16447,-4.275635
16448,-4.001343
16449,-3.6572876
16450,-3.2416377
16451,-2.760834
16452,-2.2343445
16453,-1.6825867
16454,-1.1072693
16455,-0.5278931
16456,0.05657959
16457,0.6225893
16458,1.1596681
16459,1.6617125
16460,2.1232605
16461,2.5645754
16462,2.9734192
16463,3.3182673
16464,3.582428
16465,3.752716
16466,3.8511658
16467,3.8816833
16468,3.812439
16469,3.650879
16470,3.4138794
16471,3.132019
16472,2.7943723
16473,2.4114685
16474,1.9837649
16475,1.5541992
16476,1.1271057
16477,0.6875001
16478,0.20526123
16479,-0.29440325
16480,-0.77056885
16481,-1.2321471
16482,-1.6669308
16483,-2.074646
16484,-2.4315796
16485,-2.7133179
16486,-2.914032
16487,-3.019287
16488,-3.0700068
16489,-3.0806885
16490,-3.0329893
16491,-2.9274597
16492,-2.7521367
16493,-2.5194397
16494,-2.2270508
16495,-1.8923036
16496,-1.5367738
16497,-1.1740417
16498,-0.80563354
16499,-0.44192517
16500,-0.08258058
16501,0.2623598
16502,0.5786438
16503,0.868042
16504,1.1249692
16505,1.3728944
16506,1.5810853
16507,1.7335814
16508,1.8426514
16509,1.8913572
16510,1.8963623
16511,1.8713381
16512,1.8274841
16513,1.7499999
16514,1.6320496
16515,1.4670717
16516,1.2758179
16517,1.0614624
16518,0.8455505
16519,0.6315613
16520,0.42807013
16521,0.2533875
16522,0.11764527
16523,0.031616084
16524,-0.029296882
16525,-0.062378094
16526,-0.08981316
16527,-0.12686169
16528,-0.18917835
16529,-0.27450556
16530,-0.3858031
16531,-0.51611316
16532,-0.6567992
16533,-0.8039247
16534,-0.9338379
16535,-1.0471497
16536,-1.1462708
16537,-1.2502136
16538,-1.3462218
16539,-1.434082
16540,-1.5067444
16541,-1.5608214
16542,-1.5807496
16543,-1.5422363
16544,-1.4272156
16545,-1.2432554
16546,-1.0120543
16547,-0.73825085
16548,-0.44586182
16549,-0.1417543
16550,0.15240459
16551,0.40832525
16552,0.6196289
16553,0.7714844
16554,0.88742054
16555,0.9794923
16556,1.0506591
16557,1.096344
16558,1.1085513
16559,1.0828552
16560,1.028076
16561,0.95333874
16562,0.8713684
16563,0.7750549
16564,0.6694947
16565,0.5658875
16566,0.47106934
16567,0.39288318
16568,0.3266297
16569,0.26928714
16570,0.21374524
16571,0.1557616
16572,0.0975036
16573,0.04431158
16574,-0.006927483
16575,-0.056304865
16576,-0.10070805
16577,-0.13153082
16578,-0.14511102
16579,-0.14193721
16580,-0.11621088
16581,-0.07717892
16582,-0.034607008
16583,0.00692755
16584,0.044982925
16585,0.07815552
16586,0.101379365
16587,0.116393976
16588,0.1203003
16589,0.109313935
16590,0.08935542
16591,0.06512456
16592,0.044555552
16593,0.03192137
16594,0.03048694
16595,0.030822786
16596,0.03753656
16597,0.04742427
16598,0.0614928
16599,0.07925415
16600,0.101501495
16601,0.1297302
16602,0.1553345
16603,0.16989142
16604,0.17059323
16605,0.16717535
16606,0.16723633
16607,0.16394043
16608,0.15029909
16609,0.12274167
16610,0.09002684
16611,0.051940903
16612,0.009094179
16613,-0.042022638
16614,-0.09451301
16615,-0.14355466
16616,-0.19009405
16617,-0.22439575
16618,-0.255188
16619,-0.28344727
16620,-0.30996704
16621,-0.32626346
16622,-0.33676144
16623,-0.3444519
16624,-0.3413086
16625,-0.31658936
16626,-0.28271484
16627,-0.25054932
16628,-0.22586058
16629,-0.19873044
16630,-0.17080696
16631,-0.1416016
16632,-0.117004365
16633,-0.10235591
16634,-0.087677024
16635,-0.068298325
16636,-0.039764427
16637,-0.011718735
16638,0.024536071
16639,0.059875496
16640,0.10546874
16641,0.14953612
16642,0.18173213
16643,0.19921875
16644,0.206604
16645,0.2137756
16646,0.21960452
16647,0.21148683
16648,0.19284058
16649,0.16998291
16650,0.14920044
16651,0.12515259
16652,0.104156524
16653,0.084167466
16654,0.0757141
16655,0.07580568
16656,0.081115715
16657,0.07803344
16658,0.06991579
16659,0.05737304
16660,0.032226548
16661,0.010772698
16662,-0.012298565
16663,-0.0376892
16664,-0.06265257
16665,-0.08139038
16666,-0.09768677
16667,-0.11584471
16668,-0.1360779
16669,-0.1390686
16670,-0.12493898
16671,-0.10220339
16672,-0.08016968
16673,-0.051879875
16674,-0.03427124
16675,-0.020935073
16676,-0.011108398
16677,-0.0022888165
16678,-0.0030822754
16679,0.00012207404
16680,0.0036315843
16681,0.0027160682
16682,0.0016174465
16683,-0.000610346
16684,0.0112609835
16685,0.028472899
16686,0.03472901
16687,0.026031481
16688,0.016998306
16689,0.017913818
16690,0.021118142
16691,0.0068054087
16692,-0.014923073
16693,-0.04104615
16694,-0.066284195
16695,-0.09786987
16696,-0.12026977
16697,-0.14450072
16698,-0.15939331
16699,-0.17196654
16700,-0.16741943
16701,-0.1583252
16702,-0.15176393
16703,-0.14932252
16704,-0.15008546
16705,-0.14111328
16706,-0.13946533
16707,-0.12780762
16708,-0.11041258
16709,-0.08407593
16710,-0.059936523
16711,-0.046325684
16712,-0.04434205
16713,-0.03121948
16714,-0.016845709
16715,0.010559084
16716,0.029754654
16717,0.05212402
16718,0.05899047
16719,0.060516357
16720,0.05279541
16721,0.056945786
16722,0.044677734
16723,0.040557873
16724,0.041656483
16725,0.047790524
16726,0.065704376
16727,0.07980348
16728,0.092041016
16729,0.101470955
16730,0.10644531
16731,0.10375975
16732,0.105895996
16733,0.101409905
16734,0.09753418
16735,0.08547973
16736,0.07913209
16737,0.06564331
16738,0.053344734
16739,0.028289776
16740,0.026824944
16741,0.025634777
16742,0.025268562
16743,0.019012451
16744,0.027343743
16745,0.027130134
16746,0.027740464
16747,0.01837157
16748,0.009399399
16749,0.0026550144
16750,-0.017181396
16751,-0.029144287
16752,-0.032714836
16753,-0.019378655
16754,0.0007629283
16755,0.017730705
16756,0.022857655
16757,0.029754644
16758,0.017517092
16759,0.022277825
16760,0.030487064
16761,0.0463562
16762,0.0440979
16763,0.049255364
16764,0.04840088
16765,0.06750487
16766,0.05404663
16767,0.043487556
16768,0.03359984
16769,0.030212395
16770,0.027832057
16771,0.02551271
16772,0.020324701
16773,0.013031011
16774,-0.0019836482
16775,-0.029724127
16776,-0.0447998
16777,-0.06723021
16778,-0.08572387
16779,-0.099121094
16780,-0.102416985
16781,-0.110473625
16782,-0.10903932
16783,-0.122833274
16784,-0.10659791
16785,-0.10006714
16786,-0.101318344
16787,-0.111389145
16788,-0.095825195
16789,-0.08862305
16790,-0.07904053
16791,-0.08477783
16792,-0.08831788
16793,-0.082336426
16794,-0.08337402
16795,-0.07626343
16796,-0.06265259
16797,-0.03247069
16798,-0.0073852725
16799,0.014709465
16800,0.0343933
16801,0.06451417
16802,0.06610106
16803,0.07562255
16804,0.079956055
16805,0.08517457
16806,0.07406616
16807,0.07601929
16808,0.07272338
16809,0.08264159
16810,0.07015992
16811,0.056976322
16812,0.059234623
16813,0.071624756
16814,0.08221436
16815,0.08184815
16816,0.078247085
16817,0.06677247
16818,0.055999763
16819,0.031921364
16820,0.018219013
16821,-0.016784668
16822,-0.052001934
16823,-0.08239746
16824,-0.087371826
16825,-0.092620835
16826,-0.08004762
16827,-0.07943727
16828,-0.057067867
16829,-0.03631593
16830,-0.021850578
16831,-0.01266478
16832,0.018280033
16833,0.03768921
16834,0.04895021
16835,0.05151368
16836,0.037872296
16837,0.025878899
16838,0.011322018
16839,-0.0028381385
16840,0.000610346
16841,0.016967785
16842,0.027832024
16843,0.049896237
16844,0.06835937
16845,0.092285156
16846,0.10272215
16847,0.10397338
16848,0.104156494
16849,0.11099244
16850,0.08935547
16851,0.076782234
16852,0.067382805
16853,0.05026245
16854,0.030090332
16855,0.014190685
16856,0.004913334
16857,0.009521484
16858,0.019378658
16859,0.019103996
16860,0.028991707
16861,0.02676391
16862,0.01458741
16863,-0.015136745
16864,-0.040191635
16865,-0.058197033
16866,-0.07110594
16867,-0.09179686
16868,-0.09915161
16869,-0.10565184
16870,-0.105255134
16871,-0.10317995
16872,-0.09268188
16873,-0.08300783
16874,-0.08102417
16875,-0.07751465
16876,-0.06176757
16877,-0.042419434
16878,-0.045410153
16879,-0.0447693
16880,-0.052948
16881,-0.04403686
16882,-0.034912117
16883,-0.026947025
16884,-0.011779789
16885,0.007843029
16886,0.008758544
16887,0.02456665
16888,0.03933716
16889,0.052490234
16890,0.07369995
16891,0.08831786
16892,0.088867195
16893,0.09942628
16894,0.094818115
16895,0.08654787
16896,0.09048462
16897,0.06832884
16898,0.046997078
16899,0.02511598
16900,0.03912353
16901,0.09863281
16902,0.17971803
16903,0.21432492
16904,0.21936035
16905,0.17263797
16906,0.19607544
16907,0.28768927
16908,0.23510744
16909,0.03244018
16910,-0.16580203
16911,-0.36477664
16912,-0.5100403
16913,-0.5569458
16914,-0.5496216
16915,-0.5028992
16916,-0.45794675
16917,-0.4046936
16918,-0.35885617
16919,-0.308899
16920,-0.29956055
16921,-0.2838745
16922,-0.32308963
16923,-0.41976935
16924,-0.53604126
16925,-0.59619135
16926,-0.5698852
16927,-0.42980963
16928,-0.40811148
16929,-0.52853405
16930,-0.39974967
16931,0.031249985
16932,0.45816046
16933,0.85336316
16934,1.1411438
16935,1.2127686
16936,1.171814
16937,1.0789492
16938,0.9965819
16939,0.91226196
16940,0.8545226
16941,0.7979432
16942,0.7974244
16943,0.8036499
16944,0.81402594
16945,0.82391363
16946,0.82452387
16947,0.76681525
16948,0.6503907
16949,0.45458984
16950,0.3044433
16951,0.23907475
16952,0.05014032
16953,-0.2554931
16954,-0.53115857
16955,-0.769104
16956,-0.94061285
16957,-0.99472046
16958,-1.0000305
16959,-0.9947206
16960,-1.0169373
16961,-1.0482484
16962,-1.0885315
16963,-1.0984192
16964,-1.1260377
16965,-1.1274719
16966,-1.1506958
16967,-1.2215881
16968,-1.2825929
16969,-1.2519226
16970,-1.1229552
16971,-0.8798828
16972,-0.76419055
16973,-0.80542004
16974,-0.6032714
16975,-0.11526491
16976,0.37881476
16977,0.8351747
16978,1.1806335
16979,1.3147278
16980,1.3249817
16981,1.2811892
16982,1.2616271
16983,1.2289734
16984,1.2091063
16985,1.179596
16986,1.199585
16987,1.2106323
16988,1.2218018
16989,1.2194824
16990,1.1951599
16991,1.0868225
16992,0.89819336
16993,0.6259154
16994,0.39266953
16995,0.251587
16996,0.005493149
16997,-0.37643424
16998,-0.74777234
16999,-1.0601196
17000,-1.2727966
17001,-1.3527832
17002,-1.3612671
17003,-1.3449708
17004,-1.3388672
17005,-1.3143922
17006,-1.2843933
17007,-1.2243347
17008,-1.1744081
17009,-1.0974426
17010,-1.04422
17011,-1.045105
17012,-1.0411073
17013,-0.9443054
17014,-0.7422179
17015,-0.4295043
17016,-0.24453717
17017,-0.22442651
17018,0.031585753
17019,0.56375116
17020,1.0810243
17021,1.5423892
17022,1.8579407
17023,1.9371643
17024,1.8902282
17025,1.7871096
17026,1.7027588
17027,1.6038513
17028,1.5046691
17029,1.404602
17030,1.3524475
17031,1.2906494
17032,1.2217407
17033,1.1626892
17034,1.0886536
17035,0.9461976
17036,0.7324829
17037,0.4365233
17038,0.18338004
17039,0.019928098
17040,-0.22961433
17041,-0.59976196
17042,-0.9600526
17043,-1.2622377
17044,-1.4618225
17045,-1.521942
17046,-1.5055237
17047,-1.4704897
17048,-1.4533081
17049,-1.4190675
17050,-1.3770142
17051,-1.3136292
17052,-1.261017
17053,-1.2020874
17054,-1.1059875
17055,-0.94116205
17056,-0.736786
17057,-0.5069581
17058,-0.29122937
17059,-0.1012571
17060,0.15808108
17061,0.46514893
17062,0.6084899
17063,0.5780639
17064,0.52670294
17065,0.44555676
17066,0.37811273
17067,0.3791809
17068,0.41745
17069,0.49609375
17070,0.5705262
17071,0.6310121
17072,0.6760254
17073,0.6821898
17074,0.65887445
17075,0.5886841
17076,0.5402831
17077,0.5437926
17078,0.5537111
17079,0.5115966
17080,0.4327391
17081,0.31701648
17082,0.27517694
17083,0.30621353
17084,0.22644037
17085,-0.019470274
17086,-0.29629523
17087,-0.5525819
17088,-0.73291016
17089,-0.7996826
17090,-0.78659046
17091,-0.73269665
17092,-0.66864014
17093,-0.57073975
17094,-0.47039795
17095,-0.38439944
17096,-0.329956
17097,-0.28286743
17098,-0.2380371
17099,-0.18634039
17100,-0.13125607
17101,-0.050628692
17102,0.04064934
17103,0.14782725
17104,0.2693482
17105,0.38708484
17106,0.48745728
17107,0.58956903
17108,0.6731263
17109,0.72659314
17110,0.7315673
17111,0.7005005
17112,0.65600586
17113,0.6139527
17114,0.56631476
17115,0.51248175
17116,0.44204712
17117,0.36410522
17118,0.2844849
17119,0.19668578
17120,0.12390139
17121,0.058074947
17122,-0.014984118
17123,-0.07916257
17124,-0.13973993
17125,-0.20031743
17126,-0.23483267
17127,-0.26922596
17128,-0.2833557
17129,-0.2922669
17130,-0.28970343
17131,-0.28320324
17132,-0.26550296
17133,-0.2427063
17134,-0.2132873
17135,-0.20831308
17136,-0.20086673
17137,-0.20312504
17138,-0.20672601
17139,-0.2263794
17140,-0.25338745
17141,-0.27798465
17142,-0.2914428
17143,-0.31469724
17144,-0.32659915
17145,-0.33309937
17146,-0.34426874
17147,-0.36025995
17148,-0.36663818
17149,-0.37384027
17150,-0.3741455
17151,-0.36413568
17152,-0.327362
17153,-0.28829956
17154,-0.26309198
17155,-0.23840344
17156,-0.20904544
17157,-0.17578119
17158,-0.13595581
17159,-0.098205596
17160,-0.06329346
17161,-0.021484379
17162,0.015869148
17163,0.04727173
17164,0.087554924
17165,0.119140625
17166,0.13525388
17167,0.1409607
17168,0.13638312
17169,0.13485718
17170,0.13442989
17171,0.13220221
17172,0.13568118
17173,0.12280281
17174,0.099609405
17175,0.07791141
17176,0.06747441
17177,0.06695548
17178,0.06991575
17179,0.060729995
17180,0.064086914
17181,0.07354734
17182,0.082580574
17183,0.08908081
17184,0.088623025
17185,0.09066774
17186,0.08792115
17187,0.07791138
17188,0.079010025
17189,0.08056642
17190,0.07461545
17191,0.068634056
17192,0.055633493
17193,0.046630852
17194,0.040985122
17195,0.037262008
17196,0.0417481
17197,0.05422979
17198,0.04675292
17199,0.04559321
17200,0.04226683
17201,0.04568489
17202,0.045043945
17203,0.037414543
17204,0.036682114
17205,0.058380116
17206,0.058471687
17207,0.068054214
17208,0.071350075
17209,0.07693481
17210,0.07870483
17211,0.075622566
17212,0.06619264
17213,0.06997681
17214,0.06713867
17215,0.068969704
17216,0.06826783
17217,0.059356682
17218,0.05044555
17219,0.038787838
17220,0.027099617
17221,0.014923101
17222,0.0013427734
17223,-0.00946046
17224,-0.014648452
17225,-0.019317634
17226,-0.015197746
17227,-0.011474617
17228,-0.0039978325
17229,-0.006225571
17230,-0.014312729
17231,-0.02612304
17232,-0.026733402
17233,-0.031860337
17234,-0.035125755
17235,-0.0409851
17236,-0.046783444
17237,-0.050994866
17238,-0.05126954
17239,-0.05468748
17240,-0.041534416
17241,-0.03182983
17242,-0.021301277
17243,-0.0029907227
17244,0.009002691
17245,0.02536012
17246,0.03906249
17247,0.03738404
17248,0.045806877
17249,0.060058594
17250,0.06399538
17251,0.07492067
17252,0.076568596
17253,0.08544922
17254,0.08334349
17255,0.077911384
17256,0.07223512
17257,0.07336426
17258,0.06713866
17259,0.0635376
17260,0.04626464
17261,0.03515624
17262,0.014068589
17263,-0.004089359
17264,-0.023620598
17265,-0.04180909
17266,-0.06402589
17267,-0.066955574
17268,-0.07446289
17269,-0.0690918
17270,-0.06710814
17271,-0.06631469
17272,-0.06332399
17273,-0.06314086
17274,-0.06988523
17275,-0.07189941
17276,-0.07916261
17277,-0.084259026
17278,-0.08670045
17279,-0.08947754
17280,-0.08499145
17281,-0.06402587
17282,-0.038604744
17283,-0.006072987
17284,0.024383552
17285,0.04724121
17286,0.07855222
17287,0.11059571
17288,0.12921144
17289,0.14215088
17290,0.14056396
17291,0.12219239
17292,0.112945534
17293,0.10324096
17294,0.087921165
17295,0.08102418
17296,0.07073973
17297,0.073913574
17298,0.07611083
17299,0.073730476
17300,0.071441665
17301,0.06372071
17302,0.055175766
17303,0.04214477
17304,0.018646238
17305,0.0011291364
17306,-0.012725837
17307,-0.026519783
17308,-0.03359985
17309,-0.050231937
17310,-0.06646729
17311,-0.07891846
17312,-0.09298707
17313,-0.10302736
17314,-0.11309813
17315,-0.12905882
17316,-0.1253357
17317,-0.1271057
17318,-0.12335205
17319,-0.12701416
17320,-0.12487793
17321,-0.12756348
17322,-0.119995125
17323,-0.122558594
17324,-0.111694336
17325,-0.097747795
17326,-0.07421875
17327,-0.057861313
17328,-0.039916992
17329,-0.03460695
17330,-0.016143814
17331,0.00018311664
17332,0.020812996
17333,0.028472887
17334,0.03771974
17335,0.03982545
17336,0.037445065
17337,0.023315422
17338,0.021484375
17339,0.02078246
17340,0.02285767
17341,0.023742668
17342,0.022735598
17343,0.023681626
17344,0.022094712
17345,0.021423342
17346,0.01937866
17347,0.016235363
17348,0.0024108775
17349,-0.0028686635
17350,-0.012939442
17351,-0.013031006
17352,-0.022033684
17353,-0.026489265
17354,-0.033508323
17355,-0.032043442
17356,-0.032684326
17357,-0.021575935
17358,-0.025238028
17359,-0.02679444
17360,-0.030853271
17361,-0.028289802
17362,-0.028289799
17363,-0.028808597
17364,-0.033233628
17365,-0.02975464
17366,-0.025176995
17367,-0.016021729
17368,-0.011749263
17369,0.002197261
17370,0.017822273
17371,0.03915406
17372,0.05078125
17373,0.06445312
17374,0.07211304
17375,0.080444336
17376,0.08612061
17377,0.09149169
17378,0.09439087
17379,0.099029556
17380,0.10021971
17381,0.09857178
17382,0.08947754
17383,0.08001709
17384,0.07241822
17385,0.06845093
17386,0.061920162
17387,0.0597229
17388,0.05825804
17389,0.06958007
17390,0.07455444
17391,0.07583618
17392,0.06802368
17393,0.06256102
17394,0.058166508
17395,0.053466804
17396,0.04080201
17397,0.02792357
17398,0.0147705
17399,0.001953125
17400,-0.0020751804
17401,-0.0012512207
17402,-0.0026244894
17403,-0.005249027
17404,-0.010955807
17405,-0.018585201
17406,-0.025817864
17407,-0.031982422
17408,-0.033203125
17409,-0.035919193
17410,-0.029296873
17411,-0.02407837
17412,-0.022796638
17413,-0.033569347
17414,-0.041290283
17415,-0.056671135
17416,-0.07192994
17417,-0.08563231
17418,-0.089080796
17419,-0.09616089
17420,-0.09661864
17421,-0.099700935
17422,-0.09353638
17423,-0.08972166
17424,-0.084045425
17425,-0.08892822
17426,-0.08795166
17427,-0.095184326
17428,-0.09249878
17429,-0.09283447
17430,-0.09210205
17431,-0.09524536
17432,-0.09225466
17433,-0.08312988
17434,-0.06942748
17435,-0.057464592
17436,-0.04623413
17437,-0.03701783
17438,-0.02368164
17439,-0.011016838
17440,-0.0028991625
17441,0.0052184984
17442,0.016418457
17443,0.027069077
17444,0.03970339
17445,0.05398559
17446,0.0703125
17447,0.085388176
17448,0.09381105
17449,0.10046388
17450,0.10284427
17451,0.1069031
17452,0.10742188
17453,0.10845947
17454,0.111450195
17455,0.10849
17456,0.10565184
17457,0.10354612
17458,0.10052489
17459,0.09109497
17460,0.07308959
17461,0.052642822
17462,0.039855972
17463,0.0237732
17464,0.0030517727
17465,-0.01641845
17466,-0.036407493
17467,-0.049804688
17468,-0.06097412
17469,-0.06921387
17470,-0.075958245
17471,-0.08395384
17472,-0.09246826
17473,-0.10095214
17474,-0.11154174
17475,-0.11712646
17476,-0.12268068
17477,-0.12557983
17478,-0.13104248
17479,-0.13220213
17480,-0.13055418
17481,-0.12106323
17482,-0.10595705
17483,-0.092041016
17484,-0.08700563
17485,-0.07693483
17486,-0.06445312
17487,-0.054748558
17488,-0.04635618
17489,-0.044006363
17490,-0.040100105
17491,-0.035156265
17492,-0.028137177
17493,-0.010375969
17494,0.0032654032
17495,0.018280037
17496,0.03448487
17497,0.05493164
17498,0.06948853
17499,0.07818605
17500,0.08245848
17501,0.086639374
17502,0.08627318
17503,0.08087158
17504,0.067871094
17505,0.053771973
17506,0.04620362
17507,0.042236336
17508,0.037994407
17509,0.035186768
17510,0.030059796
17511,0.02352906
17512,0.016510006
17513,0.0145568885
17514,0.020141594
17515,0.025299072
17516,0.027893066
17517,0.02743531
17518,0.028442405
17519,0.02737429
17520,0.023803726
17521,0.016601555
17522,0.007568389
17523,0.0009460673
17524,-0.00097655505
17525,0.0060424916
17526,0.02221679
17527,0.033081044
17528,0.0368042
17529,0.040832505
17530,0.046722412
17531,0.0502014
17532,0.04956056
17533,0.042205796
17534,0.03823849
17535,0.031158425
17536,0.029815704
17537,0.03518675
17538,0.040161144
17539,0.04373169
17540,0.049987786
17541,0.054779053
17542,0.05947876
17543,0.057434104
17544,0.05749511
17545,0.055908196
17546,0.051330537
17547,0.04315187
17548,0.03421022
17549,0.026885986
17550,0.029937744
17551,0.03240966
17552,0.032409668
17553,0.03869632
17554,0.037933342
17555,0.038391102
17556,0.036590584
17557,0.040374756
17558,0.044067353
17559,0.04321287
17560,0.039215073
17561,0.039978035
17562,0.039520275
17563,0.037292495
17564,0.043762222
17565,0.058685295
17566,0.071624786
17567,0.082824714
17568,0.10327151
17569,0.13238525
17570,0.17364495
17571,0.2026978
17572,0.23477167
17573,0.2692566
17574,0.30487055
17575,0.32867432
17576,0.34487915
17577,0.34658813
17578,0.3420105
17579,0.32080084
17580,0.29174808
17581,0.2651978
17582,0.24002077
17583,0.20446776
17584,0.16549677
17585,0.120269746
17586,0.056243896
17587,-0.031555176
17588,-0.12579349
17589,-0.23306274
17590,-0.36108404
17591,-0.49804688
17592,-0.6346435
17593,-0.75500494
17594,-0.877655
17595,-1.013092
17596,-1.1433716
17597,-1.2513733
17598,-1.3349304
17599,-1.3857727
17600,-1.4027406
17601,-1.3649905
17602,-1.2843628
17603,-1.1681213
17604,-1.0173645
17605,-0.8281861
17606,-0.61868274
17607,-0.41009519
17608,-0.18588252
17609,0.051300056
17610,0.29083258
17611,0.53759766
17612,0.78765875
17613,1.0303345
17614,1.2649841
17615,1.4768065
17616,1.6755067
17617,1.868744
17618,2.0358582
17619,2.1734924
17620,2.2630615
17621,2.3079531
17622,2.304779
17623,2.2260132
17624,2.0794065
17625,1.870758
17626,1.6007385
17627,1.2756654
17628,0.9262084
17629,0.5795287
17630,0.21884151
17631,-0.15621947
17632,-0.51638806
17633,-0.87823486
17634,-1.2357788
17635,-1.5791934
17636,-1.8965454
17637,-2.1694336
17638,-2.4134521
17639,-2.6278381
17640,-2.796448
17641,-2.9111636
17642,-2.958557
17643,-2.9377747
17644,-2.8466797
17645,-2.6770935
17646,-2.4394836
17647,-2.1371157
17648,-1.7804261
17649,-1.3889161
17650,-0.98791486
17651,-0.5944519
17652,-0.2013855
17653,0.19018558
17654,0.5566102
17655,0.9168701
17656,1.2733765
17657,1.6042483
17658,1.9117126
17659,2.1896362
17660,2.443024
17661,2.6829224
17662,2.884552
17663,3.0385132
17664,3.1397095
17665,3.1741638
17666,3.1424866
17667,3.0311584
17668,2.8372192
17669,2.5724487
17670,2.2320862
17671,1.8283389
17672,1.4001462
17673,0.9837035
17674,0.55093384
17675,0.11663817
17676,-0.29479995
17677,-0.7034912
17678,-1.1087036
17679,-1.4971926
17680,-1.8641663
17681,-2.191101
17682,-2.4976501
17683,-2.7789612
17684,-3.0022278
17685,-3.1720889
17686,-3.267883
17687,-3.2980347
17688,-3.2597961
17689,-3.151886
17690,-2.9653625
17691,-2.7171636
17692,-2.394226
17693,-2.027893
17694,-1.6365662
17695,-1.24057
17696,-0.8321533
17697,-0.41540515
17698,-0.009307712
17699,0.39794922
17700,0.7971802
17701,1.1776125
17702,1.5249023
17703,1.8487244
17704,2.142151
17705,2.4202576
17706,2.6595154
17707,2.8595276
17708,3.000885
17709,3.0797424
17710,3.0847168
17711,3.0025635
17712,2.839386
17713,2.5959167
17714,2.2644043
17715,1.879059
17716,1.4682311
17717,1.0667722
17718,0.67452997
17719,0.29775992
17720,-0.045013517
17721,-0.38269034
17722,-0.6976014
17723,-0.9820557
17724,-1.2427064
17725,-1.481323
17726,-1.6842346
17727,-1.8520813
17728,-1.9761965
17729,-2.0695496
17730,-2.1214905
17731,-2.1343384
17732,-2.111206
17733,-2.0508118
17734,-1.9440001
17735,-1.792389
17736,-1.5885315
17737,-1.3529968
17738,-1.1071168
17739,-0.865631
17740,-0.6235962
17741,-0.38049304
17742,-0.15960677
17743,0.055725083
17744,0.2601622
17745,0.45346084
17746,0.63150024
17747,0.7869874
17748,0.9269104
17749,1.0409851
17750,1.1247253
17751,1.1782837
17752,1.2058104
17753,1.2079161
17754,1.1767579
17755,1.1329651
17756,1.0581361
17757,0.96966577
17758,0.8580017
17759,0.7597046
17760,0.6697693
17761,0.58404535
17762,0.50158685
17763,0.4267577
17764,0.35849005
17765,0.28475958
17766,0.20455925
17767,0.124877885
17768,0.047058
17769,-0.042572096
17770,-0.1354065
17771,-0.24484265
17772,-0.36312854
17773,-0.48513782
17774,-0.6062317
17775,-0.7201538
17776,-0.8212586
17777,-0.9028932
17778,-0.95928955
17779,-0.99359125
17780,-0.9821471
17781,-0.9357911
17782,-0.8567506
17783,-0.76889026
17784,-0.6665039
17785,-0.55273426
17786,-0.43942255
17787,-0.30969244
17788,-0.17337036
17789,-0.030426085
17790,0.10714725
17791,0.23748769
17792,0.34957874
17793,0.44384766
17794,0.5148315
17795,0.5732118
17796,0.6122131
17797,0.64541626
17798,0.6708374
17799,0.68600464
17800,0.68692005
17801,0.67245495
17802,0.64108264
17803,0.602539
17804,0.55511487
17805,0.50332636
17806,0.45162964
17807,0.39208972
17808,0.32913208
17809,0.25216678
17810,0.17147826
17811,0.08245848
17812,-0.0057068504
17813,-0.08798222
17814,-0.15460198
17815,-0.20227046
17816,-0.24264534
17817,-0.27188107
17818,-0.29757684
17819,-0.31704712
17820,-0.32540894
17821,-0.3222656
17822,-0.3028565
17823,-0.2691955
17824,-0.22131355
17825,-0.17352287
17826,-0.13049318
17827,-0.100128196
17828,-0.07635495
17829,-0.06570436
17830,-0.06933601
17831,-0.067413375
17832,-0.054473862
17833,-0.034912124
17834,-0.0075072795
17835,0.019683823
17836,0.042480372
17837,0.06134031
17838,0.07281487
17839,0.077667244
17840,0.08511351
17841,0.09643552
17842,0.11038211
17843,0.12924197
17844,0.13784787
17845,0.14004518
17846,0.1331787
17847,0.12677014
17848,0.11407469
17849,0.1038208
17850,0.08862309
17851,0.071899444
17852,0.054168656
17853,0.02658077
17854,-0.010589592
17855,-0.053955093
17856,-0.09774776
17857,-0.13455202
17858,-0.15933222
17859,-0.17407225
17860,-0.18441768
17861,-0.19082643
17862,-0.19213866
17863,-0.19506836
17864,-0.19976808
17865,-0.20397949
17866,-0.19824219
17867,-0.18377686
17868,-0.1607971
17869,-0.13293454
17870,-0.100586
17871,-0.06988526
17872,-0.040710434
17873,-0.015350297
17874,0.006317109
17875,0.03521724
17876,0.0663147
17877,0.10305781
17878,0.14218143
17879,0.18093872
17880,0.21047962
17881,0.22399896
17882,0.22604369
17883,0.2175293
17884,0.20938109
17885,0.20101929
17886,0.19290163
17887,0.18484499
17888,0.17651367
17889,0.16589354
17890,0.15429688
17891,0.13571168
17892,0.115356445
17893,0.09866332
17894,0.083221436
17895,0.06958008
17896,0.06030275
17897,0.050933838
17898,0.039428696
17899,0.01922609
17900,-0.004425049
17901,-0.025024436
17902,-0.038879327
17903,-0.048065156
17904,-0.052581787
17905,-0.05694583
17906,-0.06445311
17907,-0.07113649
17908,-0.082336456
17909,-0.093200676
17910,-0.09533693
17911,-0.09219359
17912,-0.08779907
17913,-0.08270267
17914,-0.07998659
17915,-0.08209228
17916,-0.08892824
17917,-0.09918213
17918,-0.116760254
17919,-0.13299562
17920,-0.1463928
17921,-0.14956665
17922,-0.14181522
17923,-0.12689209
17924,-0.11141965
17925,-0.09832764
17926,-0.08666989
17927,-0.07360839
17928,-0.062408462
17929,-0.04953003
17930,-0.035644505
17931,-0.018127471
17932,-0.007171627
17933,0.0024719164
17934,0.012054428
17935,0.016082771
17936,0.01794435
17937,0.014587387
17938,0.010040253
17939,0.0056762695
17940,0.0102234185
17941,0.01824952
17942,0.030273423
17943,0.043182388
17944,0.05221559
17945,0.053832993
17946,0.052368224
17947,0.051727355
17948,0.048919693
17949,0.042785622
17950,0.034973174
17951,0.027465805
17952,0.023284875
17953,0.023712171
17954,0.02639769
17955,0.028717054
17956,0.030334478
17957,0.033294663
17958,0.033477753
17959,0.030395519
17960,0.032073975
17961,0.03778077
17962,0.04040527
17963,0.041534416
17964,0.032928474
17965,0.021667466
17966,0.009307839
17967,0.0013122633
17968,-0.0020446777
17969,-0.0008850172
17970,0.009063721
17971,0.028900154
17972,0.04916381
17973,0.061401375
17974,0.06927491
17975,0.07489012
17976,0.077758804
17977,0.079009995
17978,0.075378396
17979,0.056457542
17980,0.0310364
17981,0.0030822568
17982,-0.023651123
17983,-0.048248284
17984,-0.060516357
17985,-0.06295775
17986,-0.059539802
17987,-0.06396484
17988,-0.07482907
17989,-0.09945678
17990,-0.12445067
17991,-0.1472473
17992,-0.16171263
17993,-0.1695557
17994,-0.16967773
17995,-0.16107178
17996,-0.1485596
17997,-0.13473508
17998,-0.12277223
17999,-0.11151124
18000,-0.097991936
18001,-0.077178955
18002,-0.059967056
18003,-0.04449463
18004,-0.031219456
18005,-0.018463127
18006,-0.014526367
18007,-0.016143814
18008,-0.023620583
18009,-0.029296882
18010,-0.035797127
18011,-0.036743164
18012,-0.030792244
18013,-0.018371582
18014,-0.002746597
18015,0.0143737905
18016,0.02807616
18017,0.033508312
18018,0.03399659
18019,0.03292846
18020,0.032592807
18021,0.03482054
18022,0.0366516
18023,0.031158475
18024,0.028961206
18025,0.029663075
18026,0.025665274
18027,0.020568848
18028,0.021514887
18029,0.027618421
18030,0.041900627
18031,0.055816658
18032,0.066528365
18033,0.066650406
18034,0.056854248
18035,0.043395996
18036,0.02999881
18037,0.019805923
18038,0.015777577
18039,0.016906738
18040,0.023803715
18041,0.029174812
18042,0.035034154
18043,0.03921508
18044,0.041961674
18045,0.055389386
18046,0.07012938
18047,0.082946785
18048,0.09732057
18049,0.11056519
18050,0.119720444
18051,0.12393186
18052,0.118255645
18053,0.10971068
18054,0.095581025
18055,0.08169556
18056,0.07269288
18057,0.06420899
18058,0.063018784
18059,0.059692383
18060,0.051879868
18061,0.03710939
18062,0.013244629
18063,-0.012451183
18064,-0.0323486
18065,-0.052825943
18066,-0.07833862
18067,-0.10678099
18068,-0.12896727
18069,-0.14160158
18070,-0.15161131
18071,-0.15820312
18072,-0.15957642
18073,-0.15957642
18074,-0.1564331
18075,-0.15429688
18076,-0.1462097
18077,-0.13540648
18078,-0.12857056
18079,-0.12777713
18080,-0.12820433
18081,-0.1239624
18082,-0.11111451
18083,-0.08480835
18084,-0.052978493
18085,-0.023406968
18086,0.0015868843
18087,0.021728508
18088,0.03829957
18089,0.058197007
18090,0.07626343
18091,0.08880617
18092,0.092773445
18093,0.09146118
18094,0.08764647
18095,0.08209228
18096,0.078369156
18097,0.07781982
18098,0.07510373
18099,0.07247923
18100,0.07153319
18101,0.06814577
18102,0.06539914
18103,0.05691529
18104,0.041900635
18105,0.025146486
18106,0.0007934384
18107,-0.01904298
18108,-0.03625488
18109,-0.053833015
18110,-0.06707764
18111,-0.07815552
18112,-0.077423096
18113,-0.071014404
18114,-0.05929566
18115,-0.0430298
18116,-0.025756817
18117,-0.008880619
18118,0.003906235
18119,0.012298599
18120,0.021026623
18121,0.033813488
18122,0.04223632
18123,0.052490227
18124,0.059722923
18125,0.065246604
18126,0.0744629
18127,0.0851135
18128,0.10220339
18129,0.11254883
18130,0.1132202
18131,0.110839844
18132,0.102508545
18133,0.09555052
18134,0.08666993
18135,0.07559204
18136,0.06567383
18137,0.051116943
18138,0.03665162
18139,0.026367165
18140,0.025756836
18141,0.030578606
18142,0.037536606
18143,0.04333496
18144,0.048553467
18145,0.050811768
18146,0.054656975
18147,0.0640869
18148,0.08465576
18149,0.124115035
18150,0.16738895
18151,0.17224118
18152,0.14395139
18153,0.073455825
18154,0.056823738
18155,0.15368651
18156,0.18682852
18157,0.04122922
18158,-0.17358398
18159,-0.3459473
18160,-0.49884033
18161,-0.5224304
18162,-0.4764099
18163,-0.3945312
18164,-0.31167606
18165,-0.25842282
18166,-0.21853633
18167,-0.19650269
18168,-0.2078552
18169,-0.25344852
18170,-0.32727057
18171,-0.4398499
18172,-0.55673224
18173,-0.5869446
18174,-0.5415648
18175,-0.39395148
18176,-0.33563235
18177,-0.50466913
18178,-0.547119
18179,-0.23394771
18180,0.2253418
18181,0.5971376
18182,0.9179688
18183,0.96084595
18184,0.85375965
18185,0.6760558
18186,0.5135803
18187,0.42645258
18188,0.3741149
18189,0.35391232
18190,0.3813781
18191,0.44604495
18192,0.5132142
18193,0.57833874
18194,0.6265565
18195,0.6234435
18196,0.5694579
18197,0.44348145
18198,0.35028076
18199,0.3606567
18200,0.3023681
18201,0.07830809
18202,-0.19241333
18203,-0.39773563
18204,-0.5519409
18205,-0.55337524
18206,-0.5033264
18207,-0.43161005
18208,-0.3834533
18209,-0.3839721
18210,-0.39694202
18211,-0.41897577
18212,-0.44982904
18213,-0.4981994
18214,-0.58380127
18215,-0.7242433
18216,-0.8704225
18217,-0.9141234
18218,-0.8619078
18219,-0.6900329
18220,-0.5965577
18221,-0.7290954
18222,-0.7258299
18223,-0.38378894
18224,0.071136504
18225,0.433075
18226,0.7283937
18227,0.7453003
18228,0.63980097
18229,0.45675647
18230,0.29217535
18231,0.21160881
18232,0.1648864
18233,0.16101068
18234,0.19808951
18235,0.26583865
18236,0.36868292
18237,0.51751715
18238,0.66177386
18239,0.7480773
18240,0.7669066
18241,0.70104975
18242,0.6531068
18243,0.70040894
18244,0.6612853
18245,0.45312494
18246,0.19500726
18247,-0.002105683
18248,-0.14837652
18249,-0.13217163
18250,-0.055481017
18251,0.049682736
18252,0.12527466
18253,0.14175415
18254,0.13500977
18255,0.10037243
18256,0.046264827
18257,-0.028808534
18258,-0.15289307
18259,-0.34045422
18260,-0.5461123
18261,-0.6550597
18262,-0.66021705
18263,-0.5491638
18264,-0.511139
18265,-0.69625854
18266,-0.74456775
18267,-0.45584098
18268,-0.04870601
18269,0.26861578
18270,0.5238038
18271,0.5028993
18272,0.3614806
18273,0.14364621
18274,-0.05227664
18275,-0.15844733
18276,-0.23385632
18277,-0.25866702
18278,-0.23931903
18279,-0.18218982
18280,-0.08038333
18281,0.07269299
18282,0.22152728
18283,0.30126938
18284,0.32537827
18285,0.27938843
18286,0.24691784
18287,0.32513434
18288,0.3329162
18289,0.16595453
18290,-0.054382414
18291,-0.19888301
18292,-0.28857428
18293,-0.22229002
18294,-0.09088141
18295,0.067718625
18296,0.1796875
18297,0.2265015
18298,0.25112915
18299,0.25253308
18300,0.2347719
18301,0.20611578
18302,0.17245491
18303,0.14575195
18304,0.13333115
18305,0.09533705
18306,0.046783537
18307,-0.019653186
18308,-0.015319869
18309,0.10455319
18310,0.16784662
18311,0.05303955
18312,-0.17053218
18313,-0.38995367
18314,-0.6077271
18315,-0.70269763
18316,-0.69000244
18317,-0.6319885
18318,-0.54937756
18319,-0.4767456
18320,-0.43023682
18321,-0.38909912
18322,-0.3889162
18323,-0.41207886
18324,-0.37280285
18325,-0.25286853
18326,-0.09967024
18327,-0.0036316738
18328,0.05081169
18329,0.07022092
18330,0.13143933
18331,0.31872565
18332,0.43905634
18333,0.37564075
18334,0.23416129
18335,0.13156134
18336,0.040466174
18337,0.07711791
18338,0.18557738
18339,0.34017953
18340,0.4948424
18341,0.59030145
18342,0.65567017
18343,0.6894226
18344,0.6922913
18345,0.6608886
18346,0.5895385
18347,0.5077821
18348,0.42419428
18349,0.33255005
18350,0.24447636
18351,0.16809079
18352,0.104644716
18353,0.04046627
18354,-0.020629853
18355,-0.052764863
18356,-0.07235712
18357,-0.115936324
18358,-0.15280153
18359,-0.20028679
18360,-0.26278687
18361,-0.30969232
18362,-0.34918225
18363,-0.35281372
18364,-0.33642584
18365,-0.33709717
18366,-0.3458864
18367,-0.33090204
18368,-0.30313116
18369,-0.3070678
18370,-0.31814563
18371,-0.31839
18372,-0.31137094
18373,-0.31335446
18374,-0.31039432
18375,-0.29037473
18376,-0.26177967
18377,-0.22906491
18378,-0.19082639
18379,-0.14434817
18380,-0.11093137
18381,-0.086059585
18382,-0.07003778
18383,-0.059906065
18384,-0.04232783
18385,-0.034149144
18386,-0.02505488
18387,-0.0026550577
18388,0.03277587
18389,0.06939691
18390,0.07260137
18391,0.060027964
18392,0.047241226
18393,0.04330448
18394,0.038360655
18395,0.039703384
18396,0.040801935
18397,0.021972626
18398,0.00964357
18399,0.010406516
18400,0.00088506937
18401,-0.024231002
18402,-0.023132255
18403,-0.025238097
18404,-0.044525083
18405,-0.061920196
18406,-0.07266232
18407,-0.06567384
18408,-0.048034616
18409,-0.046051074
18410,-0.047790512
18411,-0.040222198
18412,-0.011810244
18413,0.0072020665
18414,0.033264175
18415,0.07595828
18416,0.10394291
18417,0.1097412
18418,0.118927
18419,0.13342284
18420,0.13262936
18421,0.12741089
18422,0.13397218
18423,0.14031982
18424,0.12570193
18425,0.1116638
18426,0.11294558
18427,0.11376951
18428,0.105712935
18429,0.0897827
18430,0.08642582
18431,0.08477783
18432,0.07144171
18433,0.06817622
18434,0.066955596
18435,0.0632934
18436,0.05816651
18437,0.058746364
18438,0.06579595
18439,0.061248753
18440,0.05361936
18441,0.04501339
18442,0.015960649
18443,-0.013214104
18444,-0.04428099
18445,-0.06353758
18446,-0.07318117
18447,-0.084503196
18448,-0.0968628
18449,-0.09085084
18450,-0.097015396
18451,-0.099823
18452,-0.09014894
18453,-0.09945678
18454,-0.113952644
18455,-0.11816403
18456,-0.1027527
18457,-0.09570313
18458,-0.08718872
18459,-0.06359864
18460,-0.04556276
18461,-0.03347778
18462,-0.043579087
18463,-0.046783444
18464,0.0014038086
18465,0.0038147047
18466,0.017364513
18467,0.034515377
18468,0.034515377
18469,0.026672374
18470,0.022766098
18471,0.02734375
18472,0.019500736
18473,0.009979252
18474,0.013061527
18475,0.022888184
18476,0.021148685
18477,0.023376461
18478,0.031585686
18479,0.034759514
18480,0.033843994
18481,0.03216553
18482,0.039855957
18483,0.051391594
18484,0.059631344
18485,0.0689392
18486,0.066894524
18487,0.073333725
18488,0.06695557
18489,0.061370857
18490,0.06872558
18491,0.07455444
18492,0.0593872
18493,0.04870604
18494,0.06729125
18495,0.07025148
18496,0.052001946
18497,0.044097893
18498,0.05087279
18499,0.041076668
18500,0.026367199
18501,0.025115978
18502,0.031707756
18503,0.019958494
18504,-0.005035408
18505,-0.0034790002
18506,-0.013244612
18507,-0.023376465
18508,0.0129394615
18509,0.01217651
18510,0.019409183
18511,0.025299069
18512,0.028747572
18513,0.03683473
18514,0.04614257
18515,0.048339847
18516,0.043853763
18517,0.03842163
18518,0.042144783
18519,0.04824829
18520,0.045532234
18521,0.043823235
18522,0.044647213
18523,0.043212887
18524,0.037902832
18525,0.03192139
18526,0.029479986
18527,0.020355217
18528,0.03192138
18529,0.04678344
