0,-0.877228
1,-1.083252
2,-1.0997314
3,-1.0459291
4,-0.92312634
5,-0.7959289
6,-0.6374207
7,-0.47943103
8,-0.29177848
9,-0.1316528
10,-0.08450323
11,-0.22134414
12,-0.17816177
13,-0.1027832
14,0.046722293
15,0.16101062
16,0.3110353
17,0.40783694
18,0.52279663
19,0.56890863
20,0.87393206
21,1.4085693
22,1.6438599
23,1.7193909
24,1.7177429
25,1.6248778
26,1.5574951
27,1.4610293
28,1.3608093
29,1.2156067
30,0.9703064
31,0.55981433
32,0.32818586
33,0.18209848
34,0.06448367
35,-0.061798096
36,-0.17150877
37,-0.2793579
38,-0.40121466
39,-0.5097657
40,-0.7605896
41,-1.0803834
42,-1.1705626
43,-1.1126405
44,-1.0043335
45,-0.8418884
46,-0.6938782
47,-0.5328066
48,-0.39993286
49,-0.2624207
50,-0.17080694
51,-0.087280214
52,-0.017852604
53,0.042693973
54,0.10607916
55,0.19183356
56,0.27008033
57,0.36828628
58,0.47378552
59,0.5706178
60,0.6542969
61,0.68881226
62,0.66864014
63,0.58654785
64,0.4885255
65,0.38055432
66,0.2769164
67,0.18307501
68,0.12710562
69,0.09854117
70,0.10067758
71,0.10140985
72,0.09738138
73,0.057678223
74,0.039215
75,0.019836277
76,-0.00265491
77,-0.05026245
78,-0.093444884
79,-0.16213995
80,-0.21005252
81,-0.28552237
82,-0.37185675
83,-0.44830322
84,-0.5031128
85,-0.56448364
86,-0.59747326
87,-0.6228943
88,-0.6605225
89,-0.7112427
90,-0.77734375
91,-0.8162843
92,-0.80404663
93,-0.7635803
94,-0.74383545
95,-0.7075805
96,-0.6817932
97,-0.6210022
98,-0.5469056
99,-0.4149475
100,-0.2840271
101,-0.13696289
102,-0.021575958
103,0.07870491
104,0.18267822
105,0.31570426
106,0.43664557
107,0.5510863
108,0.6574097
109,0.7473145
110,0.8180237
111,0.860016
112,0.86071783
113,0.8235778
114,0.786316
115,0.72592175
116,0.6614074
117,0.5735169
118,0.48434442
119,0.38348386
120,0.29022217
121,0.18746951
122,0.09524532
123,-0.00057978183
124,-0.08547972
125,-0.16470335
126,-0.22140497
127,-0.27276614
128,-0.30364996
129,-0.32614136
130,-0.33596802
131,-0.348938
132,-0.35375983
133,-0.35186768
134,-0.35037237
135,-0.33474734
136,-0.31210324
137,-0.28558353
138,-0.2519226
139,-0.22076416
140,-0.19308472
141,-0.15945435
142,-0.1416626
143,-0.11535646
144,-0.0958557
145,-0.07656859
146,-0.0647583
147,-0.04745481
148,-0.03457644
149,-0.015869133
150,-0.003936749
151,0.013732918
152,0.019989036
153,0.027496371
154,0.030059826
155,0.032379158
156,0.028686509
157,0.026397683
158,0.022491448
159,0.020568863
160,0.015319824
161,0.019042946
162,0.024658188
163,0.027832024
164,0.035125718
165,0.03549195
166,0.03155517
167,0.02996827
168,0.028106675
169,0.024353012
170,0.022705086
171,0.021667492
172,0.023223843
173,0.02142334
174,0.02343753
175,0.019195534
176,0.016174331
177,0.012573242
178,0.0083618015
179,0.0062255766
180,-3.053993e-05
181,-0.0045165755
182,-0.008087165
183,-0.010681145
184,-0.022064209
185,-0.028015135
186,-0.033599846
187,-0.039031994
188,-0.04687499
189,-0.046325684
190,-0.045593247
191,-0.03726197
192,-0.030761698
193,-0.0137329055
194,0.00088500744
195,0.021423351
196,0.03643799
197,0.056213383
198,0.07455444
199,0.091552734
200,0.10565187
201,0.11425781
202,0.11938478
203,0.121093765
204,0.12722778
205,0.13174438
206,0.13290407
207,0.12997437
208,0.12796019
209,0.12539676
210,0.1318054
211,0.1338806
212,0.14135742
213,0.14837645
214,0.15216063
215,0.15145874
216,0.14254759
217,0.12921143
218,0.11550902
219,0.09207155
220,0.087829605
221,0.07351683
222,0.06933592
223,0.057891835
224,0.047943123
225,0.040649425
226,0.031616203
227,0.023010254
228,0.017822267
229,0.011108384
230,0.007141115
231,-0.0005187895
232,-0.0004882999
233,-0.012084957
234,-0.013946541
235,-0.021484364
236,-0.018646233
237,-0.018188484
238,-0.02371215
239,-0.016174324
240,-0.026245123
241,-0.021728516
242,-0.019836422
243,-0.015136717
244,-0.013275147
245,-0.009277349
246,-0.012084965
247,-0.0056457445
248,-0.010467527
249,-0.0073852614
250,-0.00735474
251,-0.011840835
252,-0.014556892
253,-0.023559581
254,-0.034973145
255,-0.03952027
256,-0.045135498
257,-0.03671264
258,-0.02822876
259,-0.015716556
260,-0.0043639876
261,-0.004241936
262,0.0028381534
263,-0.012573238
264,-0.008941639
265,-0.028778106
266,-0.036163315
267,-0.049743637
268,-0.059997573
269,-0.07403563
270,-0.08352661
271,-0.0864563
272,-0.10348511
273,-0.10665894
274,-0.120666474
275,-0.12524414
276,-0.13702394
277,-0.14541624
278,-0.15039065
279,-0.1619873
280,-0.16833493
281,-0.16928098
282,-0.18280032
283,-0.1782532
284,-0.1878662
285,-0.17755125
286,-0.17019652
287,-0.14834595
288,-0.13778687
289,-0.12466431
290,-0.12142944
291,-0.11526488
292,-0.10031128
293,-0.0859375
294,-0.06610108
295,-0.055084214
296,-0.026519757
297,-0.014770526
298,-0.0026550218
299,-0.0014038049
300,-0.0024108961
301,0.0022277813
302,0.0056152465
303,0.030792248
304,0.028259262
305,0.057250973
306,0.05505372
307,0.08255005
308,0.08862304
309,0.11618041
310,0.12591551
311,0.14675903
312,0.16113281
313,0.16522217
314,0.17758177
315,0.17144777
316,0.17297362
317,0.16122437
318,0.15216064
319,0.14141846
320,0.12625119
321,0.10916138
322,0.09542848
323,0.07400516
324,0.07321166
325,0.049987804
326,0.047485337
327,0.015319839
328,0.015624993
329,-0.0058593657
330,-0.008483887
331,-0.013610836
332,-0.027435306
333,-0.028625485
334,-0.038177468
335,-0.033111572
336,-0.04568481
337,-0.047180153
338,-0.051574707
339,-0.044647217
340,-0.027343748
341,-0.025695808
342,-0.0007934645
343,-0.0038147233
344,0.007843036
345,-0.0003967136
346,0.0017089844
347,-0.016479507
348,-0.028991692
349,-0.05862428
350,-0.06033326
351,-0.07006837
352,-0.080047585
353,-0.11608888
354,-0.12307742
355,-0.13217166
356,-0.12026979
357,-0.12200929
358,-0.11968996
359,-0.12176515
360,-0.111755386
361,-0.085998535
362,-0.08486938
363,-0.07739258
364,-0.057312027
365,-0.01904298
366,0.012878396
367,0.035797134
368,0.047546368
369,0.11871339
370,0.11505127
371,0.12228394
372,0.13824463
373,0.17080691
374,0.20513916
375,0.20211793
376,0.21240234
377,0.19281006
378,0.19195557
379,0.22821045
380,0.2046814
381,0.18310547
382,0.16125488
383,0.15814209
384,0.13949588
385,0.12976073
386,0.109436035
387,0.11187742
388,0.123962395
389,0.102447495
390,0.1091919
391,0.09613037
392,0.092926025
393,0.08972167
394,0.06265261
395,0.04138182
396,0.0026245117
397,-0.017791748
398,-0.043701164
399,-0.0890808
400,-0.10571287
401,-0.13238525
402,-0.1347046
403,-0.1456604
404,-0.12835695
405,-0.16043092
406,-0.20013426
407,-0.20935059
408,-0.24008176
409,-0.26153564
410,-0.27023315
411,-0.25061038
412,-0.26083374
413,-0.26275635
414,-0.228241
415,-0.21606447
416,-0.19277954
417,-0.1411438
418,-0.11230469
419,-0.09588623
420,-0.07962037
421,-0.06143187
422,-0.023834236
423,0.022003174
424,0.044372566
425,0.057556167
426,0.086273186
427,0.09338381
428,0.094146736
429,0.15124513
430,0.15029909
431,0.16644287
432,0.16534424
433,0.17709354
434,0.15997317
435,0.16217041
436,0.15078735
437,0.15426636
438,0.15942383
439,0.12820435
440,0.12734982
441,0.12051393
442,0.10076904
443,0.08551024
444,0.05053711
445,0.053436287
446,0.059509262
447,0.06347655
448,0.07870484
449,0.052185036
450,0.06304931
451,0.058410637
452,0.053710945
453,0.038696278
454,0.002441384
455,0.0003662184
456,-0.0077209473
457,-0.025543224
458,-0.03268432
459,-0.04534912
460,-0.043914787
461,-0.052276634
462,-0.046600327
463,-0.049652092
464,-0.008728043
465,-0.009918206
466,-0.025421113
467,-0.025939953
468,-0.04037475
469,-0.032348625
470,-0.050384514
471,-0.05227661
472,-0.052764885
473,-0.047912605
474,-0.06393432
475,-0.05810546
476,-0.033538826
477,-0.020202627
478,-0.012420664
479,-0.0009765672
480,0.013336172
481,0.028198266
482,0.0281372
483,0.027404789
484,0.0056152493
485,0.0037231445
486,-0.0041809045
487,-0.032470696
488,-0.036956802
489,-0.067260735
490,-0.07342529
491,-0.095306404
492,-0.09808351
493,-0.11410521
494,-0.11059569
495,-0.11715697
496,-0.12063599
497,-0.1378479
498,-0.13647464
499,-0.13934326
500,-0.142395
501,-0.14379883
502,-0.1374512
503,-0.12564085
504,-0.11532592
505,-0.10256958
506,-0.089447044
507,-0.082366936
508,-0.06585696
509,-0.05868531
510,-0.04638672
511,-0.04229735
512,-0.030181885
513,-0.026428215
514,-0.02252198
515,-0.02230836
516,-0.020751938
517,-0.01580809
518,-0.017211914
519,-0.016632082
520,-0.015838623
521,-0.007507324
522,-0.012756355
523,-0.0062866276
524,-0.009002681
525,0.011108387
526,0.019592276
527,0.04296876
528,0.045043938
529,0.062194817
530,0.06692506
531,0.086547844
532,0.08425905
533,0.106231675
534,0.1069336
535,0.12493897
536,0.12799071
537,0.13745117
538,0.13897704
539,0.14059448
540,0.14633177
541,0.14535522
542,0.15228274
543,0.14678952
544,0.14859009
545,0.1332703
546,0.12673952
547,0.1100769
548,0.10086059
549,0.08963015
550,0.08041382
551,0.06851194
552,0.06912232
553,0.061615005
554,0.06506347
555,0.051361103
556,0.04547118
557,0.029479982
558,0.02331543
559,0.007080078
560,-0.0011291252
561,-0.012908928
562,-0.017303461
563,-0.023254393
564,-0.033203125
565,-0.045837417
566,-0.058837898
567,-0.066925034
568,-0.074645996
569,-0.081176765
570,-0.080413826
571,-0.08590697
572,-0.09265137
573,-0.09973144
574,-0.1038208
575,-0.09613038
576,-0.09094238
577,-0.07388306
578,-0.070159905
579,-0.05633545
580,-0.05252076
581,-0.04364012
582,-0.046813946
583,-0.04690551
584,-0.04977417
585,-0.05117798
586,-0.052429207
587,-0.056488045
588,-0.053039573
589,-0.055023197
590,-0.049316414
591,-0.038909916
592,-0.027862538
593,-0.012176529
594,-0.0058899038
595,0.0014648475
596,0.0053100437
597,0.004058836
598,0.0007324144
599,-0.0028991858
600,-0.0044861147
601,-0.0019226139
602,0.0036926195
603,0.015380878
604,0.02862548
605,0.04409792
606,0.05764772
607,0.07373047
608,0.086944595
609,0.10388184
610,0.116241485
611,0.12319946
612,0.13418579
613,0.1444397
614,0.15512085
615,0.15585327
616,0.15805054
617,0.15451047
618,0.16128543
619,0.16122437
620,0.16876224
621,0.17337036
622,0.1722107
623,0.16833496
624,0.16189575
625,0.16400145
626,0.16152954
627,0.16421507
628,0.16369632
629,0.1663208
630,0.16433717
631,0.1548462
632,0.14318848
633,0.11819458
634,0.10241699
635,0.07958984
636,0.067932144
637,0.05740358
638,0.04797364
639,0.038116492
640,0.018188491
641,0.005493179
642,-0.016326904
643,-0.04067996
644,-0.06491089
645,-0.09143068
646,-0.11474609
647,-0.13577268
648,-0.16006473
649,-0.17749023
650,-0.20104983
651,-0.21234134
652,-0.22686769
653,-0.2316284
654,-0.24551393
655,-0.24884033
656,-0.25631714
657,-0.25234985
658,-0.24569704
659,-0.23690796
660,-0.2303467
661,-0.23583987
662,-0.22933963
663,-0.22573853
664,-0.2104187
665,-0.20208739
666,-0.18527223
667,-0.17468265
668,-0.16091919
669,-0.14892578
670,-0.1347351
671,-0.12545775
672,-0.11444092
673,-0.103576675
674,-0.08636477
675,-0.06851198
676,-0.051452644
677,-0.03973389
678,-0.026367165
679,-0.021881092
680,-0.0115966685
681,-0.003631588
682,0.005340591
683,0.009765621
684,0.01568601
685,0.02133175
686,0.02856446
687,0.03503418
688,0.038269036
689,0.033508316
690,0.023925789
691,0.012023941
692,0.0010375828
693,-0.009277329
694,-0.017608643
695,-0.02157592
696,-0.02993773
697,-0.03445433
698,-0.049743667
699,-0.056060784
700,-0.06488039
701,-0.0640564
702,-0.06414795
703,-0.055023193
704,-0.053131107
705,-0.043457024
706,-0.037780773
707,-0.02069091
708,-0.004241936
709,0.0194702
710,0.046112053
711,0.07827757
712,0.10937501
713,0.14288333
714,0.17077637
715,0.19766235
716,0.22418211
717,0.2509155
718,0.2800598
719,0.31015003
720,0.33679196
721,0.35980216
722,0.38687125
723,0.40801996
724,0.43301392
725,0.45361328
726,0.47277826
727,0.47399908
728,0.47167963
729,0.46545398
730,0.45193487
731,0.41845697
732,0.3802795
733,0.33032218
734,0.26257324
735,0.18298337
736,0.09976193
737,0.019989073
738,-0.072265744
739,-0.18307504
740,-0.30505353
741,-0.4257507
742,-0.5568237
743,-0.6821595
744,-0.80300915
745,-0.9096376
746,-0.99765015
747,-1.0460205
748,-1.0868837
749,-1.1317444
750,-1.1679991
751,-1.1701355
752,-1.1441345
753,-1.0884095
754,-0.9949037
755,-0.8655396
756,-0.70602417
757,-0.5341491
758,-0.33322138
759,-0.11608881
760,0.12408435
761,0.37521362
762,0.63394177
763,0.8971862
764,1.1503296
765,1.382141
766,1.5693665
767,1.7040708
768,1.7891849
769,1.8330079
770,1.8623655
771,1.8731997
772,1.8738708
773,1.8637085
774,1.8330994
775,1.752197
776,1.5934448
777,1.3576963
778,1.0645448
779,0.7325747
780,0.38693213
781,0.02694714
782,-0.29913354
783,-0.5828247
784,-0.81869495
785,-1.03006
786,-1.2314758
787,-1.4318236
788,-1.6009219
789,-1.6999205
790,-1.7498472
791,-1.7762145
792,-1.7705077
793,-1.7300719
794,-1.6725769
795,-1.6015321
796,-1.5118715
797,-1.3840027
798,-1.2511902
799,-1.1188354
800,-0.98495454
801,-0.81536865
802,-0.64141846
803,-0.4700929
804,-0.29125977
805,-0.09487915
806,0.11892676
807,0.32513446
808,0.5150145
809,0.67416394
810,0.7802126
811,0.8579711
812,0.9063109
813,0.9273986
814,0.9430238
815,0.9683841
816,1.0130615
817,1.0599977
818,1.1303407
819,1.2217407
820,1.3236692
821,1.4046631
822,1.4440002
823,1.432434
824,1.368622
825,1.2712708
826,1.1479187
827,1.0199889
828,0.8682863
829,0.6790162
830,0.46994007
831,0.23611456
832,-0.02569592
833,-0.313141
834,-0.6170958
835,-0.93362415
836,-1.262207
837,-1.5806273
838,-1.881653
839,-2.146515
840,-2.3819275
841,-2.6033325
842,-2.7808533
843,-2.9009705
844,-2.9508667
845,-2.9298708
846,-2.814392
847,-2.6046753
848,-2.3072205
849,-1.9248657
850,-1.4853821
851,-0.9953613
852,-0.4972533
853,-0.017120302
854,0.43475345
855,0.85354614
856,1.2387085
857,1.5718384
858,1.8465883
859,2.045929
860,2.1753235
861,2.2502744
862,2.2808838
863,2.2771301
864,2.2497864
865,2.2001345
866,2.1272888
867,2.0248718
868,1.9053041
869,1.764496
870,1.6006162
871,1.410919
872,1.2024231
873,0.9750674
874,0.7401731
875,0.5035095
876,0.28427142
877,0.08709706
878,-0.06726076
879,-0.18789692
880,-0.26928705
881,-0.32958978
882,-0.3817749
883,-0.42575073
884,-0.48013306
885,-0.5311279
886,-0.5851441
887,-0.626587
888,-0.66445935
889,-0.7020569
890,-0.74298084
891,-0.78079236
892,-0.8066405
893,-0.8241272
894,-0.83380127
895,-0.841919
896,-0.84088147
897,-0.83843994
898,-0.8271179
899,-0.79925525
900,-0.7566529
901,-0.69454956
902,-0.61474603
903,-0.5238648
904,-0.42385864
905,-0.32162473
906,-0.21020508
907,-0.10385144
908,-0.0063172355
909,0.08871453
910,0.17715454
911,0.25842285
912,0.32519537
913,0.37902844
914,0.41995245
915,0.44741815
916,0.4690857
917,0.48120117
918,0.48516846
919,0.48315442
920,0.4757995
921,0.4632262
922,0.44815058
923,0.42562872
924,0.39755234
925,0.36291504
926,0.32446295
927,0.28320312
928,0.24072266
929,0.19818103
930,0.16299449
931,0.12902838
932,0.09973149
933,0.073455796
934,0.051818863
935,0.043243453
936,0.035369813
937,0.032134965
938,0.019592263
939,0.005157456
940,-0.013763383
941,-0.03118895
942,-0.049560517
943,-0.06280519
944,-0.06652826
945,-0.06259158
946,-0.062011734
947,-0.06127931
948,-0.058532715
949,-0.05975336
950,-0.06335449
951,-0.06903079
952,-0.069702156
953,-0.065094
954,-0.052917518
955,-0.03955079
956,-0.0234375
957,-0.0093688965
958,0.003387466
959,0.013336198
960,0.020935072
961,0.020050071
962,0.01785279
963,0.015319832
964,0.0075988937
965,-0.0032348633
966,-0.014953601
967,-0.025543213
968,-0.033294674
969,-0.038391117
970,-0.03826905
971,-0.03881837
972,-0.03942871
973,-0.042449947
974,-0.049224854
975,-0.060974132
976,-0.07635498
977,-0.09140015
978,-0.10226442
979,-0.111846924
980,-0.12002563
981,-0.12615968
982,-0.12561034
983,-0.11938476
984,-0.11221313
985,-0.10455321
986,-0.10507204
987,-0.09991455
988,-0.10202026
989,-0.10025023
990,-0.09286498
991,-0.086517334
992,-0.09112549
993,-0.1000366
994,-0.10479732
995,-0.10809324
996,-0.11242676
997,-0.1154785
998,-0.11166377
999,-0.09802246
1000,-0.08670044
1001,-0.079345666
1002,-0.07440185
1003,-0.06878662
1004,-0.064971924
1005,-0.06817629
1006,-0.06710811
1007,-0.065032944
1008,-0.057098366
1009,-0.05343627
1010,-0.05685424
1011,-0.059631325
1012,-0.063323975
1013,-0.0663147
1014,-0.07376097
1015,-0.080169685
1016,-0.080383286
1017,-0.08355713
1018,-0.0886841
1019,-0.091735855
1020,-0.09051513
1021,-0.08285524
1022,-0.07159426
1023,-0.061950684
1024,-0.054412834
1025,-0.046325687
1026,-0.035125725
1027,-0.028808601
1028,-0.024292018
1029,-0.02301026
1030,-0.02423095
1031,-0.02133182
1032,-0.007080091
1033,0.01364135
1034,0.0399475
1035,0.06393435
1036,0.08978273
1037,0.11169434
1038,0.13397217
1039,0.1473999
1040,0.15979001
1041,0.17004392
1042,0.17611693
1043,0.17208865
1044,0.16067505
1045,0.15115356
1046,0.1411438
1047,0.1317139
1048,0.12902832
1049,0.12799072
1050,0.13040158
1051,0.12609863
1052,0.12188721
1053,0.11251832
1054,0.10287474
1055,0.09420775
1056,0.09002688
1057,0.094238326
1058,0.10317995
1059,0.11175535
1060,0.11672974
1061,0.11972048
1062,0.1223755
1063,0.12808229
1064,0.13415526
1065,0.13659665
1066,0.13781738
1067,0.13656619
1068,0.13470459
1069,0.123596184
1070,0.109191895
1071,0.10015869
1072,0.089782715
1073,0.083465606
1074,0.069946304
1075,0.06420896
1076,0.05398558
1077,0.04611205
1078,0.029602017
1079,0.017913826
1080,0.0059509203
1081,-0.0037536789
1082,-0.012512203
1083,-0.019683853
1084,-0.022216782
1085,-0.026397679
1086,-0.029052727
1087,-0.036407497
1088,-0.04333496
1089,-0.050262436
1090,-0.055358887
1091,-0.05038452
1092,-0.043670654
1093,-0.03439331
1094,-0.023040775
1095,-0.01599119
1096,-0.015625
1097,-0.01586914
1098,-0.013793936
1099,-0.014282225
1100,-0.017333992
1101,-0.015350348
1102,-0.017059345
1103,-0.019500721
1104,-0.021606445
1105,-0.01913453
1106,-0.027221667
1107,-0.033172607
1108,-0.042572036
1109,-0.048156753
1110,-0.05731201
1111,-0.065002434
1112,-0.07546997
1113,-0.081665054
1114,-0.07675172
1115,-0.070068374
1116,-0.058013923
1117,-0.04812622
1118,-0.040618896
1119,-0.03677368
1120,-0.034210205
1121,-0.033935554
1122,-0.03607175
1123,-0.03652952
1124,-0.041046143
1125,-0.047943115
1126,-0.05606082
1127,-0.06365967
1128,-0.06924437
1129,-0.07159422
1130,-0.07330322
1131,-0.07644653
1132,-0.08233643
1133,-0.085968
1134,-0.09387205
1135,-0.10012816
1136,-0.1105957
1137,-0.123229995
1138,-0.13656616
1139,-0.14468382
1140,-0.1425781
1141,-0.13510129
1142,-0.1254578
1143,-0.116729744
1144,-0.10760498
1145,-0.100982666
1146,-0.09063721
1147,-0.07623292
1148,-0.066101074
1149,-0.054260246
1150,-0.042877186
1151,-0.035644524
1152,-0.026000986
1153,-0.019470237
1154,-0.015045181
1155,-0.011016855
1156,-0.008148191
1157,0.001922613
1158,0.011840817
1159,0.027709957
1160,0.037292473
1161,0.041992188
1162,0.05029297
1163,0.051116943
1164,0.048309326
1165,0.041992173
1166,0.042083737
1167,0.042511
1168,0.043792732
1169,0.05017089
1170,0.05294799
1171,0.048370354
1172,0.044006336
1173,0.028747559
1174,0.007507317
1175,-0.019287124
1176,-0.033996604
1177,-0.041931126
1178,-0.04223631
1179,-0.040649414
1180,-0.03671266
1181,-0.029998798
1182,-0.027679443
1183,-0.021606438
1184,-0.018219003
1185,-0.012390131
1186,-0.014495856
1187,-0.017547596
1188,-0.02090453
1189,-0.028533923
1190,-0.029968262
1191,-0.03228758
1192,-0.036254898
1193,-0.028778063
1194,-0.017822249
1195,-0.0024108924
1196,0.009826663
1197,0.019653313
1198,0.03009033
1199,0.034942627
1200,0.040588394
1201,0.0484009
1202,0.056457512
1203,0.062347397
1204,0.07272338
1205,0.08319091
1206,0.09359743
1207,0.10357666
1208,0.10458373
1209,0.10195921
1210,0.09951783
1211,0.097991936
1212,0.10107423
1213,0.10296631
1214,0.10784912
1215,0.11172487
1216,0.11657716
1217,0.12179566
1218,0.11978149
1219,0.11486815
1220,0.10614014
1221,0.095214844
1222,0.08728029
1223,0.07141114
1224,0.058380127
1225,0.034820564
1226,0.016845703
1227,0.0011902004
1228,-0.006164545
1229,-0.009002695
1230,-0.013183592
1231,-0.019805906
1232,-0.022796644
1233,-0.02642822
1234,-0.021789558
1235,-0.015991218
1236,-0.010864263
1237,-0.00592041
1238,-0.0036010724
1239,-9.1545284e-05
1240,0.0060729925
1241,0.009338388
1242,0.0120849535
1243,0.020385748
1244,0.027191158
1245,0.035125732
1246,0.042236343
1247,0.04763793
1248,0.05621337
1249,0.06436156
1250,0.067230225
1251,0.06912233
1252,0.06787108
1253,0.06445312
1254,0.05871582
1255,0.054595947
1256,0.045013443
1257,0.031738278
1258,0.024291988
1259,0.012695305
1260,0.0020446721
1261,0.00030517392
1262,0.0034179576
1263,0.0071411133
1264,0.0099182315
1265,0.014221199
1266,0.017486572
1267,0.02075196
1268,0.023010269
1269,0.024139408
1270,0.02767945
1271,0.03872679
1272,0.047241226
1273,0.056732178
1274,0.06094362
1275,0.06698609
1276,0.068206795
1277,0.0687256
1278,0.06460571
1279,0.06124879
1280,0.057952896
1281,0.053466797
1282,0.043182362
1283,0.033691395
1284,0.024017341
1285,0.014190659
1286,0.009246821
1287,-9.155087e-05
1288,-0.010559082
1289,-0.013763424
1290,-0.017578123
1291,-0.027679428
1292,-0.036651615
1293,-0.04708862
1294,-0.05432129
1295,-0.065673836
1296,-0.07305908
1297,-0.07443237
1298,-0.07272338
1299,-0.06433106
1300,-0.061737053
1301,-0.062469468
1302,-0.06719971
1303,-0.078125
1304,-0.08398439
1305,-0.08816529
1306,-0.08816528
1307,-0.092254646
1308,-0.091705315
1309,-0.10046387
1310,-0.11322022
1311,-0.12533571
1312,-0.14224245
1313,-0.15728763
1314,-0.1699829
1315,-0.17678834
1316,-0.18841553
1317,-0.19943237
1318,-0.20800778
1319,-0.2251892
1320,-0.23980713
1321,-0.24835202
1322,-0.29434204
1323,-0.40094
1324,-0.51266485
1325,-0.5959168
1326,-0.63623047
1327,-0.60287464
1328,-0.62207043
1329,-0.6795045
1330,-0.45486456
1331,0.008148223
1332,0.36563104
1333,0.60296625
1334,0.68301386
1335,0.594116
1336,0.4781189
1337,0.38229394
1338,0.24642938
1339,0.09085071
1340,0.2392273
1341,0.63183594
1342,1.003082
1343,1.3509521
1344,1.534088
1345,1.4956969
1346,1.3579712
1347,1.1350403
1348,0.9457704
1349,0.7855835
1350,0.5130923
1351,0.15255737
1352,-0.11291504
1353,-0.2989503
1354,-0.40869138
1355,-0.43374622
1356,-0.4365235
1357,-0.44512957
1358,-0.437439
1359,-0.43338013
1360,-0.5901184
1361,-0.87249756
1362,-1.0999756
1363,-1.2361145
1364,-1.2596433
1365,-1.1582334
1366,-1.0204773
1367,-0.8795779
1368,-0.72344977
1369,-0.56359863
1370,-0.56622326
1371,-0.7067873
1372,-0.8117676
1373,-0.85919183
1374,-0.8291625
1375,-0.7120055
1376,-0.59020996
1377,-0.48428354
1378,-0.35449213
1379,-0.1937865
1380,-0.16488647
1381,-0.23870853
1382,-0.32669052
1383,-0.47131348
1384,-0.57226574
1385,-0.57205206
1386,-0.5114746
1387,-0.35720813
1388,-0.24807742
1389,-0.18820196
1390,0.13397199
1391,0.6701355
1392,1.1421814
1393,1.5624391
1394,1.8193054
1395,1.8593748
1396,1.8077087
1397,1.6891481
1398,1.6140445
1399,1.5409241
1400,1.3367921
1401,1.0334471
1402,0.78631586
1403,0.5930176
1404,0.4463805
1405,0.35372928
1406,0.2826538
1407,0.2216186
1408,0.190857
1409,0.18884294
1410,0.06451416
1411,-0.16055286
1412,-0.33599836
1413,-0.45193493
1414,-0.46350098
1415,-0.3590697
1416,-0.22088635
1417,-0.07406628
1418,0.04879743
1419,0.16223148
1420,0.23492402
1421,0.2683714
1422,0.26425165
1423,0.24215698
1424,0.22396863
1425,0.2119447
1426,0.19091792
1427,0.14779665
1428,0.10360711
1429,0.07724011
1430,0.059600815
1431,0.04208359
1432,0.016449034
1433,-0.018340886
1434,-0.05694583
1435,-0.11065692
1436,-0.1787719
1437,-0.26827994
1438,-0.34906006
1439,-0.4064025
1440,-0.43347168
1441,-0.44644147
1442,-0.43441778
1443,-0.42221063
1444,-0.40292376
1445,-0.3733522
1446,-0.3474121
1447,-0.31607056
1448,-0.27935788
1449,-0.2604676
1450,-0.26474005
1451,-0.28018177
1452,-0.31823742
1453,-0.35717773
1454,-0.389557
1455,-0.41799927
1456,-0.4170228
1457,-0.39071655
1458,-0.36611935
1459,-0.34320074
1460,-0.320404
1461,-0.2942505
1462,-0.25244135
1463,-0.19653323
1464,-0.12094112
1465,-0.041046128
1466,0.03753662
1467,0.102478
1468,0.16564944
1469,0.25372314
1470,0.3527527
1471,0.45117182
1472,0.5481263
1473,0.6292418
1474,0.6989746
1475,0.75869757
1476,0.79757684
1477,0.8045044
1478,0.7904663
1479,0.76040655
1480,0.70947266
1481,0.6392516
1482,0.55459595
1483,0.45721442
1484,0.35122687
1485,0.24609382
1486,0.14120486
1487,0.044250518
1488,-0.0481872
1489,-0.13873297
1490,-0.21884143
1491,-0.29644775
1492,-0.36340332
1493,-0.42184448
1494,-0.46984863
1495,-0.50692755
1496,-0.5282897
1497,-0.54434204
1498,-0.5496827
1499,-0.54803467
1500,-0.5340576
1501,-0.5160521
1502,-0.4953614
1503,-0.469574
1504,-0.44015515
1505,-0.40457153
1506,-0.36026007
1507,-0.31802365
1508,-0.27328488
1509,-0.22622684
1510,-0.18341063
1511,-0.14382936
1512,-0.11309816
1513,-0.080780044
1514,-0.05242914
1515,-0.03131102
1516,-0.0107421875
1517,0.00869751
1518,0.017913863
1519,0.017700195
1520,0.014892563
1521,0.012451127
1522,0.008270264
1523,0.009124756
1524,0.011138961
1525,0.013031021
1526,0.013336241
1527,0.011108369
1528,0.008300804
1529,0.002288796
1530,0.0028076246
1531,0.0011901632
1532,0.0025024638
1533,0.0058593675
1534,0.010589581
1535,0.020477314
1536,0.028778076
1537,0.03970339
1538,0.052276634
1539,0.06558228
1540,0.07995606
1541,0.090637214
1542,0.09695434
1543,0.10211183
1544,0.10525515
1545,0.10391235
1546,0.09689332
1547,0.09497071
1548,0.095825195
1549,0.09802246
1550,0.10095215
1551,0.10180664
1552,0.10620119
1553,0.109893784
1554,0.105712906
1555,0.1039734
1556,0.102142364
1557,0.092041045
1558,0.089263886
1559,0.08770749
1560,0.08718873
1561,0.084777854
1562,0.081268325
1563,0.07684324
1564,0.07675173
1565,0.07540892
1566,0.07824709
1567,0.084289566
1568,0.08728025
1569,0.08712769
1570,0.08209228
1571,0.079803474
1572,0.071441665
1573,0.06820677
1574,0.06588744
1575,0.059448242
1576,0.052185085
1577,0.05075068
1578,0.045471214
1579,0.038391136
1580,0.029449467
1581,0.023254368
1582,0.017822262
1583,0.015777592
1584,0.015624981
1585,0.02374269
1586,0.031768817
1587,0.0387268
1588,0.04373169
1589,0.046569824
1590,0.046783444
1591,0.04418945
1592,0.038177475
1593,0.028320324
1594,0.024078377
1595,0.02105711
1596,0.017394997
1597,0.011077905
1598,0.0074767955
1599,0.007751467
1600,0.0074157706
1601,0.011230471
1602,0.016326893
1603,0.020538323
1604,0.022979738
1605,0.020111084
1606,0.011138909
1607,0.0027160682
1608,-0.0074157706
1609,-0.013946535
1610,-0.020812988
1611,-0.027099611
1612,-0.029846184
1613,-0.030090347
1614,-0.035339348
1615,-0.0378723
1616,-0.041839607
1617,-0.04367064
1618,-0.041717544
1619,-0.041900635
1620,-0.041198738
1621,-0.041168205
1622,-0.04241941
1623,-0.04324341
1624,-0.044342056
1625,-0.049865738
1626,-0.053161606
1627,-0.055053726
1628,-0.058593735
1629,-0.061096177
1630,-0.05929564
1631,-0.050994873
1632,-0.04888914
1633,-0.04635622
1634,-0.05105591
1635,-0.05474852
1636,-0.05883789
1637,-0.061523452
1638,-0.06604003
1639,-0.07055664
1640,-0.0730591
1641,-0.07394409
1642,-0.07781983
1643,-0.079589844
1644,-0.07949828
1645,-0.07293701
1646,-0.07189943
1647,-0.07238769
1648,-0.07034302
1649,-0.07357789
1650,-0.07861329
1651,-0.08425902
1652,-0.085968025
1653,-0.09005737
1654,-0.08923338
1655,-0.091735855
1656,-0.09170532
1657,-0.09454347
1658,-0.099182114
1659,-0.105651855
1660,-0.11264038
1661,-0.11837767
1662,-0.12249756
1663,-0.12860104
1664,-0.13217163
1665,-0.13583374
1666,-0.1325073
1667,-0.12075808
1668,-0.11010742
1669,-0.101165764
1670,-0.09405515
1671,-0.09088136
1672,-0.08639526
1673,-0.079193085
1674,-0.068756096
1675,-0.059326172
1676,-0.045349106
1677,-0.030578628
1678,-0.014648452
1679,0.006225597
1680,0.03289797
1681,0.058013912
1682,0.086486824
1683,0.10772706
1684,0.12661743
1685,0.14331052
1686,0.15786745
1687,0.17227171
1688,0.18127443
1689,0.19137575
1690,0.20129398
1691,0.20700073
1692,0.21261594
1693,0.21548459
1694,0.21862793
1695,0.2215576
1696,0.21951295
1697,0.21533202
1698,0.21151736
1699,0.20837404
1700,0.20471193
1701,0.19778442
1702,0.19036865
1703,0.18695067
1704,0.1875
1705,0.18704225
1706,0.18185423
1707,0.17306519
1708,0.16592409
1709,0.15548706
1710,0.14361571
1711,0.13452148
1712,0.12506104
1713,0.113403335
1714,0.10110475
1715,0.08819581
1716,0.07870488
1717,0.07150266
1718,0.063629165
1719,0.049591064
1720,0.026824962
1721,0.008636475
1722,-0.011016857
1723,-0.02896117
1724,-0.044799764
1725,-0.059570312
1726,-0.072143555
1727,-0.08526613
1728,-0.09463505
1729,-0.09991455
1730,-0.101379395
1731,-0.09561158
1732,-0.08547971
1733,-0.07427977
1734,-0.063568115
1735,-0.05233764
1736,-0.043212917
1737,-0.03457639
1738,-0.028778082
1739,-0.02197267
1740,-0.014251714
1741,-0.008911116
1742,-0.005218507
1743,-0.0034179762
1744,-0.0060119554
1745,-0.0109863365
1746,-0.012420654
1747,-0.008056632
1748,-0.0050964183
1749,-0.0016479446
1750,0.0025940007
1751,0.0030517504
1752,-0.0017090011
1753,-0.0053100754
1754,-0.007507339
1755,-0.011138916
1756,-0.010833757
1757,-0.009674074
1758,-0.005279543
1759,-0.00030517578
1760,0.008453367
1761,0.01260376
1762,0.013061522
1763,0.011566173
1764,0.011627197
1765,0.0117492825
1766,0.010009779
1767,0.00598146
1768,0.0011291634
1769,-0.00579834
1770,-0.015106201
1771,-0.025726333
1772,-0.035369873
1773,-0.044464126
1774,-0.053405747
1775,-0.057891853
1776,-0.06121825
1777,-0.069427505
1778,-0.07928468
1779,-0.09024046
1780,-0.1048584
1781,-0.11297606
1782,-0.11584472
1783,-0.11541748
1784,-0.11749268
1785,-0.12078855
1786,-0.12658694
1787,-0.13934326
1788,-0.15292358
1789,-0.16241454
1790,-0.1716919
1791,-0.17648315
1792,-0.17886354
1793,-0.17916872
1794,-0.18395996
1795,-0.18749999
1796,-0.19177246
1797,-0.19226073
1798,-0.19033812
1799,-0.18429565
1800,-0.17510986
1801,-0.16333008
1802,-0.15475465
1803,-0.14553833
1804,-0.13699341
1805,-0.12811281
1806,-0.11639403
1807,-0.09780884
1808,-0.07757568
1809,-0.057098392
1810,-0.03726197
1811,-0.01974488
1812,-0.002532959
1813,0.013580315
1814,0.025909418
1815,0.032958977
1816,0.041137688
1817,0.051818833
1818,0.06582642
1819,0.08050537
1820,0.096374504
1821,0.10723876
1822,0.11627196
1823,0.12475587
1824,0.13040161
1825,0.1368103
1826,0.13916016
1827,0.13549805
1828,0.12857056
1829,0.1205139
1830,0.11077881
1831,0.10415649
1832,0.09719847
1833,0.093292244
1834,0.08770752
1835,0.08090209
1836,0.074066155
1837,0.065155014
1838,0.048492413
1839,0.035003655
1840,0.019897461
1841,0.008209236
1842,-0.00033569336
1843,-0.0039672945
1844,-0.009399428
1845,-0.012878396
1846,-0.010498062
1847,-0.0076293834
1848,-0.0012817159
1849,0.0097351
1850,0.023590103
1851,0.036010727
1852,0.051574707
1853,0.06890869
1854,0.095336914
1855,0.1279602
1856,0.15258792
1857,0.17498782
1858,0.19470215
1859,0.20886227
1860,0.22503664
1861,0.240509
1862,0.25302124
1863,0.26184082
1864,0.2702636
1865,0.27508545
1866,0.27313232
1867,0.27325436
1868,0.27297974
1869,0.26733398
1870,0.26065063
1871,0.24270628
1872,0.22909547
1873,0.21270753
1874,0.19281006
1875,0.16397098
1876,0.12896731
1877,0.096008286
1878,0.0664978
1879,0.03634643
1880,0.011688247
1881,-0.013366684
1882,-0.034149166
1883,-0.056488
1884,-0.07495116
1885,-0.102416985
1886,-0.134552
1887,-0.16397096
1888,-0.1948242
1889,-0.21969604
1890,-0.24490358
1891,-0.2588501
1892,-0.27420044
1893,-0.29003906
1894,-0.30462646
1895,-0.31497192
1896,-0.31030276
1897,-0.3043518
1898,-0.2944336
1899,-0.28274536
1900,-0.27471927
1901,-0.26226807
1902,-0.24935912
1903,-0.23617555
1904,-0.22280882
1905,-0.20300291
1906,-0.1796875
1907,-0.15997314
1908,-0.14105225
1909,-0.12353516
1910,-0.10791017
1911,-0.09249881
1912,-0.08044432
1913,-0.07192995
1914,-0.060272247
1915,-0.04348755
1916,-0.03012085
1917,-0.022277832
1918,-0.017272964
1919,-0.016906738
1920,-0.018798828
1921,-0.020111084
1922,-0.024993911
1923,-0.032409683
1924,-0.043945327
1925,-0.05587767
1926,-0.06442261
1927,-0.07406619
1928,-0.07498169
1929,-0.0770569
1930,-0.07742305
1931,-0.0867004
1932,-0.08938598
1933,-0.09112548
1934,-0.08703609
1935,-0.08618164
1936,-0.08837893
1937,-0.08953859
1938,-0.09069824
1939,-0.093811035
1940,-0.092254624
1941,-0.08496095
1942,-0.080413826
1943,-0.07342527
1944,-0.063232414
1945,-0.050262466
1946,-0.033142112
1947,-0.014099127
1948,0.005004883
1949,0.02825924
1950,0.04812619
1951,0.06890867
1952,0.08911133
1953,0.107604966
1954,0.1255188
1955,0.14627072
1956,0.16607666
1957,0.18405153
1958,0.1993103
1959,0.21447754
1960,0.22201534
1961,0.2270813
1962,0.23059084
1963,0.23333743
1964,0.2348938
1965,0.23358154
1966,0.23138429
1967,0.22409058
1968,0.2156372
1969,0.20748901
1970,0.19769284
1971,0.18893433
1972,0.17626953
1973,0.16616818
1974,0.1550293
1975,0.14230347
1976,0.13525395
1977,0.12960812
1978,0.12594603
1979,0.12332155
1980,0.11959842
1981,0.11572267
1982,0.114410415
1983,0.11419676
1984,0.11099246
1985,0.1076355
1986,0.10702513
1987,0.10519406
1988,0.103332534
1989,0.09951782
1990,0.099151626
1991,0.099914536
1992,0.100280754
1993,0.10177614
1994,0.09683229
1995,0.09133912
1996,0.07696532
1997,0.06021118
1998,0.04507447
1999,0.029785141
2000,0.016418457
2001,0.005828852
2002,-0.008056657
2003,-0.017425532
2004,-0.026794441
2005,-0.032989487
2006,-0.04260253
2007,-0.04565429
2008,-0.047302246
2009,-0.048217773
2010,-0.048919685
2011,-0.05300904
2012,-0.057403564
2013,-0.06277466
2014,-0.06500244
2015,-0.06213379
2016,-0.061767578
2017,-0.06091308
2018,-0.05859375
2019,-0.055572502
2020,-0.052337646
2021,-0.052947998
2022,-0.05557251
2023,-0.060485832
2024,-0.063934326
2025,-0.06411745
2026,-0.06015013
2027,-0.05776979
2028,-0.053527832
2029,-0.05331421
2030,-0.052459702
2031,-0.052734375
2032,-0.052520737
2033,-0.05249025
2034,-0.052581772
2035,-0.05508423
2036,-0.05731201
2037,-0.05648806
2038,-0.060668964
2039,-0.065216064
2040,-0.06442259
2041,-0.06323243
2042,-0.056671143
2043,-0.052459702
2044,-0.05230712
2045,-0.056793213
2046,-0.06448366
2047,-0.07528688
2048,-0.08935544
2049,-0.10119629
2050,-0.11834719
2051,-0.12838745
2052,-0.13925174
2053,-0.14715573
2054,-0.15127563
2055,-0.1545105
2056,-0.1592102
2057,-0.15933229
2058,-0.15533446
2059,-0.15667722
2060,-0.1581421
2061,-0.15136719
2062,-0.14758302
2063,-0.1496582
2064,-0.14102173
2065,-0.1317444
2066,-0.12332155
2067,-0.10494995
2068,-0.09561158
2069,-0.08602904
2070,-0.07540893
2071,-0.068908684
2072,-0.06390379
2073,-0.06442262
2074,-0.0553894
2075,-0.046386734
2076,-0.032958984
2077,-0.016723625
2078,-0.010925293
2079,0.002746582
2080,0.01580812
2081,0.020507816
2082,0.023559593
2083,0.027221665
2084,0.022949219
2085,0.018524148
2086,0.014984116
2087,0.0059509277
2088,-0.004760742
2089,-0.008605942
2090,-0.015228257
2091,-0.019927964
2092,-0.019592263
2093,-0.018341072
2094,-0.024475083
2095,-0.02545166
2096,-0.02420044
2097,-0.026824944
2098,-0.018798828
2099,-0.006591797
2100,0.003540054
2101,0.022369385
2102,0.04470828
2103,0.06280519
2104,0.086914055
2105,0.1098938
2106,0.13171387
2107,0.16186523
2108,0.19552614
2109,0.22622682
2110,0.25250244
2111,0.28460693
2112,0.31256104
2113,0.33764645
2114,0.3615418
2115,0.38195795
2116,0.40463245
2117,0.43295288
2118,0.46002203
2119,0.47494504
2120,0.49145502
2121,0.49697876
2122,0.4993896
2123,0.49148563
2124,0.465271
2125,0.42083728
2126,0.36889642
2127,0.30661014
2128,0.21478279
2129,0.117126405
2130,0.03051743
2131,-0.076171935
2132,-0.19271848
2133,-0.32055658
2134,-0.45382702
2135,-0.58660907
2136,-0.7152709
2137,-0.8417055
2138,-0.96633923
2139,-1.0687257
2140,-1.1435852
2141,-1.2025757
2142,-1.2613523
2143,-1.2934265
2144,-1.3032532
2145,-1.2788086
2146,-1.214569
2147,-1.1231692
2148,-0.98806775
2149,-0.8187256
2150,-0.628082
2151,-0.40927112
2152,-0.15978986
2153,0.10046387
2154,0.3832093
2155,0.6727603
2156,0.95828235
2157,1.2424315
2158,1.4949341
2159,1.6974182
2160,1.865143
2161,1.987396
2162,2.062378
2163,2.0900269
2164,2.1013489
2165,2.1062622
2166,2.0991821
2167,2.074707
2168,2.0131226
2169,1.8872681
2170,1.6966248
2171,1.4327697
2172,1.0926819
2173,0.69372547
2174,0.27279687
2175,-0.14437866
2176,-0.5187073
2177,-0.84658825
2178,-1.13504
2179,-1.3977969
2180,-1.6480105
2181,-1.8780515
2182,-2.065857
2183,-2.217987
2184,-2.347412
2185,-2.449829
2186,-2.4993286
2187,-2.507904
2188,-2.469635
2189,-2.389679
2190,-2.2662356
2191,-2.103088
2192,-1.9296263
2193,-1.7286376
2194,-1.5107117
2195,-1.2712705
2196,-1.0191343
2197,-0.7445984
2198,-0.42489648
2199,-0.06555188
2200,0.29672253
2201,0.6624148
2202,1.0222474
2203,1.3699038
2204,1.66922
2205,1.8929139
2206,2.0366518
2207,2.105347
2208,2.1185913
2209,2.1018066
2210,2.0638123
2211,2.0344849
2212,2.0471191
2213,2.0998535
2214,2.161316
2215,2.212738
2216,2.2162778
2217,2.170227
2218,2.0647583
2219,1.8947451
2220,1.6782227
2221,1.4114683
2222,1.1032103
2223,0.7587281
2224,0.40805048
2225,0.07458472
2226,-0.25479108
2227,-0.59103394
2228,-0.9178163
2229,-1.2294312
2230,-1.5455627
2231,-1.8504945
2232,-2.151764
2233,-2.4426575
2234,-2.7311401
2235,-3.0098267
2236,-3.2509158
2237,-3.4483342
2238,-3.583313
2239,-3.6548462
2240,-3.631043
2241,-3.4977112
2242,-3.2533877
2243,-2.8975525
2244,-2.4565427
2245,-1.9521484
2246,-1.4050907
2247,-0.82843024
2248,-0.23770148
2249,0.361969
2250,0.9462279
2251,1.484619
2252,1.965912
2253,2.3670654
2254,2.675415
2255,2.8856812
2256,2.9983826
2257,3.0277405
2258,2.9891663
2259,2.9032898
2260,2.7775269
2261,2.6297302
2262,2.470459
2263,2.29776
2264,2.1127622
2265,1.907806
2266,1.6743164
2267,1.4243776
2268,1.1542358
2269,0.8696291
2270,0.58074975
2271,0.29208392
2272,0.018615734
2273,-0.23022461
2274,-0.44207758
2275,-0.6182251
2276,-0.75338745
2277,-0.8500061
2278,-0.91848755
2279,-0.952362
2280,-0.9706116
2281,-0.9839172
2282,-0.9996643
2283,-1.0248413
2284,-1.0700378
2285,-1.1097107
2286,-1.1459656
2287,-1.181305
2288,-1.1999817
2289,-1.2040406
2290,-1.1888732
2291,-1.1476747
2292,-1.0950317
2293,-1.0308229
2294,-0.951538
2295,-0.86068726
2296,-0.76654077
2297,-0.66632086
2298,-0.55514514
2299,-0.43179318
2300,-0.29644775
2301,-0.15667719
2302,-0.013275012
2303,0.13406374
2304,0.27896112
2305,0.40945446
2306,0.5207521
2307,0.61514276
2308,0.68157965
2309,0.72470075
2310,0.74279785
2311,0.7417602
2312,0.72680664
2313,0.6957092
2314,0.65820307
2315,0.6159668
2316,0.5678711
2317,0.5266725
2318,0.47900385
2319,0.4250794
2320,0.37097174
2321,0.31912243
2322,0.26358032
2323,0.2044068
2324,0.14382939
2325,0.08648674
2326,0.037384003
2327,-0.0027160943
2328,-0.033599786
2329,-0.060272217
2330,-0.082611084
2331,-0.102813646
2332,-0.12628168
2333,-0.13967897
2334,-0.15591432
2335,-0.17718498
2336,-0.19046018
2337,-0.20541388
2338,-0.21234125
2339,-0.21423341
2340,-0.21276857
2341,-0.208313
2342,-0.19781491
2343,-0.1885071
2344,-0.17352295
2345,-0.1614074
2346,-0.15124515
2347,-0.14120483
2348,-0.1239624
2349,-0.09970091
2350,-0.07272337
2351,-0.04339599
2352,-0.009643577
2353,0.020904522
2354,0.048614513
2355,0.07946776
2356,0.104949966
2357,0.124755874
2358,0.14096068
2359,0.15036012
2360,0.15182494
2361,0.1522522
2362,0.15167236
2363,0.1505127
2364,0.14901733
2365,0.14508057
2366,0.1435547
2367,0.13922118
2368,0.11865235
2369,0.09011841
2370,0.06124878
2371,0.035125725
2372,0.01635743
2373,-0.0021362212
2374,-0.014648454
2375,-0.0171814
2376,-0.019897463
2377,-0.020111091
2378,-0.024017315
2379,-0.030395515
2380,-0.04006958
2381,-0.04757691
2382,-0.056701645
2383,-0.052612297
2384,-0.044677727
2385,-0.027008057
2386,-0.002227774
2387,0.01956176
2388,0.048950203
2389,0.07040406
2390,0.08401488
2391,0.085662834
2392,0.07513429
2393,0.05911254
2394,0.04620362
2395,0.02853395
2396,0.010772698
2397,-0.0049743587
2398,-0.020294197
2399,-0.035552986
2400,-0.040985093
2401,-0.04949951
2402,-0.049438473
2403,-0.05023191
2404,-0.052612312
2405,-0.05545043
2406,-0.057952873
2407,-0.06311036
2408,-0.0668335
2409,-0.07046509
2410,-0.06976317
2411,-0.062499993
2412,-0.055053726
2413,-0.044128403
2414,-0.039520275
2415,-0.035614006
2416,-0.03302002
2417,-0.024932865
2418,-0.021514907
2419,-0.009918224
2420,-0.0028076097
2421,0.008331288
2422,0.019531256
2423,0.028289791
2424,0.04150391
2425,0.050964363
2426,0.048736576
2427,0.047668457
2428,0.03936767
2429,0.026977535
2430,0.014556889
2431,-0.0009155385
2432,-0.010192866
2433,-0.010375976
2434,-0.0024413988
2435,0.012329103
2436,0.028930655
2437,0.040161125
2438,0.05566407
2439,0.06192016
2440,0.056365952
2441,0.046966545
2442,0.030609146
2443,0.016357416
2444,0.008880618
2445,0.008666981
2446,0.018951405
2447,0.03454589
2448,0.04690552
2449,0.057434075
2450,0.07424926
2451,0.07159424
2452,0.069183335
2453,0.052917477
2454,0.03967285
2455,0.023559565
2456,0.01522827
2457,0.0036926288
2458,-0.0017394852
2459,-0.0086975
2460,-0.010314942
2461,-0.007171632
2462,-0.006744407
2463,-0.008697494
2464,-0.018890388
2465,-0.034484856
2466,-0.050628655
2467,-0.062408455
2468,-0.06808472
2469,-0.06298828
2470,-0.05529785
2471,-0.04296875
2472,-0.03244018
2473,-0.017181402
2474,-0.00796509
2475,0.0036926176
2476,0.0035705566
2477,0.009735115
2478,0.0130615225
2479,0.022033693
2480,0.026428223
2481,0.027984608
2482,0.027679455
2483,0.022094723
2484,0.013946539
2485,0.0070495624
2486,-6.1033294e-05
2487,-0.013031004
2488,-0.022796622
2489,-0.040740974
2490,-0.0628357
2491,-0.07946776
2492,-0.09411621
2493,-0.09802246
2494,-0.101409905
2495,-0.09539794
2496,-0.08624268
2497,-0.08294677
2498,-0.08187868
2499,-0.081695564
2500,-0.07675171
2501,-0.07922362
2502,-0.08291626
2503,-0.08496094
2504,-0.08184814
2505,-0.074829094
2506,-0.06295776
2507,-0.05126952
2508,-0.03866577
2509,-0.01873777
2510,0.0067138746
2511,0.03219603
2512,0.04818724
2513,0.050994873
2514,0.05084228
2515,0.03927612
2516,0.025695805
2517,0.010162351
2518,0.0022277902
2519,-0.0065917866
2520,-0.01394654
2521,-0.016143803
2522,-0.018798834
2523,-0.009857183
2524,-0.011993416
2525,-0.014892586
2526,-0.023193363
2527,-0.02920532
2528,-0.03417968
2529,-0.04525756
2530,-0.05630493
2531,-0.0657959
2532,-0.06500246
2533,-0.06802368
2534,-0.06597902
2535,-0.06341555
2536,-0.0578003
2537,-0.05111695
2538,-0.050811753
2539,-0.051055886
2540,-0.057037342
2541,-0.060394302
2542,-0.06570435
2543,-0.075378425
2544,-0.082794204
2545,-0.08721924
2546,-0.08157347
2547,-0.07693483
2548,-0.06838988
2549,-0.057128906
2550,-0.0456543
2551,-0.035034183
2552,-0.02801513
2553,-0.021667495
2554,-0.011901863
2555,0.0013733357
2556,0.00982666
2557,0.020507816
2558,0.03308104
2559,0.048400886
2560,0.08035278
2561,0.11010742
2562,0.140564
2563,0.16796872
2564,0.19482422
2565,0.21072388
2566,0.21972656
2567,0.2173767
2568,0.20858765
2569,0.20498657
2570,0.19515991
2571,0.18466187
2572,0.17538452
2573,0.16998291
2574,0.16482544
2575,0.15756224
2576,0.14907838
2577,0.13607788
2578,0.12539673
2579,0.10626221
2580,0.08657836
2581,0.059539795
2582,0.042388897
2583,0.023406986
2584,0.0058288425
2585,-0.011749271
2586,-0.03439331
2587,-0.047180153
2588,-0.064270034
2589,-0.08221434
2590,-0.099823
2591,-0.11468505
2592,-0.12515259
2593,-0.13690186
2594,-0.14831541
2595,-0.15872194
2596,-0.16149901
2597,-0.16165161
2598,-0.1585083
2599,-0.14941403
2600,-0.13711548
2601,-0.11651612
2602,-0.100128174
2603,-0.08700563
2604,-0.073913574
2605,-0.057983384
2606,-0.042694084
2607,-0.031127935
2608,-0.020446775
2609,-0.009521492
2610,0.0065307473
2611,0.024963386
2612,0.03802491
2613,0.053344727
2614,0.06594849
2615,0.078765884
2616,0.07907102
2617,0.07171631
2618,0.05929566
2619,0.04846189
2620,0.034790024
2621,0.020782478
2622,0.013519298
2623,0.014343251
2624,0.020050064
2625,0.022918684
2626,0.026763922
2627,0.023773186
2628,0.022460945
2629,0.019897461
2630,0.008392334
2631,-0.0060424916
2632,-0.013214119
2633,-0.019256577
2634,-0.020721443
2635,-0.025878904
2636,-0.028717048
2637,-0.022766108
2638,-0.016937252
2639,-0.0154418945
2640,-0.017150884
2641,-0.0153198335
2642,-0.010284428
2643,-0.0061645433
2644,-0.012512207
2645,-0.020507801
2646,-0.02603149
2647,-0.02114869
2648,-0.013671875
2649,-0.004913315
2650,0.008514389
2651,0.027587898
2652,0.04516603
2653,0.05737305
2654,0.067596436
2655,0.07794191
2656,0.09286499
2657,0.10052488
2658,0.10839844
2659,0.11795045
2660,0.13000485
2661,0.14056396
2662,0.13964847
2663,0.13845827
2664,0.13803099
2665,0.1407776
2666,0.14022827
2667,0.13418579
2668,0.12878416
2669,0.1265564
2670,0.12326048
2671,0.11285399
2672,0.0991211
2673,0.08554077
2674,0.07394408
2675,0.062286384
2676,0.047119133
2677,0.037963867
2678,0.031494148
2679,0.028778065
2680,0.02075195
2681,0.009551991
2682,0.0012207031
2683,-0.0071411207
2684,-0.0105896
2685,-0.020568848
2686,-0.02557373
2687,-0.031829834
2688,-0.035919182
2689,-0.049224846
2690,-0.063232414
2691,-0.078948975
2692,-0.09603883
2693,-0.10986329
2694,-0.12667844
2695,-0.14221193
2696,-0.14984131
2697,-0.15078735
2698,-0.1491394
2699,-0.15011597
2700,-0.15023804
2701,-0.15026855
2702,-0.1496277
2703,-0.15707399
2704,-0.16973874
2705,-0.17922974
2706,-0.1859436
2707,-0.19494629
2708,-0.20648193
2709,-0.21716309
2710,-0.23394777
2711,-0.24938965
2712,-0.26922607
2713,-0.2892456
2714,-0.30209348
2715,-0.31219488
2716,-0.327484
2717,-0.3675843
2718,-0.4359742
2719,-0.5150451
2720,-0.5836487
2721,-0.6837158
2722,-0.76721203
2723,-0.68475354
2724,-0.6934204
2725,-0.6197816
2726,-0.2655639
2727,0.13442993
2728,0.47048944
2729,0.742676
2730,0.8200075
2731,0.7415161
2732,0.5959166
2733,0.5796507
2734,0.4772337
2735,0.46987927
2736,0.78256226
2737,1.1688538
2738,1.5092773
2739,1.7532046
2740,1.7633975
2741,1.6667786
2742,1.4807434
2743,1.1985168
2744,0.98559546
2745,0.7492678
2746,0.42489636
2747,0.10836792
2748,-0.16320795
2749,-0.422577
2750,-0.5869751
2751,-0.66168225
2752,-0.68643194
2753,-0.7559508
2754,-0.7831421
2755,-0.85415643
2756,-1.0630797
2757,-1.2721555
2758,-1.4107666
2759,-1.4650271
2760,-1.3843994
2761,-1.2057496
2762,-0.9787599
2763,-0.82058716
2764,-0.6266174
2765,-0.49569708
2766,-0.5531006
2767,-0.648529
2768,-0.7044067
2769,-0.7057497
2770,-0.6108704
2771,-0.43563843
2772,-0.23855591
2773,-0.1378785
2774,-0.011047259
2775,0.052337587
2776,-0.077484146
2777,-0.25042734
2778,-0.39968878
2779,-0.50631714
2780,-0.50198376
2781,-0.4730834
2782,-0.39862067
2783,-0.1695252
2784,-0.05984497
2785,0.11666858
2786,0.56097394
2787,1.0596619
2788,1.53302
2789,1.966614
2790,2.2036133
2791,2.3226624
2792,2.343628
2793,2.257782
2794,2.2384944
2795,2.187958
2796,2.0072327
2797,1.7739866
2798,1.5155945
2799,1.2251282
2800,0.9887084
2801,0.81414807
2802,0.67187506
2803,0.48361212
2804,0.3470459
2805,0.18106091
2806,-0.111328125
2807,-0.42001337
2808,-0.6997071
2809,-0.92843664
2810,-1.0316772
2811,-1.0678405
2812,-1.046692
2813,-0.9988403
2814,-0.9575803
2815,-0.9192506
2816,-0.88775635
2817,-0.87280273
2818,-0.8744507
2819,-0.866211
2820,-0.8362732
2821,-0.8086549
2822,-0.78875726
2823,-0.76559454
2824,-0.72927845
2825,-0.6765136
2826,-0.6320801
2827,-0.58511364
2828,-0.5341798
2829,-0.49304193
2830,-0.46267715
2831,-0.429596
2832,-0.40933222
2833,-0.41229245
2834,-0.43316644
2835,-0.44860837
2836,-0.45083612
2837,-0.4255676
2838,-0.3728333
2839,-0.30612183
2840,-0.22933963
2841,-0.15887448
2842,-0.08535774
2843,-0.003112793
2844,0.09274283
2845,0.19284047
2846,0.28277585
2847,0.35589606
2848,0.408661
2849,0.45559698
2850,0.49594116
2851,0.53488165
2852,0.5776979
2853,0.6179811
2854,0.65039045
2855,0.6727295
2856,0.6862182
2857,0.6876526
2858,0.67318726
2859,0.64797956
2860,0.60543823
2861,0.5539247
2862,0.49380475
2863,0.4264831
2864,0.355713
2865,0.27868655
2866,0.20812985
2867,0.14398198
2868,0.07650765
2869,0.008727998
2870,-0.056793183
2871,-0.11553948
2872,-0.16937257
2873,-0.21820067
2874,-0.2609558
2875,-0.2990112
2876,-0.32943732
2877,-0.35900885
2878,-0.38229364
2879,-0.40350333
2880,-0.41638187
2881,-0.4312745
2882,-0.44851673
2883,-0.46038812
2884,-0.47207636
2885,-0.478302
2886,-0.47848505
2887,-0.4710998
2888,-0.45230108
2889,-0.42834473
2890,-0.3940735
2891,-0.3551941
2892,-0.314148
2893,-0.27050787
2894,-0.2188721
2895,-0.16143802
2896,-0.11428836
2897,-0.06329339
2898,-0.014251649
2899,0.028839082
2900,0.058166556
2901,0.084991544
2902,0.11572267
2903,0.14227293
2904,0.16464233
2905,0.19067383
2906,0.21331786
2907,0.23260498
2908,0.24725346
2909,0.25857544
2910,0.2659607
2911,0.26046753
2912,0.25247195
2913,0.24517822
2914,0.23275757
2915,0.2105408
2916,0.19329834
2917,0.17495725
2918,0.1572876
2919,0.13858032
2920,0.12371826
2921,0.114349365
2922,0.10073851
2923,0.08483887
2924,0.07269286
2925,0.05670166
2926,0.036987305
2927,0.014953623
2928,-0.001037607
2929,-0.017669665
2930,-0.035797123
2931,-0.045440685
2932,-0.046875007
2933,-0.048126217
2934,-0.055206314
2935,-0.058502205
2936,-0.05731202
2937,-0.06390381
2938,-0.071044914
2939,-0.0737915
2940,-0.072692886
2941,-0.077667244
2942,-0.086700425
2943,-0.085113525
2944,-0.08557129
2945,-0.0869751
2946,-0.07928467
2947,-0.071472175
2948,-0.06341552
2949,-0.060241707
2950,-0.058471665
2951,-0.044189464
2952,-0.040924087
2953,-0.028411847
2954,-0.008850083
2955,0.015258789
2956,0.037048362
2957,0.055664055
2958,0.08084104
2959,0.09924314
2960,0.10726931
2961,0.12042235
2962,0.13354489
2963,0.15097044
2964,0.1618042
2965,0.16516113
2966,0.176178
2967,0.17633057
2968,0.17391968
2969,0.17919922
2970,0.17901611
2971,0.17773436
2972,0.16894531
2973,0.1543274
2974,0.1394348
2975,0.109405525
2976,0.08496094
2977,0.061523452
2978,0.033081055
2979,0.013153087
2980,-0.008575439
2981,-0.02151489
2982,-0.03015137
2983,-0.04910277
2984,-0.056671143
2985,-0.060302738
2986,-0.06713867
2987,-0.06842041
2988,-0.079467766
2989,-0.07495117
2990,-0.0739441
2991,-0.0744934
2992,-0.06503296
2993,-0.05923461
2994,-0.053741455
2995,-0.048797615
2996,-0.042297356
2997,-0.030303955
2998,-0.024353027
2999,-0.020080578
3000,-0.00680542
3001,-0.002105713
3002,0.0018920973
3003,0.009185821
3004,0.017028816
3005,0.029724121
3006,0.03601075
3007,0.04541015
3008,0.06030274
3009,0.05682371
3010,0.061462402
3011,0.06637572
3012,0.06973266
3013,0.07437134
3014,0.07696536
3015,0.08325196
3016,0.08099366
3017,0.07180783
3018,0.06625368
3019,0.061584458
3020,0.046691895
3021,0.035797115
3022,0.024963362
3023,0.016448965
3024,-0.00036622677
3025,-0.014221184
3026,-0.029174812
3027,-0.03790282
3028,-0.047271725
3029,-0.044616684
3030,-0.04208374
3031,-0.040130593
3032,-0.03756714
3033,-0.03665161
3034,-0.033691417
3035,-0.034332275
3036,-0.032562286
3037,-0.025970466
3038,-0.024108872
3039,-0.016296372
3040,-0.011077896
3041,-0.0061645433
3042,0.0009155199
3043,0.0032348484
3044,0.009582497
3045,0.011535633
3046,0.015289292
3047,0.019287102
3048,0.016937267
3049,0.01824952
3050,0.012573228
3051,0.003112793
3052,-0.0036316067
3053,-0.012664802
3054,-0.020568874
3055,-0.028930683
3056,-0.039123528
3057,-0.050476067
3058,-0.057312015
3059,-0.07595825
3060,-0.08035278
3061,-0.09655762
3062,-0.1070862
3063,-0.117736794
3064,-0.122650124
3065,-0.12777708
3066,-0.13140869
3067,-0.13732912
3068,-0.14160156
3069,-0.15298462
3070,-0.15856937
3071,-0.16452026
3072,-0.16586304
3073,-0.1668396
3074,-0.1678772
3075,-0.16119383
3076,-0.15356447
3077,-0.14053346
3078,-0.1305237
3079,-0.11080932
3080,-0.0887146
3081,-0.06600953
3082,-0.043701172
3083,-0.021331783
3084,-0.009582527
3085,0.00793457
3086,0.01980592
3087,0.03713991
3088,0.05975341
3089,0.07647705
3090,0.102233894
3091,0.12539673
3092,0.14489746
3093,0.16055301
3094,0.17242432
3095,0.17730713
3096,0.18563843
3097,0.18804932
3098,0.19180298
3099,0.19500731
3100,0.18911742
3101,0.18692017
3102,0.17678833
3103,0.16516113
3104,0.14968872
3105,0.13931274
3106,0.12524414
3107,0.10733034
3108,0.089691155
3109,0.065582275
3110,0.037963875
3111,0.008880615
3112,-0.025085442
3113,-0.049011227
3114,-0.07080078
3115,-0.09835816
3116,-0.1157837
3117,-0.13879393
3118,-0.1519165
3119,-0.16754149
3120,-0.18157957
3121,-0.19195557
3122,-0.19317628
3123,-0.19393921
3124,-0.19311522
3125,-0.18930055
3126,-0.18490604
3127,-0.17031862
3128,-0.1645508
3129,-0.15054318
3130,-0.13360594
3131,-0.11651611
3132,-0.09686279
3133,-0.07492067
3134,-0.05233765
3135,-0.029846197
3136,-0.013122566
3137,0.00814818
3138,0.022216812
3139,0.040374767
3140,0.05758668
3141,0.07720947
3142,0.08868409
3143,0.102813706
3144,0.11901855
3145,0.12924194
3146,0.13198856
3147,0.13479614
3148,0.14590454
3149,0.14746092
3150,0.15325928
3151,0.15579225
3152,0.16436768
3153,0.16415405
3154,0.16622925
3155,0.17132568
3156,0.16583255
3157,0.16387938
3158,0.16262817
3159,0.16363522
3160,0.15567015
3161,0.1513977
3162,0.13995361
3163,0.12988281
3164,0.119506836
3165,0.10278322
3166,0.089263916
3167,0.06417846
3168,0.042633064
3169,0.015502924
3170,-0.014923099
3171,-0.043670647
3172,-0.0621033
3173,-0.08184814
3174,-0.10171512
3175,-0.11419681
3176,-0.11877443
3177,-0.13150021
3178,-0.14212036
3179,-0.15310667
3180,-0.15496823
3181,-0.15673828
3182,-0.15545654
3183,-0.15734862
3184,-0.16894531
3185,-0.17263797
3186,-0.17407227
3187,-0.17932127
3188,-0.18914792
3189,-0.17703247
3190,-0.16198727
3191,-0.14508058
3192,-0.12960812
3193,-0.11077884
3194,-0.08987425
3195,-0.07650756
3196,-0.061706536
3197,-0.049499504
3198,-0.034027092
3199,-0.028045654
3200,-0.019226082
3201,-0.008026121
3202,-0.00061033573
3203,0.012603754
3204,0.029205335
3205,0.051757835
3206,0.074340805
3207,0.10116575
3208,0.12265013
3209,0.14663695
3210,0.16143797
3211,0.16693115
3212,0.16873166
3213,0.1663208
3214,0.15805054
3215,0.15222168
3216,0.14770508
3217,0.14248657
3218,0.1390686
3219,0.14077759
3220,0.1394043
3221,0.13995361
3222,0.13400267
3223,0.12658694
3224,0.12222287
3225,0.109375
3226,0.10009764
3227,0.09680177
3228,0.08709718
3229,0.06393434
3230,0.042877205
3231,0.018615706
3232,-0.0030212416
3233,-0.021636946
3234,-0.036163338
3235,-0.041625984
3236,-0.04312132
3237,-0.043395996
3238,-0.040557854
3239,-0.03582763
3240,-0.03143309
3241,-0.031585686
3242,-0.025360107
3243,-0.022979759
3244,-0.020965565
3245,-0.022949228
3246,-0.029632542
3247,-0.03546142
3248,-0.040557854
3249,-0.050140377
3250,-0.06307982
3251,-0.0717163
3252,-0.07897949
3253,-0.08776857
3254,-0.09005737
3255,-0.09353636
3256,-0.098815925
3257,-0.0989685
3258,-0.10247805
3259,-0.1107483
3260,-0.11483764
3261,-0.1117859
3262,-0.10736084
3263,-0.097351074
3264,-0.08328247
3265,-0.06536865
3266,-0.053222664
3267,-0.047790527
3268,-0.048889186
3269,-0.044952407
3270,-0.037200943
3271,-0.030487064
3272,-0.025909439
3273,-0.021820053
3274,-0.019287124
3275,-0.018432632
3276,-0.019165047
3277,-0.021240242
3278,-0.02737426
3279,-0.038269043
3280,-0.051177956
3281,-0.060455326
3282,-0.07525632
3283,-0.091583245
3284,-0.102752686
3285,-0.11074828
3286,-0.11331177
3287,-0.10717775
3288,-0.09506226
3289,-0.08035279
3290,-0.063171394
3291,-0.047698952
3292,-0.02755735
3293,-0.0061645843
3294,0.018402122
3295,0.04327392
3296,0.066986084
3297,0.09146118
3298,0.11288452
3299,0.14089966
3300,0.16220091
3301,0.17163087
3302,0.17892453
3303,0.17233273
3304,0.1585083
3305,0.1399231
3306,0.122436516
3307,0.10073851
3308,0.080535896
3309,0.067993164
3310,0.058044434
3311,0.056518547
3312,0.051239
3313,0.05325318
3314,0.053985573
3315,0.052856445
3316,0.053649895
3317,0.06008912
3318,0.069244385
3319,0.0769043
3320,0.094085716
3321,0.11254884
3322,0.12832642
3323,0.15060426
3324,0.17004393
3325,0.18655396
3326,0.19448853
3327,0.19381714
3328,0.1862488
3329,0.16659544
3330,0.13891602
3331,0.1100464
3332,0.08160403
3333,0.048950195
3334,0.01367186
3335,-0.018402085
3336,-0.04528807
3337,-0.0718689
3338,-0.09423829
3339,-0.113403335
3340,-0.13064575
3341,-0.14144897
3342,-0.14447019
3343,-0.14703369
3344,-0.14843747
3345,-0.1494751
3346,-0.14447023
3347,-0.13897705
3348,-0.12887575
3349,-0.12182616
3350,-0.112091064
3351,-0.108795166
3352,-0.10336303
3353,-0.10528563
3354,-0.10565184
3355,-0.10858154
3356,-0.11373901
3357,-0.11950685
3358,-0.12426761
3359,-0.12463378
3360,-0.11990358
3361,-0.11645511
3362,-0.11395265
3363,-0.10687256
3364,-0.098236114
3365,-0.09667968
3366,-0.09597777
3367,-0.09307863
3368,-0.08639525
3369,-0.08227537
3370,-0.07397462
3371,-0.06344603
3372,-0.058502223
3373,-0.044097893
3374,-0.0310364
3375,-0.017303467
3376,-0.001434315
3377,0.016845701
3378,0.04153444
3379,0.05752562
3380,0.07116701
3381,0.080139175
3382,0.08950806
3383,0.0948181
3384,0.09671019
3385,0.10058594
3386,0.10006716
3387,0.09240726
3388,0.081024185
3389,0.078887925
3390,0.06802367
3391,0.06442261
3392,0.07150268
3393,0.07104492
3394,0.06887819
3395,0.06430053
3396,0.064819336
3397,0.05957033
3398,0.04904176
3399,0.044616714
3400,0.032196034
3401,0.017364506
3402,0.0035400577
3403,-0.005310055
3404,-0.015991185
3405,-0.015075676
3406,-0.014129654
3407,-0.004486095
3408,0.00289917
3409,0.01425172
3410,0.029632572
3411,0.03561401
3412,0.03942872
3413,0.03823853
3414,0.040924076
3415,0.043212883
3416,0.03805542
3417,0.038360585
3418,0.04040527
3419,0.03884889
3420,0.035552956
3421,0.040893555
3422,0.03366088
3423,0.027801502
3424,0.0196228
3425,0.009002686
3426,-0.001647953
3427,-0.015045188
3428,-0.009979244
3429,-0.023223892
3430,-0.031036377
3431,-0.038085945
3432,-0.051940925
3433,-0.057830818
3434,-0.0656128
3435,-0.07009887
3436,-0.070831314
3437,-0.07037355
3438,-0.066406265
3439,-0.065063484
3440,-0.06292724
3441,-0.05923462
3442,-0.050353993
3443,-0.04696655
3444,-0.03244019
3445,-0.0350647
3446,-0.024963379
3447,-0.021087633
3448,-0.023590093
3449,-0.017059326
3450,-0.015502919
3451,-0.01278686
3452,-0.010070793
3453,0.0001831185
3454,0.005584717
3455,0.012573231
3456,0.022613531
3457,0.032623284
3458,0.036499027
3459,0.04379273
3460,0.056365963
3461,0.050842285
3462,0.053802494
3463,0.048126213
3464,0.0454712
3465,0.0532837
3466,0.05145266
3467,0.057861313
3468,0.055450436
3469,0.055633545
3470,0.05203246
3471,0.051788338
3472,0.053070053
3473,0.044616707
3474,0.03561402
3475,0.027099602
3476,0.013885483
3477,0.0011596754
3478,-0.003662113
3479,-0.019165047
3480,-0.03167724
3481,-0.037994385
3482,-0.054473877
3483,-0.06137085
3484,-0.0739441
3485,-0.07699586
3486,-0.08166505
3487,-0.08779909
3488,-0.079742424
3489,-0.08761598
3490,-0.08181763
3491,-0.08111573
3492,-0.07705687
3493,-0.06643679
3494,-0.05023195
3495,-0.039764393
3496,-0.01870729
3497,3.0510128e-05
3498,0.012542725
3499,0.037994385
3500,0.05789186
3501,0.08837891
3502,0.113708496
3503,0.1496277
3504,0.18203735
3505,0.20843506
3506,0.24734494
3507,0.2746582
3508,0.30792236
3509,0.3406067
3510,0.378601
3511,0.39877325
3512,0.41351324
3513,0.42996222
3514,0.4403687
3515,0.45172113
3516,0.45275885
3517,0.44665533
3518,0.43658444
3519,0.41555786
3520,0.3557128
3521,0.27590948
3522,0.18585211
3523,0.07751469
3524,-0.038787723
3525,-0.1565552
3526,-0.2709655
3527,-0.39581284
3528,-0.5282593
3529,-0.6470033
3530,-0.78833
3531,-0.8984985
3532,-0.992279
3533,-1.0762634
3534,-1.1582642
3535,-1.2229309
3536,-1.267456
3537,-1.3215636
3538,-1.3526918
3539,-1.3521425
3540,-1.2993774
3541,-1.1855469
3542,-1.0242615
3543,-0.8249817
3544,-0.58230597
3545,-0.34057617
3546,-0.09744257
3547,0.152313
3548,0.3890382
3549,0.653412
3550,0.9094238
3551,1.1492002
3552,1.3773804
3553,1.5761719
3554,1.749054
3555,1.8946229
3556,2.0000918
3557,2.0711362
3558,2.1132205
3559,2.1447754
3560,2.15506
3561,2.1111143
3562,2.0198364
3563,1.8399963
3564,1.5651855
3565,1.2417908
3566,0.8912965
3567,0.52722186
3568,0.17358398
3569,-0.19369519
3570,-0.50784314
3571,-0.8041992
3572,-1.0755005
3573,-1.3323975
3574,-1.585144
3575,-1.7909242
3576,-1.955841
3577,-2.032379
3578,-2.0566711
3579,-2.0622253
3580,-2.0544436
3581,-2.015381
3582,-1.9560242
3583,-1.8682556
3584,-1.7555847
3585,-1.6208192
3586,-1.4614868
3587,-1.3059081
3588,-1.1315918
3589,-0.9337462
3590,-0.7022096
3591,-0.42599475
3592,-0.13146973
3593,0.17517108
3594,0.48947144
3595,0.7596129
3596,0.97302216
3597,1.1419067
3598,1.244995
3599,1.2981263
3600,1.3215637
3601,1.316498
3602,1.3019102
3603,1.3234254
3604,1.3923341
3605,1.4923708
3606,1.5979003
3607,1.719665
3608,1.8131104
3609,1.8807985
3610,1.8710328
3611,1.7691344
3612,1.6082764
3613,1.3984984
3614,1.1685485
3615,0.912079
3616,0.6395267
3617,0.34948742
3618,0.057159603
3619,-0.2351383
3620,-0.5058898
3621,-0.77291876
3622,-1.0356448
3623,-1.3283386
3624,-1.6650391
3625,-2.0003662
3626,-2.325622
3627,-2.6162717
3628,-2.8814087
3629,-3.136627
3630,-3.3430789
3631,-3.4763494
3632,-3.5346375
3633,-3.4904785
3634,-3.3242493
3635,-3.0544434
3636,-2.6927795
3637,-2.2445984
3638,-1.7286682
3639,-1.1506653
3640,-0.5504455
3641,0.059051514
3642,0.65997326
3643,1.2279358
3644,1.7408141
3645,2.1647947
3646,2.490265
3647,2.7105713
3648,2.847656
3649,2.926178
3650,2.9329834
3651,2.8988347
3652,2.8230286
3653,2.717804
3654,2.5932617
3655,2.4649048
3656,2.3149717
3657,2.152893
3658,1.9654846
3659,1.7420655
3660,1.4860536
3661,1.2040408
3662,0.9073486
3663,0.618103
3664,0.3460998
3665,0.097412035
3666,-0.1180114
3667,-0.2991029
3668,-0.4394228
3669,-0.55029297
3670,-0.6279907
3671,-0.68276995
3672,-0.73535144
3673,-0.7798463
3674,-0.82080084
3675,-0.87579346
3676,-0.9270934
3677,-0.981903
3678,-1.0420226
3679,-1.1063845
3680,-1.1452942
3681,-1.1804507
3682,-1.2017517
3683,-1.2071532
3684,-1.1955869
3685,-1.1705933
3686,-1.1149291
3687,-1.0335388
3688,-0.94201654
3689,-0.82977283
3690,-0.70202625
3691,-0.5736695
3692,-0.42962638
3693,-0.2844237
3694,-0.13879386
3695,0.004089296
3696,0.14788815
3697,0.28106686
3698,0.3920592
3699,0.5012511
3700,0.5793458
3701,0.6494447
3702,0.69451904
3703,0.73065174
3704,0.74725336
3705,0.75354004
3706,0.74472034
3707,0.714325
3708,0.69281006
3709,0.6539611
3710,0.6226195
3711,0.5824891
3712,0.54727167
3713,0.50357056
3714,0.45458978
3715,0.4066162
3716,0.3342896
3717,0.27343744
3718,0.20782463
3719,0.14666751
3720,0.08795166
3721,0.033019967
3722,-0.0108336955
3723,-0.062042177
3724,-0.09268184
3725,-0.13931274
3726,-0.17300415
3727,-0.2107544
3728,-0.23876955
3729,-0.2601319
3730,-0.2884826
3731,-0.31350708
3732,-0.34765622
3733,-0.36343384
3734,-0.37878412
3735,-0.39578253
3736,-0.38543704
3737,-0.3848877
3738,-0.35098264
3739,-0.3309937
3740,-0.29013062
3741,-0.26306152
3742,-0.24191281
3743,-0.21887207
3744,-0.22082515
3745,-0.20040895
3746,-0.20574951
3747,-0.16830444
3748,-0.15475465
3749,-0.115753144
3750,-0.08624272
3751,-0.046936017
3752,-0.0148315355
3753,0.0018310435
3754,0.02920533
3755,0.0376892
3756,0.056426995
3757,0.06320189
3758,0.071014404
3759,0.07653809
3760,0.07904051
3761,0.10140989
3762,0.11102292
3763,0.12976071
3764,0.13900757
3765,0.1583252
3766,0.16558838
3767,0.16793823
3768,0.1720581
3769,0.15536496
3770,0.15774538
3771,0.1515808
3772,0.16204834
3773,0.15673827
3774,0.15371701
3775,0.15191652
3776,0.14144897
3777,0.13418578
3778,0.11853024
3779,0.11587524
3780,0.090606704
3781,0.06658935
3782,0.05630493
3783,0.036315918
3784,0.035430916
3785,0.027740479
3786,0.030609146
3787,0.014587395
3788,0.01876831
3789,0.018585213
3790,0.007598898
3791,0.0018310379
3792,-0.015106201
3793,-0.02209472
3794,-0.041137666
3795,-0.039886475
3796,-0.052520752
3797,-0.061340332
3798,-0.073883034
3799,-0.08953856
3800,-0.102142334
3801,-0.123535134
3802,-0.14608765
3803,-0.16326904
3804,-0.18508908
3805,-0.19616696
3806,-0.20355228
3807,-0.18582156
3808,-0.18856809
3809,-0.17306516
3810,-0.16387941
3811,-0.15988159
3812,-0.14328003
3813,-0.14205933
3814,-0.1218872
3815,-0.12722777
3816,-0.1020813
3817,-0.09207154
3818,-0.07495116
3819,-0.061401352
3820,-0.04342652
3821,-0.015777603
3822,-0.0013733059
3823,0.02081301
3824,0.030364968
3825,0.0426941
3826,0.0458069
3827,0.03869629
3828,0.041381825
3829,0.018859845
3830,0.010986352
3831,-0.007995598
3832,-0.016418459
3833,-0.021057112
3834,-0.0150451735
3835,0.009582516
3836,0.024902366
3837,0.055511497
3838,0.08020018
3839,0.11141968
3840,0.13671878
3841,0.16256712
3842,0.18902588
3843,0.20629884
3844,0.2298279
3845,0.24661252
3846,0.24636844
3847,0.24172975
3848,0.22485353
3849,0.21298218
3850,0.17721558
3851,0.15301514
3852,0.124359146
3853,0.10473634
3854,0.089691184
3855,0.080718994
3856,0.08279417
3857,0.082580574
3858,0.09020996
3859,0.0886841
3860,0.08609009
3861,0.08218385
3862,0.072021484
3863,0.07052609
3864,0.05557251
3865,0.040924057
3866,0.03533934
3867,0.03146363
3868,0.028747559
3869,0.031188972
3870,0.04504396
3871,0.049682595
3872,0.05999755
3873,0.06521607
3874,0.06973265
3875,0.06549071
3876,0.057678208
3877,0.04214479
3878,0.014556907
3879,-0.014495842
3880,-0.046386704
3881,-0.07470704
3882,-0.10299684
3883,-0.12823485
3884,-0.15652466
3885,-0.18057251
3886,-0.20239255
3887,-0.22064207
3888,-0.22497559
3889,-0.22973633
3890,-0.2213135
3891,-0.21392822
3892,-0.21051025
3893,-0.19595337
3894,-0.18521118
3895,-0.17245483
3896,-0.16445918
3897,-0.15112303
3898,-0.14883423
3899,-0.14144899
3900,-0.13131714
3901,-0.12866212
3902,-0.12057493
3903,-0.12033081
3904,-0.11639403
3905,-0.11505124
3906,-0.10806272
3907,-0.0979309
3908,-0.09164431
3909,-0.07849118
3910,-0.079315186
3911,-0.07067872
3912,-0.0658569
3913,-0.06777955
3914,-0.0664673
3915,-0.07437135
3916,-0.07400511
3917,-0.08535767
3918,-0.08273316
3919,-0.08142088
3920,-0.07919309
3921,-0.067840576
3922,-0.057891853
3923,-0.035156243
3924,-0.019836448
3925,0.004486058
3926,0.023529045
3927,0.038055427
3928,0.04928592
3929,0.051513657
3930,0.06182862
3931,0.05297853
3932,0.05899048
3933,0.05514528
3934,0.052032463
3935,0.051849373
3936,0.04724121
3937,0.054382324
3938,0.04953005
3939,0.055389397
3940,0.051269494
3941,0.05480957
3942,0.05728147
3943,0.060577404
3944,0.07351682
3945,0.069305435
3946,0.07714843
3947,0.073638916
3948,0.08184816
3949,0.079376206
3950,0.08380124
3951,0.09048463
3952,0.081329346
3953,0.08505249
3954,0.075653106
3955,0.081787124
3956,0.07928467
3957,0.09109497
3958,0.10104369
3959,0.10333252
3960,0.11816406
3961,0.11810303
3962,0.12347413
3963,0.109252915
3964,0.10879515
3965,0.10430906
3966,0.09783934
3967,0.095886216
3968,0.08114622
3969,0.0812378
3970,0.05883792
3971,0.05575561
3972,0.047760006
3973,0.04083254
3974,0.036987294
3975,0.027374234
3976,0.028747544
3977,0.013214108
3978,0.01205444
3979,0.0063781664
3980,-3.0506402e-05
3981,-0.0034179464
3982,-0.0013122596
3983,0.0051269755
3984,0.0027160682
3985,0.013946522
3986,0.017150894
3987,0.022735573
3988,0.025970448
3989,0.032196034
3990,0.038970932
3991,0.03619385
3992,0.04544068
3993,0.048126224
3994,0.055877686
3995,0.056060806
3996,0.055023193
3997,0.047821034
3998,0.029846184
3999,0.01882934
4000,0.002593968
4001,-0.008056648
4002,-0.023712158
4003,-0.027954105
4004,-0.04122924
4005,-0.053588845
4006,-0.06347658
4007,-0.075256385
4008,-0.07806395
4009,-0.08743285
4010,-0.08438111
4011,-0.08767699
4012,-0.09582518
4013,-0.10305789
4014,-0.115600556
4015,-0.118682876
4016,-0.12942506
4017,-0.12667848
4018,-0.12777708
4019,-0.1232605
4020,-0.114349335
4021,-0.110321045
4022,-0.10128784
4023,-0.1029358
4024,-0.09588623
4025,-0.09695436
4026,-0.0961914
4027,-0.08935546
4028,-0.08795166
4029,-0.07196044
4030,-0.06939696
4031,-0.054473862
4032,-0.045867953
4033,-0.035217285
4034,-0.021545416
4035,-0.017517084
4036,-0.0011596493
4037,0.005432112
4038,0.022369388
4039,0.032012932
4040,0.043731682
4041,0.057983402
4042,0.068237305
4043,0.084381126
4044,0.095214844
4045,0.108856216
4046,0.11862184
4047,0.12426757
4048,0.13235474
4049,0.12649536
4050,0.13201903
4051,0.1307373
4052,0.12628174
4053,0.12942508
4054,0.120117165
4055,0.11587527
4056,0.110168464
4057,0.11212158
4058,0.11349487
4059,0.1069336
4060,0.10610962
4061,0.09368894
4062,0.07940675
4063,0.06472778
4064,0.05041504
4065,0.036132824
4066,0.022888176
4067,0.020996094
4068,0.018310547
4069,0.01757814
4070,0.01464846
4071,0.006988511
4072,-0.0014648358
4073,-0.019531257
4074,-0.029296853
4075,-0.04608157
4076,-0.062072743
4077,-0.07806396
4078,-0.09619139
4079,-0.105926506
4080,-0.119293205
4081,-0.12527463
4082,-0.13134769
4083,-0.1340332
4084,-0.13131714
4085,-0.13058473
4086,-0.11688231
4087,-0.10092163
4088,-0.100067124
4089,-0.105773926
4090,-0.10916137
4091,-0.11267088
4092,-0.10458375
4093,-0.10443115
4094,-0.10192872
4095,-0.096160896
4096,-0.09152223
4097,-0.07977293
4098,-0.082366966
4099,-0.09432984
4100,-0.10803222
4101,-0.123138435
4102,-0.12310791
4103,-0.12844849
4104,-0.13467407
4105,-0.13439941
4106,-0.16043092
4107,-0.19296268
4108,-0.23031625
4109,-0.33663952
4110,-0.46771234
4111,-0.5822755
4112,-0.6613159
4113,-0.627655
4114,-0.5815126
4115,-0.50958246
4116,-0.23547363
4117,0.23266608
4118,0.5997619
4119,0.8235475
4120,0.86825585
4121,0.77978504
4122,0.6323242
4123,0.5475769
4124,0.49087512
4125,0.4602661
4126,0.65188587
4127,1.0249941
4128,1.3110046
4129,1.5548099
4130,1.663849
4131,1.6262512
4132,1.4515686
4133,1.1874084
4134,0.9356079
4135,0.6867979
4136,0.35806262
4137,-0.06744367
4138,-0.4129637
4139,-0.66915894
4140,-0.806885
4141,-0.85855085
4142,-0.8883056
4143,-0.93017566
4144,-0.9734497
4145,-1.0180969
4146,-1.1392822
4147,-1.3218689
4148,-1.4454651
4149,-1.4683534
4150,-1.3797303
4151,-1.2117307
4152,-0.9880675
4153,-0.8081969
4154,-0.65026855
4155,-0.5237427
4156,-0.52862555
4157,-0.6321411
4158,-0.6700135
4159,-0.62908936
4160,-0.5067444
4161,-0.31573486
4162,-0.1126709
4163,0.03598015
4164,0.15112308
4165,0.23623662
4166,0.1875916
4167,0.023315221
4168,-0.08081064
4169,-0.209717
4170,-0.27981576
4171,-0.275757
4172,-0.20852661
4173,-0.041351378
4174,0.08316022
4175,0.19970724
4176,0.5202942
4177,1.0324402
4178,1.4674072
4179,1.8785402
4180,2.1500247
4181,2.2427368
4182,2.2191772
4183,2.0840454
4184,1.9276123
4185,1.7421265
4186,1.4456786
4187,1.0322571
4188,0.6744385
4189,0.3805238
4190,0.16223139
4191,0.0029906742
4192,-0.13317879
4193,-0.26382446
4194,-0.36111444
4195,-0.42010495
4196,-0.56021106
4197,-0.7738954
4198,-0.9441528
4199,-1.069855
4200,-1.1145327
4201,-1.0731505
4202,-0.9465637
4203,-0.7827148
4204,-0.6108093
4205,-0.45108032
4206,-0.31524658
4207,-0.2007142
4208,-0.12277238
4209,-0.07064809
4210,-0.04412834
4211,-0.023010252
4212,-0.0027771108
4213,0.009674013
4214,0.032531768
4215,0.052459687
4216,0.07601938
4217,0.09487912
4218,0.09710696
4219,0.06762692
4220,0.016357422
4221,-0.04055789
4222,-0.104278624
4223,-0.16867071
4224,-0.21429434
4225,-0.23666385
4226,-0.24066159
4227,-0.23724371
4228,-0.23019409
4229,-0.21112081
4230,-0.17315686
4231,-0.1297302
4232,-0.087219104
4233,-0.057373106
4234,-0.066101074
4235,-0.10415653
4236,-0.1484682
4237,-0.19186404
4238,-0.21698
4239,-0.23577885
4240,-0.26446527
4241,-0.2969361
4242,-0.3278504
4243,-0.32928458
4244,-0.30105597
4245,-0.24511719
4246,-0.18167104
4247,-0.1199035
4248,-0.07415769
4249,-0.040893503
4250,-0.010528497
4251,0.029113764
4252,0.08068843
4253,0.13830572
4254,0.20446774
4255,0.2761841
4256,0.3357545
4257,0.38247678
4258,0.4043884
4259,0.41671762
4260,0.42126465
4261,0.4269714
4262,0.43032837
4263,0.42355347
4264,0.41479492
4265,0.38903812
4266,0.36611944
4267,0.33169562
4268,0.29437256
4269,0.24801637
4270,0.1916199
4271,0.13226317
4272,0.065765336
4273,0.0007630065
4274,-0.060760517
4275,-0.1186218
4276,-0.16665648
4277,-0.20416254
4278,-0.23806757
4279,-0.268219
4280,-0.29794312
4281,-0.31613153
4282,-0.3327636
4283,-0.33871466
4284,-0.33920282
4285,-0.32791144
4286,-0.31195074
4287,-0.28387457
4288,-0.2506104
4289,-0.21188362
4290,-0.16506955
4291,-0.11297614
4292,-0.062255852
4293,-0.0134887155
4294,0.029815655
4295,0.066162124
4296,0.09661872
4297,0.12707523
4298,0.15612794
4299,0.17672735
4300,0.19049074
4301,0.19052121
4302,0.18908688
4303,0.17810063
4304,0.16387936
4305,0.14736941
4306,0.12457279
4307,0.10391239
4308,0.07943726
4309,0.06478885
4310,0.04586792
4311,0.025726318
4312,0.009338381
4313,-0.0023498514
4314,-0.009063712
4315,-0.009765619
4316,-0.00881958
4317,-0.012634289
4318,-0.01565551
4319,-0.014892587
4320,-0.010589618
4321,-0.0046081617
4322,0.0057678297
4323,0.016052257
4324,0.020568842
4325,0.02365113
4326,0.02969362
4327,0.0326233
4328,0.039764393
4329,0.046051033
4330,0.050109852
4331,0.050811768
4332,0.0462036
4333,0.042694088
4334,0.037750255
4335,0.03616333
4336,0.03173828
4337,0.025329601
4338,0.014556885
4339,0.0021667466
4340,-0.009033216
4341,-0.019439712
4342,-0.031616215
4343,-0.04187011
4344,-0.04614256
4345,-0.053985603
4346,-0.06445311
4347,-0.07171631
4348,-0.081726074
4349,-0.09872438
4350,-0.108856186
4351,-0.12106323
4352,-0.12820433
4353,-0.13772582
4354,-0.14318849
4355,-0.1457825
4356,-0.14132687
4357,-0.12960815
4358,-0.112030044
4359,-0.093780525
4360,-0.07470703
4361,-0.059600823
4362,-0.047485344
4363,-0.038726807
4364,-0.032531753
4365,-0.02670288
4366,-0.021362312
4367,-0.016601564
4368,-0.012451179
4369,-0.002258299
4370,0.011047354
4371,0.026214601
4372,0.044372566
4373,0.05926513
4374,0.06982421
4375,0.0770569
4376,0.080780014
4377,0.0781555
4378,0.07400514
4379,0.0697937
4380,0.068420425
4381,0.07116701
4382,0.07730103
4383,0.08505249
4384,0.0895996
4385,0.094696045
4386,0.10086058
4387,0.10458373
4388,0.112060554
4389,0.11511232
4390,0.113891594
4391,0.10922241
4392,0.103637695
4393,0.09936524
4394,0.09381105
4395,0.090545654
4396,0.08352661
4397,0.075866714
4398,0.068359375
4399,0.055236824
4400,0.04336547
4401,0.029083245
4402,0.018646251
4403,0.004730206
4404,-0.007019028
4405,-0.016632091
4406,-0.023345944
4407,-0.022949234
4408,-0.02175904
4409,-0.019287132
4410,-0.014862046
4411,-0.0070800856
4412,-0.00482177
4413,-0.009521477
4414,-0.017089855
4415,-0.025970478
4416,-0.032257088
4417,-0.03564453
4418,-0.037780777
4419,-0.032867447
4420,-0.026214603
4421,-0.019622821
4422,-0.01843264
4423,-0.02130128
4424,-0.027648948
4425,-0.038421623
4426,-0.048767094
4427,-0.06295777
4428,-0.07507323
4429,-0.079589866
4430,-0.08151244
4431,-0.08084108
4432,-0.07952882
4433,-0.07330322
4434,-0.066314705
4435,-0.061645493
4436,-0.061340332
4437,-0.06231691
4438,-0.059539773
4439,-0.05453492
4440,-0.050781235
4441,-0.048980705
4442,-0.04757692
4443,-0.038177483
4444,-0.025909415
4445,-0.01223755
4446,-0.003997802
4447,0.0039367788
4448,0.009277333
4449,0.012573265
4450,0.008697497
4451,0.0022277888
4452,-0.000701895
4453,9.154901e-05
4454,0.0001220759
4455,-0.0029601983
4456,-0.006072986
4457,-0.00900268
4458,-0.008666985
4459,-0.0065917894
4460,-0.002014175
4461,0.002593983
4462,0.008819595
4463,0.015258782
4464,0.018066429
4465,0.018859856
4466,0.020477295
4467,0.02374268
4468,0.021362312
4469,0.016693119
4470,0.015014641
4471,0.014892578
4472,0.014282234
4473,0.011383064
4474,0.006713858
4475,-0.0028991774
4476,-0.012420641
4477,-0.020446774
4478,-0.029998785
4479,-0.04394532
4480,-0.04940795
4481,-0.05245971
4482,-0.058227547
4483,-0.06283571
4484,-0.063873306
4485,-0.06356811
4486,-0.061798096
4487,-0.053222664
4488,-0.037384033
4489,-0.02093507
4490,-0.0037841871
4491,0.015869126
4492,0.031890854
4493,0.040985115
4494,0.054962166
4495,0.072845474
4496,0.08746339
4497,0.09890748
4498,0.108184814
4499,0.116729744
4500,0.1118469
4501,0.109527595
4502,0.10638428
4503,0.103088364
4504,0.1019287
4505,0.1102295
4506,0.11779787
4507,0.11791993
4508,0.117370605
4509,0.11312867
4510,0.09866332
4511,0.07986452
4512,0.061676025
4513,0.045654282
4514,0.023651116
4515,0.0057678185
4516,-0.009948738
4517,-0.027770996
4518,-0.045806877
4519,-0.058288574
4520,-0.06900024
4521,-0.07769776
4522,-0.08102416
4523,-0.07879638
4524,-0.07867431
4525,-0.07553102
4526,-0.06515503
4527,-0.056030273
4528,-0.05505372
4529,-0.05279541
4530,-0.04702758
4531,-0.04000854
4532,-0.03137207
4533,-0.02166748
4534,-0.0120849535
4535,-0.010467522
4536,-0.0054626614
4537,-0.00012206659
4538,0.0036010668
4539,0.0081787
4540,0.016601577
4541,0.030487059
4542,0.04205323
4543,0.054748543
4544,0.066680916
4545,0.07266236
4546,0.074859604
4547,0.07891846
4548,0.083312996
4549,0.08944702
4550,0.09436035
4551,0.09350586
4552,0.088195786
4553,0.08160402
4554,0.075836174
4555,0.07095337
4556,0.06649781
4557,0.065216064
4558,0.0591736
4559,0.04971315
4560,0.03967285
4561,0.026458755
4562,0.0059814304
4563,-0.008331306
4564,-0.022094741
4565,-0.03570558
4566,-0.05255127
4567,-0.06365967
4568,-0.07546997
4569,-0.09301758
4570,-0.105560295
4571,-0.11914063
4572,-0.13018799
4573,-0.138855
4574,-0.13998413
4575,-0.13644409
4576,-0.13626097
4577,-0.13427734
4578,-0.13256836
4579,-0.13201906
4580,-0.13143922
4581,-0.13208008
4582,-0.12924193
4583,-0.13729858
4584,-0.14022827
4585,-0.14352416
4586,-0.14166257
4587,-0.14370725
4588,-0.13986206
4589,-0.134552
4590,-0.13104251
4591,-0.12057495
4592,-0.10165402
4593,-0.080963135
4594,-0.05841065
4595,-0.041381817
4596,-0.023803713
4597,-0.013122544
4598,0.0032348474
4599,0.01654052
4600,0.021820068
4601,0.023193331
4602,0.022857677
4603,0.028839104
4604,0.033477776
4605,0.040100083
4606,0.043975823
4607,0.049926743
4608,0.055480972
4609,0.05764772
4610,0.058837898
4611,0.05636598
4612,0.04833983
4613,0.04144288
4614,0.03634643
4615,0.029388413
4616,0.0284729
4617,0.030181872
4618,0.030639648
4619,0.029693598
4620,0.03359986
4621,0.042175286
4622,0.050323494
4623,0.055572502
4624,0.054962154
4625,0.062499993
4626,0.068603516
4627,0.07223511
4628,0.07785034
4629,0.0812683
4630,0.0843811
4631,0.08761595
4632,0.08978272
4633,0.07839966
4634,0.060455337
4635,0.04809571
4636,0.030395523
4637,0.0063476637
4638,-0.012115473
4639,-0.021789566
4640,-0.030700691
4641,-0.034301743
4642,-0.03271483
4643,-0.03164672
4644,-0.025726333
4645,-0.021484362
4646,-0.0105590895
4647,-0.0017700233
4648,0.0071410947
4649,0.023803715
4650,0.037628166
4651,0.03662107
4652,0.037689198
4653,0.055358864
4654,0.07284546
4655,0.081634514
4656,0.08947754
4657,0.09414671
4658,0.0909729
4659,0.08584595
4660,0.07672119
4661,0.0566101
4662,0.03640745
4663,0.034881577
4664,0.035308838
4665,0.028747559
4666,0.01571655
4667,0.0032043364
4668,-0.011230461
4669,-0.027832024
4670,-0.042907707
4671,-0.045593254
4672,-0.045562744
4673,-0.04727173
4674,-0.050994873
4675,-0.05368042
4676,-0.050872814
4677,-0.036010742
4678,-0.0148925735
4679,0.0038452114
4680,0.02578735
4681,0.04928589
4682,0.06680299
4683,0.06884767
4684,0.05758667
4685,0.052124027
4686,0.046081536
4687,0.04174807
4688,0.03912355
4689,0.035552997
4690,0.03631591
4691,0.045776375
4692,0.05407715
4693,0.056396477
4694,0.062927246
4695,0.07244875
4696,0.08343506
4697,0.09326173
4698,0.09945682
4699,0.1079712
4700,0.112121575
4701,0.11196901
4702,0.1088562
4703,0.097412094
4704,0.08889771
4705,0.08187868
4706,0.08325195
4707,0.08615112
4708,0.08816529
4709,0.091552705
4710,0.097961426
4711,0.08624266
4712,0.063873276
4713,0.050720215
4714,0.038116463
4715,0.025238037
4716,0.0047912635
4717,-0.02517701
4718,-0.058013916
4719,-0.08786011
4720,-0.118896484
4721,-0.14077759
4722,-0.15756226
4723,-0.16485594
4724,-0.16220093
4725,-0.15664673
4726,-0.15322877
4727,-0.1463623
4728,-0.14144899
4729,-0.1387024
4730,-0.14324951
4731,-0.14810179
4732,-0.15383911
4733,-0.16503905
4734,-0.17355348
4735,-0.18380737
4736,-0.19030762
4737,-0.19195558
4738,-0.19207765
4739,-0.19216919
4740,-0.19091795
4741,-0.18884274
4742,-0.17633055
4743,-0.1629028
4744,-0.14938354
4745,-0.1382141
4746,-0.13241577
4747,-0.13024902
4748,-0.1281128
4749,-0.1262207
4750,-0.120788574
4751,-0.1118164
4752,-0.09246826
4753,-0.0736084
4754,-0.049011223
4755,-0.026977524
4756,-0.0051574707
4757,0.017089842
4758,0.040222168
4759,0.063568085
4760,0.087890625
4761,0.11145018
4762,0.12683107
4763,0.13186644
4764,0.1265564
4765,0.11572264
4766,0.09689332
4767,0.078308105
4768,0.062316887
4769,0.055175774
4770,0.059600823
4771,0.070617676
4772,0.07595827
4773,0.08645631
4774,0.09329223
4775,0.09851073
4776,0.10018922
4777,0.097656265
4778,0.088531494
4779,0.08291626
4780,0.074859604
4781,0.06448363
4782,0.06262206
4783,0.05792237
4784,0.060272206
4785,0.061950676
4786,0.06561278
4787,0.07003786
4788,0.07104492
4789,0.07168579
4790,0.06808473
4791,0.06408694
4792,0.062622085
4793,0.058136
4794,0.04779052
4795,0.035278335
4796,0.027923599
4797,0.01638792
4798,0.013946544
4799,0.008239761
4800,0.0013427846
4801,-0.005187992
4802,-0.009368908
4803,-0.008270249
4804,-0.008270249
4805,0.00015261024
4806,0.009765603
4807,0.020477287
4808,0.033355713
4809,0.037811276
4810,0.04290772
4811,0.04895016
4812,0.052520726
4813,0.053405736
4814,0.056304924
4815,0.059692383
4816,0.060516343
4817,0.06402588
4818,0.060455315
4819,0.05780029
4820,0.05587768
4821,0.054382324
4822,0.046112075
4823,0.031249993
4824,0.012023941
4825,-0.011505127
4826,-0.033325188
4827,-0.058013905
4828,-0.078948975
4829,-0.092315674
4830,-0.09963992
4831,-0.107513435
4832,-0.11367795
4833,-0.122314446
4834,-0.12942505
4835,-0.13214111
4836,-0.13674927
4837,-0.13815306
4838,-0.14147949
4839,-0.14450073
4840,-0.14352417
4841,-0.14239502
4842,-0.13815306
4843,-0.1362915
4844,-0.12609866
4845,-0.11361694
4846,-0.09326172
4847,-0.07260133
4848,-0.048309326
4849,-0.029846206
4850,-0.017120367
4851,-0.0046386514
4852,0.0027771033
4853,0.019775406
4854,0.034912113
4855,0.04656983
4856,0.060119655
4857,0.07043457
4858,0.08624268
4859,0.0992737
4860,0.10671998
4861,0.10934448
4862,0.11767575
4863,0.13119507
4864,0.14059448
4865,0.14907837
4866,0.15557861
4867,0.16156006
4868,0.16131589
4869,0.15405273
4870,0.14437868
4871,0.13104248
4872,0.11911009
4873,0.104278564
4874,0.086303696
4875,0.06414795
4876,0.045745842
4877,0.032745365
4878,0.020660408
4879,0.014007568
4880,0.013671868
4881,0.018737808
4882,0.027160645
4883,0.0357666
4884,0.044097915
4885,0.053527847
4886,0.058990464
4887,0.067779556
4888,0.081512436
4889,0.09500121
4890,0.11380006
4891,0.13250732
4892,0.14840698
4893,0.1592102
4894,0.17095946
4895,0.18743895
4896,0.20877075
4897,0.23168945
4898,0.24365236
4899,0.24890137
4900,0.24749756
4901,0.23168945
4902,0.19540404
4903,0.1517334
4904,0.10067746
4905,0.026550308
4906,-0.05114746
4907,-0.12780759
4908,-0.2130127
4909,-0.31600946
4910,-0.4266051
4911,-0.54452515
4912,-0.6626281
4913,-0.76596063
4914,-0.8652039
4915,-0.9594422
4916,-1.042633
4917,-1.1079712
4918,-1.1617125
4919,-1.2130432
4920,-1.2546079
4921,-1.2648926
4922,-1.2298888
4923,-1.1571654
4924,-1.0498048
4925,-0.8951112
4926,-0.7047119
4927,-0.49951193
4928,-0.28359962
4929,-0.058929443
4930,0.17248529
4931,0.4233094
4932,0.6892699
4933,0.9497069
4934,1.19574
4935,1.4375916
4936,1.6369629
4937,1.7805786
4938,1.8900452
4939,1.9716493
4940,2.0292969
4941,2.0696104
4942,2.0995483
4943,2.1019895
4944,2.0644841
4945,1.9795532
4946,1.8239746
4947,1.585968
4948,1.2885741
4949,0.98297125
4950,0.6576233
4951,0.32717884
4952,-0.012145758
4953,-0.3477478
4954,-0.6461792
4955,-0.93487525
4956,-1.2014161
4957,-1.4516296
4958,-1.6679994
4959,-1.8139954
4960,-1.9042358
4961,-1.9555055
4962,-1.9850768
4963,-1.9780577
4964,-1.93396
4965,-1.867523
4966,-1.7897036
4967,-1.6880797
4968,-1.5637817
4969,-1.4427186
4970,-1.3076473
4971,-1.1380312
4972,-0.93005383
4973,-0.67959595
4974,-0.3947451
4975,-0.07656872
4976,0.25885016
4977,0.58822644
4978,0.88638306
4979,1.1289976
4980,1.3050845
4981,1.4149475
4982,1.4639585
4983,1.4653015
4984,1.4425962
4985,1.4134521
4986,1.3998718
4987,1.4143066
4988,1.4613646
4989,1.5173951
4990,1.5772399
4991,1.6204222
4992,1.630981
4993,1.5855101
4994,1.4665834
4995,1.2935486
4996,1.082184
4997,0.8542479
4998,0.6152955
4999,0.3742677
5000,0.13412464
5001,-0.11108422
5002,-0.36190772
5003,-0.6084289
5004,-0.8557436
5005,-1.1296082
5006,-1.4104306
5007,-1.6927797
5008,-1.9861753
5009,-2.2637634
5010,-2.527741
5011,-2.779785
5012,-3.0148926
5013,-3.2257688
5014,-3.381836
5015,-3.4606013
5016,-3.4468079
5017,-3.329834
5018,-3.0986328
5019,-2.7712708
5020,-2.3468933
5021,-1.8357239
5022,-1.2489316
5023,-0.6133119
5024,0.034698725
5025,0.6835629
5026,1.2940065
5027,1.8425599
5028,2.3052368
5029,2.6603696
5030,2.910614
5031,3.0615845
5032,3.1296692
5033,3.1285706
5034,3.075531
5035,2.9827576
5036,2.867279
5037,2.7417603
5038,2.6035156
5039,2.4570312
5040,2.2866213
5041,2.08432
5042,1.838501
5043,1.5516968
5044,1.2272035
5045,0.88204956
5046,0.537628
5047,0.21697998
5048,-0.06735229
5049,-0.308136
5050,-0.4989623
5051,-0.6433716
5052,-0.75433356
5053,-0.830963
5054,-0.890442
5055,-0.93792725
5056,-0.98376465
5057,-1.0269777
5058,-1.0728453
5059,-1.114807
5060,-1.157837
5061,-1.2023008
5062,-1.2333984
5063,-1.2556458
5064,-1.2622377
5065,-1.2492064
5066,-1.2195433
5067,-1.1791382
5068,-1.1186827
5069,-1.0455323
5070,-0.9632875
5071,-0.86907965
5072,-0.7578429
5073,-0.6289673
5074,-0.48696887
5075,-0.33468634
5076,-0.17956553
5077,-0.03109739
5078,0.114227295
5079,0.23724365
5080,0.34417725
5081,0.4282837
5082,0.49545288
5083,0.5520324
5084,0.59777826
5085,0.6379088
5086,0.6624451
5087,0.67559814
5088,0.6759337
5089,0.66552734
5090,0.64630127
5091,0.6205444
5092,0.5789491
5093,0.5248718
5094,0.4625855
5095,0.3966676
5096,0.33316034
5097,0.27215576
5098,0.20623787
5099,0.14364617
5100,0.08752447
5101,0.03881838
5102,-0.0016174912
5103,-0.03244007
5104,-0.061889723
5105,-0.09240726
5106,-0.12017824
5107,-0.14407347
5108,-0.16555779
5109,-0.17736812
5110,-0.1813965
5111,-0.18249507
5112,-0.17422487
5113,-0.1662598
5114,-0.15460213
5115,-0.14062506
5116,-0.124877855
5117,-0.10559082
5118,-0.07980348
5119,-0.051574647
5120,-0.030822769
5121,-0.009857163
5122,0.008422866
5123,0.026000932
5124,0.046722427
5125,0.06341557
5126,0.08215332
5127,0.100036606
5128,0.11975096
5129,0.1334839
5130,0.1385193
5131,0.14041136
5132,0.13479613
5133,0.13314822
5134,0.12411499
5135,0.11242679
5136,0.09555051
5137,0.07809446
5138,0.06317139
5139,0.0444946
5140,0.03353882
5141,0.021270745
5142,0.0012817234
5143,-0.022277847
5144,-0.050140366
5145,-0.07000735
5146,-0.082916245
5147,-0.093933105
5148,-0.10415649
5149,-0.106842056
5150,-0.105255134
5151,-0.09674072
5152,-0.092041
5153,-0.09579469
5154,-0.103271484
5155,-0.11294556
5156,-0.115936294
5157,-0.118041985
5158,-0.1281128
5159,-0.13269044
5160,-0.13058473
5161,-0.123443596
5162,-0.10879516
5163,-0.089965805
5164,-0.069854766
5165,-0.05734252
5166,-0.049774174
5167,-0.040649407
5168,-0.026031483
5169,-0.016815186
5170,-0.013061523
5171,-0.013519266
5172,-0.009979255
5173,-0.0046691876
5174,0.010894759
5175,0.026733408
5176,0.042633057
5177,0.05474852
5178,0.06784055
5179,0.07373048
5180,0.07012941
5181,0.062011726
5182,0.044311523
5183,0.020568863
5184,-0.0019226
5185,-0.024963357
5186,-0.050781265
5187,-0.074371345
5188,-0.09902954
5189,-0.121521
5190,-0.13458252
5191,-0.14660643
5192,-0.15084839
5193,-0.15078735
5194,-0.15002441
5195,-0.14932251
5196,-0.15203856
5197,-0.15270995
5198,-0.14532468
5199,-0.12698364
5200,-0.095031746
5201,-0.052764893
5202,-0.009094227
5203,0.021514889
5204,0.044006366
5205,0.06237793
5206,0.081024185
5207,0.09567264
5208,0.101348855
5209,0.10549928
5210,0.102294914
5211,0.100372314
5212,0.10272217
5213,0.113433845
5214,0.12939456
5215,0.14645389
5216,0.1607666
5217,0.16976932
5218,0.17361449
5219,0.1664734
5220,0.15603635
5221,0.14343262
5222,0.1411133
5223,0.15292361
5224,0.16992188
5225,0.18148804
5226,0.18746947
5227,0.19668578
5228,0.20437622
5229,0.20730592
5230,0.201355
5231,0.18740842
5232,0.16516113
5233,0.1382141
5234,0.11651612
5235,0.097900376
5236,0.08535766
5237,0.0717163
5238,0.04455565
5239,0.008483894
5240,-0.027008034
5241,-0.059906002
5242,-0.0932007
5243,-0.12432861
5244,-0.1513977
5245,-0.16879272
5246,-0.18243407
5247,-0.18878174
5248,-0.20053099
5249,-0.20977783
5250,-0.20535281
5251,-0.1963806
5252,-0.18930055
5253,-0.19387816
5254,-0.19869995
5255,-0.20428467
5256,-0.20135497
5257,-0.19485472
5258,-0.18255615
5259,-0.16433716
5260,-0.14703369
5261,-0.13375856
5262,-0.12695312
5263,-0.11724855
5264,-0.1072998
5265,-0.098693825
5266,-0.08938601
5267,-0.08120725
5268,-0.06857298
5269,-0.056121826
5270,-0.04394531
5271,-0.04330445
5272,-0.044494618
5273,-0.027435299
5274,-0.009765618
5275,0.00390625
5276,0.01071167
5277,0.023162868
5278,0.03601076
5279,0.049530003
5280,0.060638443
5281,0.06991576
5282,0.0813904
5283,0.08071898
5284,0.07583617
5285,0.06436153
5286,0.04666138
5287,0.03308105
5288,0.02362059
5289,0.01614379
5290,-0.00018307753
5291,-0.011047378
5292,-0.009582516
5293,-0.004547134
5294,-0.0034485087
5295,0.00085448474
5296,0.0038757399
5297,0.009643558
5298,0.020935055
5299,0.030303948
5300,0.039520264
5301,0.056213394
5302,0.079010025
5303,0.095520034
5304,0.1048584
5305,0.10928346
5306,0.11791993
5307,0.1274414
5308,0.14584348
5309,0.16256714
5310,0.17993164
5311,0.19345094
5312,0.20144653
5313,0.19909668
5314,0.1940918
5315,0.190979
5316,0.18762204
5317,0.17599487
5318,0.1626282
5319,0.14105225
5320,0.118499726
5321,0.09387206
5322,0.074096695
5323,0.06628418
5324,0.060424834
5325,0.05187989
5326,0.03738402
5327,0.0189514
5328,0.004211448
5329,-0.011627203
5330,-0.021820068
5331,-0.02581786
5332,-0.031616215
5333,-0.042480465
5334,-0.052642837
5335,-0.06121827
5336,-0.07614136
5337,-0.09683228
5338,-0.12023927
5339,-0.13687134
5340,-0.15475462
5341,-0.16506958
5342,-0.16506958
5343,-0.16210938
5344,-0.15533449
5345,-0.14553833
5346,-0.13867188
5347,-0.13882446
5348,-0.13983156
5349,-0.12933347
5350,-0.116882324
5351,-0.10848999
5352,-0.09841919
5353,-0.0859375
5354,-0.075988784
5355,-0.07382201
5356,-0.07235719
5357,-0.0690918
5358,-0.05612185
5359,-0.036895737
5360,-0.019378647
5361,-0.008911148
5362,-0.006378174
5363,-0.0076904297
5364,-0.011352532
5365,-0.01638794
5366,-0.018646274
5367,-0.01922606
5368,-0.025695816
5369,-0.033355717
5370,-0.034729026
5371,-0.03756713
5372,-0.039154068
5373,-0.03741455
5374,-0.03448484
5375,-0.027954118
5376,-0.018981934
5377,-0.006774904
5378,-0.005645735
5379,-0.015197758
5380,-0.020813022
5381,-0.020751972
5382,-0.014343262
5383,-0.012359617
5384,-0.011413567
5385,-0.009185785
5386,-0.01400755
5387,-0.022369385
5388,-0.029205311
5389,-0.03536988
5390,-0.04107666
5391,-0.038452134
5392,-0.03918457
5393,-0.041320793
5394,-0.04278566
5395,-0.03475951
5396,-0.024932858
5397,-0.018890373
5398,-0.018524162
5399,-0.010833741
5400,-0.0036315657
5401,0.008819567
5402,0.017913824
5403,0.025634754
5404,0.026367188
5405,0.03112793
5406,0.041015632
5407,0.051055923
5408,0.062499993
5409,0.07382203
5410,0.07943726
5411,0.08502197
5412,0.081604004
5413,0.0753479
5414,0.06488037
5415,0.0491333
5416,0.035430916
5417,0.021026604
5418,0.014709465
5419,0.012786878
5420,0.0145874135
5421,0.017059315
5422,0.018218983
5423,0.028533943
5424,0.046295185
5425,0.06149291
5426,0.07040404
5427,0.08102418
5428,0.086822495
5429,0.09240721
5430,0.10235597
5431,0.10345459
5432,0.11077881
5433,0.120269775
5434,0.12298585
5435,0.1223755
5436,0.11785889
5437,0.11007689
5438,0.10638428
5439,0.108612075
5440,0.108581536
5441,0.101806656
5442,0.090423584
5443,0.078582756
5444,0.06884764
5445,0.05804444
5446,0.04702759
5447,0.030120846
5448,0.022186294
5449,0.026794419
5450,0.030181888
5451,0.034973137
5452,0.03140258
5453,0.022949226
5454,0.021972656
5455,0.023956288
5456,0.026428215
5457,0.025207523
5458,0.018890385
5459,0.0053710947
5460,-0.016723625
5461,-0.03253174
5462,-0.043914806
5463,-0.060577378
5464,-0.077301025
5465,-0.08380127
5466,-0.0822754
5467,-0.07714844
5468,-0.07611085
5469,-0.08486939
5470,-0.09893799
5471,-0.10760498
5472,-0.114562996
5473,-0.118530266
5474,-0.11859132
5475,-0.120025635
5476,-0.11688234
5477,-0.10769655
5478,-0.10156249
5479,-0.096832305
5480,-0.09631347
5481,-0.10525515
5482,-0.11029053
5483,-0.10638428
5484,-0.09701536
5485,-0.09246828
5486,-0.0961609
5487,-0.10418702
5488,-0.11541748
5489,-0.17062375
5490,-0.26727298
5491,-0.3605652
5492,-0.4176941
5493,-0.49313346
5494,-0.40213025
5495,-0.4552002
5496,-0.613678
5497,-0.50466913
5498,-0.13391112
5499,0.2032165
5500,0.51303095
5501,0.6955263
5502,0.70422345
5503,0.5693056
5504,0.5340575
5505,0.37210077
5506,0.10781866
5507,0.13888556
5508,0.47415155
5509,0.8735657
5510,1.3057556
5511,1.568329
5512,1.5994871
5513,1.4959412
5514,1.2265015
5515,1.028595
5516,0.86895764
5517,0.6041259
5518,0.2686462
5519,-0.00088483095
5520,-0.23617542
5521,-0.40802023
5522,-0.50180054
5523,-0.53497326
5524,-0.6113892
5525,-0.6189269
5526,-0.5898744
5527,-0.7117311
5528,-0.97955304
5529,-1.227722
5530,-1.43161
5531,-1.5223083
5532,-1.4906616
5533,-1.3494569
5534,-1.2359315
5535,-1.053833
5536,-0.80322284
5537,-0.71075445
5538,-0.7833251
5539,-0.8685608
5540,-0.9396667
5541,-0.9338683
5542,-0.83090186
5543,-0.6406251
5544,-0.5014343
5545,-0.29882818
5546,-0.030365065
5547,0.09854135
5548,0.07266235
5549,-0.023101807
5550,-0.17541522
5551,-0.2543334
5552,-0.21365348
5553,-0.15115339
5554,0.101898134
5555,0.20498657
5556,0.18029779
5557,0.39974976
5558,0.8401488
5559,1.281555
5560,1.7325437
5561,2.0326846
5562,2.1228638
5563,2.105408
5564,1.9073488
5565,1.7742616
5566,1.6928406
5567,1.4865415
5568,1.1919248
5569,0.94985974
5570,0.69451904
5571,0.46386683
5572,0.28231817
5573,0.15710446
5574,-0.0137939155
5575,-0.11456306
5576,-0.15200807
5577,-0.3145142
5578,-0.5936889
5579,-0.8701782
5580,-1.1299742
5581,-1.2883914
5582,-1.3147584
5583,-1.2460021
5584,-1.0883179
5585,-0.9014283
5586,-0.69998187
5587,-0.5299684
5588,-0.41452014
5589,-0.34982312
5590,-0.2863462
5591,-0.19970685
5592,-0.09472656
5593,0.01663199
5594,0.1171875
5595,0.21096793
5596,0.31042475
5597,0.40786743
5598,0.48507696
5599,0.5412901
5600,0.5760499
5601,0.5769349
5602,0.5415952
5603,0.48092645
5604,0.40646365
5605,0.33078003
5606,0.2630616
5607,0.21835333
5608,0.19067374
5609,0.17468259
5610,0.1687926
5611,0.16174325
5612,0.15484619
5613,0.14050299
5614,0.12371835
5615,0.10635388
5616,0.07217407
5617,0.020629764
5618,-0.04156506
5619,-0.09951773
5620,-0.16143803
5621,-0.22595224
5622,-0.28936774
5623,-0.34768683
5624,-0.42169183
5625,-0.5108947
5626,-0.5912781
5627,-0.6504516
5628,-0.68365484
5629,-0.71026623
5630,-0.73199457
5631,-0.75384533
5632,-0.7689819
5633,-0.77383417
5634,-0.7539369
5635,-0.6982728
5636,-0.617157
5637,-0.5155944
5638,-0.40966803
5639,-0.30426028
5640,-0.18231198
5641,-0.047729418
5642,0.08972168
5643,0.22402954
5644,0.35760507
5645,0.4821777
5646,0.5834045
5647,0.66040033
5648,0.7109681
5649,0.7406921
5650,0.75698864
5651,0.7563172
5652,0.7296752
5653,0.6829528
5654,0.6121215
5655,0.5205384
5656,0.42486572
5657,0.32720953
5658,0.23724362
5659,0.15643314
5660,0.0845947
5661,0.017425567
5662,-0.047393754
5663,-0.10058591
5664,-0.14910889
5665,-0.19195557
5666,-0.21520998
5667,-0.23217769
5668,-0.2396851
5669,-0.23840332
5670,-0.23440553
5671,-0.22903445
5672,-0.2200317
5673,-0.20764159
5674,-0.19052124
5675,-0.17547607
5676,-0.1578064
5677,-0.13900757
5678,-0.1131897
5679,-0.09057617
5680,-0.070312485
5681,-0.05178833
5682,-0.029907243
5683,-0.012207046
5684,0.001251243
5685,0.013549831
5686,0.021118172
5687,0.03173828
5688,0.043090828
5689,0.04739377
5690,0.04815674
5691,0.05029296
5692,0.052459724
5693,0.05548095
5694,0.061004646
5695,0.06903078
5696,0.07608033
5697,0.08068846
5698,0.07681272
5699,0.067108154
5700,0.05395507
5701,0.039703354
5702,0.02026368
5703,-0.000579834
5704,-0.015502945
5705,-0.023590088
5706,-0.03289795
5707,-0.040130615
5708,-0.04916381
5709,-0.04547118
5710,-0.04040529
5711,-0.04019164
5712,-0.041748058
5713,-0.044555657
5714,-0.048370365
5715,-0.049255386
5716,-0.049621586
5717,-0.04788205
5718,-0.04772947
5719,-0.039031982
5720,-0.028808588
5721,-0.028320307
5722,-0.026306175
5723,-0.029968252
5724,-0.034637436
5725,-0.042755112
5726,-0.05218505
5727,-0.05953978
5728,-0.06530762
5729,-0.07183838
5730,-0.07669067
5731,-0.07766723
5732,-0.071136475
5733,-0.06903078
5734,-0.059082042
5735,-0.04745484
5736,-0.039642334
5737,-0.031158453
5738,-0.015014652
5739,0.0022888146
5740,0.018981928
5741,0.039581303
5742,0.059753433
5743,0.08108519
5744,0.10119629
5745,0.12103273
5746,0.14129639
5747,0.1560669
5748,0.16802979
5749,0.16549683
5750,0.16595459
5751,0.16766354
5752,0.15914918
5753,0.14886473
5754,0.12850952
5755,0.10546875
5756,0.08602905
5757,0.06466673
5758,0.043731682
5759,0.021606464
5760,0.005279541
5761,-0.007568367
5762,-0.022766117
5763,-0.03802491
5764,-0.045684822
5765,-0.050872818
5766,-0.04748536
5767,-0.044097885
5768,-0.03771971
5769,-0.032226577
5770,-0.028472906
5771,-0.026489243
5772,-0.018188484
5773,-0.004974358
5774,0.008667
5775,0.014038084
5776,0.02008057
5777,0.02713013
5778,0.03405762
5779,0.032073982
5780,0.031860355
5781,0.027313238
5782,0.031036371
5783,0.040008537
5784,0.058197025
5785,0.07131958
5786,0.07376098
5787,0.06967163
5788,0.061614968
5789,0.056976326
5790,0.046447765
5791,0.039001487
5792,0.03378296
5793,0.033111554
5794,0.03735351
5795,0.051422115
5796,0.060424782
5797,0.074676506
5798,0.08813475
5799,0.10021973
5800,0.10720826
5801,0.10900879
5802,0.09298709
5803,0.078094475
5804,0.053253174
5805,0.034790043
5806,0.01568602
5807,0.00021362305
5808,-0.017669689
5809,-0.033752434
5810,-0.044433616
5811,-0.054321293
5812,-0.07150269
5813,-0.09658813
5814,-0.1270447
5815,-0.15408327
5816,-0.18362428
5817,-0.20062256
5818,-0.20874023
5819,-0.20874025
5820,-0.20428468
5821,-0.19308472
5822,-0.17828369
5823,-0.17016602
5824,-0.16714478
5825,-0.16781616
5826,-0.17114258
5827,-0.17102054
5828,-0.17242429
5829,-0.17266847
5830,-0.16940308
5831,-0.16085815
5832,-0.14260864
5833,-0.12005615
5834,-0.09078978
5835,-0.06594849
5836,-0.046508774
5837,-0.037811283
5838,-0.038757324
5839,-0.037048332
5840,-0.03753663
5841,-0.030090326
5842,-0.019836433
5843,-0.0075988863
5844,0.012268073
5845,0.029693607
5846,0.052246086
5847,0.06744386
5848,0.08386229
5849,0.103301995
5850,0.11624147
5851,0.1257019
5852,0.123748794
5853,0.117370605
5854,0.11257933
5855,0.1156311
5856,0.12988281
5857,0.14492796
5858,0.15274048
5859,0.15365602
5860,0.14907838
5861,0.14331055
5862,0.1348877
5863,0.12442019
5864,0.111114495
5865,0.08908081
5866,0.06518556
5867,0.04763795
5868,0.028839093
5869,0.014892576
5870,0.0005187928
5871,-0.0049133454
5872,-0.0065002665
5873,-0.0073547214
5874,-0.015899658
5875,-0.028259292
5876,-0.043853767
5877,-0.054809585
5878,-0.058868393
5879,-0.05441284
5880,-0.045074467
5881,-0.036010742
5882,-0.02526855
5883,-0.013854992
5884,-0.0062866053
5885,0.0048217885
5886,0.01037599
5887,0.018157948
5888,0.020904548
5889,0.021270743
5890,0.017822266
5891,0.009552011
5892,-0.0031738142
5893,-0.010406503
5894,-0.019714363
5895,-0.028015148
5896,-0.030365001
5897,-0.033905014
5898,-0.03204346
5899,-0.023590086
5900,-0.016967775
5901,-0.01095582
5902,-0.011383062
5903,-0.0077209454
5904,-0.015991218
5905,-0.02124023
5906,-0.022979748
5907,-0.024414064
5908,-0.017547607
5909,-0.010742184
5910,0.0004577646
5911,0.0036010724
5912,0.010223381
5913,0.01321411
5914,0.01693724
5915,0.01846314
5916,0.023254402
5917,0.026153551
5918,0.03619384
5919,0.043304447
5920,0.049285892
5921,0.054656982
5922,0.059509277
5923,0.0565796
5924,0.059814468
5925,0.05593872
5926,0.04574585
5927,0.031188969
5928,0.015838627
5929,-0.00567628
5930,-0.019775402
5931,-0.03048706
5932,-0.037384033
5933,-0.042694096
5934,-0.0442505
5935,-0.035217285
5936,-0.018798836
5937,-0.005554203
5938,0.0057373084
5939,0.0013732873
5940,-0.004394535
5941,-0.017456053
5942,-0.02224731
5943,-0.02627564
5944,-0.02337648
5945,-0.019409176
5946,-0.014648445
5947,-0.0074768066
5948,-0.0033264235
5949,-0.0013122596
5950,-0.0013427828
5951,-0.00073241815
5952,0.0043029813
5953,0.015075684
5954,0.021820072
5955,0.021575931
5956,0.017364498
5957,0.0122985905
5958,-0.0046081617
5959,-0.017761227
5960,-0.033447262
5961,-0.04421998
5962,-0.048400883
5963,-0.04348755
5964,-0.041809075
5965,-0.03698731
5966,-0.03866577
5967,-0.04089356
5968,-0.039550785
5969,-0.030151378
5970,-0.020507818
5971,-0.0115356445
5972,-0.0113220215
5973,-0.01687622
5974,-0.023895264
5975,-0.030303959
5976,-0.03997803
5977,-0.044342034
5978,-0.044006344
5979,-0.031707786
5980,-0.021728516
5981,-0.013183594
5982,-0.006134035
5983,-0.0018615741
5984,-0.002319334
5985,0.0029907217
5986,0.008422856
5987,0.00979615
5988,0.009368908
5989,0.002044674
5990,-0.0048217755
5991,-0.010131836
5992,-0.011535643
5993,-0.016998295
5994,-0.021514902
5995,-0.017669685
5996,-0.010101311
5997,0.001556389
5998,0.012146002
5999,0.019805916
6000,0.024749752
6001,0.02835083
6002,0.040130615
6003,0.050994873
6004,0.06362916
6005,0.0694275
6006,0.07418823
6007,0.079071045
6008,0.07666015
6009,0.0722046
6010,0.061035153
6011,0.05838012
6012,0.054901112
6013,0.0548706
6014,0.056488045
6015,0.049682617
6016,0.03948975
6017,0.031860344
6018,0.024536137
6019,0.020446785
6020,0.020812985
6021,0.027221676
6022,0.02178954
6023,0.02008056
6024,0.013671877
6025,0.007904049
6026,0.0010986179
6027,-0.003295906
6028,-0.00073243305
6029,0.0037841797
6030,0.014648441
6031,0.015838623
6032,0.015960705
6033,0.013000488
6034,0.009460447
6035,0.0073547345
6036,0.006408684
6037,0.0017089848
6038,-0.0034179688
6039,-0.0066833477
6040,-0.017913815
6041,-0.029571546
6042,-0.038818344
6043,-0.05075073
6044,-0.053344723
6045,-0.061767574
6046,-0.06552124
6047,-0.07077028
6048,-0.07153319
6049,-0.07583618
6050,-0.08551027
6051,-0.10122682
6052,-0.11425781
6053,-0.12582397
6054,-0.13278198
6055,-0.13064574
6056,-0.124938965
6057,-0.118560806
6058,-0.114837624
6059,-0.11132813
6060,-0.10412599
6061,-0.0921631
6062,-0.076232925
6063,-0.06079101
6064,-0.044006348
6065,-0.030822745
6066,-0.018768296
6067,-0.0044860803
6068,0.005767837
6069,0.018157952
6070,0.02896117
6071,0.04251097
6072,0.05307006
6073,0.07015991
6074,0.08288575
6075,0.08969116
6076,0.09063721
6077,0.087463394
6078,0.091064446
6079,0.090423584
6080,0.09985351
6081,0.10379028
6082,0.11029054
6083,0.11483764
6084,0.118072495
6085,0.12561035
6086,0.13412476
6087,0.13973999
6088,0.1455383
6089,0.1518555
6090,0.15521242
6091,0.16027834
6092,0.16519168
6093,0.1559143
6094,0.14520262
6095,0.13021852
6096,0.115356475
6097,0.1013794
6098,0.08505247
6099,0.07049561
6100,0.044097904
6101,0.022674577
6102,-0.00024413317
6103,-0.023590073
6104,-0.041168205
6105,-0.057464592
6106,-0.073242195
6107,-0.08499148
6108,-0.097625725
6109,-0.10806276
6110,-0.11843872
6111,-0.12487792
6112,-0.13311769
6113,-0.14071655
6114,-0.14620972
6115,-0.14907837
6116,-0.15206909
6117,-0.14553836
6118,-0.13708496
6119,-0.1281128
6120,-0.122009285
6121,-0.1081543
6122,-0.10083008
6123,-0.08395387
6124,-0.06478883
6125,-0.04870607
6126,-0.03878785
6127,-0.027435292
6128,-0.024963371
6129,-0.03228762
6130,-0.036437992
6131,-0.035369884
6132,-0.03158569
6133,-0.02020264
6134,-0.007476803
6135,-0.0035095243
6136,0.0007934328
6137,0.0061950684
6138,0.00878907
6139,0.013061531
6140,0.026702862
6141,0.04061889
6142,0.054046653
6143,0.072662346
6144,0.08621216
6145,0.09454346
6146,0.11053468
6147,0.12011722
6148,0.12597655
6149,0.1383057
6150,0.15185548
6151,0.15585327
6152,0.15896605
6153,0.15658571
6154,0.15539554
6155,0.15527347
6156,0.15628055
6157,0.14791873
6158,0.13235474
6159,0.12307739
6160,0.109954834
6161,0.089904785
6162,0.073760964
6163,0.057006843
6164,0.037261978
6165,0.016113289
6166,-0.0017700195
6167,-0.024871834
6168,-0.04177858
6169,-0.05148314
6170,-0.070983894
6171,-0.09002683
6172,-0.10946654
6173,-0.12677002
6174,-0.14639284
6175,-0.1617737
6176,-0.17019652
6177,-0.17453004
6178,-0.17321779
6179,-0.1749573
6180,-0.19036864
6181,-0.19973756
6182,-0.20666504
6183,-0.22140503
6184,-0.23205568
6185,-0.24014284
6186,-0.2421875
6187,-0.23910522
6188,-0.23995972
6189,-0.2322388
6190,-0.22009276
6191,-0.20202638
6192,-0.17752075
6193,-0.15444943
6194,-0.13391112
6195,-0.11422731
6196,-0.10037232
6197,-0.08880615
6198,-0.07986452
6199,-0.0626831
6200,-0.039611794
6201,-0.01693727
6202,0.003753664
6203,0.02529908
6204,0.046875015
6205,0.07434081
6206,0.098083474
6207,0.110260025
6208,0.12469481
6209,0.13928224
6210,0.15560913
6211,0.17428589
6212,0.18652342
6213,0.19192505
6214,0.19592285
6215,0.18536378
6216,0.177948
6217,0.16146852
6218,0.15020752
6219,0.14004518
6220,0.11843872
6221,0.10473636
6222,0.08242797
6223,0.072509766
6224,0.059539765
6225,0.042633057
6226,0.025939941
6227,0.011749258
6228,0.0028381534
6229,-0.0024719303
6230,-0.015838638
6231,-0.021606432
6232,-0.02752684
6233,-0.035491955
6234,-0.033386238
6235,-0.034393303
6236,-0.02319333
6237,-0.0035095513
6238,0.014465317
6239,0.03744504
6240,0.059143096
6241,0.08029172
6242,0.10534671
6243,0.116760254
6244,0.14779663
6245,0.16583252
6246,0.18057252
6247,0.20541382
6248,0.21951292
6249,0.23382567
6250,0.25701907
6251,0.2737121
6252,0.29431152
6253,0.3043518
6254,0.31030276
6255,0.33312988
6256,0.33547974
6257,0.34478757
6258,0.32998657
6259,0.29348758
6260,0.2619934
6261,0.20797728
6262,0.14785767
6263,0.074340805
6264,-0.004058808
6265,-0.07968134
6266,-0.15872183
6267,-0.25494385
6268,-0.3535462
6269,-0.4587403
6270,-0.5494079
6271,-0.64553845
6272,-0.7309265
6273,-0.7954713
6274,-0.8385619
6275,-0.8851318
6276,-0.9334106
6277,-0.9745482
6278,-0.98660296
6279,-0.97000134
6280,-0.91647327
6281,-0.8329774
6282,-0.714386
6283,-0.54266363
6284,-0.36178574
6285,-0.15997326
6286,0.03488159
6287,0.23983765
6288,0.45486444
6289,0.6733397
6290,0.8947144
6291,1.1176453
6292,1.3322754
6293,1.5121157
6294,1.6530457
6295,1.7503052
6296,1.8239746
6297,1.8356934
6298,1.8155823
6299,1.7957152
6300,1.7536622
6301,1.6990967
6302,1.6260376
6303,1.4860232
6304,1.2957152
6305,1.0533144
6306,0.7595825
6307,0.4405825
6308,0.10034168
6309,-0.22680676
6310,-0.5464783
6311,-0.8488462
6312,-1.1083987
6313,-1.3361511
6314,-1.5627443
6315,-1.7510989
6316,-1.903412
6317,-1.9982908
6318,-2.0280762
6319,-2.0331116
6320,-2.0014954
6321,-1.9515072
6322,-1.8883364
6323,-1.8066713
6324,-1.7170717
6325,-1.6235046
6326,-1.5083008
6327,-1.3753661
6328,-1.2025146
6329,-0.99743646
6330,-0.76556396
6331,-0.52789307
6332,-0.28079224
6333,-0.02505517
6334,0.23739624
6335,0.49926752
6336,0.7345885
6337,0.95471203
6338,1.1140747
6339,1.196625
6340,1.226196
6341,1.2217711
6342,1.1912841
6343,1.1845702
6344,1.192688
6345,1.2427977
6346,1.3232118
6347,1.4115598
6348,1.5000002
6349,1.5480956
6350,1.5525819
6351,1.5180663
6352,1.4270018
6353,1.2810366
6354,1.0988768
6355,0.91024804
6356,0.70758045
6357,0.46472168
6358,0.18209839
6359,-0.07974255
6360,-0.34927347
6361,-0.63067603
6362,-0.9127501
6363,-1.1863708
6364,-1.4532776
6365,-1.7085878
6366,-1.9477539
6367,-2.160797
6368,-2.3291628
6369,-2.501587
6370,-2.6488037
6371,-2.7506711
6372,-2.8027954
6373,-2.7700195
6374,-2.6613464
6375,-2.4972234
6376,-2.2481997
6377,-1.9230347
6378,-1.5099487
6379,-1.0502932
6380,-0.55099493
6381,-0.052581847
6382,0.42349255
6383,0.85156256
6384,1.2384336
6385,1.5762023
6386,1.8649597
6387,2.0851746
6388,2.225891
6389,2.293976
6390,2.3087158
6391,2.2860107
6392,2.2471008
6393,2.1877136
6394,2.1291502
6395,2.0651855
6396,1.9830323
6397,1.8779602
6398,1.7465515
6399,1.5791627
6400,1.3888854
6401,1.1816101
6402,0.95535266
6403,0.72473156
6404,0.4895935
6405,0.27081305
6406,0.06573486
6407,-0.109802276
6408,-0.25634772
6409,-0.35852054
6410,-0.4293823
6411,-0.4804076
6412,-0.52227783
6413,-0.5512694
6414,-0.5870666
6415,-0.6208496
6416,-0.6565552
6417,-0.68939203
6418,-0.7209777
6419,-0.7384949
6420,-0.7597961
6421,-0.77352905
6422,-0.78622425
6423,-0.7920839
6424,-0.7785644
6425,-0.76000977
6426,-0.72665405
6427,-0.6781313
6428,-0.6242372
6429,-0.5615846
6430,-0.49047863
6431,-0.40765408
6432,-0.3219911
6433,-0.23187268
6434,-0.13793942
6435,-0.047637805
6436,0.036743306
6437,0.12362663
6438,0.19555664
6439,0.24417114
6440,0.28704834
6441,0.31784058
6442,0.34594736
6443,0.36611944
6444,0.37976068
6445,0.38885498
6446,0.39572147
6447,0.3981629
6448,0.40103155
6449,0.3979187
6450,0.39099133
6451,0.39083868
6452,0.38882434
6453,0.38363653
6454,0.37225342
6455,0.35104364
6456,0.31793207
6457,0.2871094
6458,0.25015253
6459,0.21667488
6460,0.17977893
6461,0.14251709
6462,0.10275272
6463,0.06985471
6464,0.039215118
6465,0.011657797
6466,-0.01449579
6467,-0.044158995
6468,-0.06603995
6469,-0.088439986
6470,-0.10565187
6471,-0.12350474
6472,-0.138977
6473,-0.16055304
6474,-0.18045044
6475,-0.19891351
6476,-0.2066955
6477,-0.21051025
6478,-0.2073059
6479,-0.19375615
6480,-0.18527216
6481,-0.17422488
6482,-0.1665039
6483,-0.16278079
6484,-0.1677856
6485,-0.17712402
6486,-0.1849365
6487,-0.18801883
6488,-0.190979
6489,-0.19461061
6490,-0.19381715
6491,-0.19741823
6492,-0.19982909
6493,-0.20126343
6494,-0.20532227
6495,-0.20278928
6496,-0.20501709
6497,-0.20602417
6498,-0.20291138
6499,-0.20596313
6500,-0.19842528
6501,-0.1932068
6502,-0.1789856
6503,-0.16070557
6504,-0.13833618
6505,-0.11694334
6506,-0.09237672
6507,-0.07211303
6508,-0.05041504
6509,-0.024780244
6510,-0.0036620963
6511,0.014953632
6512,0.0311279
6513,0.04660035
6514,0.06655883
6515,0.08078003
6516,0.087402344
6517,0.094696045
6518,0.09286499
6519,0.08746338
6520,0.08728026
6521,0.09277342
6522,0.10479738
6523,0.11331175
6524,0.115692124
6525,0.12487793
6526,0.1239624
6527,0.11364746
6528,0.10275269
6529,0.08264159
6530,0.06939698
6531,0.070709236
6532,0.07568361
6533,0.07727049
6534,0.06719971
6535,0.04925535
6536,0.032257073
6537,0.011505129
6538,-0.0016479567
6539,-0.0018920898
6540,-0.0006103497
6541,0.0075988937
6542,0.017211927
6543,0.019500732
6544,0.015533455
6545,6.103888e-05
6546,-0.019012444
6547,-0.032470725
6548,-0.040222157
6549,-0.045013435
6550,-0.04122927
6551,-0.038574226
6552,-0.034423813
6553,-0.025756828
6554,-0.011657707
6555,0.00582888
6556,0.02566526
6557,0.03982544
6558,0.05361938
6559,0.062103286
6560,0.069427505
6561,0.07733155
6562,0.074432336
6563,0.08114626
6564,0.09207152
6565,0.105773926
6566,0.12509154
6567,0.14071655
6568,0.14886475
6569,0.15286253
6570,0.14849854
6571,0.13983154
6572,0.12033078
6573,0.108367935
6574,0.091674805
6575,0.077514626
6576,0.06054687
6577,0.047546394
6578,0.025939953
6579,-0.013580337
6580,-0.054565437
6581,-0.09460451
6582,-0.12438963
6583,-0.14178468
6584,-0.1481018
6585,-0.140625
6586,-0.12963867
6587,-0.110900894
6588,-0.088134766
6589,-0.06832886
6590,-0.050048836
6591,-0.03976441
6592,-0.03472898
6593,-0.04852295
6594,-0.060760498
6595,-0.07815552
6596,-0.09197998
6597,-0.098480225
6598,-0.09686279
6599,-0.08123779
6600,-0.06503297
6601,-0.053283695
6602,-0.03817751
6603,-0.03253174
6604,-0.020904534
6605,-0.017150871
6606,-0.007537842
6607,-0.002746584
6608,9.1567636e-05
6609,0.006561294
6610,0.0046081347
6611,0.0022583045
6612,0.00054931454
6613,0.0039672926
6614,0.004516607
6615,0.005828865
6616,0.0054321215
6617,0.0051269643
6618,0.0097961165
6619,0.012390144
6620,0.01583863
6621,0.015502941
6622,0.01351928
6623,0.01992799
6624,0.014648434
6625,0.014068596
6626,0.0074768066
6627,0.003112819
6628,-0.006164551
6629,-0.0199585
6630,-0.03286743
6631,-0.053192124
6632,-0.06729126
6633,-0.073913574
6634,-0.076721184
6635,-0.068145745
6636,-0.06869505
6637,-0.056457523
6638,-0.05307006
6639,-0.04849243
6640,-0.040649414
6641,-0.039367683
6642,-0.0328369
6643,-0.030303959
6644,-0.02017212
6645,-0.01391601
6646,-0.01065064
6647,-0.00067139976
6648,0.0067443857
6649,0.024719242
6650,0.040130623
6651,0.0630188
6652,0.081604004
6653,0.08605957
6654,0.09979248
6655,0.099670395
6656,0.10171508
6657,0.08370972
6658,0.057464607
6659,0.046203613
6660,0.028625477
6661,0.024200436
6662,0.019378645
6663,0.022094725
6664,0.029205317
6665,0.030975332
6666,0.04235839
6667,0.03732299
6668,0.03839112
6669,0.035949703
6670,0.03179932
6671,0.028808594
6672,0.016571043
6673,0.008300781
6674,-0.007446298
6675,-0.017364498
6676,-0.023956299
6677,-0.03479003
6678,-0.03634644
6679,-0.046020493
6680,-0.042846676
6681,-0.039642323
6682,-0.037658688
6683,-0.033050522
6684,-0.036956783
6685,-0.032104485
6686,-0.032714833
6687,-0.02926636
6688,-0.026947012
6689,-0.026123038
6690,-0.020660393
6691,-0.020294193
6692,-0.017761236
6693,-0.017242428
6694,-0.015563975
6695,-0.00830078
6696,-0.004089348
6697,0.008422851
6698,0.016845709
6699,0.027770983
6700,0.03942872
6701,0.047698967
6702,0.06326295
6703,0.07348633
6704,0.08728027
6705,0.091247566
6706,0.09020995
6707,0.092132576
6708,0.09368898
6709,0.10186766
6710,0.10952758
6711,0.11740112
6712,0.12390138
6713,0.13171388
6714,0.14318848
6715,0.14120483
6716,0.13964844
6717,0.12686157
6718,0.1150818
6719,0.10668945
6720,0.08715819
6721,0.07110597
6722,0.04647827
6723,0.026245117
6724,0.005462637
6725,-0.010803217
6726,-0.019042954
6727,-0.028381359
6728,-0.032348633
6729,-0.04092406
6730,-0.046173092
6731,-0.05194091
6732,-0.05792237
6733,-0.06353761
6734,-0.07968139
6735,-0.09100343
6736,-0.10894775
6737,-0.12243654
6738,-0.13476561
6739,-0.14782713
6740,-0.14739992
6741,-0.14620972
6742,-0.13211061
6743,-0.12127686
6744,-0.112976074
6745,-0.099914566
6746,-0.09442139
6747,-0.0833435
6748,-0.081604
6749,-0.074371345
6750,-0.064025894
6751,-0.059478767
6752,-0.045898438
6753,-0.04489137
6754,-0.037384026
6755,-0.03048706
6756,-0.02227783
6757,-0.0049133245
6758,0.0018005185
6759,0.016143791
6760,0.022705086
6761,0.024841301
6762,0.03186036
6763,0.03482056
6764,0.04898072
6765,0.05035401
6766,0.052764893
6767,0.049011238
6768,0.042449944
6769,0.043090813
6770,0.034118637
6771,0.040588394
6772,0.038391113
6773,0.03561402
6774,0.03851317
6775,0.030273445
6776,0.034454353
6777,0.030456543
6778,0.034088127
6779,0.036834724
6780,0.026000977
6781,0.02554322
6782,0.011474613
6783,3.7252903e-09
6784,-0.0099792555
6785,-0.019836422
6786,-0.014801018
6787,-0.014099132
6788,-0.0040283278
6789,-0.0034484789
6790,-0.005584717
6791,-0.00683593
6792,-0.012023928
6793,-0.009887696
6794,-0.012634281
6795,-0.011260996
6796,-0.012145994
6797,-0.016845696
6798,-0.019958496
6799,-0.02352906
6800,-0.023345957
6801,-0.025634784
6802,-0.028167715
6803,-0.029724129
6804,-0.036926262
6805,-0.035278313
6806,-0.03396607
6807,-0.029296875
6808,-0.024047852
6809,-0.0270691
6810,-0.02716063
6811,-0.03781128
6812,-0.045288067
6813,-0.052001968
6814,-0.06182861
6815,-0.06411742
6816,-0.06774904
6817,-0.07095337
6818,-0.06881714
6819,-0.069702156
6820,-0.068176255
6821,-0.065979
6822,-0.065216064
6823,-0.06521608
6824,-0.060516357
6825,-0.05206298
6826,-0.04092408
6827,-0.034362786
6828,-0.02346802
6829,-0.024993889
6830,-0.023529056
6831,-0.02114869
6832,-0.015380865
6833,-0.006072998
6834,0.0068664616
6835,0.018096916
6836,0.027343752
6837,0.035705566
6838,0.04785156
6839,0.050598152
6840,0.06094359
6841,0.06738282
6842,0.07489014
6843,0.08865358
6844,0.09121703
6845,0.09414673
6846,0.080902115
6847,0.0715332
6848,0.050537094
6849,0.035034187
6850,0.022705078
6851,0.020141594
6852,0.01757811
6853,-0.029327407
6854,-0.1737365
6855,-0.2894898
6856,-0.3400268
6857,-0.27032465
6858,-0.1951294
6859,-0.29510498
6860,-0.52297986
6861,-0.53472894
6862,-0.28244013
6863,-0.067382835
6864,0.14941406
6865,0.30822748
6866,0.37518317
6867,0.42544562
6868,0.46347064
6869,0.3061524
6870,0.020507812
6871,-0.07003778
6872,0.13845837
6873,0.42868045
6874,0.8888548
6875,1.2449646
6876,1.3751525
6877,1.2805176
6878,1.1304628
6879,1.0356141
6880,0.985718
6881,0.80233765
6882,0.52056885
6883,0.31832892
6884,0.16546628
6885,0.04748541
6886,-0.030517757
6887,-0.11715692
6888,-0.19778466
6889,-0.19778433
6890,-0.14633167
6891,-0.23876944
6892,-0.4889526
6893,-0.7535706
6894,-1.0162963
6895,-1.2149656
6896,-1.3149414
6897,-1.3271179
6898,-1.3045961
6899,-1.1247557
6900,-0.8743896
6901,-0.7272643
6902,-0.7399597
6903,-0.7688905
6904,-0.8384093
6905,-0.8639525
6906,-0.8380431
6907,-0.7815858
6908,-0.7215576
6909,-0.53375244
6910,-0.26986694
6911,-0.07003786
6912,0.0005186796
6913,-0.010498047
6914,-0.17938223
6915,-0.30398577
6916,-0.27972412
6917,-0.11117542
6918,0.090026855
6919,0.078063935
6920,-0.08978292
6921,-0.03311169
6922,0.25878906
6923,0.53305054
6924,0.95880103
6925,1.2679747
6926,1.3866577
6927,1.3086243
6928,1.2055972
6929,1.1569825
6930,1.162262
6931,1.0870969
6932,0.90234375
6933,0.7815247
6934,0.71511835
6935,0.6566467
6936,0.6263121
6937,0.54895014
6938,0.48937976
6939,0.4931335
6940,0.59729004
6941,0.5899046
6942,0.44653314
6943,0.262909
6944,0.023162901
6945,-0.16207874
6946,-0.2421571
6947,-0.18328857
6948,-0.120910764
6949,-0.02105701
6950,0.029266238
6951,0.06707764
6952,0.02935794
6953,-0.03189099
6954,-0.15441883
6955,-0.23699927
6956,-0.3264464
6957,-0.359833
6958,-0.40673828
6959,-0.39535517
6960,-0.3809204
6961,-0.33465564
6962,-0.285248
6963,-0.22396861
6964,-0.19866937
6965,-0.19281015
6966,-0.21557617
6967,-0.27331546
6968,-0.33190915
6969,-0.39715582
6970,-0.41583237
6971,-0.4412536
6972,-0.41244516
6973,-0.37152094
6974,-0.31253052
6975,-0.2615053
6976,-0.21487433
6977,-0.16864008
6978,-0.14474487
6979,-0.15304565
6980,-0.2077941
6981,-0.27352908
6982,-0.3526611
6983,-0.44155875
6984,-0.48587042
6985,-0.5481566
6986,-0.5774841
6987,-0.6441955
6988,-0.6591797
6989,-0.6833192
6990,-0.6219176
6991,-0.5745239
6992,-0.47952265
6993,-0.39987177
6994,-0.3118897
6995,-0.2349548
6996,-0.13879389
6997,-0.027587816
6998,0.09048465
6999,0.20123285
7000,0.3208313
7001,0.42642206
7002,0.5287782
7003,0.6431275
7004,0.72427356
7005,0.8181459
7006,0.8606567
7007,0.9188843
7008,0.9183349
7009,0.9337464
7010,0.87936395
7011,0.84609985
7012,0.74380493
7013,0.67095935
7014,0.54968256
7015,0.44274902
7016,0.3167725
7017,0.19485483
7018,0.06939703
7019,-0.045105033
7020,-0.13943475
7021,-0.21701042
7022,-0.27883917
7023,-0.31329346
7024,-0.33740222
7025,-0.34692395
7026,-0.34945673
7027,-0.33932498
7028,-0.34890747
7029,-0.3383484
7030,-0.3390197
7031,-0.31655884
7032,-0.29602048
7033,-0.25305164
7034,-0.20584112
7035,-0.16558829
7036,-0.111846924
7037,-0.086914
7038,-0.047210693
7039,-0.034851074
7040,-0.012298585
7041,-0.017089874
7042,-0.0014037527
7043,-0.013641365
7044,-0.013793971
7045,-0.027313188
7046,-0.029418943
7047,-0.045257535
7048,-0.040832505
7049,-0.04724122
7050,-0.033111602
7051,-0.036804214
7052,-0.017669657
7053,-0.01947022
7054,-0.012664761
7055,-0.013824483
7056,0.0008544829
7057,0.0021057036
7058,0.02709962
7059,0.042114243
7060,0.07183839
7061,0.08880615
7062,0.10937501
7063,0.12112426
7064,0.118713364
7065,0.11907959
7066,0.10827638
7067,0.1050415
7068,0.09436034
7069,0.08767699
7070,0.077239975
7071,0.06268311
7072,0.04525758
7073,0.023712162
7074,0.0029602125
7075,-0.019500732
7076,-0.040740952
7077,-0.05828859
7078,-0.0753174
7079,-0.08856202
7080,-0.10797119
7081,-0.12298584
7082,-0.1289978
7083,-0.14138791
7084,-0.12689206
7085,-0.12799072
7086,-0.10852051
7087,-0.112823494
7088,-0.09454346
7089,-0.08013916
7090,-0.07360838
7091,-0.051666256
7092,-0.040222175
7093,-0.017120346
7094,-0.0028381422
7095,0.028594963
7096,0.03155518
7097,0.051269528
7098,0.05322265
7099,0.07489016
7100,0.0760498
7101,0.09664918
7102,0.10031128
7103,0.11221314
7104,0.11120604
7105,0.110931404
7106,0.11114502
7107,0.11425781
7108,0.11328125
7109,0.12191773
7110,0.123352036
7111,0.12506104
7112,0.12313843
7113,0.12600708
7114,0.12506102
7115,0.11633301
7116,0.11761475
7117,0.110809356
7118,0.09777832
7119,0.08596802
7120,0.06777954
7121,0.050628655
7122,0.032409675
7123,0.024780247
7124,0.009216309
7125,0.0029907264
7126,-0.013244607
7127,-0.0114440825
7128,-0.016937265
7129,-0.013610838
7130,-0.004913343
7131,-0.0067748884
7132,-0.0044250363
7133,-0.018127449
7134,-0.01376341
7135,-0.02822875
7136,-0.018371582
7137,-0.028625494
7138,-0.023437493
7139,-0.034851074
7140,-0.036010727
7141,-0.0501709
7142,-0.04513551
7143,-0.049621582
7144,-0.04147338
7145,-0.031890877
7146,-0.02005006
7147,-0.014221188
7148,-0.013885489
7149,-0.016937248
7150,-0.025054924
7151,-0.02371217
7152,-0.031524666
7153,-0.030395508
7154,-0.04232789
7155,-0.035797127
7156,-0.04519655
7157,-0.04626466
7158,-0.055480964
7159,-0.06091306
7160,-0.06723024
7161,-0.06298827
7162,-0.06323242
7163,-0.05456543
7164,-0.04522705
7165,-0.041351326
7166,-0.031463627
7167,-0.034210198
7168,-0.030395515
7169,-0.037078865
7170,-0.037353538
7171,-0.04232789
7172,-0.035308853
7173,-0.024749761
7174,-0.014068605
7175,-0.0007629357
7176,0.00033568777
7177,0.013763441
7178,0.016754158
7179,0.030059818
7180,0.036193863
7181,0.038696297
7182,0.032104507
7183,0.02212523
7184,0.007965088
7185,-0.005554192
7186,-0.018981919
7187,-0.03234864
7188,-0.031646725
7189,-0.035461426
7190,-0.028045658
7191,-0.034820557
7192,-0.036895756
7193,-0.044769283
7194,-0.05279541
7195,-0.05853271
7196,-0.061828613
7197,-0.059539795
7198,-0.053100582
7199,-0.041107185
7200,-0.0267334
7201,-0.013946541
7202,0.001831051
7203,0.007873536
7204,0.011352548
7205,0.014862061
7206,0.014343262
7207,0.019470222
7208,0.023803717
7209,0.019989006
7210,0.022430435
7211,0.020904534
7212,0.022125237
7213,0.020965591
7214,0.019805923
7215,0.020904548
7216,0.024169907
7217,0.028686516
7218,0.035125725
7219,0.037811287
7220,0.04504394
7221,0.058868423
7222,0.064758286
7223,0.08026123
7224,0.09201051
7225,0.10250856
7226,0.108123764
7227,0.114044175
7228,0.11697387
7229,0.12023926
7230,0.1164856
7231,0.11703492
7232,0.10910036
7233,0.10119629
7234,0.09805298
7235,0.09237671
7236,0.09051515
7237,0.084625244
7238,0.07537841
7239,0.05780029
7240,0.03552246
7241,0.01174926
7242,-0.0141906515
7243,-0.031738255
7244,-0.045562778
7245,-0.053497314
7246,-0.06622313
7247,-0.07797241
7248,-0.0942688
7249,-0.10739136
7250,-0.12744142
7251,-0.13815308
7252,-0.14785767
7253,-0.14318848
7254,-0.14315794
7255,-0.13452148
7256,-0.13104248
7257,-0.12445066
7258,-0.12390136
7259,-0.12384032
7260,-0.117462166
7261,-0.11035157
7262,-0.09020995
7263,-0.07556153
7264,-0.06042479
7265,-0.051879905
7266,-0.039367672
7267,-0.0325012
7268,-0.019500732
7269,-0.011077872
7270,0.0036926288
7271,0.0116882175
7272,0.019989014
7273,0.02645874
7274,0.027587906
7275,0.031707764
7276,0.036224343
7277,0.042297356
7278,0.04492189
7279,0.053710952
7280,0.06100467
7281,0.07113648
7282,0.07723999
7283,0.08255004
7284,0.088897705
7285,0.08874515
7286,0.09490965
7287,0.09799193
7288,0.103027344
7289,0.10928345
7290,0.11532591
7291,0.120178215
7292,0.124115005
7293,0.12490845
7294,0.12881467
7295,0.12924196
7296,0.12145996
7297,0.110076904
7298,0.09167479
7299,0.07781982
7300,0.05847167
7301,0.03445435
7302,0.013458261
7303,-0.0054626465
7304,-0.013427759
7305,-0.0187683
7306,-0.02490235
7307,-0.032775886
7308,-0.043701164
7309,-0.055328377
7310,-0.061096195
7311,-0.07244872
7312,-0.07418825
7313,-0.08822633
7314,-0.093139626
7315,-0.107940674
7316,-0.11587523
7317,-0.1227722
7318,-0.12124634
7319,-0.12094115
7320,-0.11032104
7321,-0.09963991
7322,-0.090789795
7323,-0.088592544
7324,-0.091613755
7325,-0.088653564
7326,-0.08868409
7327,-0.08422851
7328,-0.08016968
7329,-0.068847656
7330,-0.059020974
7331,-0.045562737
7332,-0.041015632
7333,-0.034393303
7334,-0.034362793
7335,-0.033142086
7336,-0.028991701
7337,-0.019622821
7338,-0.016021706
7339,-0.009551987
7340,-0.01376342
7341,-0.010986339
7342,-0.0050964355
7343,0.007934578
7344,0.016143806
7345,0.023162853
7346,0.027709953
7347,0.04052734
7348,0.049102776
7349,0.05453492
7350,0.054382302
7351,0.053009026
7352,0.046142578
7353,0.042083733
7354,0.041931137
7355,0.04238891
7356,0.04156494
7357,0.03433227
7358,0.031402595
7359,0.030487044
7360,0.02511596
7361,0.019134518
7362,0.014648421
7363,0.015075685
7364,0.023376457
7365,0.027893046
7366,0.032623313
7367,0.034454342
7368,0.041137695
7369,0.04339598
7370,0.04476928
7371,0.04162597
7372,0.0423889
7373,0.03436278
7374,0.023284914
7375,0.01190185
7376,0.0059814528
7377,0.0008239746
7378,-0.0064697526
7379,-0.011169426
7380,-0.010009769
7381,-0.0020751879
7382,-0.0028076097
7383,-0.006347649
7384,-0.014373787
7385,-0.021545425
7386,-0.033142097
7387,-0.047546394
7388,-0.07052614
7389,-0.08157347
7390,-0.09194946
7391,-0.097534165
7392,-0.101165764
7393,-0.099975586
7394,-0.09985352
7395,-0.100372314
7396,-0.10247804
7397,-0.095275894
7398,-0.08938597
7399,-0.085235566
7400,-0.07620239
7401,-0.06838991
7402,-0.057312023
7403,-0.051025383
7404,-0.04623413
7405,-0.039642327
7406,-0.026794417
7407,-0.017272934
7408,0.0019226242
7409,0.015472416
7410,0.026641857
7411,0.038177498
7412,0.0466919
7413,0.057525635
7414,0.07101441
7415,0.08691407
7416,0.09628296
7417,0.109130874
7418,0.12017823
7419,0.1343994
7420,0.1402893
7421,0.14071657
7422,0.14147949
7423,0.13272093
7424,0.12481688
7425,0.11343384
7426,0.1076355
7427,0.10040283
7428,0.10174559
7429,0.10092162
7430,0.10205078
7431,0.09765626
7432,0.08920287
7433,0.0743103
7434,0.05838014
7435,0.038879402
7436,0.022705074
7437,0.007415775
7438,-0.012939453
7439,-0.028076166
7440,-0.04193116
7441,-0.04391478
7442,-0.0479431
7443,-0.040649414
7444,-0.04000854
7445,-0.035461433
7446,-0.039062515
7447,-0.03585817
7448,-0.04110717
7449,-0.048034668
7450,-0.051025383
7451,-0.06689454
7452,-0.072052
7453,-0.07974243
7454,-0.081604004
7455,-0.080841064
7456,-0.0767822
7457,-0.0840149
7458,-0.08193969
7459,-0.085388176
7460,-0.082061775
7461,-0.07977295
7462,-0.07458498
7463,-0.06448364
7464,-0.05148314
7465,-0.034362786
7466,-0.023315413
7467,-0.008789064
7468,0.00582885
7469,0.02142334
7470,0.035614002
7471,0.048614517
7472,0.06640625
7473,0.085083015
7474,0.09606932
7475,0.105163574
7476,0.11325072
7477,0.11810304
7478,0.12741089
7479,0.13684082
7480,0.14205933
7481,0.14144897
7482,0.13726804
7483,0.12271117
7484,0.11300658
7485,0.09893799
7486,0.08670044
7487,0.069061294
7488,0.06158447
7489,0.05493161
7490,0.048919696
7491,0.053497285
7492,0.047882088
7493,0.05709838
7494,0.049560554
7495,0.048095692
7496,0.040222164
7497,0.035919197
7498,0.026031502
7499,0.01577758
7500,0.0054016225
7501,-0.012695328
7502,-0.017303443
7503,-0.03659057
7504,-0.05148315
7505,-0.060211178
7506,-0.07434082
7507,-0.08706666
7508,-0.100677475
7509,-0.11550905
7510,-0.12930298
7511,-0.13763428
7512,-0.15670776
7513,-0.18566895
7514,-0.19586179
7515,-0.21231078
7516,-0.21597289
7517,-0.22668459
7518,-0.23092653
7519,-0.24218749
7520,-0.24569704
7521,-0.24539185
7522,-0.24761964
7523,-0.23165894
7524,-0.22796631
7525,-0.21594237
7526,-0.20843504
7527,-0.17721555
7528,-0.14971925
7529,-0.11993406
7530,-0.08779909
7531,-0.06921386
7532,-0.037872322
7533,-0.014251679
7534,0.016204804
7535,0.03210448
7536,0.05792237
7537,0.08575441
7538,0.11001587
7539,0.144104
7540,0.17187503
7541,0.21343994
7542,0.23150633
7543,0.27175903
7544,0.29599
7545,0.31744385
7546,0.34823608
7547,0.35897827
7548,0.3792419
7549,0.38381958
7550,0.39920047
7551,0.403656
7552,0.41970825
7553,0.43466187
7554,0.42016602
7555,0.4327393
7556,0.40713504
7557,0.38272095
7558,0.32958984
7559,0.2687378
7560,0.20233154
7561,0.10549927
7562,0.015411362
7563,-0.08862302
7564,-0.17492682
7565,-0.27786258
7566,-0.38546744
7567,-0.49960327
7568,-0.62646484
7569,-0.71951294
7570,-0.8031006
7571,-0.8845216
7572,-0.9304503
7573,-0.9762879
7574,-0.98410034
7575,-1.0158693
7576,-1.042816
7577,-1.029602
7578,-1.0025024
7579,-0.9212036
7580,-0.8233032
7581,-0.67688
7582,-0.48562604
7583,-0.29708862
7584,-0.068237185
7585,0.13861072
7586,0.36355585
7587,0.5975037
7588,0.8079834
7589,1.0487058
7590,1.2527163
7591,1.4647524
7592,1.6348573
7593,1.7633057
7594,1.8684694
7595,1.9291382
7596,1.9978331
7597,2.0086975
7598,2.0029602
7599,1.9835813
7600,1.9119875
7601,1.790131
7602,1.5818481
7603,1.3273618
7604,1.0426941
7605,0.7283325
7606,0.39575195
7607,0.06719971
7608,-0.26239026
7609,-0.60626245
7610,-0.94210815
7611,-1.2669373
7612,-1.5693054
7613,-1.8119202
7614,-2.0149841
7615,-2.138977
7616,-2.2425232
7617,-2.3216248
7618,-2.3959048
7619,-2.4674683
7620,-2.5119019
7621,-2.525116
7622,-2.463501
7623,-2.3667603
7624,-2.2000732
7625,-2.0057983
7626,-1.7705077
7627,-1.5133058
7628,-1.2282408
7629,-0.93014514
7630,-0.62350476
7631,-0.29727185
7632,0.033569336
7633,0.35580432
7634,0.662567
7635,0.94940174
7636,1.2101747
7637,1.4461058
7638,1.6424257
7639,1.7860414
7640,1.8838806
7641,2.0029907
7642,2.086029
7643,2.1948242
7644,2.2571716
7645,2.3340454
7646,2.3813474
7647,2.3824158
7648,2.363617
7649,2.2945557
7650,2.1934817
7651,2.0567324
7652,1.8744812
7653,1.6516416
7654,1.3999329
7655,1.1366274
7656,0.8758851
7657,0.58764637
7658,0.31915295
7659,0.042297423
7660,-0.22924817
7661,-0.54879767
7662,-0.92065436
7663,-1.269226
7664,-1.6423036
7665,-1.9934998
7666,-2.3612976
7667,-2.6739807
7668,-2.9196472
7669,-3.1488953
7670,-3.2895508
7671,-3.3583374
7672,-3.3072815
7673,-3.1996155
7674,-3.0100703
7675,-2.7609253
7676,-2.4459229
7677,-2.1051025
7678,-1.7353212
7679,-1.3555298
7680,-0.950409
7681,-0.55828875
7682,-0.1617433
7683,0.19918828
7684,0.53585815
7685,0.85153186
7686,1.151001
7687,1.4385071
7688,1.7109988
7689,1.9585574
7690,2.164215
7691,2.3317566
7692,2.4252014
7693,2.5024104
7694,2.489105
7695,2.4420166
7696,2.320648
7697,2.17984
7698,1.9771729
7699,1.7532959
7700,1.5002749
7701,1.2332764
7702,0.97720337
7703,0.72494507
7704,0.51376337
7705,0.30059826
7706,0.1374205
7707,-0.029754728
7708,-0.16479486
7709,-0.27188098
7710,-0.3616943
7711,-0.43572992
7712,-0.5165405
7713,-0.57943726
7714,-0.65426636
7715,-0.7176818
7716,-0.7755126
7717,-0.83319104
7718,-0.86431885
7719,-0.8924866
7720,-0.8925477
7721,-0.8971252
7722,-0.8807678
7723,-0.88030994
7724,-0.8583373
7725,-0.8527527
7726,-0.82644653
7727,-0.7960509
7728,-0.76388556
7729,-0.7231141
7730,-0.6700745
7731,-0.614441
7732,-0.53302
7733,-0.45223993
7734,-0.35354602
7735,-0.26104742
7736,-0.16271968
7737,-0.07116702
7738,0.014770549
7739,0.096282974
7740,0.1730652
7741,0.2474671
7742,0.31457525
7743,0.3770141
7744,0.42169183
7745,0.4654541
7746,0.48834226
7747,0.5136109
7748,0.53054804
7749,0.5527954
7750,0.56143194
7751,0.58023065
7752,0.57882684
7753,0.56936634
7754,0.56008905
7755,0.5377808
7756,0.5207825
7757,0.49615467
7758,0.45913702
7759,0.42666632
7760,0.38217163
7761,0.33847052
7762,0.28344733
7763,0.23495488
7764,0.18759157
7765,0.14547725
7766,0.109619215
7767,0.06271362
7768,0.035736084
7769,-0.008453369
7770,-0.031280547
7771,-0.06866449
7772,-0.08441155
7773,-0.112029985
7774,-0.13256833
7775,-0.1427612
7776,-0.15728758
7777,-0.14947511
7778,-0.14837655
7779,-0.14431766
7780,-0.15408328
7781,-0.1539307
7782,-0.151947
7783,-0.15179443
7784,-0.14624022
7785,-0.13485715
7786,-0.11636352
7787,-0.09518431
7788,-0.07983398
7789,-0.07266236
7790,-0.06896971
7791,-0.070343
7792,-0.06683351
7793,-0.068725586
7794,-0.08261108
7795,-0.099334754
7796,-0.1257019
7797,-0.15243529
7798,-0.16754149
7799,-0.17761229
7800,-0.1747131
7801,-0.1604614
7802,-0.14480591
7803,-0.13040161
7804,-0.118774414
7805,-0.10641481
7806,-0.100097686
7807,-0.07531738
7808,-0.0553894
7809,-0.022949196
7810,0.0002746433
7811,0.03353881
7812,0.05868531
7813,0.08441162
7814,0.10925296
7815,0.13140868
7816,0.15270996
7817,0.16607666
7818,0.18353271
7819,0.19128421
7820,0.21743774
7821,0.22882079
7822,0.24313354
7823,0.2496033
7824,0.23992917
7825,0.22573853
7826,0.19586185
7827,0.17037961
7828,0.13940428
7829,0.11456297
7830,0.089874245
7831,0.06079103
7832,0.03479003
7833,0.0054626614
7834,-0.028259292
7835,-0.052459694
7836,-0.07992552
7837,-0.096374534
7838,-0.11425784
7839,-0.13195801
7840,-0.16369629
7841,-0.18576053
7842,-0.2199707
7843,-0.24398804
7844,-0.2654114
7845,-0.28253174
7846,-0.29437256
7847,-0.31103516
7848,-0.32351685
7849,-0.33181763
7850,-0.32501215
7851,-0.31781006
7852,-0.29614258
7853,-0.2699585
7854,-0.23989868
7855,-0.21057132
7856,-0.18026736
7857,-0.14733887
7858,-0.11727903
7859,-0.08538817
7860,-0.065948464
7861,-0.043823212
7862,-0.024749756
7863,0.0025024414
7864,0.036163356
7865,0.082000755
7866,0.12478636
7867,0.17279053
7868,0.21362305
7869,0.24591066
7870,0.26998898
7871,0.2877502
7872,0.2945557
7873,0.2923584
7874,0.28604126
7875,0.26675415
7876,0.24893188
7877,0.2177124
7878,0.17800903
7879,0.13735962
7880,0.09725951
7881,0.06433105
7882,0.03247069
7883,0.010894775
7884,-0.020416275
7885,-0.051177986
7886,-0.07794189
7887,-0.09585572
7888,-0.10891722
7889,-0.1156006
7890,-0.1315613
7891,-0.15042114
7892,-0.17419432
7893,-0.19436647
7894,-0.2129822
7895,-0.22531126
7896,-0.23181152
7897,-0.23583986
7898,-0.22625732
7899,-0.21096802
7900,-0.17904662
7901,-0.14981079
7902,-0.11245728
7903,-0.07534794
7904,-0.038421646
7905,-0.006744392
7906,0.018280037
7907,0.035949707
7908,0.047912624
7909,0.061187737
7910,0.07589724
7911,0.08633423
7912,0.09613035
7913,0.1044922
7914,0.11712646
7915,0.13128662
7916,0.14541627
7917,0.15634155
7918,0.15869142
7919,0.16299438
7920,0.16171266
7921,0.16275023
7922,0.15859987
7923,0.14675905
7924,0.13891603
7925,0.12677002
7926,0.11318968
7927,0.094482444
7928,0.076293945
7929,0.05313111
7930,0.031616222
7931,0.017974842
7932,0.0046997108
7933,-0.0059814453
7934,-0.0151977455
7935,-0.028686535
7936,-0.04159546
7937,-0.06372072
7938,-0.0805359
7939,-0.08712769
7940,-0.09082033
7941,-0.09020996
7942,-0.091217026
7943,-0.10107422
7944,-0.12030031
7945,-0.14251709
7946,-0.15792847
7947,-0.17098999
7948,-0.16711426
7949,-0.1480713
7950,-0.11349487
7951,-0.07406615
7952,-0.03668212
7953,-0.0065002553
7954,0.013397228
7955,0.028564446
7956,0.03765869
7957,0.05191042
7958,0.06558227
7959,0.07611083
7960,0.083862305
7961,0.087188706
7962,0.08914183
7963,0.09805296
7964,0.11151122
7965,0.12649538
7966,0.14089967
7967,0.15649414
7968,0.1630249
7969,0.15899658
7970,0.14395142
7971,0.124877915
7972,0.09869384
7973,0.073425315
7974,0.05239868
7975,0.03768921
7976,0.03192137
7977,0.029235858
7978,0.028442375
7979,0.016052239
7980,0.004760742
7981,-0.004486084
7982,-0.008361805
7983,0.00015258417
7984,0.011627201
7985,0.02896117
7986,0.041229233
7987,0.052978534
7988,0.057708718
7989,0.05007935
7990,0.03515624
7991,0.010894798
7992,-0.0028686635
7993,-0.01846315
7994,-0.030395497
7995,-0.03988649
7996,-0.050842293
7997,-0.0725403
7998,-0.0890503
7999,-0.09548951
8000,-0.09088135
8001,-0.08203124
8002,-0.07131958
8003,-0.07351683
8004,-0.082611084
8005,-0.098785415
8006,-0.114746094
8007,-0.12145997
8008,-0.12603758
8009,-0.12304687
8010,-0.12356566
8011,-0.12011718
8012,-0.11483763
8013,-0.09899901
8014,-0.076263435
8015,-0.0499878
8016,-0.02603148
8017,-0.004394532
8018,0.010803239
8019,0.017028818
8020,0.012725839
8021,0.0008544922
8022,-0.009460447
8023,-0.021453861
8024,-0.024414059
8025,-0.02270507
8026,-0.016601559
8027,-0.008361831
8028,-0.001342766
8029,0.006195072
8030,0.011962879
8031,0.01974487
8032,0.024047859
8033,0.027130134
8034,0.03015136
8035,0.027404808
8036,0.02447509
8037,0.022644043
8038,0.024047848
8039,0.02319336
8040,0.023254378
8041,0.023437522
8042,0.01870727
8043,0.012359612
8044,0.0021667555
8045,-0.006469719
8046,-0.019073475
8047,-0.025177006
8048,-0.028472893
8049,-0.034729008
8050,-0.03512574
8051,-0.03640748
8052,-0.028900154
8053,-0.02416993
8054,-0.016296372
8055,-0.0140686035
8056,-0.009735115
8057,-0.007598866
8058,-0.0058288723
8059,-0.0011291504
8060,0.008575425
8061,0.019927964
8062,0.033233657
8063,0.05117799
8064,0.06796263
8065,0.085998535
8066,0.10162353
8067,0.11471559
8068,0.124938935
8069,0.13232423
8070,0.13772583
8071,0.14019775
8072,0.13928226
8073,0.14111328
8074,0.13946533
8075,0.13961792
8076,0.14166258
8077,0.13351442
8078,0.12429807
8079,0.107543945
8080,0.08798216
8081,0.06750488
8082,0.047698975
8083,0.026855461
8084,0.008483883
8085,-0.014709484
8086,-0.035247818
8087,-0.05410769
8088,-0.0679016
8089,-0.07489014
8090,-0.08248901
8091,-0.08569335
8092,-0.089263916
8093,-0.087371826
8094,-0.081939705
8095,-0.07653807
8096,-0.07385255
8097,-0.0636597
8098,-0.053649895
8099,-0.039276112
8100,-0.024230942
8101,-0.010498051
8102,-0.005523704
8103,-0.002044674
8104,-0.002227772
8105,-0.0018005371
8106,0.0017395131
8107,0.0007629171
8108,-0.0021057203
8109,-0.0066833533
8110,-0.010589592
8111,-0.013702403
8112,-0.0099792695
8113,0.0013122582
8114,0.013671881
8115,0.026855469
8116,0.035888687
8117,0.039733894
8118,0.03707885
8119,0.03805543
8120,0.03457641
8121,0.03564453
8122,0.03036499
8123,0.028900132
8124,0.023681656
8125,0.019836437
8126,0.018280014
8127,0.008209243
8128,-0.0010070838
8129,-0.010894775
8130,-0.024810784
8131,-0.03619384
8132,-0.049896225
8133,-0.06555178
8134,-0.08395385
8135,-0.101043716
8136,-0.11129761
8137,-0.12454222
8138,-0.13223264
8139,-0.14590454
8140,-0.15737915
8141,-0.16732788
8142,-0.1710205
8143,-0.17745972
8144,-0.17962646
8145,-0.18145752
8146,-0.18087769
8147,-0.17230223
8148,-0.16183469
8149,-0.14553833
8150,-0.12454224
8151,-0.09692381
8152,-0.10073853
8153,-0.18417358
8154,-0.3070374
8155,-0.38684076
8156,-0.42590326
8157,-0.37512195
8158,-0.34500116
8159,-0.4356385
8160,-0.38424677
8161,-0.060394287
8162,0.32351676
8163,0.6183776
8164,0.7964477
8165,0.7945558
8166,0.6882325
8167,0.5718691
8168,0.39346313
8169,0.098358035
8170,-0.019897342
8171,0.1870727
8172,0.5478209
8173,0.9671935
8174,1.3240662
8175,1.4369507
8176,1.3658142
8177,1.1540222
8178,0.9104309
8179,0.7241515
8180,0.48651123
8181,0.16461176
8182,-0.14065544
8183,-0.36425784
8184,-0.5131836
8185,-0.5567322
8186,-0.53518677
8187,-0.499817
8188,-0.4250488
8189,-0.3192138
8190,-0.32666025
8191,-0.52551264
8192,-0.77932733
8193,-0.99041754
8194,-1.1182556
8195,-1.1217957
8196,-1.0386659
8197,-0.9208681
8198,-0.7700196
8199,-0.573761
8200,-0.46926883
8201,-0.5722655
8202,-0.71188354
8203,-0.8103333
8204,-0.836029
8205,-0.77352905
8206,-0.6484071
8207,-0.5234071
8208,-0.40621957
8209,-0.24285893
8210,-0.16296381
8211,-0.24014278
8212,-0.35681152
8213,-0.51763916
8214,-0.6744691
8215,-0.705841
8216,-0.6260375
8217,-0.41415402
8218,-0.21337879
8219,-0.13385001
8220,0.05532846
8221,0.49725333
8222,1.0163268
8223,1.5426025
8224,1.9783326
8225,2.1558838
8226,2.1643372
8227,2.0466614
8228,1.9214784
8229,1.8767089
8230,1.791626
8231,1.6071166
8232,1.3883057
8233,1.1874084
8234,1.042267
8235,0.98535156
8236,0.92297375
8237,0.8444213
8238,0.77847296
8239,0.75698847
8240,0.6413267
8241,0.37362683
8242,0.018676862
8243,-0.35308832
8244,-0.65924084
8245,-0.8133849
8246,-0.90234375
8247,-0.9185181
8248,-0.8848268
8249,-0.83355707
8250,-0.7889404
8251,-0.76379395
8252,-0.78286743
8253,-0.8255004
8254,-0.8730164
8255,-0.9062195
8256,-0.9164125
8257,-0.9298097
8258,-0.9469607
8259,-0.94586194
8260,-0.90048194
8261,-0.85324097
8262,-0.77227783
8263,-0.67807007
8264,-0.58636487
8265,-0.5287477
8266,-0.47894284
8267,-0.45965576
8268,-0.46118164
8269,-0.4608764
8270,-0.45651248
8271,-0.41052252
8272,-0.33807367
8273,-0.24835202
8274,-0.17840576
8275,-0.12203982
8276,-0.05685424
8277,0.022613555
8278,0.13378915
8279,0.26226825
8280,0.3901673
8281,0.50808704
8282,0.58544916
8283,0.63424677
8284,0.6550295
8285,0.6689148
8286,0.68762213
8287,0.6967163
8288,0.69927984
8289,0.6921996
8290,0.6810607
8291,0.65802014
8292,0.618042
8293,0.55374146
8294,0.5028686
8295,0.4645387
8296,0.38885498
8297,0.3078614
8298,0.21298213
8299,0.11569214
8300,0.02511593
8301,-0.054962143
8302,-0.12326044
8303,-0.18106078
8304,-0.23962396
8305,-0.2976685
8306,-0.33175668
8307,-0.36257932
8308,-0.37960827
8309,-0.38934326
8310,-0.3861388
8311,-0.37442023
8312,-0.3518982
8313,-0.31954953
8314,-0.28521734
8315,-0.25961316
8316,-0.21856691
8317,-0.18875128
8318,-0.15914911
8319,-0.13516232
8320,-0.113830596
8321,-0.09692383
8322,-0.081512436
8323,-0.06555179
8324,-0.04486084
8325,-0.025512667
8326,-0.004516568
8327,0.011199981
8328,0.026123062
8329,0.045257583
8330,0.0634155
8331,0.08264159
8332,0.102386445
8333,0.11734009
8334,0.12567143
8335,0.13058476
8336,0.13424683
8337,0.1388245
8338,0.14279175
8339,0.15463255
8340,0.16128542
8341,0.17370605
8342,0.19171141
8343,0.20489505
8344,0.2119751
8345,0.2131653
8346,0.20840454
8347,0.20535277
8348,0.19921876
8349,0.18936157
8350,0.17745973
8351,0.16616823
8352,0.15203857
8353,0.1307373
8354,0.10876465
8355,0.08712768
8356,0.06652831
8357,0.048797604
8358,0.034301773
8359,0.017608657
8360,0.004333494
8361,-0.011260973
8362,-0.024688728
8363,-0.035614043
8364,-0.04086303
8365,-0.046386726
8366,-0.052215587
8367,-0.06143187
8368,-0.06793213
8369,-0.077178955
8370,-0.07928468
8371,-0.08697509
8372,-0.0914917
8373,-0.08895873
8374,-0.08129883
8375,-0.06814575
8376,-0.059448253
8377,-0.049835205
8378,-0.0470581
8379,-0.044799805
8380,-0.0452881
8381,-0.051452633
8382,-0.063964844
8383,-0.075103745
8384,-0.09039307
8385,-0.10223388
8386,-0.11029052
8387,-0.11938477
8388,-0.12789918
8389,-0.12930298
8390,-0.13885498
8391,-0.14398192
8392,-0.14947511
8393,-0.15844724
8394,-0.16763306
8395,-0.18069457
8396,-0.19329831
8397,-0.20462036
8398,-0.21356203
8399,-0.22348021
8400,-0.22839358
8401,-0.22732545
8402,-0.22241211
8403,-0.21197508
8404,-0.19592288
8405,-0.17456055
8406,-0.15255739
8407,-0.12838747
8408,-0.103240944
8409,-0.08239743
8410,-0.0656433
8411,-0.04916382
8412,-0.040710464
8413,-0.0298462
8414,-0.015380859
8415,-9.15518e-05
8416,0.015167244
8417,0.024230972
8418,0.04290772
8419,0.060302734
8420,0.08493043
8421,0.107818596
8422,0.12808228
8423,0.14700317
8424,0.16464235
8425,0.18020631
8426,0.19378659
8427,0.20574953
8428,0.21713258
8429,0.22860715
8430,0.23660278
8431,0.23901367
8432,0.23782349
8433,0.23345947
8434,0.2239685
8435,0.21606445
8436,0.20373535
8437,0.19403075
8438,0.1774292
8439,0.16024783
8440,0.13394167
8441,0.11230469
8442,0.08700562
8443,0.06604005
8444,0.044555657
8445,0.023620628
8446,0.008758568
8447,-0.006622342
8448,-0.017303472
8449,-0.03182984
8450,-0.044281006
8451,-0.052642807
8452,-0.05895996
8453,-0.060638443
8454,-0.06726074
8455,-0.07568361
8456,-0.0803833
8457,-0.08370973
8458,-0.082855225
8459,-0.0798645
8460,-0.07330322
8461,-0.06738283
8462,-0.061187744
8463,-0.050872788
8464,-0.042602554
8465,-0.030761713
8466,-0.023223875
8467,-0.013671866
8468,-0.003509527
8469,0.008331295
8470,0.019226085
8471,0.028930664
8472,0.037475593
8473,0.04260254
8474,0.046875
8475,0.04702758
8476,0.044403084
8477,0.043243404
8478,0.0449524
8479,0.046752922
8480,0.05380248
8481,0.060455326
8482,0.06912231
8483,0.07064818
8484,0.06570436
8485,0.057250984
8486,0.050567612
8487,0.04553223
8488,0.038299564
8489,0.032745354
8490,0.02670288
8491,0.016693104
8492,0.006591797
8493,-0.007751465
8494,-0.021209732
8495,-0.034057617
8496,-0.048126213
8497,-0.05941774
8498,-0.07522583
8499,-0.08813475
8500,-0.097045906
8501,-0.09906007
8502,-0.09777833
8503,-0.092071526
8504,-0.08514404
8505,-0.080291755
8506,-0.07485962
8507,-0.07116699
8508,-0.063964844
8509,-0.053955078
8510,-0.041870125
8511,-0.033935547
8512,-0.025848387
8513,-0.017456055
8514,-0.012756344
8515,-0.0113830585
8516,-0.011047365
8517,-0.011627197
8518,-0.011810304
8519,-0.0069275033
8520,-0.0057983324
8521,-0.006347645
8522,-0.008911129
8523,-0.01290893
8524,-0.011901867
8525,-0.009582525
8526,-0.009338386
8527,-0.0088195745
8528,-0.017089847
8529,-0.026794445
8530,-0.038085926
8531,-0.04122924
8532,-0.04144287
8533,-0.037963863
8534,-0.035522472
8535,-0.028167728
8536,-0.023345955
8537,-0.016052237
8538,-0.0061645545
8539,1.8626451e-09
8540,0.0043945312
8541,0.0055236816
8542,0.0054626493
8543,0.0043945257
8544,0.004821782
8545,0.0029602088
8546,0.0018005371
8547,0.0003051702
8548,-0.0017089769
8549,-0.0008544829
8550,0.00238036
8551,0.009613026
8552,0.017456044
8553,0.028625485
8554,0.041564945
8555,0.05249024
8556,0.0602417
8557,0.065216064
8558,0.06417847
8559,0.060729988
8560,0.055877686
8561,0.05130005
8562,0.048706047
8563,0.05029297
8564,0.050567634
8565,0.051422127
8566,0.049835205
8567,0.05480957
8568,0.06112671
8569,0.06973267
8570,0.07733154
8571,0.07751465
8572,0.07345582
8573,0.06088257
8574,0.048187263
8575,0.03463745
8576,0.022705086
8577,0.010528557
8578,-0.0055236854
8579,-0.019897472
8580,-0.030609127
8581,-0.03613281
8582,-0.038330078
8583,-0.04287719
8584,-0.042297374
8585,-0.03561402
8586,-0.023620605
8587,-0.011505121
8588,0.00076293945
8589,0.0073852614
8590,0.01077269
8591,0.0144653395
8592,0.021484368
8593,0.029022217
8594,0.037872307
8595,0.047515854
8596,0.05593873
8597,0.0663452
8598,0.08190918
8599,0.09872439
8600,0.113708474
8601,0.1254578
8602,0.13107298
8603,0.13269044
8604,0.13214111
8605,0.12869263
8606,0.123474136
8607,0.11190795
8608,0.095184326
8609,0.07385254
8610,0.05117798
8611,0.029876715
8612,0.011260981
8613,-0.003662087
8614,-0.01828001
8615,-0.02996825
8616,-0.041687023
8617,-0.0545349
8618,-0.07003784
8619,-0.08767702
8620,-0.10620115
8621,-0.12322998
8622,-0.13900754
8623,-0.14892577
8624,-0.15713498
8625,-0.15625
8626,-0.15557861
8627,-0.15289307
8628,-0.1529541
8629,-0.15261844
8630,-0.15142821
8631,-0.14627075
8632,-0.14306638
8633,-0.14041136
8634,-0.13104248
8635,-0.12127684
8636,-0.11169432
8637,-0.106658936
8638,-0.105834976
8639,-0.109985374
8640,-0.11343385
8641,-0.11596682
8642,-0.11270142
8643,-0.10784912
8644,-0.09844972
8645,-0.08779907
8646,-0.06896972
8647,-0.0447693
8648,-0.013031019
8649,0.0164795
8650,0.043365467
8651,0.05999756
8652,0.07342528
8653,0.08044432
8654,0.08471678
8655,0.083557114
8656,0.08026123
8657,0.075866684
8658,0.07031251
8659,0.065246604
8660,0.057769775
8661,0.050537135
8662,0.035034172
8663,0.016357437
8664,-0.002532944
8665,-0.023437485
8666,-0.040466294
8667,-0.056640625
8668,-0.067932114
8669,-0.080139145
8670,-0.09146117
8671,-0.09881592
8672,-0.10861205
8673,-0.11508177
8674,-0.12313841
8675,-0.13238525
8676,-0.13244629
8677,-0.13211061
8678,-0.12268066
8679,-0.10809326
8680,-0.08761594
8681,-0.06427002
8682,-0.041503903
8683,-0.01837157
8684,0.0051879995
8685,0.023834229
8686,0.039093018
8687,0.05349733
8688,0.06613159
8689,0.07937622
8690,0.0948181
8691,0.11007689
8692,0.13006592
8693,0.14480591
8694,0.159729
8695,0.1695862
8696,0.17117308
8697,0.1725769
8698,0.17080685
8699,0.17092896
8700,0.169281
8701,0.16708371
8702,0.17120363
8703,0.17395017
8704,0.17593384
8705,0.1705017
8706,0.16299437
8707,0.160553
8708,0.1550598
8709,0.15115358
8710,0.13995361
8711,0.1234436
8712,0.108337425
8713,0.093719475
8714,0.076202385
8715,0.06317137
8716,0.048980717
8717,0.03344728
8718,0.017120358
8719,-6.1021186e-05
8720,-0.015960699
8721,-0.029998763
8722,-0.04541015
8723,-0.0585327
8724,-0.07379149
8725,-0.08386229
8726,-0.089080796
8727,-0.09359743
8728,-0.09432981
8729,-0.09188843
8730,-0.08590697
8731,-0.08050538
8732,-0.07638551
8733,-0.0677185
8734,-0.056945816
8735,-0.053588875
8736,-0.059143048
8737,-0.06597901
8738,-0.075256355
8739,-0.08526612
8740,-0.08636476
8741,-0.08035278
8742,-0.06741332
8743,-0.050445557
8744,-0.03005981
8745,-0.018768294
8746,-0.022064205
8747,-0.027282715
8748,-0.042266857
8749,-0.057708748
8750,-0.06552126
8751,-0.05651856
8752,-0.038787834
8753,-0.014740013
8754,0.006286621
8755,0.02508545
8756,0.044006336
8757,0.059661865
8758,0.071014404
8759,0.07827759
8760,0.071960464
8761,0.059814453
8762,0.040832527
8763,0.023437496
8764,0.0028076004
8765,-0.012237562
8766,-0.019012446
8767,-0.027648922
8768,-0.027832018
8769,-0.026947
8770,-0.026031494
8771,-0.031799324
8772,-0.044189453
8773,-0.058990475
8774,-0.07949829
8775,-0.09088135
8776,-0.09420775
8777,-0.09558107
8778,-0.08682248
8779,-0.07507324
8780,-0.060333252
8781,-0.048614517
8782,-0.041442867
8783,-0.03494263
8784,-0.032104492
8785,-0.021789553
8786,-0.011352539
8787,-0.005096438
8788,0.0011596791
8789,0.011962878
8790,0.019714354
8791,0.025054924
8792,0.02679444
8793,0.02423097
8794,0.028533932
8795,0.023956303
8796,0.011016846
8797,0.00070190616
8798,-0.0151062235
8799,-0.030364992
8800,-0.03851319
8801,-0.03643798
8802,-0.025909426
8803,-0.014892574
8804,-0.0030212551
8805,0.006195072
8806,0.017303456
8807,0.027740493
8808,0.038207997
8809,0.0473938
8810,0.05139161
8811,0.050018318
8812,0.048980705
8813,0.047058117
8814,0.048614487
8815,0.059478756
8816,0.080657944
8817,0.10211184
8818,0.12506102
8819,0.1466675
8820,0.1659546
8821,0.17590332
8822,0.1857605
8823,0.19015503
8824,0.19293213
8825,0.19772339
8826,0.20080566
8827,0.207489
8828,0.21539307
8829,0.2242737
8830,0.23464969
8831,0.24014279
8832,0.23852539
8833,0.23532106
8834,0.23181155
8835,0.22540282
8836,0.20837405
8837,0.19793701
8838,0.186615
8839,0.16476442
8840,0.12783815
8841,0.06869504
8842,0.0052795634
8843,-0.06695555
8844,-0.14150998
8845,-0.22302246
8846,-0.30801386
8847,-0.40377796
8848,-0.50753796
8849,-0.6141968
8850,-0.726776
8851,-0.83236694
8852,-0.9055483
8853,-0.96160877
8854,-1.0070192
8855,-1.0397035
8856,-1.0485532
8857,-1.0688477
8858,-1.0881348
8859,-1.0705568
8860,-1.0130919
8861,-0.9032898
8862,-0.7576601
8863,-0.57849103
8864,-0.3717348
8865,-0.14273071
8866,0.100097835
8867,0.34439087
8868,0.590149
8869,0.8534546
8870,1.127594
8871,1.3941953
8872,1.6174622
8873,1.7956543
8874,1.9397888
8875,2.0451355
8876,2.077118
8877,2.0997012
8878,2.106598
8879,2.0825198
8880,2.0371094
8881,1.9733579
8882,1.860199
8883,1.6941833
8884,1.4865417
8885,1.2213745
8886,0.8742677
8887,0.5323182
8888,0.1918335
8889,-0.1743164
8890,-0.53771985
8891,-0.8807373
8892,-1.1998596
8893,-1.4877627
8894,-1.7338866
8895,-1.9433289
8896,-2.1064758
8897,-2.1978452
8898,-2.2277222
8899,-2.239441
8900,-2.2530823
8901,-2.2740479
8902,-2.2740784
8903,-2.2463686
8904,-2.2064514
8905,-2.1280212
8906,-1.994873
8907,-1.8500059
8908,-1.684143
8909,-1.4773865
8910,-1.2336425
8911,-0.94354236
8912,-0.6123047
8913,-0.24987781
8914,0.111816406
8915,0.45285022
8916,0.79010004
8917,1.0671079
8918,1.2886964
8919,1.4870298
8920,1.6589663
8921,1.7999574
8922,1.9093019
8923,1.9963074
8924,2.0711975
8925,2.158295
8926,2.2538452
8927,2.3298035
8928,2.3840332
8929,2.4023132
8930,2.3771973
8931,2.302673
8932,2.1521912
8933,1.9439391
8934,1.6992491
8935,1.4130554
8936,1.0783997
8937,0.733307
8938,0.38592535
8939,0.023071349
8940,-0.34069848
8941,-0.67483515
8942,-0.9760131
8943,-1.266449
8944,-1.5507812
8945,-1.8225404
8946,-2.0660095
8947,-2.3010254
8948,-2.5234985
8949,-2.7429204
8950,-2.9528809
8951,-3.1495361
8952,-3.3013
8953,-3.3752446
8954,-3.3688354
8955,-3.25885
8956,-3.0316772
8957,-2.7164304
8958,-2.320282
8959,-1.8440549
8960,-1.3131105
8961,-0.7621461
8962,-0.20577985
8963,0.33667013
8964,0.8385315
8965,1.2782286
8966,1.6517026
8967,1.9473877
8968,2.1651917
8969,2.3307493
8970,2.446991
8971,2.5185242
8972,2.5491638
8973,2.5487976
8974,2.5189514
8975,2.4637756
8976,2.3840637
8977,2.2738037
8978,2.1306763
8979,1.9522096
8980,1.7524414
8981,1.5209349
8982,1.2695616
8983,1.0056456
8984,0.74646
8985,0.49905413
8986,0.26828018
8987,0.060363673
8988,-0.12506096
8989,-0.2977293
8990,-0.45611575
8991,-0.58740234
8992,-0.7027893
8993,-0.8087158
8994,-0.90820324
8995,-0.99276733
8996,-1.0645752
8997,-1.1279907
8998,-1.1898195
8999,-1.2406923
9000,-1.2877197
9001,-1.3251952
9002,-1.3426208
9003,-1.3338623
9004,-1.3057555
9005,-1.2565919
9006,-1.1876832
9007,-1.0958252
9008,-0.9885558
9009,-0.86807245
9010,-0.74133295
9011,-0.616516
9012,-0.48983753
9013,-0.36041248
9014,-0.22760007
9015,-0.09445193
9016,0.03421022
9017,0.15487656
9018,0.26800543
9019,0.37408453
9020,0.46844494
9021,0.54928577
9022,0.6166991
9023,0.66656506
9024,0.69686884
9025,0.70861804
9026,0.70681757
9027,0.6940003
9028,0.6779479
9029,0.6609496
9030,0.65039057
9031,0.63482654
9032,0.61663806
9033,0.5929259
9034,0.56369025
9035,0.5198976
9036,0.47570807
9037,0.4274292
9038,0.38076788
9039,0.3318788
9040,0.28875732
9041,0.24649055
9042,0.20269781
9043,0.15487672
9044,0.10995479
9045,0.06695557
9046,0.023925766
9047,-0.019744933
9048,-0.0596008
9049,-0.10021971
9050,-0.13571158
9051,-0.16430658
9052,-0.18447873
9053,-0.1971435
9054,-0.20678712
9055,-0.20889284
9056,-0.21020512
9057,-0.21185303
9058,-0.21392825
9059,-0.2146302
9060,-0.21841428
9061,-0.21801758
9062,-0.21401978
9063,-0.20153809
9064,-0.17779541
9065,-0.14620975
9066,-0.1108093
9067,-0.07730104
9068,-0.044372573
9069,-0.012878403
9070,0.010528563
9071,0.028411873
9072,0.0373535
9073,0.041198723
9074,0.041717537
9075,0.033599876
9076,0.02105711
9077,0.009765617
9078,0.006439211
9079,0.010040272
9080,0.020629883
9081,0.027496345
9082,0.02880859
9083,0.030517586
9084,0.030914314
9085,0.030273434
9086,0.024932854
9087,0.022338882
9088,0.018188499
9089,0.015136711
9090,0.014953624
9091,0.017486565
9092,0.028564457
9093,0.04519654
9094,0.06927492
9095,0.09603879
9096,0.11968994
9097,0.13983154
9098,0.14892578
9099,0.14514163
9100,0.13354494
9101,0.11480713
9102,0.09793089
9103,0.0797119
9104,0.06185913
9105,0.044494644
9106,0.022125265
9107,-0.0045776293
9108,-0.031311035
9109,-0.055419937
9110,-0.073730476
9111,-0.088714615
9112,-0.0944214
9113,-0.0937195
9114,-0.08538817
9115,-0.07785034
9116,-0.07183837
9117,-0.07098388
9118,-0.07397461
9119,-0.079956055
9120,-0.086822525
9121,-0.09503174
9122,-0.09954833
9123,-0.10385132
9124,-0.10583496
9125,-0.10632324
9126,-0.09487915
9127,-0.072265625
9128,-0.04345703
9129,-0.015686028
9130,0.01040649
9131,0.032165535
9132,0.041931167
9133,0.048278805
9134,0.044708252
9135,0.03665161
9136,0.02545166
9137,0.012634285
9138,0.009796143
9139,0.012908947
9140,0.020507814
9141,0.034027092
9142,0.040802013
9143,0.0440979
9144,0.041473404
9145,0.039825425
9146,0.035247788
9147,0.020233162
9148,0.003479004
9149,-0.024475098
9150,-0.06414793
9151,-0.10455324
9152,-0.1373291
9153,-0.1668396
9154,-0.19085693
9155,-0.2090149
9156,-0.22091678
9157,-0.22195435
9158,-0.21661377
9159,-0.20056152
9160,-0.17794797
9161,-0.15597534
9162,-0.13665774
9163,-0.12341309
9164,-0.114746094
9165,-0.11795044
9166,-0.12768555
9167,-0.14138794
9168,-0.15624999
9169,-0.16171266
9170,-0.15744019
9171,-0.14227295
9172,-0.12155152
9173,-0.09683229
9174,-0.06854249
9175,-0.03967285
9176,-0.002471909
9177,0.038543686
9178,0.076599106
9179,0.10739134
9180,0.13500977
9181,0.16067503
9182,0.17861941
9183,0.1911316
9184,0.1995239
9185,0.21350098
9186,0.22915651
9187,0.26068115
9188,0.28833008
9189,0.3151245
9190,0.33370972
9191,0.34555054
9192,0.34841922
9193,0.34207153
9194,0.32791138
9195,0.31115723
9196,0.28710938
9197,0.25357056
9198,0.21276855
9199,0.16809082
9200,0.117218025
9201,0.07290651
9202,0.03585816
9203,0.0036621168
9204,-0.024414059
9205,-0.04861451
9206,-0.07156373
9207,-0.09124757
9208,-0.10656739
9209,-0.12799074
9210,-0.1467285
9211,-0.16757202
9212,-0.18344116
9213,-0.19842526
9214,-0.21533203
9215,-0.22891237
9216,-0.24172974
9217,-0.24310303
9218,-0.23916623
9219,-0.22555542
9220,-0.2075195
9221,-0.18963622
9222,-0.16815186
9223,-0.15261842
9224,-0.14208984
9225,-0.1411438
9226,-0.14459227
9227,-0.15371706
9228,-0.16546631
9229,-0.1678772
9230,-0.15734865
9231,-0.13116457
9232,-0.09643555
9233,-0.061157264
9234,-0.023254389
9235,0.010467544
9236,0.043518078
9237,0.078002915
9238,0.10845944
9239,0.13900758
9240,0.16104124
9241,0.1760864
9242,0.18511963
9243,0.18771364
9244,0.18493651
9245,0.18444824
9246,0.17608643
9247,0.16476442
9248,0.14633179
9249,0.12521364
9250,0.09979249
9251,0.07354738
9252,0.053497322
9253,0.044006363
9254,0.041992188
9255,0.041137718
9256,0.039611813
9257,0.02532957
9258,0.0037841871
9259,-0.026367184
9260,-0.05538941
9261,-0.08154296
9262,-0.100585945
9263,-0.10910034
9264,-0.1156311
9265,-0.11831665
9266,-0.11972046
9267,-0.121185295
9268,-0.11206056
9269,-0.09829713
9270,-0.07812499
9271,-0.05697631
9272,-0.042816162
9273,-0.035980217
9274,-0.04046631
9275,-0.048889164
9276,-0.058746345
9277,-0.06436156
9278,-0.06430054
9279,-0.053527832
9280,-0.03930664
9281,-0.024841322
9282,-0.010284424
9283,-0.0002441546
9284,0.008483895
9285,0.017883312
9286,0.03610231
9287,0.05551147
9288,0.0715332
9289,0.08575441
9290,0.0930786
9291,0.09628295
9292,0.101074204
9293,0.102630615
9294,0.10235595
9295,0.09835816
9296,0.09136963
9297,0.07791138
9298,0.066040054
9299,0.058105476
9300,0.04879759
9301,0.041351322
9302,0.032958973
9303,0.026763923
9304,0.021179188
9305,0.014953621
9306,0.010528553
9307,0.0019531213
9308,-0.014465332
9309,-0.033721913
9310,-0.054992672
9311,-0.07772826
9312,-0.10031127
9313,-0.107666
9314,-0.10620117
9315,-0.10174559
9316,-0.093109146
9317,-0.08627318
9318,-0.088378906
9319,-0.09204101
9320,-0.08975218
9321,-0.08428955
9322,-0.08166501
9323,-0.08303833
9324,-0.083099365
9325,-0.08218382
9326,-0.084136955
9327,-0.08325196
9328,-0.07974245
9329,-0.071716316
9330,-0.05874633
9331,-0.041046143
9332,-0.02114867
9333,-0.012969978
9334,-0.012939457
9335,-0.02218628
9336,-0.030517563
9337,-0.029022235
9338,-0.018066416
9339,-0.005310065
9340,0.0035095215
9341,0.00878907
9342,0.021667477
9343,0.039886475
9344,0.05236818
9345,0.064453125
9346,0.07846069
9347,0.089141846
9348,0.10403444
9349,0.11468506
9350,0.12188719
9351,0.122436516
9352,0.12231445
9353,0.12829588
9354,0.13174438
9355,0.12860107
9356,0.12463379
9357,0.11645506
9358,0.10726928
9359,0.09991456
9360,0.09817505
9361,0.10186769
9362,0.10260011
9363,0.107788086
9364,0.1113281
9365,0.108886726
9366,0.110534646
9367,0.11221315
9368,0.11123655
9369,0.108428985
9370,0.1133728
9371,0.11181642
9372,0.10638429
9373,0.10018923
9374,0.09378052
9375,0.09509277
9376,0.09890746
9377,0.10562137
9378,0.114044175
9379,0.12069704
9380,0.12002564
9381,0.10549925
9382,0.0873413
9383,0.053009026
9384,0.031463623
9385,0.01727293
9386,0.00033571944
9387,-0.010070797
9388,-0.0055542067
9389,0.003723137
9390,0.003967304
9391,0.006225586
9392,0.009246808
9393,0.0018310398
9394,-0.0060424656
9395,-0.010101337
9396,-0.014129631
9397,-0.019561771
9398,-0.021942131
9399,-0.030853294
9400,-0.04806519
9401,-0.05801393
9402,-0.06777954
9403,-0.07073973
9404,-0.07949828
9405,-0.089935325
9406,-0.09991455
9407,-0.111938484
9408,-0.12927246
9409,-0.15554811
9410,-0.17684937
9411,-0.18942259
9412,-0.20285034
9413,-0.20770264
9414,-0.20495608
9415,-0.19680786
9416,-0.18750001
9417,-0.17889406
9418,-0.18493654
9419,-0.19662474
9420,-0.20407106
9421,-0.21295162
9422,-0.22415163
9423,-0.23150635
9424,-0.23171999
9425,-0.2276306
9426,-0.23617555
9427,-0.26678467
9428,-0.3212891
9429,-0.40319827
9430,-0.45761102
9431,-0.47726429
9432,-0.5377502
9433,-0.4900817
9434,-0.5793457
9435,-0.6678772
9436,-0.44183344
9437,-0.058898926
9438,0.29727164
9439,0.6066283
9440,0.73645025
9441,0.7212831
9442,0.58578503
9443,0.50564593
9444,0.31555182
9445,0.14535528
9446,0.32818604
9447,0.726471
9448,1.1395873
9449,1.5191956
9450,1.6696472
9451,1.61203
9452,1.4838562
9453,1.2477722
9454,1.088379
9455,0.9327394
9456,0.64907825
9457,0.3106079
9458,0.012023985
9459,-0.2592468
9460,-0.43795785
9461,-0.5113526
9462,-0.50177014
9463,-0.5072939
9464,-0.47476205
9465,-0.48736578
9466,-0.6873475
9467,-0.97805804
9468,-1.235443
9469,-1.4196777
9470,-1.4661561
9471,-1.4133301
9472,-1.2708741
9473,-1.1445314
9474,-0.94717425
9475,-0.75924695
9476,-0.7428589
9477,-0.79364014
9478,-0.8325195
9479,-0.8363952
9480,-0.7631531
9481,-0.664093
9482,-0.54455566
9483,-0.4775391
9484,-0.35568243
9485,-0.22668464
9486,-0.24407949
9487,-0.34869373
9488,-0.47296143
9489,-0.6000366
9490,-0.61557
9491,-0.5139159
9492,-0.4278258
9493,-0.22711173
9494,-0.1952515
9495,-0.18450916
9496,0.15219116
9497,0.6667787
9498,1.1781309
9499,1.6785889
9500,1.997406
9501,2.1373596
9502,2.217682
9503,2.1804504
9504,2.2205505
9505,2.2761536
9506,2.171692
9507,1.9911807
9508,1.8091125
9509,1.604767
9510,1.4386292
9511,1.3230895
9512,1.2484437
9513,1.1346436
9514,1.0603639
9515,0.9565124
9516,0.6561891
9517,0.22253406
9518,-0.22015359
9519,-0.6291199
9520,-0.9092408
9521,-1.0498047
9522,-1.1127319
9523,-1.1120301
9524,-1.0875244
9525,-1.0563965
9526,-1.0649414
9527,-1.099762
9528,-1.1463014
9529,-1.1789856
9530,-1.1922302
9531,-1.2044067
9532,-1.2037352
9533,-1.1939086
9534,-1.158905
9535,-1.08786
9536,-0.9782715
9537,-0.8335264
9538,-0.6965639
9539,-0.5813598
9540,-0.50817883
9541,-0.48504633
9542,-0.49841312
9543,-0.5100403
9544,-0.50796497
9545,-0.48239124
9546,-0.43197638
9547,-0.38363647
9548,-0.3294983
9549,-0.2721253
9550,-0.19036865
9551,-0.09082025
9552,0.0321654
9553,0.15274034
9554,0.2646789
9555,0.36166382
9556,0.43756098
9557,0.50393677
9558,0.57342523
9559,0.6402588
9560,0.711853
9561,0.78277576
9562,0.8539429
9563,0.9131775
9564,0.96606433
9565,1.003784
9566,1.0211794
9567,1.0073851
9568,0.9793093
9569,0.93054205
9570,0.8498841
9571,0.74810797
9572,0.62854004
9573,0.502594
9574,0.37969977
9575,0.2629699
9576,0.14276129
9577,0.019073457
9578,-0.09109491
9579,-0.18014522
9580,-0.25793454
9581,-0.32070923
9582,-0.37020874
9583,-0.4089051
9584,-0.4482423
9585,-0.48236078
9586,-0.5092468
9587,-0.5194091
9588,-0.5291139
9589,-0.5342711
9590,-0.5348206
9591,-0.52194214
9592,-0.49945068
9593,-0.4710998
9594,-0.44110107
9595,-0.40896603
9596,-0.36697394
9597,-0.3200684
9598,-0.27438354
9599,-0.22824106
9600,-0.18087766
9601,-0.13586426
9602,-0.099151686
9603,-0.06192027
9604,-0.033264205
9605,-0.012115575
9606,0.004943885
9607,0.02075196
9608,0.04559336
9609,0.06555179
9610,0.08087161
9611,0.08840944
9612,0.095764145
9613,0.095855676
9614,0.09582518
9615,0.098602235
9616,0.11016848
9617,0.121307366
9618,0.1412659
9619,0.15664677
9620,0.15707397
9621,0.1446228
9622,0.12747192
9623,0.10647582
9624,0.098083496
9625,0.090209976
9626,0.08859252
9627,0.082489006
9628,0.0864868
9629,0.09222412
9630,0.0982666
9631,0.0970459
9632,0.08761597
9633,0.08132933
9634,0.07156371
9635,0.05810546
9636,0.038909934
9637,0.018920915
9638,-0.005584701
9639,-0.029418956
9640,-0.052978516
9641,-0.06976317
9642,-0.08209229
9643,-0.092468254
9644,-0.09310912
9645,-0.08407595
9646,-0.06729126
9647,-0.036499023
9648,-0.018798828
9649,0.0029297024
9650,0.026916504
9651,0.051239017
9652,0.067565896
9653,0.07006836
9654,0.07015991
9655,0.06930542
9656,0.06741332
9657,0.05725097
9658,0.04086306
9659,0.016998306
9660,-0.0055542104
9661,-0.02258303
9662,-0.03381347
9663,-0.03771975
9664,-0.053680412
9665,-0.061584458
9666,-0.0682068
9667,-0.07531738
9668,-0.07174685
9669,-0.073974624
9670,-0.08499144
9671,-0.09640503
9672,-0.10235596
9673,-0.10891725
9674,-0.11752316
9675,-0.12255858
9676,-0.12545776
9677,-0.12268067
9678,-0.1131897
9679,-0.0994263
9680,-0.07995606
9681,-0.07232666
9682,-0.06814575
9683,-0.057434067
9684,-0.043426525
9685,-0.037567142
9686,-0.038787834
9687,-0.04010009
9688,-0.042602528
9689,-0.045837414
9690,-0.048004158
9691,-0.04910278
9692,-0.046234105
9693,-0.02893066
9694,-0.0020447075
9695,0.027740452
9696,0.054779068
9697,0.081970215
9698,0.10128784
9699,0.12026979
9700,0.13815308
9701,0.15527347
9702,0.17340088
9703,0.1812439
9704,0.19311523
9705,0.20208739
9706,0.2141113
9707,0.22277832
9708,0.22543336
9709,0.21737674
9710,0.20135495
9711,0.1765747
9712,0.15289305
9713,0.12844847
9714,0.10632324
9715,0.08023071
9716,0.04534912
9717,0.010375977
9718,-0.020324714
9719,-0.046997074
9720,-0.06872557
9721,-0.07778932
9722,-0.080352776
9723,-0.08129883
9724,-0.085968
9725,-0.08258054
9726,-0.073211655
9727,-0.06661989
9728,-0.06570436
9729,-0.06448367
9730,-0.057678215
9731,-0.040863022
9732,-0.031158462
9733,-0.036376953
9734,-0.03720091
9735,-0.024414062
9736,-0.009613033
9737,-0.0047912523
9738,-0.01632687
9739,-0.026458759
9740,-0.02767945
9741,-0.04031372
9742,-0.059143063
9743,-0.07708737
9744,-0.06884767
9745,-0.04379273
9746,-0.023559565
9747,-0.011260984
9748,-0.00982666
9749,0.01119997
9750,0.03817749
9751,0.057037346
9752,0.0687561
9753,0.07858276
9754,0.087921135
9755,0.08560181
9756,0.09072875
9757,0.09420776
9758,0.098968506
9759,0.09976199
9760,0.08905028
9761,0.07598878
9762,0.0552368
9763,0.03414916
9764,0.0065918043
9765,-0.030029286
9766,-0.058471676
9767,-0.07043456
9768,-0.07299804
9769,-0.08486938
9770,-0.097869866
9771,-0.1138611
9772,-0.12521365
9773,-0.12765503
9774,-0.13494873
9775,-0.1467285
9776,-0.16348268
9777,-0.17767332
9778,-0.17819212
9779,-0.17526245
9780,-0.16180418
9781,-0.13305667
9782,-0.09906007
9783,-0.065521225
9784,-0.045104984
9785,-0.026794426
9786,-0.006866455
9787,0.018188484
9788,0.04037478
9789,0.04672239
9790,0.041778564
9791,0.040313736
9792,0.032073986
9793,0.022460945
9794,0.016784653
9795,0.027282715
9796,0.033538826
9797,0.03497315
9798,0.036376934
9799,0.059906
9800,0.08499147
9801,0.0979004
9802,0.10961915
9803,0.12945558
9804,0.14663693
9805,0.14575195
9806,0.13760377
9807,0.13214111
9808,0.138916
9809,0.15231325
9810,0.16162111
9811,0.17156981
9812,0.17938231
9813,0.18908693
9814,0.18518066
9815,0.16647336
9816,0.15255737
9817,0.13867188
9818,0.12280275
9819,0.09609987
9820,0.070739746
9821,0.05584717
9822,0.044891343
9823,0.042266846
9824,0.039367717
9825,0.037475575
9826,0.031585686
9827,0.012084961
9828,-0.016784659
9829,-0.05212401
9830,-0.07757567
9831,-0.0970764
9832,-0.09878541
9833,-0.09707641
9834,-0.098541245
9835,-0.102355964
9836,-0.115936294
9837,-0.12542725
9838,-0.13171387
9839,-0.13815308
9840,-0.13360597
9841,-0.12777711
9842,-0.12289426
9843,-0.12670898
9844,-0.13043213
9845,-0.13253784
9846,-0.13928221
9847,-0.14263919
9848,-0.14364627
9849,-0.13861084
9850,-0.12982176
9851,-0.11941527
9852,-0.11386106
9853,-0.11383055
9854,-0.11437987
9855,-0.110687226
9856,-0.097686745
9857,-0.08557128
9858,-0.080261245
9859,-0.073699966
9860,-0.07376099
9861,-0.07257079
9862,-0.06759644
9863,-0.06726075
9864,-0.07507326
9865,-0.08517457
9866,-0.076049775
9867,-0.05136108
9868,-0.025756806
9869,-0.017120343
9870,-0.012603775
9871,-0.0067138746
9872,0.008056633
9873,0.024139397
9874,0.03311158
9875,0.03869629
9876,0.040710453
9877,0.045318596
9878,0.053222664
9879,0.058380134
9880,0.055908207
9881,0.050231945
9882,0.05496215
9883,0.06994629
9884,0.09167482
9885,0.11166381
9886,0.119659394
9887,0.12423707
9888,0.12704466
9889,0.13452148
9890,0.1352844
9891,0.13412474
9892,0.12487793
9893,0.10800171
9894,0.09463502
9895,0.082214355
9896,0.07177735
9897,0.064514145
9898,0.058288556
9899,0.053466808
9900,0.053527832
9901,0.045654275
9902,0.030548103
9903,0.01858522
9904,0.016113289
9905,0.020965599
9906,0.020080566
9907,0.007965077
9908,-0.013397213
9909,-0.024444591
9910,-0.031829827
9911,-0.0378723
9912,-0.05334474
9913,-0.07046508
9914,-0.08224487
9915,-0.082946785
9916,-0.0770569
9917,-0.06829831
9918,-0.06375121
9919,-0.059814468
9920,-0.063598655
9921,-0.06204222
9922,-0.0590515
9923,-0.05593873
9924,-0.057800308
9925,-0.06344606
9926,-0.07064821
9927,-0.07608032
9928,-0.074707024
9929,-0.07778931
9930,-0.079071045
9931,-0.08206175
9932,-0.0726013
9933,-0.052947994
9934,-0.025207527
9935,-0.00088502234
9936,0.0149536
9937,0.024627686
9938,0.040832512
9939,0.05899048
9940,0.07498171
9941,0.0880432
9942,0.092620835
9943,0.08758546
9944,0.08892824
9945,0.09136962
9946,0.09832764
9947,0.10534668
9948,0.112640366
9949,0.11636354
9950,0.11779785
9951,0.119628906
9952,0.11474607
9953,0.10229493
9954,0.08578491
9955,0.07009889
9956,0.05929567
9957,0.0460205
9958,0.033050537
9959,0.020324705
9960,0.0130310105
9961,0.011138924
9962,0.008331293
9963,0.013153067
9964,0.013977051
9965,0.010040283
9966,0.0036926381
9967,0.003723137
9968,0.008239739
9969,0.016784675
9970,0.02365113
9971,0.031219468
9972,0.03652955
9973,0.03848266
9974,0.03225708
9975,0.026794441
9976,0.020111084
9977,0.015533447
9978,0.0072021484
9979,-0.0025940016
9980,-0.012908945
9981,-0.018646242
9982,-0.018493628
9983,-0.016021714
9984,-0.012054443
9985,-0.0070495605
9986,-6.1027764e-05
9987,-0.00030518323
9988,-0.0065002367
9989,-0.018859863
9990,-0.029083252
9991,-0.03936768
9992,-0.041534424
9993,-0.038818378
9994,-0.031433113
9995,-0.026062015
9996,-0.019073486
9997,-0.015624999
9998,-0.011596679
9999,-0.007324213
10000,-0.0033569187
10001,-0.0040283278
10002,-0.009277353
10003,-0.020385748
10004,-0.03073121
10005,-0.037872314
10006,-0.045288086
10007,-0.05413818
10008,-0.054077145
10009,-0.05688476
10010,-0.06359865
10011,-0.06353758
10012,-0.062805176
10013,-0.059661858
10014,-0.059783936
10015,-0.06442261
10016,-0.08215333
10017,-0.09628296
10018,-0.100311264
10019,-0.102752686
10020,-0.10998536
10021,-0.113647446
10022,-0.10665892
10023,-0.09060669
10024,-0.078247085
10025,-0.065582275
10026,-0.055114757
10027,-0.035339355
10028,-0.0171814
10029,-0.0007934533
10030,0.011566176
10031,0.019744858
10032,0.020202644
10033,0.018920906
10034,0.014373768
10035,0.01077272
10036,0.012329097
10037,0.015838623
10038,0.019317634
10039,0.02459716
10040,0.030883785
10041,0.029388424
10042,0.018615719
10043,0.006835928
10044,-0.0016784631
10045,-0.008941656
10046,-0.013336182
10047,-0.01644897
10048,-0.02487183
10049,-0.030609123
10050,-0.034088146
10051,-0.042541496
10052,-0.0482483
10053,-0.05593874
10054,-0.06311036
10055,-0.06610109
10056,-0.062927246
10057,-0.06286621
10058,-0.07214357
10059,-0.07687378
10060,-0.07437135
10061,-0.06845093
10062,-0.064636245
10063,-0.06863403
10064,-0.06658936
10065,-0.06042482
10066,-0.050842285
10067,-0.04333497
10068,-0.0289917
10069,-0.017120361
10070,-0.0034179762
10071,0.013214108
10072,0.039459232
10073,0.06655884
10074,0.09951785
10075,0.13958739
10076,0.17739867
10077,0.21087648
10078,0.23315428
10079,0.24856564
10080,0.2644043
10081,0.28033447
10082,0.29501337
10083,0.31591788
10084,0.3373719
10085,0.3601684
10086,0.38720703
10087,0.41601557
10088,0.45162958
10089,0.48678586
10090,0.51266485
10091,0.52554315
10092,0.5205687
10093,0.50595087
10094,0.48880017
10095,0.45587146
10096,0.4040833
10097,0.342987
10098,0.2704162
10099,0.18151857
10100,0.075286925
10101,-0.030426145
10102,-0.12838745
10103,-0.24291992
10104,-0.3731079
10105,-0.51269543
10106,-0.6581726
10107,-0.79006934
10108,-0.92349225
10109,-1.052307
10110,-1.1623535
10111,-1.232666
10112,-1.2686157
10113,-1.2986755
10114,-1.3243408
10115,-1.324707
10116,-1.288269
10117,-1.2241514
10118,-1.1304319
10119,-0.99664295
10120,-0.81851196
10121,-0.61071754
10122,-0.3924256
10123,-0.15737909
10124,0.0910036
10125,0.35058618
10126,0.6225281
10127,0.90286267
10128,1.1798401
10129,1.4397583
10130,1.6612244
10131,1.8378602
10132,1.9676515
10133,2.0653992
10134,2.1267087
10135,2.1533203
10136,2.1577454
10137,2.138733
10138,2.0928955
10139,1.997589
10140,1.8591613
10141,1.6677551
10142,1.4477234
10143,1.1861572
10144,0.87478626
10145,0.53012073
10146,0.16049194
10147,-0.24758935
10148,-0.68298364
10149,-1.1225892
10150,-1.5391238
10151,-1.9125977
10152,-2.207886
10153,-2.4388425
10154,-2.599335
10155,-2.7149963
10156,-2.796631
10157,-2.8391726
10158,-2.8652039
10159,-2.8773499
10160,-2.856171
10161,-2.7745972
10162,-2.6232302
10163,-2.4214172
10164,-2.1657414
10165,-1.8748473
10166,-1.540314
10167,-1.1773376
10168,-0.7861631
10169,-0.35604835
10170,0.1164248
10171,0.59860253
10172,1.0548095
10173,1.4773258
10174,1.8555908
10175,2.1736455
10176,2.4136353
10177,2.58313
10178,2.698944
10179,2.7734072
10180,2.7951965
10181,2.765198
10182,2.684082
10183,2.5936277
10184,2.5021667
10185,2.4167788
10186,2.3181458
10187,2.2318118
10188,2.1474
10189,2.041809
10190,1.8794556
10191,1.6496887
10192,1.3633424
10193,1.0465392
10194,0.70327747
10195,0.34518433
10196,-0.021423578
10197,-0.39910895
10198,-0.75628674
10199,-1.0906677
10200,-1.391449
10201,-1.685303
10202,-1.9638368
10203,-2.2425232
10204,-2.529205
10205,-2.8074648
10206,-3.0681152
10207,-3.3184204
10208,-3.553009
10209,-3.750122
10210,-3.905396
10211,-3.9739075
10212,-3.951691
10213,-3.8181458
10214,-3.561493
10215,-3.2024844
10216,-2.7450256
10217,-2.2072754
10218,-1.5990907
10219,-0.9357301
10220,-0.24331647
10221,0.44680768
10222,1.0934448
10223,1.6805725
10224,2.1957703
10225,2.614441
10226,2.9412842
10227,3.1741943
10228,3.3327637
10229,3.4241946
10230,3.455536
10231,3.4331975
10232,3.3615417
10233,3.2341309
10234,3.0519104
10235,2.8354192
10236,2.5778809
10237,2.2954102
10238,1.9859011
10239,1.6579589
10240,1.3097837
10241,0.9471742
10242,0.586853
10243,0.24871832
10244,-0.057616994
10245,-0.3181762
10246,-0.5360412
10247,-0.7098695
10248,-0.8330383
10249,-0.9199219
10250,-0.9771422
10251,-1.0117494
10252,-1.0280763
10253,-1.0366517
10254,-1.0364379
10255,-1.0282593
10256,-1.0121765
10257,-1.0008849
10258,-0.98764056
10259,-0.96716315
10260,-0.9503479
10261,-0.9204408
10262,-0.89160156
10263,-0.86309814
10264,-0.83105487
10265,-0.78747576
10266,-0.7385254
10267,-0.68270856
10268,-0.6272584
10269,-0.5639037
10270,-0.49429297
10271,-0.41009533
10272,-0.31967166
10273,-0.2164917
10274,-0.10864264
10275,-0.006011963
10276,0.0892335
10277,0.17263795
10278,0.2359314
10279,0.28195196
10280,0.3265381
10281,0.35568237
10282,0.37487805
10283,0.3844605
10284,0.38677973
10285,0.37808228
10286,0.36645502
10287,0.3573913
10288,0.34173596
10289,0.32174683
10290,0.30364984
10291,0.2848817
10292,0.26055896
10293,0.23458862
10294,0.20483407
10295,0.1760255
10296,0.15365613
10297,0.13040152
10298,0.11663818
10299,0.0967101
10300,0.07733154
10301,0.05575563
10302,0.035186768
10303,0.012481704
10304,-0.008392334
10305,-0.021179229
10306,-0.027282715
10307,-0.028472848
10308,-0.030700788
10309,-0.030303895
10310,-0.031280473
10311,-0.026611358
10312,-0.022521928
10313,-0.021789521
10314,-0.026855484
10315,-0.033477843
10316,-0.033477828
10317,-0.030029222
10318,-0.02160646
10319,-0.00057978183
10320,0.025970459
10321,0.047454834
10322,0.062438972
10323,0.08050539
10324,0.09423826
10325,0.09143065
10326,0.07934569
10327,0.06716922
10328,0.03594975
10329,0.01663205
10330,0.013763413
10331,-0.007965066
10332,-0.035125714
10333,-0.050079323
10334,-0.05154417
10335,-0.06539918
10336,-0.09060669
10337,-0.10848996
10338,-0.13586424
10339,-0.15740967
10340,-0.16607663
10341,-0.18298341
10342,-0.19143675
10343,-0.18621829
10344,-0.17953491
10345,-0.17855835
10346,-0.16952512
10347,-0.14648439
10348,-0.11050413
10349,-0.091094956
10350,-0.081787094
10351,-0.058624275
10352,-0.029785177
10353,-0.016082784
10354,-0.008209246
10355,0.007720955
10356,0.021331796
10357,0.034149155
10358,0.051971413
10359,0.060058594
10360,0.052764893
10361,0.042236336
10362,0.024414062
10363,0.013488784
10364,0.014038108
10365,0.018676769
10366,0.013305666
10367,0.0031433254
10368,0.021148669
10369,0.05804445
10370,0.070953354
10371,0.06332398
10372,0.053588882
10373,0.053894065
10374,0.059021004
10375,0.053497314
10376,0.0406494
10377,0.02560427
10378,0.027801536
10379,0.043334946
10380,0.055755604
10381,0.056060787
10382,0.0652771
10383,0.069732666
10384,0.069946274
10385,0.06768797
10386,0.06802368
10387,0.06396484
10388,0.037811268
10389,0.014801029
10390,0.008941647
10391,0.0033264086
10392,-0.0044250563
10393,-0.0057983547
10394,-0.004150383
10395,-0.003448505
10396,-0.0018005185
10397,0.00045775995
10398,0.018554688
10399,0.019226093
10400,-0.01083374
10401,-0.012756348
10402,0.024291977
10403,0.036651604
10404,0.01074218
10405,-0.009887677
10406,-0.004150392
10407,0.013214121
10408,0.02218628
10409,0.013305668
10410,-0.00869751
10411,-0.009094253
10412,0.0071106143
10413,0.009124771
10414,-0.0041503944
10415,-0.01217651
10416,-0.021789558
10417,-0.039001487
10418,-0.059356675
10419,-0.07312012
10420,-0.078613274
10421,-0.078186035
10422,-0.1069641
10423,-0.12973021
10424,-0.11343383
10425,-0.07321166
10426,-0.055206306
10427,-0.07055665
10428,-0.07849118
10429,-0.06253052
10430,-0.036773685
10431,-0.025146479
10432,-0.031280525
10433,-0.033081055
10434,-0.022583015
10435,0.00018309988
10436,0.007446293
10437,0.004577633
10438,-0.0054931454
10439,-0.017303478
10440,-0.0054931603
10441,0.011596674
10442,0.028045654
10443,0.043609608
10444,0.052673332
10445,0.068847634
10446,0.09335327
10447,0.10739136
10448,0.09292602
10449,0.07583618
10450,0.09179686
10451,0.10650635
10452,0.09732056
10453,0.08297728
10454,0.07348634
10455,0.083984375
10456,0.08807371
10457,0.07281497
10458,0.06918334
10459,0.07611084
10460,0.06961058
10461,0.0647583
10462,0.07006837
10463,0.05603028
10464,0.017791748
10465,-0.012390146
10466,-0.024932865
10467,-0.030822739
10468,-0.04647828
10469,-0.08474733
10470,-0.11309813
10471,-0.12713623
10472,-0.13284302
10473,-0.13284302
10474,-0.13046265
10475,-0.14074707
10476,-0.13766478
10477,-0.12207033
10478,-0.11532591
10479,-0.12225343
10480,-0.11990358
10481,-0.115753144
10482,-0.12762453
10483,-0.13937376
10484,-0.13458252
10485,-0.1230774
10486,-0.12384033
10487,-0.12283324
10488,-0.09390257
10489,-0.053558372
10490,-0.04919434
10491,-0.05502318
10492,-0.041107178
10493,-0.017456045
10494,-0.004394524
10495,-0.0137024075
10496,-0.009124763
10497,0.025878914
10498,0.05368043
10499,0.06497192
10500,0.07434082
10501,0.07922362
10502,0.079101555
10503,0.0730896
10504,0.07598877
10505,0.08554077
10506,0.09887695
10507,0.104949936
10508,0.09729004
10509,0.11203003
10510,0.13317871
10511,0.13122559
10512,0.12026977
10513,0.11843871
10514,0.104400635
10515,0.093566895
10516,0.08569336
10517,0.07809448
10518,0.07730102
10519,0.07037354
10520,0.055053733
10521,0.04467773
10522,0.03833007
10523,0.030548088
10524,0.02804565
10525,0.020141605
10526,0.016937263
10527,0.026550287
10528,0.036285385
10529,0.028015131
10530,0.015106209
10531,-0.0016174167
10532,-0.004150398
10533,0.011077866
10534,0.024383545
10535,0.025421157
10536,0.025299072
10537,0.028198257
10538,0.026153564
10539,0.04251098
10540,0.06600954
10541,0.064910896
10542,0.058471695
10543,0.07223511
10544,0.07226564
10545,0.04971312
10546,0.021209687
10547,0.006927496
10548,0.0037536458
10549,0.008941656
10550,0.012084972
10551,-0.007202152
10552,-0.031860366
10553,-0.04391481
10554,-0.04608155
10555,-0.061187744
10556,-0.07333374
10557,-0.07949831
10558,-0.08053589
10559,-0.10229491
10560,-0.13131717
10561,-0.1298523
10562,-0.12475589
10563,-0.13394165
10564,-0.12783813
10565,-0.119079605
10566,-0.12567137
10567,-0.12216188
10568,-0.113739
10569,-0.11691284
10570,-0.11898802
10571,-0.10488893
10572,-0.07611085
10573,-0.056823716
10574,-0.05413817
10575,-0.054443367
10576,-0.06906127
10577,-0.06414794
10578,-0.03137207
10579,-0.01461791
10580,-0.009033203
10581,0.0062255915
10582,0.0265503
10583,0.04016114
10584,0.044830315
10585,0.05117797
10586,0.05780028
10587,0.059997566
10588,0.064941406
10589,0.061981205
10590,0.06408691
10591,0.09979249
10592,0.1324463
10593,0.14553833
10594,0.14807129
10595,0.15725708
10596,0.1637573
10597,0.15032959
10598,0.1232605
10599,0.0922241
10600,0.07672119
10601,0.062988296
10602,0.045104988
10603,0.031219482
10604,0.0046692006
10605,-0.031188961
10606,-0.036743164
10607,-0.04864502
10608,-0.070739746
10609,-0.09469606
10610,-0.12600708
10611,-0.14794919
10612,-0.16384889
10613,-0.18060304
10614,-0.1758728
10615,-0.16900635
10616,-0.15542603
10617,-0.15469362
10618,-0.16265869
10619,-0.15176392
10620,-0.13708496
10621,-0.11788941
10622,-0.10083009
10623,-0.08905026
10624,-0.054473862
10625,-0.018218994
10626,-0.0025634635
10627,0.01843262
10628,0.026214605
10629,0.034393325
10630,0.061798096
10631,0.06832885
10632,0.06668092
10633,0.06954956
10634,0.07305908
10635,0.07357789
10636,0.08236695
10637,0.08935547
10638,0.06860351
10639,0.07003786
10640,0.09729004
10641,0.11050415
10642,0.112670906
10643,0.11776733
10644,0.13858032
10645,0.17440796
10646,0.16998291
10647,0.15258789
10648,0.14343262
10649,0.12640381
10650,0.10845948
10651,0.10977171
10652,0.12130737
10653,0.10806273
10654,0.088134766
10655,0.08752442
10656,0.097717285
10657,0.08670044
10658,0.06262208
10659,0.04669188
10660,0.022125252
10661,-0.01449585
10662,-0.032440193
10663,-0.053863544
10664,-0.085174575
10665,-0.10073855
10666,-0.09402467
10667,-0.09197998
10668,-0.09188843
10669,-0.07849121
10670,-0.0687561
10671,-0.07989502
10672,-0.10031128
10673,-0.10458372
10674,-0.10711669
10675,-0.10440064
10676,-0.10437012
10677,-0.08810425
10678,-0.05303955
10679,-0.024230955
10680,-0.024291994
10681,-0.044036876
10682,-0.13189697
10683,-0.27572626
10684,-0.3792419
10685,-0.4226075
10686,-0.34622192
10687,-0.21640015
10688,-0.38330084
10689,-0.63415515
10690,-0.5419923
10691,-0.2170105
10692,0.026855484
10693,0.24114996
10694,0.37274176
10695,0.39093
10696,0.42135608
10697,0.44207776
10698,0.19979846
10699,-0.09838849
10700,-0.050445557
10701,0.28964242
10702,0.69427484
10703,1.1732483
10704,1.4796448
10705,1.5214232
10706,1.405304
10707,1.1986084
10708,1.1342468
10709,1.1020813
10710,0.857483
10711,0.5207215
10712,0.29202265
10713,0.10372931
10714,-0.04296869
10715,-0.13967907
10716,-0.22601324
10717,-0.30972293
10718,-0.3044738
10719,-0.30621344
10720,-0.48205578
10721,-0.80020136
10722,-1.1057739
10723,-1.3667601
10724,-1.5271606
10725,-1.5661621
10726,-1.561615
10727,-1.4960936
10728,-1.2876588
10729,-1.0548707
10730,-0.9785463
10731,-1.0231934
10732,-1.062439
10733,-1.106842
10734,-1.0979921
10735,-1.0136106
10736,-0.9380492
10737,-0.8489685
10738,-0.58486944
10739,-0.25582898
10740,-0.06726082
10741,-0.030944884
10742,-0.095580965
10743,-0.2538148
10744,-0.33401483
10745,-0.27990723
10746,-0.09963995
10747,0.11755371
10748,0.037780702
10749,-0.09906006
10750,0.119140595
10751,0.5368041
10752,0.91500854
10753,1.3326414
10754,1.6130676
10755,1.6969604
10756,1.6570432
10757,1.5043031
10758,1.5098569
10759,1.6080018
10760,1.5204165
10761,1.3271484
10762,1.2037047
10763,1.0798645
10764,1.0153809
10765,1.0098267
10766,0.9703675
10767,0.9039306
10768,0.9645997
10769,1.0350647
10770,0.9045411
10771,0.6441346
10772,0.38308722
10773,0.11734021
10774,-0.07171619
10775,-0.17205805
10776,-0.1975708
10777,-0.15771484
10778,-0.12384027
10779,-0.14035034
10780,-0.17843637
10781,-0.21234119
10782,-0.2771911
10783,-0.3517455
10784,-0.42352295
10785,-0.49096662
10786,-0.5509031
10787,-0.61553967
10788,-0.64093006
10789,-0.66903687
10790,-0.6717837
10791,-0.645813
10792,-0.60833746
10793,-0.54901135
10794,-0.5405274
10795,-0.54739386
10796,-0.58053577
10797,-0.6101074
10798,-0.609436
10799,-0.60787964
10800,-0.5360413
10801,-0.46588135
10802,-0.4091798
10803,-0.3212588
10804,-0.26019293
10805,-0.2209779
10806,-0.192566
10807,-0.17541492
10808,-0.18981951
10809,-0.19360358
10810,-0.20599352
10811,-0.23498546
10812,-0.27651978
10813,-0.34469604
10814,-0.3773805
10815,-0.35202023
10816,-0.34249872
10817,-0.342865
10818,-0.3337708
10819,-0.31079096
10820,-0.2878417
10821,-0.23950192
10822,-0.16516106
10823,-0.082977235
10824,-0.01089479
10825,0.04403692
10826,0.11099239
10827,0.20455943
10828,0.3190307
10829,0.42919922
10830,0.51754767
10831,0.61135876
10832,0.70349133
10833,0.7774049
10834,0.8343812
10835,0.8180543
10836,0.78701794
10837,0.74282825
10838,0.6723023
10839,0.6025391
10840,0.48724365
10841,0.3902893
10842,0.27832034
10843,0.18011478
10844,0.10324103
10845,0.0034180284
10846,-0.0773315
10847,-0.17025763
10848,-0.23883048
10849,-0.29794317
10850,-0.3626099
10851,-0.40747076
10852,-0.45568854
10853,-0.47344983
10854,-0.47909552
10855,-0.4777223
10856,-0.45495605
10857,-0.42666614
10858,-0.38705456
10859,-0.34402466
10860,-0.28692624
10861,-0.23025513
10862,-0.18884274
10863,-0.13897705
10864,-0.110748366
10865,-0.06448357
10866,-0.03268435
10867,-0.012359656
10868,0.020507772
10869,0.027709946
10870,0.05035408
10871,0.06625367
10872,0.070129454
10873,0.09710699
10874,0.071655326
10875,0.08502203
10876,0.076080345
10877,0.06823727
10878,0.082031235
10879,0.057678193
10880,0.06509401
10881,0.043792717
10882,0.054962143
10883,0.06436159
10884,0.062103324
10885,0.07330322
10886,0.0671997
10887,0.08172609
10888,0.08068848
10889,0.08877565
10890,0.08691406
10891,0.093536384
10892,0.10177611
10893,0.10351561
10894,0.11846924
10895,0.09732056
10896,0.11572266
10897,0.0994873
10898,0.09313965
10899,0.10073854
10900,0.07107544
10901,0.09326172
10902,0.06900026
10903,0.058563232
10904,0.06311037
10905,0.028778072
10906,0.025054928
10907,-0.0020141676
10908,-0.018890373
10909,-0.026092544
10910,-0.043426514
10911,-0.06463623
10912,-0.063842766
10913,-0.08306883
10914,-0.08239747
10915,-0.07559203
10916,-0.077697754
10917,-0.051391594
10918,-0.047973633
10919,-0.03457641
10920,-0.020568853
10921,-0.012268074
10922,0.010192867
10923,0.017150886
10924,0.0061340146
10925,0.011627197
10926,0.016235355
10927,0.02642823
10928,0.039123528
10929,0.033050522
10930,0.03854371
10931,0.048919663
10932,0.07162474
10933,0.0769043
10934,0.08068848
10935,0.089630134
10936,0.08160401
10937,0.09811403
10938,0.08078002
10939,0.07382202
10940,0.0774231
10941,0.048950203
10942,0.05715943
10943,0.038665757
10944,0.039184574
10945,0.04040528
10946,0.030120851
10947,0.028411862
10948,0.023803705
10949,0.02713013
10950,0.025573723
10951,0.035217285
10952,0.01217652
10953,0.019256592
10954,0.022674559
10955,0.009429928
10956,0.026123043
10957,-0.0021057157
10958,0.0022277888
10959,0.005279543
10960,-0.008361822
10961,-0.013305664
10962,-0.032043457
10963,-0.039001465
10964,-0.03945923
10965,-0.03475953
10966,-0.048828125
10967,-0.04101563
10968,-0.035736084
10969,-0.029907227
10970,0.0021972656
10971,-0.012817383
10972,0.0022583082
10973,0.017883308
10974,0.011352554
10975,0.03723143
10976,0.02859497
10977,0.03662108
10978,0.051116943
10979,0.051513657
10980,0.060791023
10981,0.07324217
10982,0.081085205
10983,0.08029176
10984,0.08010865
10985,0.07199096
10986,0.0753479
10987,0.081970215
10988,0.0640564
10989,0.058715805
10990,0.041931167
10991,0.008239739
10992,-0.00054932013
10993,-0.03433228
10994,-0.046661377
10995,-0.047943123
10996,-0.071411125
10997,-0.05871582
10998,-0.07153321
10999,-0.08078003
11000,-0.073455825
11001,-0.08795166
11002,-0.081970215
11003,-0.085083
11004,-0.07717896
11005,-0.06631471
11006,-0.06048584
11007,-0.055023193
11008,-0.058319084
11009,-0.05038452
11010,-0.059509292
11011,-0.05697632
11012,-0.053375248
11013,-0.066589355
11014,-0.058502197
11015,-0.06741334
11016,-0.07635498
11017,-0.07928467
11018,-0.09207152
11019,-0.09399413
11020,-0.1034851
11021,-0.113983154
11022,-0.1211853
11023,-0.12051391
11024,-0.13491821
11025,-0.13787845
11026,-0.14096071
11027,-0.14727783
11028,-0.1312561
11029,-0.12976074
11030,-0.114288315
11031,-0.085449226
11032,-0.07687377
11033,-0.04531859
11034,-0.032287594
11035,-0.022644065
11036,-0.005462654
11037,0.00091551617
11038,0.0097045675
11039,0.017211901
11040,0.018890388
11041,0.028411858
11042,0.030395502
11043,0.030059807
11044,0.030242907
11045,0.027709957
11046,0.029846206
11047,0.031311028
11048,0.029998787
11049,0.033294678
11050,0.035858147
11051,0.042755127
11052,0.053222656
11053,0.05975343
11054,0.07223511
11055,0.08386231
11056,0.1004944
11057,0.11013794
11058,0.12106325
11059,0.12963866
11060,0.13858032
11061,0.14700319
11062,0.15512085
11063,0.1621399
11064,0.16882326
11065,0.17221072
11066,0.17172241
11067,0.16506958
11068,0.15359496
11069,0.13449097
11070,0.12194825
11071,0.10195924
11072,0.08926393
11073,0.07827757
11074,0.05865481
11075,0.04846192
11076,0.025421135
11077,0.007049553
11078,-0.017761236
11079,-0.042877186
11080,-0.060668938
11081,-0.07662963
11082,-0.0897827
11083,-0.09976195
11084,-0.105072014
11085,-0.11343385
11086,-0.1156006
11087,-0.11642455
11088,-0.12069703
11089,-0.11514283
11090,-0.11642455
11091,-0.11376954
11092,-0.118652344
11093,-0.1239624
11094,-0.12689209
11095,-0.13491823
11096,-0.13391113
11097,-0.13000488
11098,-0.11822509
11099,-0.10458374
11100,-0.08914184
11101,-0.07531738
11102,-0.06524658
11103,-0.050964378
11104,-0.04208374
11105,-0.025512692
11106,-0.012023918
11107,-0.00036620488
11108,0.020202655
11109,0.037292477
11110,0.05853271
11111,0.07858275
11112,0.092071526
11113,0.10302736
11114,0.112976074
11115,0.118499756
11116,0.12158204
11117,0.12606812
11118,0.12924193
11119,0.13348389
11120,0.1402893
11121,0.13754271
11122,0.14596558
11123,0.14828491
11124,0.14648436
11125,0.14263916
11126,0.13412476
11127,0.122222885
11128,0.113464326
11129,0.09188846
11130,0.076354995
11131,0.060455307
11132,0.044677712
11133,0.032134987
11134,0.012451142
11135,-0.014160156
11136,-0.03906247
11137,-0.06909178
11138,-0.095794655
11139,-0.11734008
11140,-0.14822389
11141,-0.17614749
11142,-0.2048645
11143,-0.23934937
11144,-0.2557373
11145,-0.27539068
11146,-0.28231812
11147,-0.27697754
11148,-0.2736816
11149,-0.2572937
11150,-0.24301147
11151,-0.23275757
11152,-0.21176147
11153,-0.20028688
11154,-0.17739865
11155,-0.1515503
11156,-0.12487796
11157,-0.0975952
11158,-0.06982421
11159,-0.043548577
11160,-0.014801029
11161,0.019165054
11162,0.043579087
11163,0.07403565
11164,0.09835816
11165,0.12103272
11166,0.1452942
11167,0.1590271
11168,0.16857912
11169,0.18405151
11170,0.19491577
11171,0.21273807
11172,0.22567749
11173,0.23379518
11174,0.2390747
11175,0.24072266
11176,0.23294067
11177,0.23156738
11178,0.22058105
11179,0.21160889
11180,0.20901492
11181,0.1954956
11182,0.1903076
11183,0.17633057
11184,0.15515134
11185,0.13671878
11186,0.10827635
11187,0.08343504
11188,0.06011963
11189,0.026031474
11190,-0.0046386737
11191,-0.035980225
11192,-0.069641106
11193,-0.09277344
11194,-0.116180435
11195,-0.1326294
11196,-0.14651488
11197,-0.15814207
11198,-0.1644287
11199,-0.16522217
11200,-0.18209839
11201,-0.18823244
11202,-0.19628903
11203,-0.19934082
11204,-0.18640134
11205,-0.16897584
11206,-0.14535524
11207,-0.11721802
11208,-0.09585572
11209,-0.07101439
11210,-0.05233766
11211,-0.036926266
11212,-0.019165026
11213,-0.0015869047
11214,0.016204828
11215,0.036560066
11216,0.05355835
11217,0.071014404
11218,0.083740234
11219,0.089508064
11220,0.09503174
11221,0.10000611
11222,0.09899902
11223,0.10290527
11224,0.097717285
11225,0.095581055
11226,0.094970725
11227,0.09127808
11228,0.09420778
11229,0.09970093
11230,0.09710695
11231,0.0953064
11232,0.085388176
11233,0.07034302
11234,0.05346679
11235,0.031036384
11236,0.013030995
11237,-0.0043945387
11238,-0.02709962
11239,-0.04333496
11240,-0.05648805
11241,-0.07287599
11242,-0.08212279
11243,-0.092498794
11244,-0.10424806
11245,-0.11697386
11246,-0.13635254
11247,-0.14733888
11248,-0.15673828
11249,-0.17053221
11250,-0.17291263
11251,-0.16744998
11252,-0.16418456
11253,-0.15481567
11254,-0.1456604
11255,-0.13543701
11256,-0.12295532
11257,-0.12066651
11258,-0.108245835
11259,-0.09585571
11260,-0.0880127
11261,-0.07308961
11262,-0.05615233
11263,-0.04632567
11264,-0.020111088
11265,-0.0066528395
11266,0.015502945
11267,0.040679947
11268,0.056426995
11269,0.076568596
11270,0.103881836
11271,0.115295425
11272,0.13085938
11273,0.14208984
11274,0.14065552
11275,0.15646362
11276,0.1488037
11277,0.1505127
11278,0.15542603
11279,0.14758301
11280,0.14022826
11281,0.14804077
11282,0.12976074
11283,0.14028932
11284,0.124999985
11285,0.117462166
11286,0.120971665
11287,0.10577393
11288,0.091613784
11289,0.09246828
11290,0.073638916
11291,0.058959965
11292,0.05303955
11293,0.023620605
11294,0.0206604
11295,-0.011016838
11296,-0.03344725
11297,-0.050506588
11298,-0.07849121
11299,-0.10571288
11300,-0.11026001
11301,-0.13568114
11302,-0.13607788
11303,-0.13595581
11304,-0.14492798
11305,-0.1288452
11306,-0.13574219
11307,-0.1296692
11308,-0.11791989
11309,-0.11190797
11310,-0.101928696
11311,-0.07162477
11312,-0.05319214
11313,-0.01620482
11314,0.020050064
11315,0.048797578
11316,0.09939577
11317,0.13635254
11318,0.17251587
11319,0.21661377
11320,0.24343875
11321,0.2579651
11322,0.3000183
11323,0.29891968
11324,0.3357544
11325,0.34887695
11326,0.36660767
11327,0.37902832
11328,0.4044189
11329,0.3914185
11330,0.40878296
11331,0.41445932
11332,0.40750116
11333,0.4222107
11334,0.3995361
11335,0.40652466
11336,0.3718872
11337,0.32904053
11338,0.27017212
11339,0.21826175
11340,0.11401364
11341,0.04183963
11342,-0.06945802
11343,-0.16226192
11344,-0.26687628
11345,-0.41174307
11346,-0.53918445
11347,-0.6746521
11348,-0.8090515
11349,-0.9079286
11350,-0.9947206
11351,-1.1078796
11352,-1.138855
11353,-1.1924744
11354,-1.2237549
11355,-1.2546995
11356,-1.264343
11357,-1.2462158
11358,-1.1662598
11359,-1.0830384
11360,-0.94134533
11361,-0.76361084
11362,-0.5914307
11363,-0.36141986
11364,-0.15469354
11365,0.11325085
11366,0.37908942
11367,0.6670836
11368,0.9375001
11369,1.2380371
11370,1.4762573
11371,1.7072754
11372,1.8966066
11373,1.9920044
11374,2.0875854
11375,2.1105042
11376,2.1278992
11377,2.1033936
11378,2.0718079
11379,1.9723204
11380,1.8794861
11381,1.7101746
11382,1.504364
11383,1.268921
11384,0.9833373
11385,0.6692809
11386,0.3337096
11387,-0.026672125
11388,-0.37805212
11389,-0.7307128
11390,-1.0939941
11391,-1.4243774
11392,-1.7710876
11393,-2.0536501
11394,-2.2785342
11395,-2.4485168
11396,-2.6178894
11397,-2.7363584
11398,-2.86911
11399,-2.9159544
11400,-2.9370115
11401,-2.9012756
11402,-2.801117
11403,-2.6294556
11404,-2.4298403
11405,-2.2187192
11406,-1.9800414
11407,-1.7527163
11408,-1.4805905
11409,-1.2260742
11410,-0.8754883
11411,-0.49743652
11412,-0.05404687
11413,0.4154054
11414,0.8822633
11415,1.3517456
11416,1.7840579
11417,2.1835322
11418,2.5013123
11419,2.7757566
11420,2.9555357
11421,3.0943909
11422,3.1583557
11423,3.154297
11424,3.1377258
11425,3.1006165
11426,3.0577092
11427,2.9880674
11428,2.894928
11429,2.763916
11430,2.6108701
11431,2.4096375
11432,2.155304
11433,1.839264
11434,1.4787902
11435,1.0582885
11436,0.64886487
11437,0.19436657
11438,-0.22689837
11439,-0.6534427
11440,-1.0774231
11441,-1.4920961
11442,-1.8723755
11443,-2.2042542
11444,-2.5044556
11445,-2.7505798
11446,-2.9842224
11447,-3.1359553
11448,-3.2778933
11449,-3.3623962
11450,-3.4230652
11451,-3.4414368
11452,-3.4337158
11453,-3.3766785
11454,-3.2582703
11455,-3.079254
11456,-2.8345947
11457,-2.5474243
11458,-2.2113948
11459,-1.8350525
11460,-1.3973081
11461,-0.9102781
11462,-0.37149063
11463,0.17556739
11464,0.7014772
11465,1.202179
11466,1.6468503
11467,2.0435486
11468,2.3803103
11469,2.6370544
11470,2.833496
11471,2.9587708
11472,3.0190735
11473,3.0146487
11474,2.9670715
11475,2.8861694
11476,2.7869875
11477,2.675476
11478,2.5187073
11479,2.3486633
11480,2.1305232
11481,1.8707579
11482,1.5792239
11483,1.2579042
11484,0.91970825
11485,0.5812683
11486,0.25820935
11487,-0.072174
11488,-0.34527594
11489,-0.5896607
11490,-0.7993164
11491,-0.9619752
11492,-1.0991516
11493,-1.2019957
11494,-1.2700807
11495,-1.3207091
11496,-1.356842
11497,-1.3624573
11498,-1.3439026
11499,-1.3198242
11500,-1.2790831
11501,-1.2348633
11502,-1.1675723
11503,-1.0986024
11504,-1.0221252
11505,-0.93548584
11506,-0.85910046
11507,-0.7483214
11508,-0.6581115
11509,-0.55868536
11510,-0.45922846
11511,-0.3685301
11512,-0.2749938
11513,-0.17117321
11514,-0.07397467
11515,0.027618349
11516,0.13067625
11517,0.21765135
11518,0.29824835
11519,0.3752442
11520,0.4251405
11521,0.47274786
11522,0.49847406
11523,0.5125122
11524,0.53070074
11525,0.53176874
11526,0.5382385
11527,0.52761847
11528,0.5260621
11529,0.5165101
11530,0.51953125
11531,0.51895136
11532,0.51657104
11533,0.5080567
11534,0.488739
11535,0.4710694
11536,0.4351197
11537,0.40411365
11538,0.35192865
11539,0.30764765
11540,0.25967404
11541,0.21176144
11542,0.16024786
11543,0.11215206
11544,0.05667108
11545,0.0020446517
11546,-0.034301747
11547,-0.07833861
11548,-0.10333248
11549,-0.1351929
11550,-0.16851799
11551,-0.19470209
11552,-0.21633916
11553,-0.23660278
11554,-0.2516175
11555,-0.26953125
11556,-0.29040527
11557,-0.30017084
11558,-0.30673212
11559,-0.3161316
11560,-0.3202209
11561,-0.3219299
11562,-0.31362915
11563,-0.29647827
11564,-0.26800537
11565,-0.2350769
11566,-0.2027283
11567,-0.15896606
11568,-0.13354494
11569,-0.10446166
11570,-0.07769774
11571,-0.06930542
11572,-0.059631333
11573,-0.05117798
11574,-0.0413208
11575,-0.02435302
11576,-0.0040588398
11577,0.011199977
11578,0.033081062
11579,0.054168694
11580,0.072387695
11581,0.09527586
11582,0.110015884
11583,0.1245117
11584,0.13391113
11585,0.13421631
11586,0.12866214
11587,0.1152649
11588,0.10195924
11589,0.08709717
11590,0.0803833
11591,0.07446289
11592,0.08062743
11593,0.07196046
11594,0.06875612
11595,0.06567381
11596,0.067352295
11597,0.07247925
11598,0.077545166
11599,0.07513427
11600,0.07336426
11601,0.07110594
11602,0.057617195
11603,0.04504395
11604,0.019226065
11605,0.00683593
11606,-0.011138912
11607,-0.01959229
11608,-0.022674559
11609,-0.0177002
11610,-0.015563978
11611,-0.007293703
11612,-0.0073852465
11613,-0.008575434
11614,-0.007690426
11615,-0.012023911
11616,-0.021392826
11617,-0.038513184
11618,-0.052764885
11619,-0.065979004
11620,-0.07296754
11621,-0.07781982
11622,-0.08117677
11623,-0.08551024
11624,-0.087310776
11625,-0.086517304
11626,-0.08807373
11627,-0.079071045
11628,-0.07855225
11629,-0.07888794
11630,-0.07476805
11631,-0.07510377
11632,-0.08047483
11633,-0.078918464
11634,-0.0798645
11635,-0.0791626
11636,-0.07470703
11637,-0.07131958
11638,-0.064239495
11639,-0.054718014
11640,-0.04446412
11641,-0.035888664
11642,-0.020141602
11643,-0.007415781
11644,0.0067443773
11645,0.011840817
11646,0.022094734
11647,0.020477299
11648,0.02673342
11649,0.03390503
11650,0.03582762
11651,0.03805542
11652,0.03277586
11653,0.020965582
11654,0.0062866043
11655,-0.009094235
11656,-0.022521973
11657,-0.024780277
11658,-0.023193352
11659,-0.023254393
11660,-0.024322506
11661,-0.027008057
11662,-0.035888664
11663,-0.040893562
11664,-0.042388923
11665,-0.03833008
11666,-0.02941895
11667,-0.02053833
11668,-0.011627205
11669,-0.001495365
11670,0.00793457
11671,0.024932863
11672,0.03961182
11673,0.05270386
11674,0.067352295
11675,0.074035645
11676,0.07662964
11677,0.07608032
11678,0.06265258
11679,0.04776001
11680,0.03140258
11681,0.020111088
11682,0.016723622
11683,0.017211922
11684,0.015075682
11685,0.015411372
11686,0.015594488
11687,0.012268064
11688,0.010253899
11689,-0.0035705566
11690,-0.011322015
11691,-0.022247307
11692,-0.030639648
11693,-0.033386234
11694,-0.028717045
11695,-0.02139283
11696,-0.016845709
11697,-0.018402092
11698,-0.023193361
11699,-0.01953125
11700,-0.014984134
11701,-0.014678955
11702,-0.020172117
11703,-0.0274353
11704,-0.030364994
11705,-0.03237915
11706,-0.031982414
11707,-0.028503422
11708,-0.022277826
11709,-0.013000489
11710,-0.0067138635
11711,-0.0011291578
11712,0.004486095
11713,0.006378172
11714,0.0042114276
11715,0.004119862
11716,0.007873531
11717,0.012359619
11718,0.018035881
11719,0.017669678
11720,0.01782227
11721,0.024902338
11722,0.03247071
11723,0.04214477
11724,0.06210327
11725,0.075836174
11726,0.09378052
11727,0.11398317
11728,0.12704468
11729,0.1404724
11730,0.14501953
11731,0.1508789
11732,0.14996336
11733,0.15002441
11734,0.14147949
11735,0.12957764
11736,0.115295425
11737,0.10314943
11738,0.09552002
11739,0.07955932
11740,0.06884767
11741,0.052307136
11742,0.04342649
11743,0.040100098
11744,0.025177017
11745,0.014373787
11746,-0.0032653809
11747,-0.029235832
11748,-0.051422138
11749,-0.06909179
11750,-0.0845642
11751,-0.102447525
11752,-0.11752319
11753,-0.13241579
11754,-0.14071654
11755,-0.14505002
11756,-0.15499881
11757,-0.1621399
11758,-0.17141727
11759,-0.17996216
11760,-0.18231201
11761,-0.1838074
11762,-0.17495728
11763,-0.16757202
11764,-0.16271971
11765,-0.15771483
11766,-0.14440918
11767,-0.12731935
11768,-0.10754396
11769,-0.09191895
11770,-0.06695559
11771,-0.04122925
11772,-0.017700188
11773,0.0029602163
11774,0.016113281
11775,0.02899171
11776,0.040252686
11777,0.05142211
11778,0.058532707
11779,0.07171631
11780,0.07916258
11781,0.0930481
11782,0.1043396
11783,0.112823494
11784,0.13095093
11785,0.14605711
11786,0.16668701
11787,0.1871338
11788,0.20028687
11789,0.2041931
11790,0.19931032
11791,0.1847229
11792,0.17089842
11793,0.15582277
11794,0.13900758
11795,0.121459946
11796,0.10458377
11797,0.08840941
11798,0.06881713
11799,0.052551277
11800,0.032470703
11801,0.0120239295
11802,-0.011413563
11803,-0.034851074
11804,-0.058380138
11805,-0.08374023
11806,-0.108398445
11807,-0.13250731
11808,-0.1489563
11809,-0.15438843
11810,-0.15911865
11811,-0.15994264
11812,-0.15768433
11813,-0.15698244
11814,-0.14596558
11815,-0.13592526
11816,-0.118316665
11817,-0.10192871
11818,-0.08432007
11819,-0.0699463
11820,-0.05575563
11821,-0.044128418
11822,-0.035644524
11823,-0.024291985
11824,-0.01763916
11825,-0.010528563
11826,-0.00674437
11827,-0.002807632
11828,0.0010986328
11829,0.0092773475
11830,0.024139404
11831,0.036285408
11832,0.041687027
11833,0.04565429
11834,0.04727172
11835,0.050292954
11836,0.052154537
11837,0.049621597
11838,0.04574586
11839,0.036956795
11840,0.021728508
11841,-0.0014343262
11842,-0.0184021
11843,-0.034301743
11844,-0.046478257
11845,-0.05633547
11846,-0.060577363
11847,-0.06558229
11848,-0.066925034
11849,-0.074279785
11850,-0.08673095
11851,-0.103424095
11852,-0.1225586
11853,-0.13626099
11854,-0.1572571
11855,-0.15582277
11856,-0.19528198
11857,-0.15093994
11858,-0.10864256
11859,-0.11141966
11860,-0.08508299
11861,-0.06497194
11862,-0.04666139
11863,-0.031799342
11864,-0.018768318
11865,0.004547119
11866,-0.011383086
11867,0.045654286
11868,0.10064697
11869,0.10177612
11870,0.13223267
11871,0.14248657
11872,0.16500854
11873,0.17471313
11874,0.20159912
11875,0.2079773
11876,0.2404785
11877,0.2218933
11878,0.2041626
11879,0.21365356
11880,0.21633908
11881,0.22994997
11882,0.24575809
11883,0.2604065
11884,0.27005005
11885,0.27087402
11886,0.2805481
11887,0.25161743
11888,0.21786498
11889,0.20413205
11890,0.17785645
11891,0.15960696
11892,0.14273074
11893,0.13479614
11894,0.1222229
11895,0.10253908
11896,0.0952759
11897,0.052490223
11898,0.020202622
11899,0.011993394
11900,-0.0077209463
11901,-0.029296875
11902,-0.054656968
11903,-0.08242795
11904,-0.10922243
11905,-0.14428708
11906,-0.15216064
11907,-0.19781491
11908,-0.23571779
11909,-0.24279785
11910,-0.262146
11911,-0.2553711
11912,-0.2615967
11913,-0.25985718
11914,-0.2762146
11915,-0.27288818
11916,-0.32153323
11917,-0.28225708
11918,-0.25262454
11919,-0.26766968
11920,-0.25881955
11921,-0.26086426
11922,-0.31796265
11923,-0.4425965
11924,-0.51574713
11925,-0.5458374
11926,-0.4796753
11927,-0.42626953
11928,-0.6227723
11929,-0.77322394
11930,-0.6380311
11931,-0.22833252
11932,0.16549695
11933,0.46118176
11934,0.66088873
11935,0.6580812
11936,0.64764404
11937,0.5714721
11938,0.2651978
11939,0.0039061308
11940,0.043914795
11941,0.3847351
11942,0.8318176
11943,1.2994998
11944,1.5788273
11945,1.5746155
11946,1.4294128
11947,1.2239684
11948,1.1460572
11949,1.0512695
11950,0.7972108
11951,0.41967773
11952,0.093811005
11953,-0.14526355
11954,-0.31872565
11955,-0.37820438
11956,-0.3974915
11957,-0.39395148
11958,-0.29180902
11959,-0.24548328
11960,-0.38320917
11961,-0.6822205
11962,-0.97732544
11963,-1.2095337
11964,-1.3401797
11965,-1.3270264
11966,-1.263855
11967,-1.170166
11968,-0.95520014
11969,-0.7438658
11970,-0.6831665
11971,-0.756775
11972,-0.86853033
11973,-0.94635034
11974,-0.9829103
11975,-0.9264832
11976,-0.8533629
11977,-0.75030506
11978,-0.53613275
11979,-0.30676264
11980,-0.17593393
11981,-0.18630981
11982,-0.33270252
11983,-0.560608
11984,-0.6958315
11985,-0.6479492
11986,-0.45968628
11987,-0.22305295
11988,-0.2789613
11989,-0.35095233
11990,-0.09121722
11991,0.4242859
11992,0.97225964
11993,1.4823915
11994,1.8181459
11995,1.9025879
11996,1.8901063
11997,1.8068848
11998,1.8738098
11999,1.9512024
12000,1.869812
12001,1.6721803
12002,1.5275269
12003,1.4327698
12004,1.3496399
12005,1.3180236
12006,1.2598573
12007,1.1978457
12008,1.2514038
12009,1.2801819
12010,1.1114502
12011,0.78591937
12012,0.43661505
12013,0.109313905
12014,-0.11972055
12015,-0.21456912
12016,-0.265442
12017,-0.29367065
12018,-0.3247069
12019,-0.3695984
12020,-0.4581602
12021,-0.5688477
12022,-0.67794824
12023,-0.78634655
12024,-0.88079834
12025,-0.9720764
12026,-1.0892334
12027,-1.2059935
12028,-1.2786559
12029,-1.2882384
12030,-1.2606813
12031,-1.1969604
12032,-1.1219786
12033,-1.039917
12034,-0.97161865
12035,-0.9403382
12036,-0.93643194
12037,-0.9238281
12038,-0.9087524
12039,-0.8937378
12040,-0.83010864
12041,-0.76296985
12042,-0.69509894
12043,-0.6278686
12044,-0.5539246
12045,-0.44000256
12046,-0.292511
12047,-0.15969867
12048,-0.046356276
12049,0.045989953
12050,0.10794076
12051,0.16510004
12052,0.23413084
12053,0.30230707
12054,0.37112418
12055,0.43041992
12056,0.47537243
12057,0.5194397
12058,0.585144
12059,0.67059326
12060,0.7351684
12061,0.7986146
12062,0.85375977
12063,0.9033204
12064,0.9410095
12065,0.9456482
12066,0.9176941
12067,0.86846936
12068,0.81176764
12069,0.7373961
12070,0.6559145
12071,0.56573486
12072,0.47198468
12073,0.38082886
12074,0.28884894
12075,0.19433592
12076,0.099639855
12077,0.005096402
12078,-0.09179694
12079,-0.18524176
12080,-0.2723999
12081,-0.34765637
12082,-0.41149896
12083,-0.46801752
12084,-0.51388544
12085,-0.555786
12086,-0.5947877
12087,-0.61959827
12088,-0.63769525
12089,-0.64379877
12090,-0.6370546
12091,-0.61877435
12092,-0.5897522
12093,-0.5480957
12094,-0.49578866
12095,-0.4336549
12096,-0.37149042
12097,-0.30468762
12098,-0.23849489
12099,-0.17199703
12100,-0.10336293
12101,-0.044891372
12102,0.009704523
12103,0.056915253
12104,0.09960936
12105,0.13259888
12106,0.16436765
12107,0.18795775
12108,0.20739739
12109,0.22940058
12110,0.24890138
12111,0.26098633
12112,0.26922607
12113,0.26757812
12114,0.25967407
12115,0.24734503
12116,0.22875975
12117,0.20285039
12118,0.17932127
12119,0.15390012
12120,0.12942503
12121,0.10440064
12122,0.08355713
12123,0.07199098
12124,0.062194824
12125,0.05889894
12126,0.056365952
12127,0.051727295
12128,0.050689697
12129,0.044891357
12130,0.035522476
12131,0.024658186
12132,0.015197752
12133,0.0069885273
12134,0.0053100744
12135,0.0018615592
12136,0.0019531474
12137,0.0014953576
12138,0.0032043662
12139,0.007019041
12140,0.007415764
12141,0.010040283
12142,0.011505133
12143,0.0077819843
12144,0.0029602088
12145,0.0044555664
12146,0.0048217885
12147,0.008789068
12148,0.014495861
12149,0.024597166
12150,0.033508293
12151,0.039581306
12152,0.039245605
12153,0.0366211
12154,0.026855467
12155,0.01483155
12156,0.009246811
12157,0.0011291392
12158,-0.002136238
12159,-0.0018005148
12160,0.005554188
12161,0.008331291
12162,0.016326904
12163,0.020202633
12164,0.025360133
12165,0.029479973
12166,0.03598021
12167,0.04336547
12168,0.050354008
12169,0.055053726
12170,0.05511476
12171,0.054382324
12172,0.053161632
12173,0.051177986
12174,0.050659187
12175,0.050140366
12176,0.05148316
12177,0.049987808
12178,0.04757692
12179,0.04458618
12180,0.041534416
12181,0.036193833
12182,0.030273438
12183,0.026184099
12184,0.024353025
12185,0.017395014
12186,0.006378182
12187,-0.0038146935
12188,-0.016754154
12189,-0.027099619
12190,-0.033020027
12191,-0.03442382
12192,-0.03717041
12193,-0.03900146
12194,-0.039764423
12195,-0.040100105
12196,-0.046997078
12197,-0.052886955
12198,-0.060638435
12199,-0.0673523
12200,-0.07104492
12201,-0.07073974
12202,-0.07043457
12203,-0.06616211
12204,-0.063842796
12205,-0.05886841
12206,-0.05288697
12207,-0.045288086
12208,-0.036468513
12209,-0.026947025
12210,-0.016235363
12211,-0.00628661
12212,0.0042114137
12213,0.013610844
12214,0.019439701
12215,0.0223694
12216,0.021240227
12217,0.01864623
12218,0.016235348
12219,0.010742192
12220,-0.00033568498
12221,-0.0061950646
12222,-0.009674057
12223,-0.013397226
12224,-0.015991211
12225,-0.017028807
12226,-0.013458252
12227,-0.007476799
12228,-0.0037536547
12229,-0.0009155227
12230,-0.003936777
12231,-0.0057373215
12232,-0.008483889
12233,-0.011383047
12234,-0.01657104
12235,-0.0199585
12236,-0.023529049
12237,-0.027496336
12238,-0.026794437
12239,-0.025207527
12240,-0.017791748
12241,-0.013732906
12242,-0.011962896
12243,-0.011230469
12244,-0.015533449
12245,-0.021179192
12246,-0.03143311
12247,-0.04010009
12248,-0.0510559
12249,-0.06192017
12250,-0.07217407
12251,-0.079559304
12252,-0.08706665
12253,-0.09228516
12254,-0.09399416
12255,-0.094696045
12256,-0.09237672
12257,-0.082550034
12258,-0.07458495
12259,-0.07180786
12260,-0.07089234
12261,-0.06927491
12262,-0.064453125
12263,-0.057189956
12264,-0.04568481
12265,-0.039276112
12266,-0.034088116
12267,-0.03216553
12268,-0.028259274
12269,-0.025817871
12270,-0.023742687
12271,-0.019622821
12272,-0.013183609
12273,-0.0117492825
12274,-0.0046691783
12275,-0.005584715
12276,-0.0028686412
12277,-0.0036621261
12278,-0.0032348605
12279,-0.00024414156
12280,0.002441402
12281,0.0075683556
12282,0.0125427265
12283,0.01766968
12284,0.026489256
12285,0.03781127
12286,0.04769898
12287,0.056884773
12288,0.06665039
12289,0.079986565
12290,0.093048096
12291,0.10354616
12292,0.10986328
12293,0.113159195
12294,0.11550903
12295,0.118957505
12296,0.11904908
12297,0.121490486
12298,0.1267395
12299,0.13345337
12300,0.13925172
12301,0.13351442
12302,0.12487792
12303,0.110473655
12304,0.09603882
12305,0.08358764
12306,0.071167
12307,0.061096188
12308,0.050537124
12309,0.040985115
12310,0.031463634
12311,0.021759037
12312,0.009399429
12313,-0.001129156
12314,-0.01669313
12315,-0.024139393
12316,-0.031494133
12317,-0.039031982
12318,-0.054931648
12319,-0.0725403
12320,-0.08596802
12321,-0.09231569
12322,-0.09432985
12323,-0.09283448
12324,-0.09069823
12325,-0.09356691
12326,-0.09011841
12327,-0.0888672
12328,-0.08493042
12329,-0.08084107
12330,-0.0758362
12331,-0.06585694
12332,-0.05007936
12333,-0.035827637
12334,-0.022338865
12335,-0.012695309
12336,-0.0015564132
12337,0.0082092285
12338,0.014068595
12339,0.021484382
12340,0.025268558
12341,0.032135006
12342,0.035003677
12343,0.038360596
12344,0.029876702
12345,0.02774049
12346,0.021636955
12347,0.020751964
12348,0.02175904
12349,0.020629875
12350,0.018432617
12351,0.012268085
12352,0.0010681078
12353,-0.00628661
12354,-0.008728009
12355,-0.012268063
12356,-0.009307855
12357,-0.0072937114
12358,0.00198365
12359,0.016113289
12360,0.027252216
12361,0.03796388
12362,0.0394287
12363,0.05209351
12364,0.062408455
12365,0.08020022
12366,0.09384156
12367,0.09542846
12368,0.09240721
12369,0.085754395
12370,0.08105469
12371,0.07565308
12372,0.07269287
12373,0.07684323
12374,0.07357788
12375,0.07391355
12376,0.07330322
12377,0.06796266
12378,0.061401345
12379,0.053375214
12380,0.044769265
12381,0.044952407
12382,0.051605217
12383,0.052673325
12384,0.056610093
12385,0.04922484
12386,0.047454827
12387,0.04913332
12388,0.047821037
12389,0.045562744
12390,0.03695678
12391,0.027557366
12392,0.01773075
12393,0.0020141602
12394,-0.015655527
12395,-0.031158451
12396,-0.050506603
12397,-0.06610107
12398,-0.07595825
12399,-0.08480833
12400,-0.08932495
12401,-0.098144546
12402,-0.10961911
12403,-0.12475586
12404,-0.14105225
12405,-0.15878296
12406,-0.173584
12407,-0.1855774
12408,-0.19314575
12409,-0.19454956
12410,-0.19335938
12411,-0.19055176
12412,-0.1932373
12413,-0.18759155
12414,-0.17568968
12415,-0.15463255
12416,-0.13586426
12417,-0.11663817
12418,-0.10003663
12419,-0.086761475
12420,-0.069427475
12421,-0.058685288
12422,-0.04763795
12423,-0.034271218
12424,-0.017517075
12425,0.0030212626
12426,0.019287128
12427,0.030822746
12428,0.040374756
12429,0.04260254
12430,0.04702758
12431,0.048034675
12432,0.05902098
12433,0.06478882
12434,0.06985472
12435,0.07458495
12436,0.07562256
12437,0.08505249
12438,0.08847046
12439,0.092498764
12440,0.09094238
12441,0.09512329
12442,0.09210205
12443,0.08639526
12444,0.07852173
12445,0.06417847
12446,0.058868404
12447,0.05200194
12448,0.054351807
12449,0.05349732
12450,0.055084247
12451,0.05606079
12452,0.05419923
12453,0.055877693
12454,0.059814442
12455,0.055145256
12456,0.05090331
12457,0.039215088
12458,0.031188965
12459,0.02694704
12460,0.02362061
12461,0.02093504
12462,0.014495859
12463,0.011840804
12464,0.008514417
12465,0.007904049
12466,0.0038146824
12467,-0.0011901725
12468,-0.009033218
12469,-0.00988771
12470,-0.013061522
12471,-0.008666981
12472,-0.007720936
12473,-0.008972153
12474,-0.0066528292
12475,-0.006530752
12476,-0.0030822607
12477,-0.0013427655
12478,-0.005187979
12479,-0.009826655
12480,-0.019470228
12481,-0.035034187
12482,-0.039825447
12483,-0.05075071
12484,-0.054718018
12485,-0.05426025
12486,-0.061309826
12487,-0.061889667
12488,-0.06625367
12489,-0.06976317
12490,-0.07278444
12491,-0.078979515
12492,-0.08413696
12493,-0.09240722
12494,-0.10162354
12495,-0.10766602
12496,-0.11062625
12497,-0.10614013
12498,-0.09835818
12499,-0.09335327
12500,-0.08425904
12501,-0.07705689
12502,-0.06298831
12503,-0.048584
12504,-0.03631594
12505,-0.03164672
12506,-0.025756843
12507,-0.028350815
12508,-0.02352907
12509,-0.02859497
12510,-0.029266343
12511,-0.031982437
12512,-0.028137209
12513,-0.016784683
12514,-0.0054016206
12515,0.0068054125
12516,0.0087585505
12517,0.010162356
12518,0.009429936
12519,0.015411378
12520,0.02319336
12521,0.03060914
12522,0.03033448
12523,0.030822761
12524,0.025604255
12525,0.02706909
12526,0.031524666
12527,0.03652954
12528,0.037139907
12529,0.042266846
12530,0.04144287
12531,0.04330445
12532,0.046813972
12533,0.04354859
12534,0.040191658
12535,0.036865234
12536,0.035827644
12537,0.038391113
12538,0.041839607
12539,0.053253166
12540,0.06451416
12541,0.07632447
12542,0.08987427
12543,0.09945681
12544,0.11105348
12545,0.12374878
12546,0.13497922
12547,0.15701291
12548,0.18118288
12549,0.21365353
12550,0.24337767
12551,0.2735291
12552,0.29626453
12553,0.31271356
12554,0.33187872
12555,0.3468017
12556,0.3560485
12557,0.3701477
12558,0.38580322
12559,0.38909918
12560,0.39410397
12561,0.39413452
12562,0.39294434
12563,0.38049304
12564,0.34811407
12565,0.29330438
12566,0.2217712
12567,0.13659668
12568,0.031158417
12569,-0.087890506
12570,-0.2080383
12571,-0.33309937
12572,-0.4697265
12573,-0.59753424
12574,-0.73440546
12575,-0.84924304
12576,-0.94134516
12577,-1.0249634
12578,-1.1093444
12579,-1.1749268
12580,-1.223541
12581,-1.2559204
12582,-1.2772827
12583,-1.2695923
12584,-1.2211608
12585,-1.1214293
12586,-0.9793091
12587,-0.81085205
12588,-0.60885596
12589,-0.39059448
12590,-0.15127558
12591,0.0949707
12592,0.3598327
12593,0.6333926
12594,0.91659564
12595,1.1956787
12596,1.469574
12597,1.7218628
12598,1.9442137
12599,2.1133726
12600,2.2405088
12601,2.3209229
12602,2.34671
12603,2.3460388
12604,2.3189087
12605,2.2685547
12606,2.1834717
12607,2.0499878
12608,1.8735349
12609,1.6497494
12610,1.3960569
12611,1.1154174
12612,0.77700806
12613,0.39782715
12614,0.0053099394
12615,-0.39935327
12616,-0.83303845
12617,-1.2708743
12618,-1.6884155
12619,-2.0729065
12620,-2.4059143
12621,-2.68573
12622,-2.880157
12623,-3.0395508
12624,-3.2440798
12625,-3.4339907
12626,-3.5119627
12627,-3.5262148
12628,-3.506195
12629,-3.4237673
12630,-3.2853394
12631,-3.1036682
12632,-2.825592
12633,-2.510254
12634,-2.2178044
12635,-1.8962705
12636,-1.4665833
12637,-0.994293
12638,-0.4798584
12639,0.0650022
12640,0.6151737
12641,1.1629944
12642,1.6984558
12643,2.192688
12644,2.6692502
12645,3.0692751
12646,3.3493953
12647,3.54834
12648,3.680908
12649,3.7386782
12650,3.7306519
12651,3.6788027
12652,3.5891414
12653,3.4991455
12654,3.4267273
12655,3.334198
12656,3.2013855
12657,3.030304
12658,2.8102717
12659,2.5197449
12660,2.1667478
12661,1.7619932
12662,1.2897035
12663,0.79104614
12664,0.31829834
12665,-0.14614862
12666,-0.633423
12667,-1.1110232
12668,-1.5462645
12669,-1.9255065
12670,-2.2599182
12671,-2.5529785
12672,-2.8492124
12673,-3.1309206
12674,-3.3625484
12675,-3.568054
12676,-3.7765808
12677,-3.9563904
12678,-4.093811
12679,-4.165802
12680,-4.182831
12681,-4.127075
12682,-3.945343
12683,-3.6812747
12684,-3.4030151
12685,-3.0514529
12686,-2.5490108
12687,-1.9583435
12688,-1.2967224
12689,-0.5956424
12690,0.11947623
12691,0.8160706
12692,1.4605103
12693,2.0365295
12694,2.5578308
12695,2.9849243
12696,3.2747803
12697,3.4635625
12698,3.5650635
12699,3.5882568
12700,3.544159
12701,3.453766
12702,3.3054805
12703,3.1362305
12704,2.971527
12705,2.794281
12706,2.55484
12707,2.2895203
12708,1.9927062
12709,1.6660768
12710,1.3155823
12711,0.9529115
12712,0.59127796
12713,0.24057022
12714,-0.08395375
12715,-0.37979147
12716,-0.63659656
12717,-0.84536755
12718,-1.0081786
12719,-1.1329652
12720,-1.2230531
12721,-1.2964478
12722,-1.3417052
12723,-1.3726501
12724,-1.3911133
12725,-1.399475
12726,-1.4012146
12727,-1.3936768
12728,-1.3821106
12729,-1.3617857
12730,-1.3342285
12731,-1.2908938
12732,-1.2390442
12733,-1.1755373
12734,-1.0991517
12735,-1.0048523
12736,-0.90164196
12737,-0.7931213
12738,-0.67431647
12739,-0.54483044
12740,-0.41009516
12741,-0.26672357
12742,-0.12347413
12743,0.021484472
12744,0.16796865
12745,0.298706
12746,0.41378784
12747,0.50582886
12748,0.5722047
12749,0.6169127
12750,0.6496277
12751,0.66671765
12752,0.6687011
12753,0.6568298
12754,0.63662726
12755,0.6088563
12756,0.58395386
12757,0.56814563
12758,0.5519411
12759,0.5385133
12760,0.52136236
12761,0.49972534
12762,0.46527094
12763,0.41409314
12764,0.3480835
12765,0.27206412
12766,0.21899422
12767,0.17111216
12768,0.14559925
12769,0.1467896
12770,0.15542598
12771,0.15652466
12772,0.14895631
12773,0.13171388
12774,0.0969543
12775,0.054351807
12776,0.016113222
12777,-0.04122926
12778,-0.096130356
12779,-0.15124512
12780,-0.20733646
12781,-0.2633057
12782,-0.3128662
12783,-0.3497315
12784,-0.3716431
12785,-0.37313837
12786,-0.37783822
12787,-0.36740118
12788,-0.36404413
12789,-0.36541748
12790,-0.3635254
12791,-0.35360718
12792,-0.33139038
12793,-0.29266357
12794,-0.23983765
12795,-0.1722107
12796,-0.11376953
12797,-0.05139163
12798,-0.002624467
12799,0.04263304
12800,0.087005615
12801,0.12765506
12802,0.17224121
12803,0.2156372
12804,0.26031494
12805,0.29953003
12806,0.32235718
12807,0.34143066
12808,0.34439087
12809,0.3289795
12810,0.30163574
12811,0.2697754
12812,0.23062137
12813,0.18289183
12814,0.13046265
12815,0.074249245
12816,0.022857659
12817,-0.009216309
12818,-0.020690933
12819,-0.018798813
12820,-0.009033173
12821,0.006286606
12822,0.018005371
12823,0.025177017
12824,0.01638794
12825,0.0036621243
12826,0.008239739
12827,0.0005493164
12828,0.008056641
12829,0.022216797
12830,0.038604725
12831,0.038238533
12832,0.03720092
12833,0.03369142
12834,0.040161118
12835,0.042480454
12836,0.03421019
12837,0.023925796
12838,-0.003479004
12839,-0.041931152
12840,-0.07971194
12841,-0.10675047
12842,-0.1220398
12843,-0.12652585
12844,-0.12075809
12845,-0.11038205
12846,-0.108428955
12847,-0.10546874
12848,-0.111572266
12849,-0.11917112
12850,-0.12203975
12851,-0.1121826
12852,-0.08917239
12853,-0.061889626
12854,-0.02520752
12855,0.011688247
12856,0.05392456
12857,0.09838869
12858,0.13711548
12859,0.17169186
12860,0.19363403
12861,0.20678711
12862,0.20892337
12863,0.20190427
12864,0.1843567
12865,0.15676881
12866,0.11871338
12867,0.0741272
12868,0.032196045
12869,-0.008178726
12870,-0.056457534
12871,-0.100311294
12872,-0.14303587
12873,-0.18255615
12874,-0.22875975
12875,-0.26937866
12876,-0.3114624
12877,-0.3451538
12878,-0.36376953
12879,-0.37301636
12880,-0.37521362
12881,-0.37295532
12882,-0.3607788
12883,-0.34136963
12884,-0.30963135
12885,-0.26974487
12886,-0.22293092
12887,-0.16940308
12888,-0.12100221
12889,-0.071990974
12890,-0.030395517
12891,0.0036010668
12892,0.031951897
12893,0.05642701
12894,0.08944701
12895,0.11367796
12896,0.13528445
12897,0.14361572
12898,0.14346315
12899,0.13388063
12900,0.12289429
12901,0.116638206
12902,0.11108399
12903,0.109741196
12904,0.11352536
12905,0.12484741
12906,0.13992308
12907,0.15420534
12908,0.16894531
12909,0.17239381
12910,0.17590332
12911,0.17611696
12912,0.1706238
12913,0.16711426
12914,0.16619875
12915,0.1707153
12916,0.17980957
12917,0.18664554
12918,0.18957521
12919,0.18740848
12920,0.17755125
12921,0.17056274
12922,0.15588379
12923,0.13745117
12924,0.10861209
12925,0.07019043
12926,0.028350845
12927,-0.012969957
12928,-0.045166016
12929,-0.07400513
12930,-0.09387209
12931,-0.10556032
12932,-0.11248778
12933,-0.11526489
12934,-0.1260681
12935,-0.13479614
12936,-0.143219
12937,-0.14962772
12938,-0.15597537
12939,-0.15902713
12940,-0.1553955
12941,-0.15243533
12942,-0.14645387
12943,-0.14038086
12944,-0.12835693
12945,-0.12237551
12946,-0.11404418
12947,-0.10827638
12948,-0.1067505
12949,-0.10238649
12950,-0.102172844
12951,-0.10272217
12952,-0.103973396
12953,-0.10525514
12954,-0.10018924
12955,-0.0923767
12956,-0.07598878
12957,-0.06069947
12958,-0.037139893
12959,-0.016296398
12960,0.0071105883
12961,0.024017368
12962,0.03875733
12963,0.052215565
12964,0.062316887
12965,0.07644652
12966,0.091735825
12967,0.106658936
12968,0.11648561
12969,0.12652591
12970,0.13677977
12971,0.14916992
12972,0.16244507
12973,0.16601564
12974,0.16757204
12975,0.16467285
12976,0.15386964
12977,0.13986206
12978,0.12582396
12979,0.11169436
12980,0.09744263
12981,0.08502196
12982,0.07098388
12983,0.057586677
12984,0.0393982
12985,0.022552494
12986,0.0018920936
12987,-0.023925785
12988,-0.04733276
12989,-0.072052
12990,-0.08239745
12991,-0.0971985
12992,-0.10473631
12993,-0.105834976
12994,-0.10952759
12995,-0.10958862
12996,-0.11688232
12997,-0.12017823
12998,-0.12634279
12999,-0.12765503
13000,-0.12915038
13001,-0.12506106
13002,-0.11715697
13003,-0.105712876
13004,-0.09381105
13005,-0.08663941
13006,-0.07971193
13007,-0.07366943
13008,-0.061340332
13009,-0.044799812
13010,-0.035369873
13011,-0.024047848
13012,-0.018707264
13013,-0.008056633
13014,0.0025329622
13015,0.019561771
13016,0.03970337
13017,0.057586677
13018,0.07080079
13019,0.07852173
13020,0.08190918
13021,0.080261245
13022,0.08041382
13023,0.07287597
13024,0.06704712
13025,0.061798096
13026,0.05398558
13027,0.053863525
13028,0.0513916
13029,0.04919436
13030,0.040985096
13031,0.032440193
13032,0.020904545
13033,0.0049438328
13034,-0.0072021503
13035,-0.020996094
13036,-0.03347779
13037,-0.04049682
13038,-0.04589843
13039,-0.04589843
13040,-0.040405277
13041,-0.034790035
13042,-0.03308105
13043,-0.02886964
13044,-0.030029297
13045,-0.031341553
13046,-0.033843987
13047,-0.03805542
13048,-0.037506096
13049,-0.039459236
13050,-0.035095207
13051,-0.030914318
13052,-0.022644043
13053,-0.017974854
13054,-0.018371582
13055,-0.021179203
13056,-0.026763909
13057,-0.02740479
13058,-0.022857673
13059,-0.021118168
13060,-0.01864624
13061,-0.016235357
13062,-0.01776122
13063,-0.015655506
13064,-0.010070801
13065,-0.0027771005
13066,0.011901859
13067,0.023040768
13068,0.033355717
13069,0.04269409
13070,0.046539307
13071,0.04925537
13072,0.049102776
13073,0.05255127
13074,0.05529785
13075,0.0637207
13076,0.074615486
13077,0.079193115
13078,0.08383179
13079,0.08032226
13080,0.07461548
13081,0.06829834
13082,0.059722893
13083,0.051605225
13084,0.044830315
13085,0.0343628
13086,0.025909416
13087,0.021636967
13088,0.012542728
13089,0.012695324
13090,0.012176514
13091,0.022796638
13092,0.031585686
13093,0.043487545
13094,0.05566406
13095,0.06423952
13096,0.07278443
13097,0.07763672
13098,0.07952881
13099,0.08633421
13100,0.08914186
13101,0.09771728
13102,0.10638428
13103,0.11135867
13104,0.1124573
13105,0.114868164
13106,0.10998536
13107,0.10400391
13108,0.10028077
13109,0.08969116
13110,0.084136955
13111,0.07714844
13112,0.0723877
13113,0.06216432
13114,0.055053715
13115,0.04751586
13116,0.044281002
13117,0.047912613
13118,0.049957294
13119,0.054260276
13120,0.052215572
13121,0.04388428
13122,0.03640745
13123,0.026519764
13124,0.020324703
13125,0.013641369
13126,0.008453365
13127,0.0047912598
13128,0.00067139976
13129,-0.0056457445
13130,-0.016509999
13131,-0.03555299
13132,-0.053955078
13133,-0.0675049
13134,-0.081298806
13135,-0.095397964
13136,-0.11135863
13137,-0.13217163
13138,-0.15390015
13139,-0.17843628
13140,-0.19885254
13141,-0.22192384
13142,-0.24487305
13143,-0.26724243
13144,-0.29003906
13145,-0.309021
13146,-0.34033206
13147,-0.44012457
13148,-0.5653992
13149,-0.63989264
13150,-0.67800915
13151,-0.62707525
13152,-0.6770325
13153,-0.8127135
13154,-0.7834474
13155,-0.42837518
13156,0.027770877
13157,0.33181763
13158,0.55026245
13159,0.6177063
13160,0.5642699
13161,0.5223387
13162,0.38156122
13163,0.1642763
13164,0.11703479
13165,0.3952332
13166,0.8173218
13167,1.2085574
13168,1.5377505
13169,1.6207885
13170,1.5134583
13171,1.2903137
13172,1.1243895
13173,0.99713135
13174,0.79068005
13175,0.43615723
13176,0.066101074
13177,-0.19119254
13178,-0.39804062
13179,-0.5202027
13180,-0.5718383
13181,-0.60531604
13182,-0.5712586
13183,-0.5168153
13184,-0.56182855
13185,-0.77127075
13186,-1.0354614
13187,-1.2025757
13188,-1.3027953
13189,-1.3151245
13190,-1.2291259
13191,-1.1321104
13192,-0.9791261
13193,-0.77877825
13194,-0.6502686
13195,-0.6913149
13196,-0.80096424
13197,-0.84045404
13198,-0.8483888
13199,-0.80725104
13200,-0.7086791
13201,-0.6251831
13202,-0.49630737
13203,-0.31732184
13204,-0.19479364
13205,-0.22921771
13206,-0.34127817
13207,-0.4928285
13208,-0.6353762
13209,-0.62478644
13210,-0.5140382
13211,-0.28466812
13212,-0.16674781
13213,-0.1344297
13214,0.05761707
13215,0.5675355
13216,1.190216
13217,1.7392884
13218,2.2402344
13219,2.519989
13220,2.6018066
13221,2.5393677
13222,2.5089724
13223,2.5283206
13224,2.450348
13225,2.201355
13226,1.8940735
13227,1.6439209
13228,1.4067383
13229,1.2191772
13230,1.0702515
13231,0.91613775
13232,0.8105776
13233,0.71499634
13234,0.52554333
13235,0.17019665
13236,-0.25421154
13237,-0.6351931
13238,-0.96279895
13239,-1.142456
13240,-1.1990663
13241,-1.2016906
13242,-1.1887512
13243,-1.1655885
13244,-1.1582032
13245,-1.1591492
13246,-1.1658933
13247,-1.1627806
13248,-1.1570436
13249,-1.156952
13250,-1.1405334
13251,-1.135437
13252,-1.1244812
13253,-1.0892642
13254,-1.0202028
13255,-0.93728644
13256,-0.85983276
13257,-0.7940673
13258,-0.74090594
13259,-0.6880493
13260,-0.6409608
13261,-0.5932006
13262,-0.531128
13263,-0.4701233
13264,-0.4065858
13265,-0.33184817
13266,-0.24246216
13267,-0.14099133
13268,-0.030181888
13269,0.0953064
13270,0.21325687
13271,0.32131946
13272,0.4138795
13273,0.5041811
13274,0.5837708
13275,0.6590882
13276,0.7340698
13277,0.78271496
13278,0.8215332
13279,0.84771746
13280,0.86755395
13281,0.8847351
13282,0.8879395
13283,0.8753662
13284,0.8493042
13285,0.80407715
13286,0.7417907
13287,0.6683653
13288,0.5834048
13289,0.49334717
13290,0.40432727
13291,0.30859378
13292,0.21694939
13293,0.13156134
13294,0.050750747
13295,-0.02258312
13296,-0.08847041
13297,-0.1435242
13298,-0.19070427
13299,-0.2294616
13300,-0.2691955
13301,-0.3063355
13302,-0.34942627
13303,-0.3770142
13304,-0.41030878
13305,-0.42877197
13306,-0.44406122
13307,-0.45303333
13308,-0.45169073
13309,-0.44223028
13310,-0.42663577
13311,-0.40484613
13312,-0.36627203
13313,-0.33804327
13314,-0.3006898
13315,-0.2677612
13316,-0.23937994
13317,-0.20288092
13318,-0.17575076
13319,-0.13742061
13320,-0.10815425
13321,-0.07843024
13322,-0.052703843
13323,-0.02917473
13324,-0.014099088
13325,-0.0017700866
13326,0.02130128
13327,0.032440156
13328,0.055328414
13329,0.070312515
13330,0.08425912
13331,0.094696
13332,0.09960939
13333,0.118438795
13334,0.12734993
13335,0.13940427
13336,0.15249635
13337,0.14916994
13338,0.15686038
13339,0.14743039
13340,0.14517213
13341,0.13012698
13342,0.12063599
13343,0.10626222
13344,0.09533693
13345,0.085540794
13346,0.0680542
13347,0.06164553
13348,0.048645012
13349,0.043212898
13350,0.037078843
13351,0.029449463
13352,0.015441872
13353,0.0015868993
13354,-0.016662598
13355,-0.02572631
13356,-0.040740974
13357,-0.053833004
13358,-0.057556167
13359,-0.06704712
13360,-0.074401855
13361,-0.066040054
13362,-0.067871094
13363,-0.06304933
13364,-0.05334473
13365,-0.04989624
13366,-0.046478264
13367,-0.036163345
13368,-0.040008545
13369,-0.033630364
13370,-0.03326416
13371,-0.032653812
13372,-0.026062012
13373,-0.03317261
13374,-0.03106689
13375,-0.03295899
13376,-0.035980213
13377,-0.033905037
13378,-0.0374756
13379,-0.037445076
13380,-0.039794922
13381,-0.03753664
13382,-0.03796386
13383,-0.024963373
13384,-0.019439705
13385,-0.015380863
13386,0.0004577525
13387,-0.006835938
13388,0.0049438328
13389,0.006195061
13390,0.008605957
13391,0.012908939
13392,0.01928711
13393,0.021240238
13394,0.028717047
13395,0.031097429
13396,0.025024414
13397,0.025817886
13398,0.023742683
13399,0.016967792
13400,0.020721432
13401,0.018219009
13402,0.021636955
13403,0.017089833
13404,0.01281739
13405,0.009826668
13406,-0.0001831092
13407,-0.0038757361
13408,-0.011260979
13409,-0.012603741
13410,-0.012023923
13411,-0.0062866127
13412,-0.0072326735
13413,-0.0013427809
13414,0.005828865
13415,0.0056762733
13416,0.01428222
13417,0.021697994
13418,0.021179205
13419,0.031188969
13420,0.030975342
13421,0.0263977
13422,0.026397705
13423,0.02032471
13424,0.011962887
13425,0.014709469
13426,0.011138921
13427,0.016540525
13428,0.022369388
13429,0.02142334
13430,0.024169922
13431,0.022460936
13432,0.020477297
13433,0.019927982
13434,0.022064202
13435,0.022705084
13436,0.027252205
13437,0.029998776
13438,0.029632553
13439,0.029937727
13440,0.02636717
13441,0.022705063
13442,0.020477293
13443,0.019653322
13444,0.027374256
13445,0.0321045
13446,0.04180909
13447,0.04663086
13448,0.05734253
13449,0.06002807
13450,0.060577378
13451,0.059509277
13452,0.056365967
13453,0.051635746
13454,0.037506104
13455,0.027252194
13456,0.015869137
13457,0.005157478
13458,-0.0016784519
13459,-0.0044250265
13460,0.001739502
13461,0.0098266825
13462,0.016876228
13463,0.03036499
13464,0.043060303
13465,0.056793213
13466,0.072418205
13467,0.08728028
13468,0.09344485
13469,0.10678102
13470,0.116546616
13471,0.1251831
13472,0.12826538
13473,0.12609863
13474,0.12664795
13475,0.12478638
13476,0.12152102
13477,0.11886598
13478,0.11163332
13479,0.10076904
13480,0.08016968
13481,0.06494141
13482,0.048614487
13483,0.027587885
13484,0.0022888407
13485,-0.019134521
13486,-0.037902832
13487,-0.057952877
13488,-0.07412718
13489,-0.09393312
13490,-0.11193848
13491,-0.12686159
13492,-0.14135742
13493,-0.15075685
13494,-0.15335084
13495,-0.15765381
13496,-0.1560669
13497,-0.1496277
13498,-0.14245608
13499,-0.141449
13500,-0.14385986
13501,-0.15115358
13502,-0.1559143
13503,-0.16934206
13504,-0.17501833
13505,-0.17990112
13506,-0.18600464
13507,-0.18878172
13508,-0.1845398
13509,-0.17456056
13510,-0.16281126
13511,-0.14404298
13512,-0.12396242
13513,-0.10540771
13514,-0.099426255
13515,-0.10110475
13516,-0.0921936
13517,-0.08612059
13518,-0.08203123
13519,-0.06674194
13520,-0.0404663
13521,-0.009033211
13522,0.03012085
13523,0.076324485
13524,0.118865944
13525,0.14160153
13526,0.16339111
13527,0.18927002
13528,0.20129396
13529,0.20993045
13530,0.21820068
13531,0.2290039
13532,0.23590088
13533,0.23635864
13534,0.23593138
13535,0.24273682
13536,0.23666382
13537,0.21795657
13538,0.20037842
13539,0.1793213
13540,0.14776611
13541,0.12042236
13542,0.093109146
13543,0.05810546
13544,0.015808098
13545,-0.017333992
13546,-0.042449966
13547,-0.073944114
13548,-0.0966797
13549,-0.10906981
13550,-0.120025665
13551,-0.1335144
13552,-0.14337157
13553,-0.15054324
13554,-0.14541629
13555,-0.13934326
13556,-0.13888548
13557,-0.13458252
13558,-0.12799075
13559,-0.12518308
13560,-0.12866211
13561,-0.12664795
13562,-0.12930296
13563,-0.1347046
13564,-0.12612915
13565,-0.10870361
13566,-0.09832762
13567,-0.09228513
13568,-0.090332024
13569,-0.09606934
13570,-0.109954834
13571,-0.12216188
13572,-0.122467056
13573,-0.11517335
13574,-0.10348507
13575,-0.09439087
13576,-0.06732179
13577,-0.028564483
13578,0.0026855469
13579,0.038757324
13580,0.07919314
13581,0.1074524
13582,0.1281128
13583,0.14688113
13584,0.1743164
13585,0.18466185
13586,0.17990112
13587,0.18484497
13588,0.1852417
13589,0.17828369
13590,0.1747742
13591,0.17306519
13592,0.16311648
13593,0.14068605
13594,0.10903931
13595,0.09259035
13596,0.07168579
13597,0.050231934
13598,0.036041245
13599,0.034362793
13600,0.040161125
13601,0.04428103
13602,0.0545349
13603,0.06829833
13604,0.06484985
13605,0.04974365
13606,0.031372055
13607,0.00094602257
13608,-0.03292846
13609,-0.050018296
13610,-0.05514527
13611,-0.06317139
13612,-0.06759644
13613,-0.05932618
13614,-0.039489754
13615,-0.015686065
13616,0.0020446777
13617,0.025054935
13618,0.03494262
13619,0.02130127
13620,-0.005584717
13621,-0.028991716
13622,-0.043365493
13623,-0.056732193
13624,-0.0686035
13625,-0.060638413
13626,-0.048828132
13627,-0.038452145
13628,-0.025726315
13629,-0.013153102
13630,-0.0090331845
13631,-0.018707283
13632,-0.034667976
13633,-0.049713127
13634,-0.064117424
13635,-0.07531738
13636,-0.0819397
13637,-0.08520511
13638,-0.08621214
13639,-0.082794204
13640,-0.06524655
13641,-0.053314194
13642,-0.04724121
13643,-0.046935998
13644,-0.056701653
13645,-0.07421875
13646,-0.10009765
13647,-0.11694335
13648,-0.119659424
13649,-0.12460327
13650,-0.12408447
13651,-0.11358641
13652,-0.08911133
13653,-0.05874633
13654,-0.03887941
13655,-0.014404278
13656,0.007659914
13657,0.01461793
13658,0.018859863
13659,0.02554321
13660,0.03402708
13661,0.034545895
13662,0.03305055
13663,0.04537963
13664,0.059417725
13665,0.07064818
13666,0.08782958
13667,0.10577392
13668,0.12524414
13669,0.13299564
13670,0.13586426
13671,0.13989258
13672,0.13775635
13673,0.13192749
13674,0.1260376
13675,0.1196289
13676,0.110992424
13677,0.10879519
13678,0.11526488
13679,0.11660768
13680,0.10974122
13681,0.106292725
13682,0.096954346
13683,0.088104255
13684,0.07681275
13685,0.06570434
13686,0.058593743
13687,0.036132816
13688,0.0068664625
13689,-0.023223888
13690,-0.045440678
13691,-0.06726074
13692,-0.0915222
13693,-0.105163574
13694,-0.11593628
13695,-0.13192749
13696,-0.14187622
13697,-0.14721681
13698,-0.14508057
13699,-0.14596558
13700,-0.14221191
13701,-0.13381958
13702,-0.12063598
13703,-0.109436035
13704,-0.099121116
13705,-0.08129881
13706,-0.0630188
13707,-0.044158943
13708,-0.023345955
13709,-0.0024719238
13710,0.012054438
13711,0.022064209
13712,0.029571531
13713,0.02685546
13714,0.015655521
13715,0.007843021
13716,0.003875738
13717,-7.450581e-09
13718,0.0009155348
13719,0.01519775
13720,0.032318104
13721,0.046234123
13722,0.053344734
13723,0.047607414
13724,0.044708252
13725,0.032440186
13726,0.0061950684
13727,-0.0116272075
13728,-0.023773186
13729,-0.026245113
13730,-0.022918694
13731,-0.0070190392
13732,0.012420632
13733,0.033996604
13734,0.063842796
13735,0.09103392
13736,0.1026306
13737,0.10183717
13738,0.073059075
13739,0.032196045
13740,-0.008209243
13741,-0.04721068
13742,-0.07382202
13743,-0.08480835
13744,-0.08200073
13745,-0.07180786
13746,-0.05526733
13747,-0.03839112
13748,-0.034118645
13749,-0.048584
13750,-0.07473755
13751,-0.11071778
13752,-0.1349487
13753,-0.15136722
13754,-0.15161136
13755,-0.1376648
13756,-0.11975098
13757,-0.08175661
13758,-0.04562379
13759,-0.007965099
13760,0.02182006
13761,0.041168213
13762,0.055816643
13763,0.048889145
13764,0.04248046
13765,0.033111572
13766,0.037872314
13767,0.050964367
13768,0.053558342
13769,0.08187866
13770,0.10437011
13771,0.12023926
13772,0.12893677
13773,0.11959839
13774,0.10595704
13775,0.0647583
13776,0.03152466
13777,-0.0024414044
13778,-0.024780262
13779,-0.025848381
13780,-0.030761722
13781,-0.024444573
13782,-0.00961303
13783,-0.0025329664
13784,0.0130920485
13785,0.013763435
13786,0.010101307
13787,-0.003204342
13788,-0.021697998
13789,-0.033935547
13790,-0.060455333
13791,-0.059478745
13792,-0.070373535
13793,-0.06301879
13794,-0.04669188
13795,-0.031127922
13796,0.008483879
13797,0.027496342
13798,0.063903816
13799,0.07092286
13800,0.08300782
13801,0.1010742
13802,0.10144043
13803,0.1253967
13804,0.12603761
13805,0.1506958
13806,0.16574097
13807,0.17968749
13808,0.22036737
13809,0.22973631
13810,0.27514654
13811,0.28698725
13812,0.31677234
13813,0.3388672
13814,0.3614807
13815,0.39898682
13816,0.40631104
13817,0.43887338
13818,0.43963605
13819,0.4700928
13820,0.47158828
13821,0.46264648
13822,0.4381713
13823,0.40432745
13824,0.3486633
13825,0.26104736
13826,0.17733765
13827,0.08880625
13828,-0.023407042
13829,-0.12640382
13830,-0.24423212
13831,-0.3529663
13832,-0.4835814
13833,-0.592926
13834,-0.7109682
13835,-0.8350221
13836,-0.9421693
13837,-1.0451965
13838,-1.1412964
13839,-1.243225
13840,-1.3187256
13841,-1.3996584
13842,-1.4425964
13843,-1.4691161
13844,-1.4304812
13845,-1.3519288
13846,-1.2010499
13847,-1.0180664
13848,-0.8017273
13849,-0.545593
13850,-0.31399542
13851,-0.053619385
13852,0.19830322
13853,0.46835345
13854,0.7412417
13855,1.0121766
13856,1.2911074
13857,1.5371704
13858,1.806946
13859,2.0144043
13860,2.1846008
13861,2.296051
13862,2.383667
13863,2.4013064
13864,2.3872683
13865,2.360321
13866,2.2947693
13867,2.2052917
13868,2.077179
13869,1.8993529
13870,1.619324
13871,1.2696531
13872,0.8902892
13873,0.4599917
13874,0.024994016
13875,-0.39114392
13876,-0.8003237
13877,-1.1815183
13878,-1.5424807
13879,-1.8532715
13880,-2.1685488
13881,-2.4272459
13882,-2.6581728
13883,-2.7575686
13884,-2.8275757
13885,-2.866272
13886,-2.8812563
13887,-2.874054
13888,-2.835022
13889,-2.7838748
13890,-2.6469424
13891,-2.4959106
13892,-2.2816162
13893,-2.0383306
13894,-1.7157593
13895,-1.3760681
13896,-0.9985659
13897,-0.61840844
13898,-0.227875
13899,0.17312646
13900,0.58880615
13901,1.0175476
13902,1.4120483
13903,1.7469176
13904,2.026459
13905,2.2180786
13906,2.3494873
13907,2.433868
13908,2.4678648
13909,2.5117798
13910,2.538025
13911,2.587586
13912,2.625763
13913,2.668518
13914,2.6773682
13915,2.6531374
13916,2.5683293
13917,2.4518738
13918,2.2774355
13919,2.0715942
13920,1.7978214
13921,1.5119321
13922,1.1937561
13923,0.77801526
13924,0.35540748
13925,-0.07006848
13926,-0.47024548
13927,-0.8765564
13928,-1.2464905
13929,-1.635376
13930,-1.9605714
13931,-2.2983704
13932,-2.6316223
13933,-2.9093628
13934,-3.1784668
13935,-3.4252014
13936,-3.657105
13937,-3.8294373
13938,-3.967743
13939,-4.0125732
13940,-3.9862676
13941,-3.8616333
13942,-3.6341252
13943,-3.286499
13944,-2.8605042
13945,-2.3417664
13946,-1.7737427
13947,-1.1677549
13948,-0.5242308
13949,0.11743155
13950,0.77816784
13951,1.3859862
13952,1.9540101
13953,2.3762817
13954,2.7283328
13955,2.9466858
13956,3.101959
13957,3.165741
13958,3.1672666
13959,3.1123352
13960,3.0238953
13961,2.936127
13962,2.7843018
13963,2.6360168
13964,2.426178
13965,2.226257
13966,1.9875185
13967,1.7550658
13968,1.4861449
13969,1.223114
13970,0.9393311
13971,0.6663208
13972,0.40481573
13973,0.1603698
13974,-0.06649774
13975,-0.25540164
13976,-0.40768433
13977,-0.55590826
13978,-0.64691186
13979,-0.7575381
13980,-0.80596924
13981,-0.87176514
13982,-0.9221192
13983,-0.9732971
13984,-1.0195923
13985,-1.0565186
13986,-1.1082764
13987,-1.1338196
13988,-1.1649169
13989,-1.1702269
13990,-1.1687624
13991,-1.1444397
13992,-1.1181031
13993,-1.0545958
13994,-0.9918518
13995,-0.9077453
13996,-0.8197938
13997,-0.71731555
13998,-0.60333246
13999,-0.47549447
14000,-0.3489075
14001,-0.2226868
14002,-0.08932495
14003,0.033172667
14004,0.13784796
14005,0.22982794
14006,0.31808478
14007,0.38815308
14008,0.45953363
14009,0.49551392
14010,0.5487062
14011,0.5739135
14012,0.6069031
14013,0.6268617
14014,0.6411743
14015,0.6629638
14016,0.65652466
14017,0.6584473
14018,0.6269531
14019,0.5978395
14020,0.5473632
14021,0.5019532
14022,0.44335943
14023,0.38790882
14024,0.33151245
14025,0.28280637
14026,0.23547363
14027,0.18908682
14028,0.1443786
14029,0.10299675
14030,0.0521545
14031,0.0057372972
14032,-0.042205848
14033,-0.0866089
14034,-0.13796997
14035,-0.1875915
14036,-0.23355103
14037,-0.27130127
14038,-0.2918396
14039,-0.3139038
14040,-0.31524658
14041,-0.32617188
14042,-0.31469733
14043,-0.31008905
14044,-0.27966306
14045,-0.27133176
14046,-0.24789432
14047,-0.23898312
14048,-0.22549438
14049,-0.19784544
14050,-0.18496704
14051,-0.14395142
14052,-0.12411499
14053,-0.0786438
14054,-0.050231937
14055,-0.012573235
14056,0.023376457
14057,0.059661873
14058,0.086151116
14059,0.0963135
14060,0.1055298
14061,0.10458374
14062,0.11407471
14063,0.10934447
14064,0.111572266
14065,0.10379029
14066,0.11636355
14067,0.11148072
14068,0.11285401
14069,0.09436035
14070,0.0829773
14071,0.057525635
14072,0.034576412
14073,0.012908932
14074,-0.005920413
14075,0.010101314
14076,0.010467528
14077,0.025238033
14078,0.016174326
14079,0.033996575
14080,0.03695678
14081,0.049591057
14082,0.0522461
14083,0.046783447
14084,0.04132079
14085,0.03033448
14086,0.012084962
14087,-0.0008544922
14088,0.0016479567
14089,0.009704586
14090,0.021362308
14091,0.018432625
14092,0.02120971
14093,0.01269532
14094,0.020690914
14095,-0.0047912486
14096,-0.016998302
14097,-0.047790527
14098,-0.050048828
14099,-0.049865738
14100,-0.044403076
14101,-0.04159546
14102,-0.04962158
14103,-0.043914776
14104,-0.049255393
14105,-0.04431154
14106,-0.052337658
14107,-0.04956055
14108,-0.06506348
14109,-0.069458015
14110,-0.08471681
14111,-0.081665054
14112,-0.08438109
14113,-0.07830809
14114,-0.080078125
14115,-0.0793457
14116,-0.07855224
14117,-0.06927491
14118,-0.05892945
14119,-0.060546868
14120,-0.062408447
14121,-0.07604981
14122,-0.08013916
14123,-0.09732054
14124,-0.101074226
14125,-0.10043334
14126,-0.08090211
14127,-0.07250978
14128,-0.056762695
14129,-0.049011234
14130,-0.033233657
14131,-0.019714352
14132,-0.011596698
14133,-0.008422855
14134,-0.009552002
14135,-0.005401615
14136,-0.0067138714
14137,-0.0039367694
14138,-0.00012206659
14139,0.0032653809
14140,0.010498036
14141,0.014190674
14142,0.024200432
14143,0.03674315
14144,0.0553589
14145,0.059783936
14146,0.060302734
14147,0.056854244
14148,0.062042233
14149,0.06695557
14150,0.067901626
14151,0.0635071
14152,0.05697632
14153,0.064270005
14154,0.072906494
14155,0.0857544
14156,0.08944702
14157,0.094451904
14158,0.08355712
14159,0.06991577
14160,0.055664062
14161,0.043701172
14162,0.03369141
14163,0.025024414
14164,0.015869133
14165,0.012451157
14166,0.017700195
14167,0.024658207
14168,0.021972658
14169,0.021270748
14170,0.018737799
14171,0.015716534
14172,0.018127456
14173,0.006042499
14174,-0.006103523
14175,-0.02209472
14176,-0.033966064
14177,-0.043640144
14178,-0.053009033
14179,-0.050231937
14180,-0.052703857
14181,-0.037841786
14182,-0.03375244
14183,-0.019470211
14184,-0.015228273
14185,-0.0011596791
14186,0.0009155199
14187,0.008697525
14188,0.010345459
14189,-0.0012817383
14190,-0.0008849986
14191,-0.0153198205
14192,-0.018310554
14193,-0.029998798
14194,-0.035919193
14195,-0.05422974
14196,-0.06863405
14197,-0.08499144
14198,-0.09722899
14199,-0.1031494
14200,-0.10263061
14201,-0.09005736
14202,-0.07464599
14203,-0.056671157
14204,-0.039001465
14205,-0.023162836
14206,-0.013122559
14207,0.0003356859
14208,0.009979249
14209,0.021881104
14210,0.025299082
14211,0.030731212
14212,0.02520752
14213,0.022766098
14214,0.016113292
14215,0.016113281
14216,0.018981943
14217,0.019134521
14218,0.021331785
14219,0.020050045
14220,0.024139402
14221,0.020996083
14222,0.024047855
14223,0.014740002
14224,0.010589596
14225,0.00024414342
14226,0.0018615765
14227,0.006317139
14228,0.010284426
14229,0.021636961
14230,0.024383537
14231,0.03509521
14232,0.03781128
14233,0.04345704
14234,0.04144288
14235,0.037902836
14236,0.03329468
14237,0.024719233
14238,0.023834227
14239,0.02319336
14240,0.021759031
14241,0.015624998
14242,0.010131834
14243,0.008148184
14244,0.007385254
14245,0.0047607347
14246,-0.0016174335
14247,-0.01879882
14248,-0.023498537
14249,-0.03680419
14250,-0.040039055
14251,-0.049896233
14252,-0.05218505
14253,-0.056671143
14254,-0.052734375
14255,-0.052124023
14256,-0.05505372
14257,-0.04995729
14258,-0.05615235
14259,-0.04553222
14260,-0.044281006
14261,-0.033813473
14262,-0.03182983
14263,-0.029724121
14264,-0.034210198
14265,-0.03396608
14266,-0.03897095
14267,-0.04687501
14268,-0.04553225
14269,-0.05224609
14270,-0.05352784
14271,-0.056610104
14272,-0.05715943
14273,-0.060394295
14274,-0.057220474
14275,-0.048797607
14276,-0.037963863
14277,-0.018035887
14278,-0.005462652
14279,0.0057372972
14280,0.009857172
14281,0.010589596
14282,0.010589595
14283,0.01312256
14284,0.010437006
14285,0.016815193
14286,0.024169933
14287,0.041015632
14288,0.055725105
14289,0.067504875
14290,0.07376098
14291,0.081146225
14292,0.08666991
14293,0.09503174
14294,0.1018982
14295,0.10070801
14296,0.10479736
14297,0.09213258
14298,0.09939576
14299,0.09078979
14300,0.0994873
14301,0.09658812
14302,0.09866332
14303,0.098968506
14304,0.09674072
14305,0.09542847
14306,0.08850098
14307,0.08111572
14308,0.06100465
14309,0.044708252
14310,0.027221683
14311,0.009979248
14312,0.0020752102
14313,-0.00860595
14314,-0.015624983
14315,-0.017303467
14316,-0.023071297
14317,-0.022857687
14318,-0.027374273
14319,-0.031768784
14320,-0.032958977
14321,-0.030761704
14322,-0.02606202
14323,-0.025634771
14324,-0.021850593
14325,-0.028991697
14326,-0.025634773
14327,-0.025756834
14328,-0.020080568
14329,-0.008300784
14330,-0.004913332
14331,0.001739502
14332,0.0020141602
14333,0.0018310566
14334,-0.0046691988
14335,-0.0016784482
14336,-0.008575428
14337,-0.0054931734
14338,-0.0068359347
14339,-0.00857544
14340,-0.00805664
14341,-0.007843018
14342,-0.0070190364
14343,-0.002777096
14344,0.005187994
14345,0.010803228
14346,0.021820078
14347,0.028106693
14348,0.03189087
14349,0.03433227
14350,0.035034176
14351,0.035614
14352,0.037078857
14353,0.038726814
14354,0.042907722
14355,0.045715313
14356,0.051513672
14357,0.053009044
14358,0.057556152
14359,0.060638435
14360,0.062225357
14361,0.065582275
14362,0.063781746
14363,0.06375122
14364,0.059387222
14365,0.05700682
14366,0.052703872
14367,0.05105591
14368,0.042205803
14369,0.030364998
14370,0.020874038
14371,0.010040297
14372,0.0018005357
14373,-0.003143317
14374,-0.007049553
14375,-0.012207031
14376,-0.014709471
14377,-0.021728525
14378,-0.026092527
14379,-0.03213501
14380,-0.038024906
14381,-0.04248047
14382,-0.04525757
14383,-0.05102539
14384,-0.05328369
14385,-0.05621337
14386,-0.06716918
14387,-0.071105964
14388,-0.07632446
14389,-0.071594246
14390,-0.069335945
14391,-0.0696106
14392,-0.07571411
14393,-0.085449226
14394,-0.09780884
14395,-0.114898674
14396,-0.13061522
14397,-0.14834595
14398,-0.1678467
14399,-0.18426514
14400,-0.21878052
14401,-0.25421143
14402,-0.2848816
14403,-0.3481751
14404,-0.47283944
14405,-0.6000365
14406,-0.7313539
14407,-0.71444714
14408,-0.6400451
14409,-0.6449585
14410,-0.5046083
14411,-0.10574341
14412,0.31509405
14413,0.63290405
14414,0.78472877
14415,0.7348023
14416,0.5958253
14417,0.54806507
14418,0.5307618
14419,0.43408215
14420,0.504425
14421,0.82769775
14422,1.1849976
14423,1.4705505
14424,1.6605222
14425,1.6418456
14426,1.5331728
14427,1.3027344
14428,1.0356749
14429,0.81582654
14430,0.5460511
14431,0.16510022
14432,-0.18768322
14433,-0.47454828
14434,-0.66415393
14435,-0.7532655
14436,-0.78732306
14437,-0.8592528
14438,-0.9432374
14439,-0.9831237
14440,-1.0959473
14441,-1.320221
14442,-1.5407714
14443,-1.6644897
14444,-1.662384
14445,-1.5198975
14446,-1.3086243
14447,-1.1375122
14448,-0.988922
14449,-0.80789196
14450,-0.7235413
14451,-0.75823987
14452,-0.8332213
14453,-0.8690491
14454,-0.8177185
14455,-0.65933216
14456,-0.45227054
14457,-0.3045655
14458,-0.17916866
14459,-0.037323117
14460,0.01638788
14461,-0.06271364
14462,-0.17053227
14463,-0.2861939
14464,-0.4142456
14465,-0.43191516
14466,-0.4174502
14467,-0.24478155
14468,-0.03326416
14469,0.08035278
14470,0.3347168
14471,0.83401483
14472,1.3357544
14473,1.7724304
14474,2.1446226
14475,2.3256226
14476,2.4281006
14477,2.3990784
14478,2.3173826
14479,2.2669983
14480,2.1430664
14481,1.8648376
14482,1.5649412
14483,1.284729
14484,1.0420535
14485,0.85949695
14486,0.71429443
14487,0.5294801
14488,0.35736066
14489,0.24383536
14490,0.06805423
14491,-0.22894287
14492,-0.51855457
14493,-0.72964483
14494,-0.8638609
14495,-0.8702392
14496,-0.82336426
14497,-0.7485349
14498,-0.6652527
14499,-0.59790045
14500,-0.55011
14501,-0.5227968
14502,-0.5040891
14503,-0.48443598
14504,-0.4621277
14505,-0.45159888
14506,-0.45819086
14507,-0.4644472
14508,-0.47488374
14509,-0.4712831
14510,-0.45227063
14511,-0.42294306
14512,-0.40664667
14513,-0.42361438
14514,-0.4542846
14515,-0.47937006
14516,-0.50885
14517,-0.53836066
14518,-0.5469663
14519,-0.5348817
14520,-0.5247497
14521,-0.5081785
14522,-0.47528076
14523,-0.42901605
14524,-0.3667907
14525,-0.28497308
14526,-0.21762091
14527,-0.1620482
14528,-0.09890749
14529,-0.026245013
14530,0.048584193
14531,0.12280275
14532,0.18188466
14533,0.24078369
14534,0.28552228
14535,0.30267322
14536,0.31173712
14537,0.32727045
14538,0.3314514
14539,0.33334348
14540,0.33999634
14541,0.3375244
14542,0.33486933
14543,0.3397215
14544,0.33432013
14545,0.32885736
14546,0.32785043
14547,0.32724005
14548,0.329956
14549,0.33377075
14550,0.33966053
14551,0.34854117
14552,0.36557013
14553,0.37442017
14554,0.38336182
14555,0.36849982
14556,0.34558105
14557,0.31454468
14558,0.27062985
14559,0.2135621
14560,0.15335084
14561,0.09692381
14562,0.032195956
14563,-0.025817899
14564,-0.08557141
14565,-0.16061401
14566,-0.22286989
14567,-0.29647833
14568,-0.36422718
14569,-0.4210205
14570,-0.47476202
14571,-0.52517694
14572,-0.56033325
14573,-0.5931701
14574,-0.62194824
14575,-0.6127014
14576,-0.6020507
14577,-0.58963007
14578,-0.5344848
14579,-0.4603882
14580,-0.3755187
14581,-0.2940063
14582,-0.20678714
14583,-0.12060553
14584,-0.027221665
14585,0.0456848
14586,0.11181638
14587,0.17376707
14588,0.19955437
14589,0.21572882
14590,0.22842409
14591,0.23028558
14592,0.23733518
14593,0.24212644
14594,0.23370358
14595,0.22161862
14596,0.21789551
14597,0.21154785
14598,0.20373532
14599,0.20077516
14600,0.19116208
14601,0.17770386
14602,0.15405276
14603,0.13375853
14604,0.099548325
14605,0.051513672
14606,0.007049568
14607,-0.021942168
14608,-0.03042601
14609,-0.026672363
14610,-0.008605987
14611,0.0047912896
14612,0.0064697266
14613,0.026794396
14614,0.028259277
14615,-0.00097655505
14616,-0.027343728
14617,-0.049987797
14618,-0.06796263
14619,-0.08068847
14620,-0.09292603
14621,-0.0937195
14622,-0.08963014
14623,-0.09249878
14624,-0.0895691
14625,-0.07293701
14626,-0.0671692
14627,-0.06372069
14628,-0.058197036
14629,-0.0656433
14630,-0.07043456
14631,-0.07284546
14632,-0.07891844
14633,-0.08721923
14634,-0.07601928
14635,-0.056701645
14636,-0.033142112
14637,0.0004577469
14638,0.015197771
14639,0.02096557
14640,0.025360119
14641,0.019165037
14642,0.025909416
14643,0.02169801
14644,0.023254398
14645,0.036621094
14646,0.051849354
14647,0.060028084
14648,0.062133793
14649,0.05081176
14650,0.026947036
14651,0.019226074
14652,0.007904045
14653,-0.006408682
14654,-0.017089846
14655,-0.008941667
14656,0.001220692
14657,0.01666261
14658,0.03234863
14659,0.046630852
14660,0.06573486
14661,0.07022096
14662,0.06457521
14663,0.07510375
14664,0.064178474
14665,0.036010735
14666,0.007812511
14667,-0.019531269
14668,-0.033355713
14669,-0.04153444
14670,-0.042755134
14671,-0.03625488
14672,-0.017211918
14673,-0.013397209
14674,0.002868645
14675,0.026397701
14676,0.04446411
14677,0.06066893
14678,0.06701662
14679,0.06121825
14680,0.052063003
14681,0.05383301
14682,0.055328373
14683,0.052459728
14684,0.05972291
14685,0.06823729
14686,0.08114623
14687,0.09112548
14688,0.09423828
14689,0.09698486
14690,0.096160896
14691,0.09240723
14692,0.089080825
14693,0.08560181
14694,0.07763673
14695,0.07443239
14696,0.06561279
14697,0.054199215
14698,0.042419426
14699,0.033599854
14700,0.021148674
14701,0.014495853
14702,0.0080871545
14703,0.002166748
14704,-0.0022888333
14705,-0.002563484
14706,-0.0060424954
14707,0.0011291429
14708,-0.0010375902
14709,-0.00051881
14710,0.0021667518
14711,0.0070800893
14712,0.008758552
14713,0.018524166
14714,0.02346801
14715,0.024047844
14716,0.02755737
14717,0.026855461
14718,0.02200319
14719,0.017578136
14720,0.0061950563
14721,0.0008239746
14722,-0.006866457
14723,-0.0166626
14724,-0.02230836
14725,-0.022033691
14726,-0.021881092
14727,-0.017761225
14728,-0.011596682
14729,-0.013977053
14730,-0.012573246
14731,-0.01577759
14732,-0.02807618
14733,-0.034973137
14734,-0.045135498
14735,-0.052612312
14736,-0.061737068
14737,-0.05825804
14738,-0.05691528
14739,-0.053558342
14740,-0.051696785
14741,-0.059265144
14742,-0.05947875
14743,-0.062042248
14744,-0.071716286
14745,-0.07232667
14746,-0.08129881
14747,-0.08029173
14748,-0.08294678
14749,-0.076660156
14750,-0.08145143
14751,-0.078613296
14752,-0.07705689
14753,-0.08169557
14754,-0.07754515
14755,-0.07360841
14756,-0.070556626
14757,-0.061920173
14758,-0.06240847
14759,-0.05718995
14760,-0.058349617
14761,-0.059478763
14762,-0.06280517
14763,-0.052948
14764,-0.049011238
14765,-0.04779053
14766,-0.042907707
14767,-0.050109874
14768,-0.056854255
14769,-0.0610962
14770,-0.07244873
14771,-0.07318115
14772,-0.0786438
14773,-0.07821655
14774,-0.07846074
14775,-0.07632445
14776,-0.072265625
14777,-0.07180786
14778,-0.06430056
14779,-0.06274414
14780,-0.053649884
14781,-0.04537963
14782,-0.043579124
14783,-0.038360603
14784,-0.03219606
14785,-0.027770977
14786,-0.02072145
14787,-0.007293696
14788,0.0034179562
14789,0.018280044
14790,0.03982544
14791,0.05126953
14792,0.06893921
14793,0.08050537
14794,0.079833984
14795,0.08276368
14796,0.07592773
14797,0.07357789
14798,0.072814964
14799,0.07192992
14800,0.07247923
14801,0.07290649
14802,0.08026124
14803,0.07897949
14804,0.086700454
14805,0.094299294
14806,0.09732056
14807,0.10333252
14808,0.10046388
14809,0.09991454
14810,0.09588623
14811,0.089416504
14812,0.084472656
14813,0.082336426
14814,0.077911384
14815,0.06683348
14816,0.06436159
14817,0.05337524
14818,0.043029793
14819,0.04367066
14820,0.034851067
14821,0.03552246
14822,0.028717063
14823,0.030548103
14824,0.02807615
14825,0.027343743
14826,0.031066898
14827,0.021911636
14828,0.031158462
14829,0.029754642
14830,0.037017837
14831,0.0482178
14832,0.050506573
14833,0.055450432
14834,0.05484006
14835,0.056549083
14836,0.054992646
14837,0.05227662
14838,0.04949951
14839,0.03982546
14840,0.045593254
14841,0.03720093
14842,0.038299553
14843,0.03555298
14844,0.026428219
14845,0.027343754
14846,0.014312743
14847,0.013549807
14848,0.0030517578
14849,-0.0046386775
14850,-0.0016784705
14851,-0.005004897
14852,0.0036010817
14853,0.00036621094
14854,0.003265392
14855,0.009979248
14856,0.0051269718
14857,0.016571049
14858,0.019165035
14859,0.023925766
14860,0.025482163
14861,0.026458733
14862,0.028350823
14863,0.027374268
14864,0.033081055
14865,0.030670177
14866,0.036712658
14867,0.043579094
14868,0.041656476
14869,0.049438465
14870,0.041503884
14871,0.038848862
14872,0.028991684
14873,0.023498535
14874,0.013946539
14875,0.00061035156
14876,0.0009460449
14877,-0.012725837
14878,-0.010589598
14879,-0.012786856
14880,-0.014984133
14881,-0.0068054236
14882,-0.009063706
14883,-0.009124756
14884,-0.008789072
14885,-0.01950074
14886,-0.018310562
14887,-0.028869614
14888,-0.031097393
14889,-0.041748047
14890,-0.046875007
14891,-0.05621337
14892,-0.059722904
14893,-0.06399536
14894,-0.06600954
14895,-0.06182861
14896,-0.06823731
14897,-0.06970215
14898,-0.075836174
14899,-0.09020997
14900,-0.087524414
14901,-0.10018922
14902,-0.10092163
14903,-0.09814453
14904,-0.09957886
14905,-0.0925293
14906,-0.087677
14907,-0.08526611
14908,-0.075836174
14909,-0.06814576
14910,-0.065856926
14911,-0.053741463
14912,-0.05056762
14913,-0.04727173
14914,-0.030883782
14915,-0.028350828
14916,-0.016082756
14917,-0.0025939941
14918,0.0018310435
14919,0.020294182
14920,0.02145385
14921,0.026214603
14922,0.029235825
14923,0.024597166
14924,0.025268557
14925,0.020874016
14926,0.016876211
14927,0.014434809
14928,0.010436995
14929,0.005432142
14930,0.001159668
14931,-0.00952149
14932,-0.019592278
14933,-0.023681639
14934,-0.035400383
14935,-0.045013428
14936,-0.04748536
14937,-0.058532707
14938,-0.061279286
14939,-0.065032944
14940,-0.07736206
14941,-0.077819824
14942,-0.08026123
14943,-0.08990477
14944,-0.08566284
14945,-0.09600829
14946,-0.09506226
14947,-0.04998779
14948,-0.032073963
14949,-0.030761711
14950,-0.01922608
14951,-0.040039055
14952,-0.033996593
14953,-0.037200917
14954,-0.05337526
14955,-0.054595947
14956,-0.055297855
14957,-0.028137218
14958,0.0077209547
14959,0.019500729
14960,0.033996597
14961,0.043273926
14962,0.047637943
14963,0.055541985
14964,0.05441284
14965,0.044281006
14966,0.04589844
14967,0.012969961
14968,-0.0042114165
14969,0.010375973
14970,-0.006774895
14971,0.0067749023
14972,0.008911135
14973,0.00061033666
14974,0.014556896
14975,0.010040268
14976,-0.011993416
14977,-0.030242935
14978,-0.06619262
14979,-0.0798645
14980,-0.07666014
14981,-0.08334349
14982,-0.075897224
14983,-0.06271364
14984,-0.060974125
14985,-0.041351333
14986,-0.04193116
14987,-0.065277115
14988,-0.06762693
14989,-0.080169685
14990,-0.076110825
14991,-0.051239
14992,-0.04525757
14993,-0.020721447
14994,0.011169434
14995,0.030670173
14996,0.059326157
14997,0.07299807
14998,0.078033455
14999,0.09970093
15000,0.112579346
15001,0.12423707
15002,0.13790895
15003,0.14450073
15004,0.14898679
15005,0.15460205
15006,0.15652466
15007,0.1963501
15008,0.21646118
15009,0.20611571
15010,0.20590211
15011,0.18508911
15012,0.1647339
15013,0.14849854
15014,0.110015854
15015,0.08636473
15016,0.070129395
15017,0.018402085
15018,0.0032348782
15019,-0.007476799
15020,-0.030853279
15021,-0.033081055
15022,-0.03851319
15023,-0.048400868
15024,-0.029113773
15025,-0.026214607
15026,-0.023681633
15027,-0.028045643
15028,-0.04611206
15029,-0.048187263
15030,-0.043975852
15031,-0.055114746
15032,-0.0531006
15033,-0.050750732
15034,-0.050506577
15035,-0.0413208
15036,-0.04272461
15037,-0.05474855
15038,-0.05517578
15039,-0.07470702
15040,-0.07464598
15041,-0.07089232
15042,-0.06881713
15043,-0.059936527
15044,-0.046020515
15045,-0.043609623
15046,-0.018280022
15047,0.001068119
15048,0.021209717
15049,0.042388935
15050,0.060028072
15051,0.07229615
15052,0.09063722
15053,0.102722146
15054,0.10803223
15055,0.117950454
15056,0.121032715
15057,0.13519289
15058,0.14053345
15059,0.14715575
15060,0.14590454
15061,0.1394043
15062,0.12652591
15063,0.10754395
15064,0.080230705
15065,0.056640625
15066,0.029937752
15067,0.0024414062
15068,-0.021728527
15069,-0.04998777
15070,-0.077941895
15071,-0.097564705
15072,-0.12097168
15073,-0.13742065
15074,-0.13751224
15075,-0.13265991
15076,-0.11819458
15077,-0.10147093
15078,-0.083099365
15079,-0.058593765
15080,-0.027191162
15081,-0.00021363795
15082,0.035491914
15083,0.07064819
15084,0.105865516
15085,0.1508789
15086,0.17950436
15087,0.20800781
15088,0.24050905
15089,0.26000977
15090,0.28756714
15091,0.3152771
15092,0.32788086
15093,0.34719846
15094,0.3587036
15095,0.35186768
15096,0.35342404
15097,0.34597778
15098,0.3274536
15099,0.29559326
15100,0.23623654
15101,0.16726688
15102,0.090789855
15103,-0.01196292
15104,-0.12017822
15105,-0.22549447
15106,-0.34835815
15107,-0.46820068
15108,-0.58489966
15109,-0.71118176
15110,-0.833008
15111,-0.94290155
15112,-1.0395813
15113,-1.1615294
15114,-1.2325135
15115,-1.1704102
15116,-1.2129211
15117,-1.2383727
15118,-1.2347106
15119,-1.2115784
15120,-1.1487124
15121,-1.0493773
15122,-0.90682983
15123,-0.7396544
15124,-0.5089113
15125,-0.15115345
15126,0.13262933
15127,0.39868182
15128,0.67523175
15129,0.9694518
15130,1.2475891
15131,1.5210874
15132,1.7702637
15133,1.986023
15134,2.1578066
15135,2.2370603
15136,2.302826
15137,2.3023682
15138,2.2834473
15139,2.2510984
15140,2.2024841
15141,2.1476438
15142,2.0204773
15143,1.8799132
15144,1.6455996
15145,1.2631835
15146,0.87103283
15147,0.43545532
15148,-0.009734869
15149,-0.45208764
15150,-0.8779298
15151,-1.2522582
15152,-1.5653077
15153,-1.793274
15154,-2.0162964
15155,-2.2835999
15156,-2.4439087
15157,-2.5618286
15158,-2.6264038
15159,-2.6553955
15160,-2.6346743
15161,-2.5588684
15162,-2.4166565
15163,-2.2490234
15164,-2.077057
15165,-1.9330443
15166,-1.7437131
15167,-1.5375671
15168,-1.3303224
15169,-1.0882266
15170,-0.7864686
15171,-0.4691162
15172,-0.120513916
15173,0.21734631
15174,0.5738219
15175,1.0189213
15176,1.3344424
15177,1.6239014
15178,1.8314818
15179,1.962494
15180,2.0181274
15181,2.0117493
15182,1.9895935
15183,1.9839783
15184,1.9960024
15185,2.005371
15186,2.1120908
15187,2.2188416
15188,2.3131409
15189,2.396759
15190,2.4172363
15191,2.361908
15192,2.208496
15193,1.9829102
15194,1.705475
15195,1.3560177
15196,1.0146792
15197,0.6758423
15198,0.31884766
15199,-0.050628543
15200,-0.43209815
15201,-0.8261717
15202,-1.2340394
15203,-1.6155701
15204,-2.00235
15205,-2.395752
15206,-2.7500916
15207,-3.0724487
15208,-3.3563232
15209,-3.6150513
15210,-3.830719
15211,-3.9834595
15212,-4.040802
15213,-4.0253906
15214,-3.9214172
15215,-3.6999817
15216,-3.3676758
15217,-2.9387817
15218,-2.4283142
15219,-1.8326111
15220,-1.1787415
15221,-0.4974975
15222,0.17779526
15223,0.8115537
15224,1.3898925
15225,1.8944398
15226,2.2983398
15227,2.6259155
15228,2.85141
15229,2.9845884
15230,3.0546575
15231,3.0493774
15232,2.9803772
15233,2.874939
15234,2.750061
15235,2.6124268
15236,2.4736328
15237,2.3269653
15238,2.15445
15239,1.9483032
15240,1.712036
15241,1.4318848
15242,1.1369935
15243,0.83950806
15244,0.55789185
15245,0.30627453
15246,0.08297707
15247,-0.09365854
15248,-0.24105829
15249,-0.3509521
15250,-0.44152844
15251,-0.5213928
15252,-0.598175
15253,-0.67892456
15254,-0.75946045
15255,-0.84173584
15256,-0.9283141
15257,-1.011383
15258,-1.0819094
15259,-1.1529846
15260,-1.2084656
15261,-1.2368469
15262,-1.2563475
15263,-1.2584838
15264,-1.2484436
15265,-1.226593
15266,-1.1732482
15267,-1.1075745
15268,-1.0234374
15269,-0.90972894
15270,-0.7926635
15271,-0.65878284
15272,-0.5090332
15273,-0.35226452
15274,-0.1951904
15275,-0.03851311
15276,0.11157219
15277,0.23742674
15278,0.35501087
15279,0.46759027
15280,0.5476684
15281,0.61328113
15282,0.665802
15283,0.70028675
15284,0.7327882
15285,0.75659174
15286,0.7719116
15287,0.7762147
15288,0.77551264
15289,0.76550287
15290,0.7608338
15291,0.7298584
15292,0.69580084
15293,0.6585695
15294,0.60174555
15295,0.5492249
15296,0.49938956
15297,0.44537342
15298,0.38458258
15299,0.32135016
15300,0.25070179
15301,0.18862917
15302,0.12283333
15303,0.058349617
15304,0.0062256455
15305,-0.0423889
15306,-0.08792109
15307,-0.12683108
15308,-0.15786749
15309,-0.19174194
15310,-0.2348633
15311,-0.26153567
15312,-0.29275513
15313,-0.32339478
15314,-0.34301752
15315,-0.35565186
15316,-0.3627319
15317,-0.36709592
15318,-0.36279297
15319,-0.354187
15320,-0.3401489
15321,-0.3239441
15322,-0.29418945
15323,-0.26141357
15324,-0.23046876
15325,-0.20245364
15326,-0.16860962
15327,-0.1430664
15328,-0.11819458
15329,-0.08633423
15330,-0.060241703
15331,-0.039550766
15332,-0.024475116
15333,-0.017608665
15334,-0.011108404
15335,-0.0117797945
15336,-0.026947014
15337,-0.04165648
15338,-0.05691529
15339,-0.062988296
15340,-0.0493469
15341,-0.033599876
15342,-0.022705063
15343,-0.01687622
15344,-0.007110603
15345,0.0032959022
15346,0.007415779
15347,0.011657711
15348,0.014038075
15349,0.008514389
15350,0.01892092
15351,0.040374726
15352,0.06103517
15353,0.07498169
15354,0.091857895
15355,0.10903932
15356,0.12576295
15357,0.14395142
15358,0.15774533
15359,0.16390993
15360,0.15301512
15361,0.14089966
15362,0.1269226
15363,0.10791014
15364,0.09637452
15365,0.08123779
15366,0.058837898
15367,0.04547119
15368,0.039001465
15369,0.028442398
15370,0.013977051
15371,-0.0068969717
15372,-0.018066421
15373,-0.026916498
15374,-0.037048347
15375,-0.052001953
15376,-0.06680298
15377,-0.08303833
15378,-0.09341431
15379,-0.10476685
15380,-0.11041259
15381,-0.12384032
15382,-0.13021852
15383,-0.1291809
15384,-0.13366699
15385,-0.13973998
15386,-0.14163208
15387,-0.13705443
15388,-0.12799071
15389,-0.11715698
15390,-0.10211181
15391,-0.087249756
15392,-0.087371826
15393,-0.085327126
15394,-0.08248902
15395,-0.08090208
15396,-0.083923355
15397,-0.08312988
15398,-0.07937621
15399,-0.080444336
15400,-0.07092285
15401,-0.054412868
15402,-0.041717514
15403,-0.0295105
15404,-0.014770513
15405,0.0010681134
15406,0.02114868
15407,0.037658677
15408,0.049987793
15409,0.0647583
15410,0.07525633
15411,0.08502199
15412,0.09793091
15413,0.10702515
15414,0.11138916
15415,0.11520387
15416,0.123352066
15417,0.13449098
15418,0.1406555
15419,0.14981079
15420,0.14337157
15421,0.12890626
15422,0.11614987
15423,0.10797121
15424,0.08929444
15425,0.06970214
15426,0.051696777
15427,0.030548092
15428,0.012115486
15429,9.155087e-05
15430,-0.0055236835
15431,-0.014251713
15432,-0.017791746
15433,-0.016265873
15434,-0.022003176
15435,-0.023681637
15436,-0.020843504
15437,-0.026885998
15438,-0.031463627
15439,-0.035400406
15440,-0.038177475
15441,-0.047424305
15442,-0.058258053
15443,-0.067718506
15444,-0.073852554
15445,-0.07226562
15446,-0.061126724
15447,-0.044433583
15448,-0.02816771
15449,-0.008300772
15450,0.010437002
15451,0.034393307
15452,0.05114746
15453,0.06329344
15454,0.07180785
15455,0.07391357
15456,0.06820679
15457,0.060485832
15458,0.0553894
15459,0.049041737
15460,0.04452514
15461,0.04791259
15462,0.052093506
15463,0.054779053
15464,0.06845094
15465,0.07901
15466,0.090606704
15467,0.106719956
15468,0.11605835
15469,0.11834715
15470,0.11300658
15471,0.099090576
15472,0.08538818
15473,0.07131959
15474,0.056640647
15475,0.03637695
15476,0.020690918
15477,0.008514397
15478,-0.005920401
15479,-0.017181382
15480,-0.022796623
15481,-0.022460936
15482,-0.019958481
15483,-0.010192886
15484,-0.008758536
15485,-0.00985717
15486,-0.012756348
15487,-0.024597162
15488,-0.04037476
15489,-0.05633544
15490,-0.06985473
15491,-0.08767701
15492,-0.10113524
15493,-0.108886726
15494,-0.111663826
15495,-0.110565186
15496,-0.10317993
15497,-0.09283446
15498,-0.0850525
15499,-0.07250977
15500,-0.061828606
15501,-0.05187987
15502,-0.044219963
15503,-0.040557873
15504,-0.0374451
15505,-0.03707887
15506,-0.041107193
15507,-0.044250485
15508,-0.0505066
15509,-0.060302734
15510,-0.063842766
15511,-0.0569458
15512,-0.051239025
15513,-0.04312133
15514,-0.032104496
15515,-0.020629875
15516,-0.0121154655
15517,0.0015563951
15518,0.014007556
15519,0.021209706
15520,0.02551269
15521,0.027038567
15522,0.02456663
15523,0.022369407
15524,0.025360117
15525,0.03298951
15526,0.038818356
15527,0.049224842
15528,0.06320192
15529,0.07952883
15530,0.08874512
15531,0.098175064
15532,0.09674072
15533,0.09387206
15534,0.086090095
15535,0.07611085
15536,0.060729973
15537,0.03942871
15538,0.019775394
15539,0.002624522
15540,-0.011413572
15541,-0.021942139
15542,-0.0322876
15543,-0.040496826
15544,-0.051452637
15545,-0.0560913
15546,-0.06558227
15547,-0.07546997
15548,-0.079620376
15549,-0.0803528
15550,-0.07769776
15551,-0.082519546
15552,-0.084228516
15553,-0.091033936
15554,-0.09722902
15555,-0.0982666
15556,-0.09838867
15557,-0.10110475
15558,-0.09884644
15559,-0.10131838
15560,-0.1017151
15561,-0.09863282
15562,-0.08926392
15563,-0.0751953
15564,-0.060791034
15565,-0.050262444
15566,-0.03942871
15567,-0.033538837
15568,-0.029418947
15569,-0.029388431
15570,-0.028991707
15571,-0.028839117
15572,-0.024993898
15573,-0.016571045
15574,-0.008178715
15575,0.0008544922
15576,0.015319832
15577,0.035278317
15578,0.05609131
15579,0.07684326
15580,0.08950806
15581,0.10321046
15582,0.11041259
15583,0.11578369
15584,0.124694824
15585,0.12768553
15586,0.12527466
15587,0.11450195
15588,0.09918213
15589,0.07882691
15590,0.050323486
15591,0.031066898
15592,0.013244629
15593,-0.0008239746
15594,-0.008056644
15595,-0.007873535
15596,-0.010437004
15597,-0.013763413
15598,-0.015380867
15599,-0.018188473
15600,-0.020721434
15601,-0.02957153
15602,-0.033813473
15603,-0.041229248
15604,-0.055725098
15605,-0.060852036
15606,-0.059143055
15607,-0.05136107
15608,-0.039093036
15609,-0.02264405
15610,-0.0015563965
15611,0.0058898777
15612,0.021270745
15613,0.03289796
15614,0.04055787
15615,0.042266846
15616,0.04574585
15617,0.04757691
15618,0.03845216
15619,0.032226566
15620,0.032470707
15621,0.035339333
15622,0.037322998
15623,0.044067383
15624,0.053161643
15625,0.055603042
15626,0.061645504
15627,0.07312012
15628,0.08874514
15629,0.1037903
15630,0.11447145
15631,0.12945557
15632,0.1320801
15633,0.13766477
15634,0.14337158
15635,0.14440916
15636,0.14260864
15637,0.13571168
15638,0.13378906
15639,0.119140625
15640,0.106536865
15641,0.09628297
15642,0.08401489
15643,0.07202147
15644,0.05706786
15645,0.050506577
15646,0.030670173
15647,0.005828865
15648,-0.018951423
15649,-0.04803468
15650,-0.07031249
15651,-0.09674074
15652,-0.113159195
15653,-0.12979124
15654,-0.15234375
15655,-0.1611328
15656,-0.17868042
15657,-0.18222047
15658,-0.1859436
15659,-0.1793518
15660,-0.16516113
15661,-0.16555785
15662,-0.1511841
15663,-0.15237424
15664,-0.15270993
15665,-0.16015625
15666,-0.16815186
15667,-0.1661682
15668,-0.1796875
15669,-0.18222046
15670,-0.17730713
15671,-0.17382811
15672,-0.16696168
15673,-0.17779538
15674,-0.17843625
15675,-0.20632935
15676,-0.2937317
15677,-0.43249506
15678,-0.58248913
15679,-0.7766417
15680,-0.75527966
15681,-0.5922545
15682,-0.5966187
15683,-0.48931882
15684,-0.16452026
15685,0.22540277
15686,0.5526122
15687,0.748352
15688,0.7919618
15689,0.6765139
15690,0.6517637
15691,0.70196545
15692,0.56866455
15693,0.55896
15694,0.76596075
15695,1.0786438
15696,1.4107361
15697,1.6823119
15698,1.7945253
15699,1.8084413
15700,1.5917662
15701,1.2630005
15702,1.0121462
15703,0.73291016
15704,0.37930298
15705,0.038238585
15706,-0.25994873
15707,-0.49081418
15708,-0.65310687
15709,-0.74310327
15710,-0.8687438
15711,-1.0237426
15712,-1.0726929
15713,-1.1721498
15714,-1.34964
15715,-1.5240479
15716,-1.6235964
15717,-1.6197507
15718,-1.523407
15719,-1.3295594
15720,-1.1864012
15721,-1.0906982
15722,-0.9173585
15723,-0.8215334
15724,-0.831604
15725,-0.89123523
15726,-0.90533453
15727,-0.8456725
15728,-0.69726557
15729,-0.46801752
15730,-0.31433094
15731,-0.21093766
15732,-0.027374342
15733,0.08935541
15734,0.09741208
15735,0.043792903
15736,-0.076171875
15737,-0.2281799
15738,-0.3093263
15739,-0.40567005
15740,-0.25872803
15741,0.0018616319
15742,0.08145136
15743,0.2554323
15744,0.6205139
15745,1.07901
15746,1.5602416
15747,1.9899595
15748,2.279236
15749,2.486481
15750,2.4552307
15751,2.2941284
15752,2.1820984
15753,2.0107117
15754,1.7194215
15755,1.3872681
15756,1.0726931
15757,0.79891956
15758,0.5834961
15759,0.43655396
15760,0.2647707
15761,0.09945667
15762,0.05554205
15763,-0.026641726
15764,-0.20700091
15765,-0.42578113
15766,-0.6204225
15767,-0.78173804
15768,-0.8229675
15769,-0.7604983
15770,-0.6650695
15771,-0.52993757
15772,-0.4152527
15773,-0.3280334
15774,-0.27468884
15775,-0.26437378
15776,-0.2692567
15777,-0.29476908
15778,-0.28549185
15779,-0.24252322
15780,-0.2468873
15781,-0.24044803
15782,-0.23742685
15783,-0.22961423
15784,-0.23315418
15785,-0.26391613
15786,-0.30770862
15787,-0.3427124
15788,-0.39132705
15789,-0.44335938
15790,-0.46893322
15791,-0.48492444
15792,-0.48062134
15793,-0.45568848
15794,-0.4136656
15795,-0.36428827
15796,-0.32067886
15797,-0.2733459
15798,-0.2364198
15799,-0.22421259
15800,-0.19805914
15801,-0.19378664
15802,-0.20788561
15803,-0.22238171
15804,-0.23623645
15805,-0.2475586
15806,-0.2454223
15807,-0.24017328
15808,-0.25439462
15809,-0.27688605
15810,-0.25375366
15811,-0.20117176
15812,-0.12704487
15813,-0.040741116
15814,0.03182985
15815,0.085845865
15816,0.13336197
15817,0.18356317
15818,0.22332773
15819,0.24850474
15820,0.3002931
15821,0.35009763
15822,0.39434803
15823,0.42877203
15824,0.45654285
15825,0.47103894
15826,0.4721374
15827,0.442688
15828,0.439209
15829,0.45379627
15830,0.41186517
15831,0.36953747
15832,0.313263
15833,0.25296018
15834,0.18814085
15835,0.1252136
15836,0.057617273
15837,0.000976447
15838,-0.067016676
15839,-0.14727788
15840,-0.20327759
15841,-0.25344843
15842,-0.28537
15843,-0.3042602
15844,-0.31579584
15845,-0.32678235
15846,-0.33306885
15847,-0.32333374
15848,-0.32186896
15849,-0.32791132
15850,-0.30676275
15851,-0.28161633
15852,-0.24844354
15853,-0.20770274
15854,-0.15292351
15855,-0.088836566
15856,-0.027618423
15857,0.031799346
15858,0.08111572
15859,0.14059448
15860,0.19757086
15861,0.2386475
15862,0.27111816
15863,0.29071045
15864,0.30767816
15865,0.31607056
15866,0.31509405
15867,0.30175775
15868,0.27993774
15869,0.26745605
15870,0.2669678
15871,0.25436404
15872,0.23233029
15873,0.20367435
15874,0.16766354
15875,0.13171384
15876,0.09515382
15877,0.059692346
15878,0.027343743
15879,-0.017181396
15880,-0.0640564
15881,-0.10754395
15882,-0.14590454
15883,-0.17758179
15884,-0.20578004
15885,-0.2203064
15886,-0.22622679
15887,-0.22711182
15888,-0.22817995
15889,-0.23107913
15890,-0.23526001
15891,-0.23776247
15892,-0.22875978
15893,-0.21362305
15894,-0.20193478
15895,-0.19476318
15896,-0.19039917
15897,-0.18179321
15898,-0.17199707
15899,-0.16271973
15900,-0.15136719
15901,-0.1368103
15902,-0.11868286
15903,-0.096343994
15904,-0.0767212
15905,-0.061645478
15906,-0.04769896
15907,-0.028930642
15908,-0.006561268
15909,0.0071410947
15910,0.014343262
15911,0.029876709
15912,0.042419434
15913,0.05090332
15914,0.056732185
15915,0.06915283
15916,0.072204575
15917,0.068084694
15918,0.06454468
15919,0.070068374
15920,0.090850815
15921,0.10202027
15922,0.106170654
15923,0.109619126
15924,0.10830688
15925,0.10952757
15926,0.114837654
15927,0.12713622
15928,0.1397705
15929,0.13876343
15930,0.13327025
15931,0.12530518
15932,0.12210083
15933,0.1178894
15934,0.11639402
15935,0.10906982
15936,0.10491945
15937,0.10095215
15938,0.09722899
15939,0.085693344
15940,0.062408447
15941,0.04156494
15942,0.019348154
15943,-0.0017395001
15944,-0.019256605
15945,-0.03445436
15946,-0.049804676
15947,-0.064819336
15948,-0.0775757
15949,-0.08303833
15950,-0.08294678
15951,-0.086578384
15952,-0.08532716
15953,-0.09509277
15954,-0.09820555
15955,-0.10668944
15956,-0.11367796
15957,-0.11007689
15958,-0.101562485
15959,-0.080444336
15960,-0.06466676
15961,-0.048950184
15962,-0.036041256
15963,-0.035064697
15964,-0.025878906
15965,-0.018188464
15966,-0.002777122
15967,0.0061645526
15968,0.011413576
15969,0.0231018
15970,0.019653331
15971,0.031036379
15972,0.032989506
15973,0.042785652
15974,0.044921875
15975,0.046264634
15976,0.05221557
15977,0.049957264
15978,0.04684447
15979,0.044464126
15980,0.040435802
15981,0.037719715
15982,0.039581276
15983,0.041076653
15984,0.046722412
15985,0.040954582
15986,0.04275514
15987,0.04287719
15988,0.046966534
15989,0.04718016
15990,0.03665161
15991,0.027130147
15992,0.011474619
15993,0.010864262
15994,0.007965082
15995,0.0073547475
15996,0.006134033
15997,0.0020752028
15998,0.0047607534
15999,0.0020446703
16000,0.0020141713
16001,-0.007965099
16002,-0.013366703
16003,-0.008575439
16004,0.002471935
16005,0.017364506
16006,0.034576427
16007,0.049316414
16008,0.058349624
16009,0.06329346
16010,0.063262954
16011,0.060882557
16012,0.052307125
16013,0.047607422
16014,0.044708256
16015,0.050689682
16016,0.053680424
16017,0.055847187
16018,0.047576915
16019,0.039917
16020,0.041992188
16021,0.045532227
16022,0.060821548
16023,0.06427002
16024,0.06848144
16025,0.08364868
16026,0.07553099
16027,0.06344605
16028,0.030334473
16029,0.01205444
16030,0.0008239625
16031,-0.0059814434
16032,-0.0025939913
16033,-0.009796144
16034,-0.022430424
16035,-0.02746581
16036,-0.04861451
16037,-0.06433106
16038,-0.07495119
16039,-0.080963135
16040,-0.08151245
16041,-0.08065795
16042,-0.080596924
16043,-0.07015991
16044,-0.07922363
16045,-0.09341431
16046,-0.10461424
16047,-0.10275269
16048,-0.08486939
16049,-0.07263183
16050,-0.06552124
16051,-0.07144164
16052,-0.0814209
16053,-0.088714615
16054,-0.08212281
16055,-0.08163451
16056,-0.07595825
16057,-0.06942752
16058,-0.06695556
16059,-0.061706554
16060,-0.074066155
16061,-0.085296646
16062,-0.0999756
16063,-0.1044922
16064,-0.09552002
16065,-0.08789063
16066,-0.06378174
16067,-0.04296875
16068,-0.023773167
16069,-0.012878403
16070,-0.008026119
16071,0.0012207031
16072,0.009155281
16073,0.023071285
16074,0.041625973
16075,0.053894043
16076,0.07244874
16077,0.088073745
16078,0.09609986
16079,0.09545898
16080,0.10189819
16081,0.10580444
16082,0.119262695
16083,0.119720474
16084,0.1279602
16085,0.1483765
16086,0.1522522
16087,0.1447754
16088,0.12786865
16089,0.10952757
16090,0.10629271
16091,0.10525513
16092,0.10922241
16093,0.117462166
16094,0.10189821
16095,0.07772829
16096,0.062683105
16097,0.054840103
16098,0.055267327
16099,0.046966553
16100,0.034820538
16101,0.03128053
16102,0.012908949
16103,0.00027465075
16104,-0.010955799
16105,-0.028411878
16106,-0.03250122
16107,-0.045745865
16108,-0.055603042
16109,-0.06744385
16110,-0.07101439
16111,-0.07266235
16112,-0.07745362
16113,-0.086730964
16114,-0.098510765
16115,-0.10137939
16116,-0.10864259
16117,-0.11001588
16118,-0.111785874
16119,-0.10467531
16120,-0.093383804
16121,-0.08499147
16122,-0.070617676
16123,-0.061187744
16124,-0.045806877
16125,-0.02651979
16126,-0.007415765
16127,0.014404304
16128,0.03775026
16129,0.047637954
16130,0.05044555
16131,0.043487564
16132,0.032409668
16133,0.022766119
16134,0.015014637
16135,0.014343262
16136,0.013000503
16137,0.010375965
16138,0.0054016113
16139,0.0025634728
16140,0.007354751
16141,0.0155944675
16142,0.031616203
16143,0.036773697
16144,0.023986809
16145,0.008911144
16146,-0.0049743596
16147,-0.022308351
16148,-0.030822761
16149,-0.039794907
16150,-0.045196556
16151,-0.043365467
16152,-0.038360596
16153,-0.037658695
16154,-0.034271233
16155,-0.043273926
16156,-0.04629518
16157,-0.04522706
16158,-0.050079353
16159,-0.049621582
16160,-0.05661011
16161,-0.06958008
16162,-0.08493043
16163,-0.0956726
16164,-0.099243164
16165,-0.09881592
16166,-0.095428474
16167,-0.08984374
16168,-0.081573494
16169,-0.07131958
16170,-0.054046623
16171,-0.0463257
16172,-0.03216552
16173,-0.021331789
16174,-0.011810301
16175,0.0030212305
16176,0.008483885
16177,0.026428245
16178,0.046356197
16179,0.0583191
16180,0.06356809
16181,0.05508422
16182,0.04309083
16183,0.03604126
16184,0.036132812
16185,0.034179684
16186,0.034271248
16187,0.034149162
16188,0.034973137
16189,0.039398186
16190,0.035797127
16191,0.027954098
16192,0.017395012
16193,0.009948742
16194,0.0048217755
16195,-0.00036621094
16196,-0.0047912556
16197,-0.013488784
16198,-0.01852417
16199,-0.01681518
16200,-0.017547593
16201,-0.0021057185
16202,0.00885009
16203,0.024078378
16204,0.032165527
16205,0.030731196
16206,0.028320316
16207,0.021850584
16208,0.016387943
16209,0.014099111
16210,0.010040276
16211,0.0046997126
16212,-0.003845226
16213,-0.011871332
16214,-0.008697512
16215,-0.0030822735
16216,0.0022277832
16217,0.0071411133
16218,0.008148203
16219,0.004180899
16220,0.002532971
16221,-0.0022583012
16222,-0.005706788
16223,-0.008880619
16224,-0.013885498
16225,-0.01309205
16226,-0.013671877
16227,-0.007690426
16228,-0.002593983
16229,-0.004516583
16230,0.0052185096
16231,0.016845688
16232,0.025909442
16233,0.035980217
16234,0.042877197
16235,0.053680416
16236,0.06799317
16237,0.07791136
16238,0.08291626
16239,0.081726074
16240,0.078399666
16241,0.07458496
16242,0.06842041
16243,0.05953979
16244,0.049835205
16245,0.037872314
16246,0.02536011
16247,0.01361084
16248,0.0014648475
16249,0.0008239709
16250,-0.0016479418
16251,0.0015563965
16252,0.0074157678
16253,0.018981948
16254,0.029693607
16255,0.042053215
16256,0.04611205
16257,0.04553224
16258,0.047821037
16259,0.049743656
16260,0.056243893
16261,0.06677245
16262,0.07717896
16263,0.08163454
16264,0.07754517
16265,0.07629394
16266,0.063262925
16267,0.041076675
16268,0.022155754
16269,-0.0010070782
16270,-0.018524181
16271,-0.035919182
16272,-0.04959106
16273,-0.059814468
16274,-0.06692505
16275,-0.072174065
16276,-0.075805664
16277,-0.077606216
16278,-0.07611084
16279,-0.0794983
16280,-0.085632324
16281,-0.09497069
16282,-0.10263061
16283,-0.103668235
16284,-0.09674072
16285,-0.08920288
16286,-0.0708313
16287,-0.052520774
16288,-0.03167724
16289,-0.0118408175
16290,0.005645754
16291,0.020965569
16292,0.02536012
16293,0.021392819
16294,0.011688229
16295,-0.007873546
16296,-0.021484368
16297,-0.031341553
16298,-0.03613281
16299,-0.03152467
16300,-0.024047866
16301,-0.0148315355
16302,-0.0067138784
16303,-0.0010375939
16304,-0.008544914
16305,-0.022247303
16306,-0.032348637
16307,-0.039978027
16308,-0.044708245
16309,-0.04531862
16310,-0.044738777
16311,-0.04071044
16312,-0.034088146
16313,-0.028442383
16314,-0.025878906
16315,-0.022460941
16316,-0.019592311
16317,-0.020233147
16318,-0.023376461
16319,-0.029815685
16320,-0.029205333
16321,-0.029418956
16322,-0.035614017
16323,-0.046112064
16324,-0.058532722
16325,-0.068115234
16326,-0.0751648
16327,-0.081939705
16328,-0.09088135
16329,-0.102050796
16330,-0.1135864
16331,-0.12652588
16332,-0.12707518
16333,-0.12442015
16334,-0.117217995
16335,-0.108306855
16336,-0.09957884
16337,-0.08422853
16338,-0.06906129
16339,-0.04977417
16340,-0.036956772
16341,-0.026245134
16342,-0.019805899
16343,-0.007049553
16344,0.009521481
16345,0.029815663
16346,0.053436298
16347,0.08303833
16348,0.11947633
16349,0.16131592
16350,0.20755002
16351,0.24951172
16352,0.28463745
16353,0.31045532
16354,0.33328247
16355,0.34844968
16356,0.3557129
16357,0.35922247
16358,0.366211
16359,0.38088995
16360,0.3997802
16361,0.41958612
16362,0.44122303
16363,0.46655267
16364,0.49221808
16365,0.5100402
16366,0.51559436
16367,0.5071106
16368,0.4941101
16369,0.46990967
16370,0.41674793
16371,0.3491821
16372,0.2707519
16373,0.1869811
16374,0.08538821
16375,-0.020752072
16376,-0.12939465
16377,-0.25860608
16378,-0.39083868
16379,-0.531891
16380,-0.6788331
16381,-0.8199157
16382,-0.9394531
16383,-1.0506591
16384,-1.1567688
16385,-1.2419128
16386,-1.3149413
16387,-1.3858643
16388,-1.4553527
16389,-1.4883728
16390,-1.4760742
16391,-1.4156494
16392,-1.3060608
16393,-1.1545714
16394,-0.960907
16395,-0.7356261
16396,-0.4973142
16397,-0.2431336
16398,0.017822504
16399,0.2831117
16400,0.5679321
16401,0.854553
16402,1.1185608
16403,1.3675845
16404,1.6150205
16405,1.8352355
16406,2.007782
16407,2.140625
16408,2.2389832
16409,2.3226318
16410,2.3871763
16411,2.4223633
16412,2.3964846
16413,2.3298342
16414,2.2298582
16415,2.0621946
16416,1.7754211
16417,1.4020083
16418,0.987854
16419,0.5610657
16420,0.12020874
16421,-0.3232113
16422,-0.7482604
16423,-1.1144105
16424,-1.4184265
16425,-1.671295
16426,-1.9135437
16427,-2.144379
16428,-2.3362427
16429,-2.5318604
16430,-2.7091064
16431,-2.849304
16432,-2.9117737
16433,-2.8950806
16434,-2.8157043
16435,-2.6383362
16436,-2.372345
16437,-2.0761108
16438,-1.7860413
16439,-1.4992981
16440,-1.2031252
16441,-0.87890625
16442,-0.5282595
16443,-0.16702259
16444,0.19104028
16445,0.54046607
16446,0.89990246
16447,1.2583007
16448,1.5708314
16449,1.8236389
16450,2.0103762
16451,2.12561
16452,2.1845698
16453,2.1891177
16454,2.1543279
16455,2.0866086
16456,2.0526428
16457,2.0737913
16458,2.1262512
16459,2.1818242
16460,2.2299805
16461,2.2471921
16462,2.2006834
16463,2.079132
16464,1.8965147
16465,1.6535338
16466,1.3721007
16467,1.0911868
16468,0.8084105
16469,0.55502295
16470,0.280365
16471,-0.008971989
16472,-0.3287046
16473,-0.68005383
16474,-1.0696108
16475,-1.5122372
16476,-1.988037
16477,-2.4787903
16478,-2.9483948
16479,-3.3953547
16480,-3.7905269
16481,-4.1383057
16482,-4.3978577
16483,-4.563751
16484,-4.6205444
16485,-4.532196
16486,-4.309845
16487,-3.9761963
16488,-3.5632322
16489,-3.0769958
16490,-2.5010076
16491,-1.8443604
16492,-1.1366575
16493,-0.42266843
16494,0.27517688
16495,0.94250476
16496,1.5790712
16497,2.1525574
16498,2.6329956
16499,3.0160828
16500,3.299652
16501,3.4884644
16502,3.5865173
16503,3.6038208
16504,3.545166
16505,3.4223938
16506,3.2583313
16507,3.0728455
16508,2.8757935
16509,2.6627197
16510,2.4249878
16511,2.1577148
16512,1.8628235
16513,1.5506897
16514,1.2295532
16515,0.9093628
16516,0.59783924
16517,0.3197937
16518,0.082916304
16519,-0.12188731
16520,-0.3013
16521,-0.4458922
16522,-0.56228626
16523,-0.6604921
16524,-0.74133295
16525,-0.819
16526,-0.88864136
16527,-0.95352167
16528,-1.0148621
16529,-1.071106
16530,-1.1261597
16531,-1.1800537
16532,-1.2261963
16533,-1.2724
16534,-1.3153383
16535,-1.346344
16536,-1.3586122
16537,-1.3536682
16538,-1.32901
16539,-1.2870789
16540,-1.2224123
16541,-1.1310425
16542,-1.0118409
16543,-0.87274164
16544,-0.7145995
16545,-0.53994757
16546,-0.36050424
16547,-0.18389885
16548,-0.016296439
16549,0.13446039
16550,0.27053827
16551,0.3897705
16552,0.48724365
16553,0.56933594
16554,0.6418761
16555,0.69796765
16556,0.733551
16557,0.7495118
16558,0.7532043
16559,0.74993896
16560,0.74090576
16561,0.72348017
16562,0.703125
16563,0.6762695
16564,0.6351929
16565,0.5869445
16566,0.5282898
16567,0.4725646
16568,0.41439825
16569,0.35952753
16570,0.3023377
16571,0.24490356
16572,0.19201663
16573,0.14959717
16574,0.112701476
16575,0.07669069
16576,0.049621545
16577,0.025421172
16578,0.0054320544
16579,-0.014190674
16580,-0.03509529
16581,-0.05618286
16582,-0.07571417
16583,-0.09353647
16584,-0.10644531
16585,-0.11453241
16586,-0.11422737
16587,-0.11383052
16588,-0.111022964
16589,-0.105987534
16590,-0.09631355
16591,-0.08181764
16592,-0.06442264
16593,-0.05184938
16594,-0.047760032
16595,-0.052490197
16596,-0.0628357
16597,-0.07846068
16598,-0.08734129
16599,-0.09011839
16600,-0.087158166
16601,-0.08908082
16602,-0.10137938
16603,-0.11117551
16604,-0.11303711
16605,-0.11511231
16606,-0.117523186
16607,-0.1271057
16608,-0.14202882
16609,-0.15463257
16610,-0.1572571
16611,-0.1549072
16612,-0.15774535
16613,-0.15960693
16614,-0.15963745
16615,-0.1583252
16616,-0.15896606
16617,-0.1546631
16618,-0.14855959
16619,-0.14096071
16620,-0.13076784
16621,-0.109741196
16622,-0.07321167
16623,-0.032196045
16624,-0.0036010807
16625,0.009033211
16626,0.009460457
16627,0.013000482
16628,0.022369374
16629,0.025176998
16630,0.009002702
16631,-0.011779776
16632,-0.025421143
16633,-0.030639656
16634,-0.03619383
16635,-0.039978016
16636,-0.029174834
16637,-0.008850083
16638,0.012359619
16639,0.028259262
16640,0.03567502
16641,0.040802002
16642,0.039184526
16643,0.033660866
16644,0.026824992
16645,0.019592315
16646,0.009735094
16647,-0.0015868843
16648,-0.010650619
16649,-0.016387941
16650,-0.014495833
16651,-0.0020752102
16652,0.013153061
16653,0.027801547
16654,0.03878785
16655,0.047363274
16656,0.04577639
16657,0.032623287
16658,0.013397223
16659,-0.0040588323
16660,-0.012542712
16661,-0.020050049
16662,-0.033782944
16663,-0.056915276
16664,-0.071624756
16665,-0.07604979
16666,-0.06835937
16667,-0.057769775
16668,-0.054687507
16669,-0.048614517
16670,-0.029052734
16671,-0.005584717
16672,0.018707275
16673,0.0285034
16674,0.04553222
16675,0.066833496
16676,0.0918274
16677,0.11489868
16678,0.13189699
16679,0.14144897
16680,0.14346315
16681,0.14065552
16682,0.1427002
16683,0.14285278
16684,0.13516232
16685,0.12347409
16686,0.106903076
16687,0.09402466
16688,0.082855225
16689,0.07543947
16690,0.061584473
16691,0.04272461
16692,0.023345945
16693,0.0032348754
16694,-0.022460952
16695,-0.05041504
16696,-0.07565309
16697,-0.09020995
16698,-0.10192871
16699,-0.09527589
16700,-0.08914185
16701,-0.088653564
16702,-0.09188843
16703,-0.08377075
16704,-0.08276367
16705,-0.0680542
16706,-0.054962162
16707,-0.041870117
16708,-0.023406975
16709,0.00018311292
16710,0.0155944815
16711,0.029388426
16712,0.029937746
16713,0.030548103
16714,0.027343754
16715,0.02957154
16716,0.025543205
16717,0.010589596
16718,-0.002593983
16719,-0.008850089
16720,-0.011108403
16721,-0.014953615
16722,-0.018218983
16723,-0.032104485
16724,-0.03137207
16725,-0.027954098
16726,-0.016479477
16727,-0.008239746
16728,-0.012390144
16729,-0.034301773
16730,-0.0502014
16731,-0.06707765
16732,-0.0767517
16733,-0.08081055
16734,-0.08615111
16735,-0.08666992
16736,-0.07913207
16737,-0.07885742
16738,-0.07482912
16739,-0.08050537
16740,-0.08618164
16741,-0.06829834
16742,-0.051300045
16743,-0.022644036
16744,0.007720936
16745,0.033477772
16746,0.044311523
16747,0.055389393
16748,0.048187252
16749,0.04394532
16750,0.033782944
16751,0.030944817
16752,0.035888683
16753,0.03900147
16754,0.038391113
16755,0.03759767
16756,0.035522472
16757,0.05493164
16758,0.07113647
16759,0.07266236
16760,0.07662963
16761,0.069763176
16762,0.056365978
16763,0.0440979
16764,0.026794437
16765,0.008941669
16766,0.0041198647
16767,-0.0038146935
16768,0.009674081
16769,0.022338863
16770,0.038482666
16771,0.05319214
16772,0.061645504
16773,0.0579834
16774,0.07299803
16775,0.07431029
16776,0.075653076
16777,0.069000244
16778,0.051574714
16779,0.045196533
16780,0.050506588
16781,0.03152465
16782,0.029968243
16783,0.022430427
16784,0.0010375865
16785,-0.016998302
16786,-0.032440186
16787,-0.045196533
16788,-0.054779064
16789,-0.0633545
16790,-0.057861328
16791,-0.040527344
16792,-0.03762818
16793,-0.018951422
16794,-0.019592281
16795,-0.016296387
16796,-0.0072937002
16797,-0.015258786
16798,-0.026672358
16799,-0.019378666
16800,-0.04223632
16801,-0.050048836
16802,-0.05319213
16803,-0.065185554
16804,-0.06530762
16805,-0.062683105
16806,-0.07022095
16807,-0.050811768
16808,-0.033111572
16809,-0.020080566
16810,-0.0008239746
16811,-0.008239768
16812,-0.020355202
16813,-0.046630844
16814,-0.06701658
16815,-0.07553099
16816,-0.07788086
16817,-0.08343504
16818,-0.061065692
16819,-0.056427017
16820,-0.0493164
16821,-0.041137695
16822,-0.043823246
16823,-0.03771973
16824,-0.0067443848
16825,0.0046691876
16826,0.025604252
16827,0.03283692
16828,0.03201294
16829,0.04772949
16830,0.054718025
16831,0.056915298
16832,0.06964111
16833,0.08743287
16834,0.09936521
16835,0.10702512
16836,0.09347536
16837,0.09152222
16838,0.09298706
16839,0.1031189
16840,0.12322997
16841,0.13848877
16842,0.14157104
16843,0.15151978
16844,0.13806152
16845,0.12481688
16846,0.11523439
16847,0.08923338
16848,0.061981216
16849,0.035980236
16850,0.0074462886
16851,0.0012512226
16852,0.0014038179
16853,0.001251217
16854,0.014648456
16855,0.022705078
16856,0.027587894
16857,0.033630352
16858,0.02853395
16859,0.010131838
16860,-0.024230953
16861,-0.06451417
16862,-0.08612059
16863,-0.115997314
16864,-0.13964842
16865,-0.14108275
16866,-0.13549806
16867,-0.12023924
16868,-0.096282974
16869,-0.07855226
16870,-0.058258057
16871,-0.042663574
16872,-0.051818855
16873,-0.06378174
16874,-0.056365967
16875,-0.04721068
16876,-0.033691417
16877,-0.032592777
16878,-0.040740963
16879,-0.040161133
16880,-0.038635254
16881,-0.02932738
16882,-0.01858522
16883,-0.003936786
16884,0.012603752
16885,0.022186283
16886,0.020812985
16887,0.024932867
16888,0.018737786
16889,0.005035389
16890,-0.011138927
16891,-0.016845696
16892,-0.012969989
16893,0.00051880255
16894,-0.0020446964
16895,-0.01327515
16896,-0.02801514
16897,-0.038513176
16898,-0.040618893
16899,-0.039916992
16900,-0.039215103
16901,-0.027008083
16902,-0.0122680515
16903,-0.0013122447
16904,0.0027465858
16905,0.007659901
16906,0.01470948
16907,0.015075668
16908,0.0032959133
16909,-0.01629639
16910,-0.03265381
16911,-0.045745857
16912,-0.05520629
16913,-0.0626831
16914,-0.072631836
16915,-0.06838989
16916,-0.055755623
16917,-0.030761715
16918,-0.0069580115
16919,0.01742554
16920,0.030395513
16921,0.029724129
16922,0.015899658
16923,-0.0020751953
16924,-0.019256594
16925,-0.0354309
16926,-0.028717048
16927,-0.027099606
16928,-0.020751959
16929,-0.01608276
16930,-0.008483885
16931,-0.0060424805
16932,0.004119873
16933,0.004058838
16934,0.0038147084
16935,0.00042725727
16936,-0.010162361
16937,-0.02908326
16938,-0.03942872
16939,-0.06359864
16940,-0.07196046
16941,-0.081237786
16942,-0.08175661
16943,-0.070068374
16944,-0.07205199
16945,-0.08316037
16946,-0.09634402
16947,-0.088256836
16948,-0.12167359
16949,-0.23818971
16950,-0.3752442
16951,-0.45935053
16952,-0.46191397
16953,-0.36801153
16954,-0.41546622
16955,-0.59729016
16956,-0.5273742
16957,-0.13922119
16958,0.21621709
16959,0.48419198
16960,0.62454224
16961,0.6100159
16962,0.55648804
16963,0.5357667
16964,0.39468384
16965,0.11596668
16966,0.10232544
16967,0.4193421
16968,0.826233
16969,1.2861024
16970,1.6387635
16971,1.7252198
16972,1.6315
16973,1.4171145
16974,1.2646179
16975,1.1435852
16976,0.88970935
16977,0.50885016
16978,0.21585086
16979,0.020080566
16980,-0.107666016
16981,-0.16748041
16982,-0.19931042
16983,-0.24835193
16984,-0.24584961
16985,-0.22619632
16986,-0.3816223
16987,-0.72903454
16988,-1.072815
16989,-1.3380737
16990,-1.4936831
16991,-1.5151062
16992,-1.4685059
16993,-1.40094
16994,-1.2531435
16995,-1.028717
16996,-0.9421387
16997,-1.0290222
16998,-1.1350098
16999,-1.2045898
17000,-1.2082826
17001,-1.1202699
17002,-1.007843
17003,-0.90011597
17004,-0.69973767
17005,-0.38146967
17006,-0.17700194
17007,-0.111022905
17008,-0.12677008
17009,-0.2553711
17010,-0.3788453
17011,-0.38229367
17012,-0.2667235
17013,-0.052490413
17014,0.023132324
17015,-0.034332395
17016,0.1735537
17017,0.6437378
17018,1.103485
17019,1.5575868
17020,1.8953551
17021,1.999298
17022,1.9508057
17023,1.7631532
17024,1.630615
17025,1.5935669
17026,1.4658203
17027,1.1766664
17028,0.95651245
17029,0.79525745
17030,0.65783703
17031,0.5824586
17032,0.5041199
17033,0.3982849
17034,0.31903094
17035,0.30068982
17036,0.14855956
17037,-0.14010623
17038,-0.4312744
17039,-0.6819458
17040,-0.8354188
17041,-0.8291625
17042,-0.739685
17043,-0.5876771
17044,-0.43035895
17045,-0.2902223
17046,-0.19873047
17047,-0.13754284
17048,-0.124572754
17049,-0.115753055
17050,-0.08532727
17051,-0.04675281
17052,-0.016998172
17053,0.011016905
17054,0.05685413
17055,0.1328429
17056,0.22052002
17057,0.30435196
17058,0.3595886
17059,0.3607179
17060,0.3362123
17061,0.2755432
17062,0.1894531
17063,0.09497067
17064,0.013031155
17065,-0.07009873
17066,-0.13140875
17067,-0.15771493
17068,-0.16427612
17069,-0.16177374
17070,-0.14349356
17071,-0.13131714
17072,-0.116851866
17073,-0.11468521
17074,-0.11404419
17075,-0.12847894
17076,-0.15197748
17077,-0.20452896
17078,-0.26782236
17079,-0.33001733
17080,-0.40136722
17081,-0.4752807
17082,-0.5394897
17083,-0.6015625
17084,-0.6835022
17085,-0.74114984
17086,-0.77389526
17087,-0.7921447
17088,-0.788452
17089,-0.7779541
17090,-0.7550963
17091,-0.7093201
17092,-0.6583863
17093,-0.580078
17094,-0.47326654
17095,-0.3665161
17096,-0.2668457
17097,-0.148468
17098,-0.024108812
17099,0.116302535
17100,0.27111813
17101,0.4078064
17102,0.54019165
17103,0.6578064
17104,0.7652587
17105,0.8597716
17106,0.92300415
17107,0.96517956
17108,0.979309
17109,0.9450685
17110,0.900055
17111,0.82257074
17112,0.7248535
17113,0.6196596
17114,0.50286865
17115,0.38586426
17116,0.28720096
17117,0.17630008
17118,0.084106505
17119,-0.0049132705
17120,-0.09307848
17121,-0.17358404
17122,-0.25943002
17123,-0.33615112
17124,-0.38363642
17125,-0.4372558
17126,-0.46646124
17127,-0.48367321
17128,-0.49145508
17129,-0.47708142
17130,-0.46176153
17131,-0.44259638
17132,-0.40710443
17133,-0.3642884
17134,-0.3186341
17135,-0.26745605
17136,-0.22961426
17137,-0.19296262
17138,-0.15972899
17139,-0.14141843
17140,-0.12292479
17141,-0.103515685
17142,-0.08889775
17143,-0.063690156
17144,-0.05206301
17145,-0.038818356
17146,-0.028045647
17147,-0.025848333
17148,-0.015106188
17149,-0.003051714
17150,-0.004730194
17151,0.0074462146
17152,0.017578095
17153,0.022064224
17154,0.03775025
17155,0.038635258
17156,0.050903313
17157,0.07641603
17158,0.09970093
17159,0.11990357
17160,0.1408081
17161,0.14776611
17162,0.1760559
17163,0.19122314
17164,0.21395873
17165,0.23123169
17166,0.24530028
17167,0.25823978
17168,0.27697754
17169,0.27713016
17170,0.29266357
17171,0.2921448
17172,0.27438354
17173,0.24737549
17174,0.22335815
17175,0.19412231
17176,0.17037965
17177,0.12738037
17178,0.090728775
17179,0.06341551
17180,0.024230968
17181,-0.004913315
17182,-0.03814698
17183,-0.07080077
17184,-0.09664918
17185,-0.12289429
17186,-0.14569089
17187,-0.14901732
17188,-0.16885377
17189,-0.17764285
17190,-0.1983948
17191,-0.21453857
17192,-0.2172241
17193,-0.20938109
17194,-0.210968
17195,-0.1812439
17196,-0.17025757
17197,-0.13772582
17198,-0.11117554
17199,-0.08374022
17200,-0.067108154
17201,-0.041259788
17202,-0.03973389
17203,-0.019317642
17204,-0.020294199
17205,-0.005004883
17206,0.009796141
17207,0.032257076
17208,0.04864502
17209,0.07714843
17210,0.07510375
17211,0.08483886
17212,0.08248903
17213,0.08087158
17214,0.08270264
17215,0.08071901
17216,0.070861824
17217,0.07949828
17218,0.07562256
17219,0.08419799
17220,0.09780883
17221,0.1018982
17222,0.11257935
17223,0.12579346
17224,0.13644409
17225,0.15219116
17226,0.14959717
17227,0.14331056
17228,0.1323242
17229,0.10488891
17230,0.11453246
17231,0.1355896
17232,0.14230347
17233,0.15054323
17234,0.14913937
17235,0.14282227
17236,0.14169312
17237,0.118713394
17238,0.09539795
17239,0.06359863
17240,0.0370178
17241,0.020141594
17242,0.006805435
17243,-0.013336163
17244,-0.020904563
17245,-0.03149414
17246,-0.032073975
17247,-0.038024887
17248,-0.045867898
17249,-0.053344738
17250,-0.055755623
17251,-0.07437135
17252,-0.07601929
17253,-0.08520509
17254,-0.0874939
17255,-0.10290526
17256,-0.11291504
17257,-0.13647461
17258,-0.14285278
17259,-0.1574707
17260,-0.16882324
17261,-0.184021
17262,-0.17852783
17263,-0.17401122
17264,-0.15405273
17265,-0.15307614
17266,-0.14163208
17267,-0.13827515
17268,-0.11691287
17269,-0.09515381
17270,-0.08303834
17271,-0.08468628
17272,-0.07369995
17273,-0.07174681
17274,-0.063934326
17275,-0.0658264
17276,-0.068481445
17277,-0.068450935
17278,-0.058349613
17279,-0.044067375
17280,-0.025756825
17281,-0.012481692
17282,-0.00018311106
17283,0.008605957
17284,0.010650631
17285,0.017425533
17286,0.02062989
17287,0.031463627
17288,0.031585686
17289,0.030395497
17290,0.03704833
17291,0.054962166
17292,0.047027588
17293,0.043609634
17294,0.028289784
17295,0.029296875
17296,0.028961161
17297,0.03439331
17298,0.02664186
17299,0.03610229
17300,0.03222656
17301,0.029785149
17302,0.022094712
17303,0.01959227
17304,0.0023193387
17305,-0.011444103
17306,-0.025390623
17307,-0.02636719
17308,-0.028655995
17309,-0.018524189
17310,-0.02044677
17311,-0.020782486
17312,-0.020202637
17313,-0.010833733
17314,-0.0061035007
17315,-0.006164551
17316,-0.01174926
17317,-0.0022582933
17318,0.009613022
17319,0.021667484
17320,0.026977543
17321,0.03189086
17322,0.03524779
17323,0.040954597
17324,0.046997078
17325,0.054016113
17326,0.052032467
17327,0.047058105
17328,0.05044554
17329,0.055877708
17330,0.06082154
17331,0.07144165
17332,0.073516846
17333,0.07177732
17334,0.06832887
17335,0.07028197
17336,0.069366455
17337,0.065338135
17338,0.05691529
17339,0.044647217
17340,0.028900154
17341,0.019439701
17342,0.007873542
17343,-0.0060119713
17344,-0.012145999
17345,-0.016967766
17346,-0.021392833
17347,-0.029907234
17348,-0.04327392
17349,-0.05126954
17350,-0.058898933
17351,-0.06729126
17352,-0.06448364
17353,-0.058685295
17354,-0.054260258
17355,-0.04681397
17356,-0.033935547
17357,-0.028442377
17358,-0.020019531
17359,-0.015838617
17360,-0.0015869066
17361,0.004852306
17362,0.015411373
17363,0.01666259
17364,0.017028812
17365,0.013397206
17366,0.02252198
17367,0.036743168
17368,0.05981445
17369,0.07415771
17370,0.09259033
17371,0.10699463
17372,0.12112426
17373,0.12274171
17374,0.12658691
17375,0.12002562
17376,0.111084
17377,0.09423828
17378,0.07495117
17379,0.051483158
17380,0.03402708
17381,0.024810787
17382,0.019653331
17383,0.021057129
17384,0.028472891
17385,0.0385437
17386,0.037933357
17387,0.030792244
17388,0.016418464
17389,-0.0043029673
17390,-0.024139408
17391,-0.039855957
17392,-0.047729492
17393,-0.046386726
17394,-0.040863037
17395,-0.033660874
17396,-0.029479988
17397,-0.02923584
17398,-0.032073975
17399,-0.034332275
17400,-0.03887939
17401,-0.05133057
17402,-0.060668945
17403,-0.06707764
17404,-0.070129395
17405,-0.07034301
17406,-0.06637574
17407,-0.06466675
17408,-0.0697937
17409,-0.071899414
17410,-0.06744384
17411,-0.072906494
17412,-0.08325196
17413,-0.0932312
17414,-0.10064698
17415,-0.09310913
17416,-0.08389284
17417,-0.0749817
17418,-0.06613159
17419,-0.0640564
17420,-0.05657958
17421,-0.0472412
17422,-0.047760036
17423,-0.05441285
17424,-0.058380134
17425,-0.06311036
17426,-0.05966186
17427,-0.05279541
17428,-0.04751586
17429,-0.04693606
17430,-0.053161636
17431,-0.05059815
17432,-0.05163572
17433,-0.049163807
17434,-0.04757691
17435,-0.048370373
17436,-0.04986571
17437,-0.04553221
17438,-0.043334953
17439,-0.042907722
17440,-0.04782105
17441,-0.051971443
17442,-0.061065666
17443,-0.062866196
17444,-0.06832884
17445,-0.07125853
17446,-0.07965088
17447,-0.09045412
17448,-0.09475709
17449,-0.09161377
17450,-0.08947755
17451,-0.08703615
17452,-0.081878655
17453,-0.076110825
17454,-0.074249245
17455,-0.07666013
17456,-0.07684323
17457,-0.0744629
17458,-0.07077028
17459,-0.058563206
17460,-0.040679935
17461,-0.02142334
17462,0.0039673
17463,0.028320312
17464,0.047393806
17465,0.06463623
17466,0.07995608
17467,0.09487915
17468,0.10736085
17469,0.11593629
17470,0.12921146
17471,0.14901733
17472,0.16815183
17473,0.186676
17474,0.20428467
17475,0.22409058
17476,0.23959352
17477,0.2526245
17478,0.2648621
17479,0.2767944
17480,0.28063965
17481,0.28347778
17482,0.2854614
17483,0.28378296
17484,0.28170776
17485,0.26940918
17486,0.25546268
17487,0.24078372
17488,0.23040774
17489,0.22006224
17490,0.20736696
17491,0.19122317
17492,0.17507935
17493,0.15930174
17494,0.14419554
17495,0.12490842
17496,0.10375975
17497,0.07751463
17498,0.053771958
17499,0.028686509
17500,0.0062866155
17501,-0.016815186
17502,-0.04367066
17503,-0.07263184
17504,-0.102996804
17505,-0.13281249
17506,-0.15597534
17507,-0.17498781
17508,-0.19036867
17509,-0.2054138
17510,-0.21911624
17511,-0.22958374
17512,-0.22982787
17513,-0.23388672
17514,-0.24407959
17515,-0.2604065
17516,-0.26785278
17517,-0.26791382
17518,-0.26174927
17519,-0.25012207
17520,-0.23632812
17521,-0.21920778
17522,-0.19473267
17523,-0.17044067
17524,-0.1437378
17525,-0.12118533
17526,-0.09671022
17527,-0.072204605
17528,-0.046966523
17529,-0.017364532
17530,0.011688247
17531,0.035736054
17532,0.059661843
17533,0.08056641
17534,0.10299685
17535,0.1307373
17536,0.14987184
17537,0.16571048
17538,0.17001343
17539,0.17520142
17540,0.17929076
17541,0.17919922
17542,0.17590334
17543,0.17251587
17544,0.17263794
17545,0.1725769
17546,0.16613768
17547,0.15203854
17548,0.1399231
17549,0.123657234
17550,0.10882566
17551,0.091339126
17552,0.073516846
17553,0.054962162
17554,0.040252686
17555,0.023803726
17556,0.012298606
17557,0.00048826542
17558,-0.013854966
17559,-0.031433098
17560,-0.04837037
17561,-0.06298828
17562,-0.07604979
17563,-0.09185791
17564,-0.114227295
17565,-0.13122557
17566,-0.14367676
17567,-0.1473999
17568,-0.15338138
17569,-0.16253662
17570,-0.17248535
17571,-0.18670654
17572,-0.19836426
17573,-0.20681763
17574,-0.21423341
17575,-0.21936035
17576,-0.21704105
17577,-0.21469118
17578,-0.20333862
17579,-0.18844604
17580,-0.1712036
17581,-0.15505983
17582,-0.13964845
17583,-0.117584206
17584,-0.09057618
17585,-0.055664048
17586,-0.020996086
17587,0.015808124
17588,0.042694084
17589,0.07067872
17590,0.08929445
17591,0.11093141
17592,0.12786867
17593,0.14779662
17594,0.1682129
17595,0.19692993
17596,0.21762083
17597,0.23718263
17598,0.25793457
17599,0.27633667
17600,0.29623413
17601,0.3121338
17602,0.3199768
17603,0.32418823
17604,0.32836914
17605,0.32394412
17606,0.3239746
17607,0.32104492
17608,0.33090216
17609,0.3284912
17610,0.32382202
17611,0.31576538
17612,0.29266357
17613,0.24307251
17614,0.1897888
17615,0.12490846
17616,0.04168701
17617,-0.04357907
17618,-0.1307372
17619,-0.21240242
17620,-0.30096427
17621,-0.400879
17622,-0.51104724
17623,-0.62329113
17624,-0.7322693
17625,-0.8273926
17626,-0.9136659
17627,-0.98916644
17628,-1.0425415
17629,-1.0723574
17630,-1.0942993
17631,-1.115143
17632,-1.1121519
17633,-1.0796814
17634,-1.0137634
17635,-0.9215698
17636,-0.7862855
17637,-0.6173708
17638,-0.42214966
17639,-0.21124268
17640,0.010192931
17641,0.25064075
17642,0.5049441
17643,0.7808229
17644,1.0529481
17645,1.3210449
17646,1.5563965
17647,1.7675478
17648,1.9416504
17649,2.055878
17650,2.1210327
17651,2.1459348
17652,2.1118774
17653,2.0409548
17654,1.9326172
17655,1.8123778
17656,1.6645508
17657,1.4756777
17658,1.2641295
17659,0.9959718
17660,0.70498633
17661,0.38122535
17662,0.031951666
17663,-0.34619117
17664,-0.72299206
17665,-1.0667725
17666,-1.3723452
17667,-1.6400453
17668,-1.8570862
17669,-2.0405579
17670,-2.165985
17671,-2.23233
17672,-2.2557983
17673,-2.238861
17674,-2.1896973
17675,-2.1235962
17676,-2.0462039
17677,-1.9622805
17678,-1.8697813
17679,-1.7318726
17680,-1.5846556
17681,-1.4271238
17682,-1.2351685
17683,-1.0106204
17684,-0.7689209
17685,-0.53573596
17686,-0.29861438
17687,-0.060058832
17688,0.16653442
17689,0.39547718
17690,0.6281433
17691,0.8512268
17692,1.069519
17693,1.2633973
17694,1.4259341
17695,1.5505983
17696,1.6477664
17697,1.7339783
17698,1.8042908
17699,1.8741151
17700,1.940918
17701,2.0168152
17702,2.0862737
17703,2.1567383
17704,2.1927187
17705,2.1937256
17706,2.131836
17707,2.025757
17708,1.8718259
17709,1.6705322
17710,1.428131
17711,1.1465147
17712,0.8254392
17713,0.4474183
17714,0.035461247
17715,-0.38238543
17716,-0.79107666
17717,-1.1946411
17718,-1.5737611
17719,-1.9261476
17720,-2.2271118
17721,-2.477417
17722,-2.6749573
17723,-2.8210144
17724,-2.9143372
17725,-2.9659424
17726,-2.9480898
17727,-2.8764043
17728,-2.7484431
17729,-2.5500488
17730,-2.2947693
17731,-1.9870602
17732,-1.6299438
17733,-1.2215884
17734,-0.78674316
17735,-0.35830688
17736,0.049713165
17737,0.43881238
17738,0.7828673
17739,1.0983888
17740,1.3628845
17741,1.583374
17742,1.7634276
17743,1.8975525
17744,1.9999387
17745,2.0720825
17746,2.1208496
17747,2.1329653
17748,2.1141357
17749,2.060852
17750,1.9790341
17751,1.8598325
17752,1.7052004
17753,1.5248412
17754,1.3230592
17755,1.1091003
17756,0.88162243
17757,0.659485
17758,0.4572447
17759,0.27786267
17760,0.10775748
17761,-0.039977968
17762,-0.16403201
17763,-0.27331555
17764,-0.37100232
17765,-0.45239252
17766,-0.52136236
17767,-0.58010864
17768,-0.6399536
17769,-0.7044373
17770,-0.76025367
17771,-0.8102416
17772,-0.85266125
17773,-0.89062494
17774,-0.9148561
17775,-0.9339295
17776,-0.9337769
17777,-0.9246217
17778,-0.9092406
17779,-0.8868103
17780,-0.8492433
17781,-0.8017577
17782,-0.75387585
17783,-0.6987304
17784,-0.6354064
17785,-0.5523681
17786,-0.46136478
17787,-0.35391232
17788,-0.25137335
17789,-0.14862055
17790,-0.058563203
17791,0.016784638
17792,0.071655214
17793,0.11474605
17794,0.1465454
17795,0.1841126
17796,0.22393799
17797,0.26358038
17798,0.29666138
17799,0.32434088
17800,0.34423828
17801,0.3507384
17802,0.35311896
17803,0.34948725
17804,0.34780872
17805,0.3376159
17806,0.33279425
17807,0.3231812
17808,0.31829834
17809,0.31179816
17810,0.30877683
17811,0.3045655
17812,0.30249023
17813,0.30206302
17814,0.3002014
17815,0.29302981
17816,0.27984622
17817,0.26724237
17818,0.25650018
17819,0.24258412
17820,0.22467044
17821,0.20617679
17822,0.19360344
17823,0.18725589
17824,0.18716428
17825,0.18411261
17826,0.17739865
17827,0.16867058
17828,0.14901727
17829,0.11941524
17830,0.08343506
17831,0.05252078
17832,0.029510513
17833,0.009338386
17834,-0.008392319
17835,-0.027801495
17836,-0.04663086
17837,-0.07003786
17838,-0.09478754
17839,-0.11248776
17840,-0.122405976
17841,-0.11810307
17842,-0.11791992
17843,-0.12286378
17844,-0.1387024
17845,-0.15615845
17846,-0.18377687
17847,-0.2208557
17848,-0.2523498
17849,-0.27230832
17850,-0.28347775
17851,-0.28970343
17852,-0.291687
17853,-0.29037482
17854,-0.2888794
17855,-0.29489136
17856,-0.30670166
17857,-0.31777954
17858,-0.32305902
17859,-0.31869504
17860,-0.30197144
17861,-0.27713013
17862,-0.24441528
17863,-0.21331787
17864,-0.1871948
17865,-0.16885376
17866,-0.15097046
17867,-0.12753297
17868,-0.09347528
17869,-0.050567646
17870,-0.003875725
17871,0.043212876
17872,0.08905027
17873,0.13421631
17874,0.17849731
17875,0.22103879
17876,0.2590027
17877,0.2960205
17878,0.32403558
17879,0.3349304
17880,0.3265075
17881,0.3079834
17882,0.2904358
17883,0.27905273
17884,0.27368164
17885,0.2707215
17886,0.26715088
17887,0.2609863
17888,0.248169
17889,0.22552493
17890,0.19937135
17891,0.18060303
17892,0.16290283
17893,0.14859009
17894,0.13244629
17895,0.11578368
17896,0.09597775
17897,0.06726075
17898,0.03509526
17899,0.0057983696
17900,-0.01828
17901,-0.041961685
17902,-0.065093994
17903,-0.08743287
17904,-0.106414795
17905,-0.11434938
17906,-0.113037124
17907,-0.10916137
17908,-0.10043338
17909,-0.091430634
17910,-0.08691408
17911,-0.08987427
17912,-0.100738525
17913,-0.11636353
17914,-0.12951662
17915,-0.13946533
17916,-0.14556882
17917,-0.14880373
17918,-0.1477051
17919,-0.14233398
17920,-0.1307373
17921,-0.12286377
17922,-0.11846923
17923,-0.11694335
17924,-0.120910645
17925,-0.13336182
17926,-0.14208984
17927,-0.15039064
17928,-0.15805052
17929,-0.16558838
17930,-0.17272949
17931,-0.1807251
17932,-0.18292235
17933,-0.17565918
17934,-0.15960696
17935,-0.13653563
17936,-0.11059571
17937,-0.08300783
17938,-0.053405747
17939,-0.030700667
17940,-0.012481689
17941,0.00573729
17942,0.020996094
17943,0.039215073
17944,0.05435179
17945,0.0709534
17946,0.07916259
17947,0.08718872
17948,0.091156006
17949,0.09436035
17950,0.09463502
17951,0.09420777
17952,0.09262084
17953,0.08828737
17954,0.07952882
17955,0.07128904
17956,0.067840576
17957,0.07360841
17958,0.07980346
17959,0.093902595
17960,0.11071776
17961,0.12359621
17962,0.1282654
17963,0.12368774
17964,0.118438706
17965,0.114715576
17966,0.118713394
17967,0.12854004
17968,0.13699341
17969,0.14807127
17970,0.15545656
17971,0.15615846
17972,0.15664673
17973,0.15402222
17974,0.1503296
17975,0.1411438
17976,0.12936403
17977,0.109588616
17978,0.085449204
17979,0.05526732
17980,0.023803733
17981,-0.007781981
17982,-0.033203118
17983,-0.05227659
17984,-0.06677245
17985,-0.083099365
17986,-0.0950012
17987,-0.110534675
17988,-0.12188719
17989,-0.13244629
17990,-0.14367676
17991,-0.1544495
17992,-0.16174316
17993,-0.16641235
17994,-0.16482544
17995,-0.15393066
17996,-0.13388062
17997,-0.10571289
17998,-0.07821655
17999,-0.059722908
18000,-0.05474852
18001,-0.05538942
18002,-0.05914307
18003,-0.067718506
18004,-0.07696532
18005,-0.0864563
18006,-0.09378052
18007,-0.092773445
18008,-0.09277344
18009,-0.09573363
18010,-0.095550545
18011,-0.08996581
18012,-0.080139145
18013,-0.0701294
18014,-0.063507065
18015,-0.065643296
18016,-0.07437133
18017,-0.08706668
18018,-0.10159299
18019,-0.10766602
18020,-0.09863286
18021,-0.079772905
18022,-0.057800286
18023,-0.04019165
18024,-0.024047859
18025,-0.011749268
18026,-0.0010681227
18027,0.009551987
18028,0.024475113
18029,0.039916977
18030,0.051361095
18031,0.06423951
18032,0.074218735
18033,0.0836182
18034,0.09152224
18035,0.102294914
18036,0.10327149
18037,0.1015625
18038,0.10513303
18039,0.10943605
18040,0.112335205
18041,0.11312868
18042,0.10971066
18043,0.10321046
18044,0.09231566
18045,0.08596802
18046,0.079833984
18047,0.07321167
18048,0.06451415
18049,0.05670166
18050,0.05221557
18051,0.04394531
18052,0.03176879
18053,0.01937867
18054,0.013488775
18055,0.018585203
18056,0.031219486
18057,0.04364014
18058,0.05142211
18059,0.049743652
18060,0.047271743
18061,0.045593243
18062,0.0508423
18063,0.062286373
18064,0.07449339
18065,0.086364746
18066,0.09112549
18067,0.090606675
18068,0.083557114
18069,0.07376099
18070,0.062194802
18071,0.051483154
18072,0.04809571
18073,0.045776382
18074,0.04489137
18075,0.039276123
18076,0.032989502
18077,0.021148667
18078,0.00787355
18079,-0.00299076
18080,-0.014556915
18081,-0.018096935
18082,-0.01977539
18083,-0.023498528
18084,-0.020507805
18085,-0.017517105
18086,-0.0118713435
18087,0.0033264216
18088,0.014495861
18089,0.02426146
18090,0.024169948
18091,0.017974846
18092,0.0074767917
18093,-0.007415764
18094,-0.018371567
18095,-0.027130142
18096,-0.039276123
18097,-0.049468987
18098,-0.05923462
18099,-0.06954955
18100,-0.08010864
18101,-0.096343994
18102,-0.11361695
18103,-0.12124632
18104,-0.12615967
18105,-0.12921143
18106,-0.13049313
18107,-0.13586424
18108,-0.14071654
18109,-0.14700317
18110,-0.14389038
18111,-0.13775635
18112,-0.13198853
18113,-0.12020874
18114,-0.109069824
18115,-0.10043334
18116,-0.091308594
18117,-0.08447263
18118,-0.07461548
18119,-0.063568115
18120,-0.05194089
18121,-0.04019165
18122,-0.024414062
18123,-0.009674065
18124,0.0033569336
18125,0.012145989
18126,0.019989014
18127,0.025268551
18128,0.0345764
18129,0.04498291
18130,0.05215454
18131,0.058197007
18132,0.062499993
18133,0.061248768
18134,0.05252076
18135,0.03778077
18136,0.026611306
18137,0.020172104
18138,0.02163696
18139,0.026580818
18140,0.036560044
18141,0.044616707
18142,0.04693604
18143,0.043823224
18144,0.03778077
18145,0.028808609
18146,0.01608276
18147,0.004882816
18148,-0.0047912747
18149,-0.009735111
18150,-0.0048217587
18151,0.0025024302
18152,0.010314945
18153,0.018981948
18154,0.025299087
18155,0.031097427
18156,0.029602073
18157,0.026245113
18158,0.020996094
18159,0.017944334
18160,0.014678953
18161,0.010711667
18162,0.012573241
18163,0.018096939
18164,0.024627682
18165,0.031097412
18166,0.034240726
18167,0.039611816
18168,0.04080201
18169,0.045562744
18170,0.051147453
18171,0.05795289
18172,0.061645508
18173,0.058471676
18174,0.051666252
18175,0.044799805
18176,0.042938232
18177,0.044830322
18178,0.047851562
18179,0.05307006
18180,0.058471687
18181,0.058319077
18182,0.05734252
18183,0.05007934
18184,0.039550774
18185,0.031982414
18186,0.02603149
18187,0.02255249
18188,0.015594475
18189,0.0022277795
18190,-0.015655525
18191,-0.040405296
18192,-0.06765747
18193,-0.0932312
18194,-0.115356445
18195,-0.14355469
18196,-0.203064
18197,-0.31237802
18198,-0.44711313
18199,-0.4998169
18200,-0.47436514
18201,-0.35055548
18202,-0.3189087
18203,-0.52102655
18204,-0.59609973
18205,-0.32846063
18206,0.051574692
18207,0.3033448
18208,0.49490356
18209,0.5054016
18210,0.4267273
18211,0.35183704
18212,0.1855469
18213,-0.13796997
18214,-0.29016113
18215,-0.039489686
18216,0.43597412
18217,0.897278
18218,1.3184817
18219,1.4085999
18220,1.270752
18221,0.9983214
18222,0.7649537
18223,0.69854736
18224,0.5874022
18225,0.33413693
18226,0.0845337
18227,-0.05776967
18228,-0.16064447
18229,-0.17102051
18230,-0.13641348
18231,-0.09301758
18232,-0.020111144
18233,0.09729004
18234,0.094574004
18235,-0.11718747
18236,-0.4178161
18237,-0.6579284
18238,-0.8341675
18239,-0.87823474
18240,-0.8387755
18241,-0.7787781
18242,-0.66894543
18243,-0.4754333
18244,-0.36172476
18245,-0.43014514
18246,-0.57760614
18247,-0.6815491
18248,-0.74810785
18249,-0.73675525
18250,-0.7073669
18251,-0.6835327
18252,-0.6108399
18253,-0.4247436
18254,-0.25299072
18255,-0.27496332
18256,-0.43008423
18257,-0.62792987
18258,-0.84161395
18259,-0.8536377
18260,-0.75521845
18261,-0.5443725
18262,-0.41262817
18263,-0.49087524
18264,-0.40527338
18265,0.013763413
18266,0.558136
18267,1.0214844
18268,1.4377137
18269,1.5514221
18270,1.4547727
18271,1.2080382
18272,1.0528564
18273,1.1391296
18274,1.1986996
18275,1.1295166
18276,1.0520324
18277,1.0589296
18278,1.0517883
18279,1.0881348
18280,1.1270139
18281,1.1361085
18282,1.1694641
18283,1.2401428
18284,1.1898191
18285,0.93865967
18286,0.57766706
18287,0.23388678
18288,-0.076874
18289,-0.22250372
18290,-0.23477179
18291,-0.17474341
18292,-0.1250609
18293,-0.1504212
18294,-0.23980707
18295,-0.36062616
18296,-0.5123291
18297,-0.68090814
18298,-0.81280524
18299,-0.91314685
18300,-0.97943103
18301,-1.0214233
18302,-1.0515138
18303,-1.0609436
18304,-1.0524597
18305,-1.0084227
18306,-0.93884283
18307,-0.8699645
18308,-0.8022462
18309,-0.77008057
18310,-0.75076306
18311,-0.71463007
18312,-0.7106018
18313,-0.7108154
18314,-0.6635437
18315,-0.61987305
18316,-0.5863037
18317,-0.535614
18318,-0.48712164
18319,-0.4346009
18320,-0.36230466
18321,-0.2919921
18322,-0.20095819
18323,-0.07525639
18324,0.04769914
18325,0.1597289
18326,0.24682629
18327,0.3257445
18328,0.3932496
18329,0.45785522
18330,0.5230713
18331,0.585266
18332,0.6391906
18333,0.67211914
18334,0.68957514
18335,0.7120361
18336,0.7484131
18337,0.80465704
18338,0.83608997
18339,0.8353881
18340,0.8362427
18341,0.82507336
18342,0.7835085
18343,0.70462036
18344,0.61987305
18345,0.52099615
18346,0.410553
18347,0.31256092
18348,0.23251344
18349,0.1520691
18350,0.08612077
18351,0.022277832
18352,-0.036743097
18353,-0.10797123
18354,-0.17575067
18355,-0.23382576
18356,-0.28097528
18357,-0.33361816
18358,-0.37878424
18359,-0.40042102
18360,-0.42138672
18361,-0.44558722
18362,-0.460724
18363,-0.46566772
18364,-0.4707337
18365,-0.47183222
18366,-0.4499817
18367,-0.42791745
18368,-0.41198725
18369,-0.39343268
18370,-0.36846927
18371,-0.32989496
18372,-0.29522702
18373,-0.24993894
18374,-0.19467148
18375,-0.14547732
18376,-0.105255075
18377,-0.07736214
18378,-0.037170433
18379,0.0076599345
18380,0.03790289
18381,0.057189927
18382,0.076293975
18383,0.09567258
18384,0.10134889
18385,0.112396225
18386,0.13726814
18387,0.1426086
18388,0.11511229
18389,0.109008804
18390,0.10919192
18391,0.08749393
18392,0.06384277
18393,0.06277467
18394,0.06585686
18395,0.038543686
18396,0.018432632
18397,0.04837036
18398,0.05664064
18399,0.04843137
18400,0.07092285
18401,0.07940674
18402,0.07214356
18403,0.07022096
18404,0.08489989
18405,0.0891113
18406,0.06716919
18407,0.054016095
18408,0.06625366
18409,0.068481445
18410,0.05816651
18411,0.052520767
18412,0.06103514
18413,0.060424812
18414,0.039215103
18415,0.033355728
18416,0.027587876
18417,-0.004913331
18418,-0.025878906
18419,-0.02603149
18420,-0.036712654
18421,-0.034484867
18422,-0.03448486
18423,-0.03466797
18424,-0.02850341
18425,-0.026763901
18426,-0.03338623
18427,-0.054138187
18428,-0.04525756
18429,-0.040161118
18430,-0.047821037
18431,-0.029541038
18432,-0.016754158
18433,-0.020080581
18434,-0.018585207
18435,-0.011016839
18436,-0.01937865
18437,-0.041137695
18438,-0.029327407
18439,-0.0237732
18440,-0.039001465
18441,-0.046844475
18442,-0.03302002
18443,-0.027557373
18444,-0.03903199
18445,-0.038208004
18446,-0.021026619
18447,-0.0030212235
18448,-0.015106194
18449,-0.0011902004
18450,0.04360962
18451,0.05523684
18452,0.052795403
18453,0.07189944
18454,0.077239975
18455,0.07055664
18456,0.0808716
18457,0.11047363
18458,0.13125612
18459,0.13412476
18460,0.14068602
18461,0.13983154
18462,0.1468811
18463,0.15753175
18464,0.14639282
18465,0.13894653
18466,0.15133666
18467,0.14263916
18468,0.11508178
18469,0.10351562
18470,0.10098268
18471,0.08926391
18472,0.074920654
18473,0.065704346
18474,0.055267334
18475,0.055755604
18476,0.06494139
18477,0.066467285
18478,0.05712888
18479,0.047424316
18480,0.04229737
18481,0.046875015
18482,0.032226555
18483,0.005584716
18484,-0.0007324382
18485,-0.0070495624
18486,-0.031433105
18487,-0.04388427
18488,-0.051361084
18489,-0.07009888
18490,-0.057250984
18491,-0.07437134
18492,-0.065124504
18493,-0.07379151
18494,-0.07965088
18495,-0.08151244
18496,-0.09121703
18497,-0.086975105
18498,-0.0930786
18499,-0.09725953
18500,-0.049743652
18501,-0.046020508
18502,-0.039398186
18503,-0.029907234
18504,-0.029083252
18505,-0.023071278
18506,-0.02209472
18507,-0.022827156
18508,-0.01354979
18509,-0.0054016113
18510,-0.026733391
18511,-0.023010239
18512,-0.014556896
18513,-0.007049557
18514,-0.015533451
18515,-0.021545406
18516,-0.00686644
18517,-0.0025024377
18518,-0.011505116
18519,-0.00891114
18520,-0.021423351
18521,-0.02374269
18522,-0.029174797
18523,-0.027557377
18524,-0.010253899
18525,-0.0021972694
18526,-0.0022583045
18527,0.0022277683
18528,0.02261351
18529,0.034515377
