0,-0.045715213
1,-0.31491095
2,-0.44628906
3,-0.5213317
4,-0.58239734
5,-0.6260073
6,-0.6440734
7,-0.65051264
8,-0.6942445
9,-0.75030506
10,-0.81628406
11,-0.84988403
12,-0.854187
13,-0.8032837
14,-0.73406994
15,-0.62695307
16,-0.5078735
17,-0.35888666
18,-0.19973761
19,-0.05154428
20,0.08227539
21,0.20019522
22,0.17266843
23,-0.032348573
24,-0.069366544
25,-0.043304503
26,0.055511475
27,0.15737918
28,0.25418094
29,0.3113098
30,0.3790282
31,0.40161133
32,0.4160765
33,0.38973987
34,0.38320935
35,0.3354492
36,0.3018189
37,0.22039795
38,0.16946405
39,0.095825225
40,0.0357361
41,-0.015991181
42,-0.04290773
43,-0.11160277
44,-0.26214612
45,-0.57785034
46,-0.72818005
47,-0.83392346
48,-0.8789674
49,-0.8902588
50,-0.82748413
51,-0.7422791
52,-0.66796863
53,-0.61724865
54,-0.5860901
55,-0.54888916
56,-0.48669434
57,-0.38705456
58,-0.26974487
59,-0.13998416
60,-0.011566222
61,0.13171382
62,0.2718506
63,0.39862055
64,0.5163269
65,0.6174316
66,0.5783386
67,0.3703614
68,0.3164062
69,0.32528687
70,0.38766485
71,0.43887332
72,0.46804816
73,0.44500738
74,0.4165039
75,0.35830688
76,0.27767944
77,0.18591312
78,0.12799071
79,0.07260126
80,0.04519652
81,0.020080544
82,0.009338349
83,0.001312159
84,-0.00012203306
85,-0.020324666
86,-0.036529552
87,-0.054748554
88,-0.1889955
89,-0.47103882
90,-0.5656128
91,-0.58505255
92,-0.5375062
93,-0.48226917
94,-0.4418946
95,-0.42999274
96,-0.40481555
97,-0.3964845
98,-0.40606692
99,-0.41751096
100,-0.40496826
101,-0.38446057
102,-0.34283447
103,-0.29901126
104,-0.24908453
105,-0.19494633
106,-0.14547728
107,-0.11450192
108,-0.08938599
109,-0.0680847
110,-0.05422981
111,-0.04162594
112,-0.021057107
113,0.009246796
114,0.04684443
115,0.07559221
116,0.0847168
117,0.08050534
118,0.08630384
119,0.10128776
120,0.111389175
121,0.11380007
122,0.11303704
123,0.11486815
124,0.11514279
125,0.120483376
126,0.11251828
127,0.106964014
128,0.096496604
129,0.064148
130,0.027618393
131,0.0058898907
132,-0.025878966
133,-0.0400391
134,-0.047119126
135,-0.03659056
136,-0.020996131
137,-0.015655415
138,-0.037750278
139,-0.07385254
140,-0.1030883
141,-0.12030032
142,-0.13696283
143,-0.14465329
144,-0.15048224
145,-0.15368652
146,-0.15075687
147,-0.13421631
148,-0.11938475
149,-0.10397339
150,-0.08999632
151,-0.08697507
152,-0.09307858
153,-0.083801225
154,-0.09078984
155,-0.075531
156,-0.0513916
157,-0.010253921
158,0.031097412
159,0.07019053
160,0.073272675
161,0.07299805
162,0.08352663
163,0.10464473
164,0.12542725
165,0.13983153
166,0.14315796
167,0.14212039
168,0.1325073
169,0.11776732
170,0.107879624
171,0.084564194
172,0.07211304
173,0.04077154
174,0.011993397
175,-0.024261456
176,-0.05395513
177,-0.078002915
178,-0.09921263
179,-0.11224367
180,-0.12396239
181,-0.1254577
182,-0.11880492
183,-0.101928726
184,-0.069427475
185,-0.039978042
186,0.0034179688
187,0.039093003
188,0.07144165
189,0.097778335
190,0.113281235
191,0.124176025
192,0.13171387
193,0.13217163
194,0.13714603
195,0.13677977
196,0.12692259
197,0.12908934
198,0.109680176
199,0.11523439
200,0.10317993
201,0.10665894
202,0.105987564
203,0.11065673
204,0.113891594
205,0.11187743
206,0.115234375
207,0.105529785
208,0.10852051
209,0.09829712
210,0.09182739
211,0.07766724
212,0.06689453
213,0.057220466
214,0.052246112
215,0.039489754
216,0.036926266
217,0.035888672
218,0.025543228
219,0.025573753
220,0.015563965
221,0.015350357
222,0.011047363
223,0.014373779
224,0.0056152493
225,0.0027770922
226,0.002227798
227,-0.0023498684
228,0.003051743
229,0.009521484
230,0.0078125
231,0.018218987
232,0.0105590895
233,0.012390144
234,0.0072936863
235,-0.008239761
236,-0.018188465
237,-0.03674314
238,-0.038360566
239,-0.05322268
240,-0.055847168
241,-0.08178711
242,-0.09158327
243,-0.11511228
244,-0.13366698
245,-0.1406555
246,-0.16143802
247,-0.15783693
248,-0.16482541
249,-0.14321901
250,-0.13690186
251,-0.1132202
252,-0.097229004
253,-0.07485961
254,-0.053985592
255,-0.03948975
256,-0.028259277
257,-0.004425049
258,0.00045777857
259,0.027374282
260,0.033691406
261,0.058654785
262,0.058258053
263,0.06643677
264,0.058471687
265,0.057922367
266,0.059448227
267,0.052642833
268,0.06542968
269,0.057067856
270,0.07196046
271,0.061096177
272,0.057159416
273,0.042663567
274,0.027923584
275,0.02136231
276,0.011199957
277,0.015136708
278,0.011566177
279,0.016998297
280,0.017242441
281,0.022918718
282,0.020141605
283,0.021850575
284,0.020416256
285,0.019287135
286,0.023254387
287,0.014373794
288,0.0044860803
289,-0.017669648
290,-0.036926292
291,-0.059326172
292,-0.07205199
293,-0.08990479
294,-0.10015869
295,-0.1126709
296,-0.12332153
297,-0.13623047
298,-0.14035034
299,-0.1463623
300,-0.15026855
301,-0.15338136
302,-0.14248657
303,-0.11489868
304,-0.111236565
305,-0.122863784
306,-0.10861206
307,-0.105133064
308,-0.079559326
309,-0.082153335
310,-0.07672119
311,-0.0892334
312,-0.093872085
313,-0.10470581
314,-0.092590325
315,-0.07623291
316,-0.04776001
317,-0.0388794
318,-0.024475105
319,-0.033264153
320,-0.037170425
321,0.009490974
322,-0.0031127706
323,0.010406479
324,0.013580322
325,0.048797607
326,0.030975357
327,0.02178955
328,0.010009736
329,0.031158425
330,0.055267297
331,0.0671997
332,0.0854797
333,0.06777956
334,0.08032225
335,0.0647583
336,0.07897951
337,0.08023071
338,0.0918579
339,0.090515144
340,0.09338379
341,0.07077026
342,0.05413819
343,0.09890747
344,0.08724977
345,0.08685303
346,0.075775154
347,0.070037834
348,0.075531006
349,0.07891846
350,0.08248903
351,0.07830812
352,0.07998659
353,0.07080077
354,0.058807373
355,0.04718019
356,0.07183838
357,0.056640606
358,0.02743531
359,0.014984131
360,-0.0030212402
361,-0.013336193
362,-0.028778069
363,-0.04821779
364,-0.048675537
365,-0.09017946
366,-0.09854126
367,-0.12890625
368,-0.12863162
369,-0.11883548
370,-0.14974976
371,-0.17687987
372,-0.18460084
373,-0.17184448
374,-0.15496826
375,-0.14263919
376,-0.12203979
377,-0.11221314
378,-0.061126724
379,-0.057983384
380,-0.054656982
381,-0.028900139
382,-0.012268053
383,0.016693134
384,0.02166748
385,0.021087654
386,0.027008059
387,0.08782959
388,0.09353639
389,0.10180664
390,0.11489869
391,0.13018799
392,0.14706421
393,0.17416382
394,0.1843872
395,0.20669556
396,0.21002194
397,0.22561646
398,0.225708
399,0.22708128
400,0.20867923
401,0.2164917
402,0.21752928
403,0.19467163
404,0.1829834
405,0.15899657
406,0.15350342
407,0.13742065
408,0.12728883
409,0.08209228
410,0.07254029
411,0.057403564
412,0.027191168
413,-0.008789077
414,-0.034790047
415,-0.05200194
416,-0.07659911
417,-0.09259032
418,-0.11157226
419,-0.11373904
420,-0.11804201
421,-0.092224136
422,-0.043060295
423,-0.025329597
424,-0.039855972
425,-0.01986695
426,-0.029724091
427,-0.0083923265
428,-0.018463142
429,-0.0100097675
430,-0.0013427548
431,-0.020751974
432,-0.007324215
433,-0.026489256
434,-0.01687622
435,-0.031127933
436,-0.025512705
437,-0.023864733
438,-0.018493641
439,-0.026733398
440,-0.03729249
441,-0.040405255
442,-0.05300901
443,-0.054687522
444,-0.083068855
445,-0.07269284
446,-0.07357788
447,-0.075897194
448,-0.088317886
449,-0.08795166
450,-0.08972169
451,-0.07546998
452,-0.0717163
453,-0.09265135
454,-0.07833864
455,-0.06359861
456,-0.06063842
457,-0.07400514
458,-0.06845093
459,-0.0640869
460,-0.065093994
461,-0.07980348
462,-0.088592544
463,-0.0887451
464,-0.087310806
465,-0.07446292
466,-0.07168579
467,-0.045379635
468,-0.02020266
469,-0.007659897
470,-0.0018005371
471,-0.0023803804
472,0.0031432891
473,0.01382447
474,0.011261009
475,-0.0083618155
476,-0.0012512198
477,0.0086364895
478,0.0040893685
479,-0.008575447
480,-0.0014648587
481,0.005218517
482,0.013000481
483,0.009521477
484,0.0044861063
485,0.0077819675
486,-0.00027465075
487,0.008056641
488,-0.014434814
489,0.00082396716
490,-0.001983665
491,0.0082092285
492,-0.0012207106
493,0.010101318
494,0.010284435
495,0.034057625
496,0.039581284
497,0.02554322
498,0.03234864
499,0.039672863
500,0.044982895
501,0.037292488
502,0.04464721
503,0.035614006
504,0.043701194
505,0.029907204
506,0.03125
507,0.021697994
508,0.015319839
509,-0.0005798396
510,-0.019012466
511,-0.030700661
512,-0.02420044
513,-0.03384398
514,-0.03369143
515,-0.04483033
516,-0.040435806
517,-0.038330078
518,-0.039733894
519,-0.039367653
520,-0.038452156
521,-0.030944802
522,-0.031219482
523,-0.03866576
524,-0.037384007
525,-0.04229735
526,-0.036621097
527,-0.042053223
528,-0.04348755
529,-0.05618286
530,-0.06192018
531,-0.07391357
532,-0.09576415
533,-0.09213257
534,-0.0793457
535,-0.06845093
536,-0.060363777
537,-0.055358894
538,-0.049560547
539,-0.037719727
540,-0.04452517
541,-0.039886482
542,-0.04516603
543,-0.02996827
544,-0.02859497
545,-0.022064198
546,-0.014953628
547,-0.0061340258
548,0.00082398206
549,0.00271607
550,0.010223404
551,0.017761216
552,0.030792244
553,0.03549197
554,0.04333496
555,0.052093517
556,0.05633546
557,0.061767574
558,0.06466673
559,0.070068344
560,0.07354738
561,0.07583619
562,0.081146225
563,0.083526626
564,0.08728027
565,0.09500123
566,0.10025024
567,0.11679079
568,0.120910645
569,0.13262936
570,0.14279176
571,0.15359497
572,0.16110231
573,0.15722655
574,0.15945435
575,0.14834595
576,0.14511108
577,0.13208008
578,0.13235475
579,0.1255188
580,0.12710573
581,0.12719727
582,0.12570193
583,0.13186646
584,0.13473512
585,0.13842773
586,0.13369751
587,0.1333008
588,0.12924194
589,0.12539674
590,0.11590577
591,0.11050415
592,0.10064699
593,0.0921631
594,0.080657974
595,0.07235716
596,0.06668091
597,0.05548096
598,0.04071045
599,0.028991707
600,0.018737808
601,0.008514397
602,0.00082398206
603,-0.012359627
604,-0.023071289
605,-0.040893532
606,-0.057098407
607,-0.08099367
608,-0.0942688
609,-0.107025154
610,-0.11212158
611,-0.10498047
612,-0.10955812
613,-0.10147095
614,-0.11074831
615,-0.10662842
616,-0.11193849
617,-0.112121575
618,-0.11325075
619,-0.11465455
620,-0.118316635
621,-0.11557004
622,-0.11141967
623,-0.10971067
624,-0.1036682
625,-0.09780886
626,-0.0890503
627,-0.079406746
628,-0.06399535
629,-0.050231922
630,-0.03564454
631,-0.027923573
632,-0.019470219
633,-0.0122680925
634,-0.0093688965
635,-0.011016879
636,-0.009399425
637,-0.010192879
638,-0.005645752
639,-0.00018310547
640,0.0026855469
641,0.0026855618
642,-0.002563469
643,-0.016906753
644,-0.022003189
645,-0.028533936
646,-0.024993882
647,-0.023864731
648,-0.01977539
649,-0.020324692
650,-0.012664795
651,-0.010070801
652,0.00085448474
653,-0.0015563965
654,-0.0036010481
655,-0.006591797
656,-0.013153079
657,-0.011413557
658,-0.01736452
659,-0.00891114
660,-0.016998291
661,-0.014709473
662,-0.022888169
663,-0.018798813
664,-0.021697983
665,-0.015655488
666,-0.008728042
667,0.0030822754
668,0.0077209473
669,0.01373291
670,0.021942139
671,0.03048703
672,0.036071748
673,0.038360506
674,0.051086307
675,0.061584383
676,0.078308105
677,0.094940126
678,0.11804196
679,0.13046268
680,0.14004506
681,0.15206903
682,0.15829474
683,0.1543579
684,0.14025882
685,0.12466432
686,0.08633426
687,0.034118675
688,-0.03112793
689,-0.08758545
690,-0.15246585
691,-0.23181158
692,-0.30935663
693,-0.37640387
694,-0.4338379
695,-0.47982806
696,-0.49993914
697,-0.5055849
698,-0.4862365
699,-0.44485468
700,-0.38180554
701,-0.31924433
702,-0.25491333
703,-0.1789552
704,-0.10507193
705,-0.03561403
706,0.023986854
707,0.08218384
708,0.11691284
709,0.12771603
710,0.13217169
711,0.15127552
712,0.16818225
713,0.17330927
714,0.17700207
715,0.19866931
716,0.22061157
717,0.24060035
718,0.24768066
719,0.24774146
720,0.23562646
721,0.20037854
722,0.16729724
723,0.13192761
724,0.10479742
725,0.091796875
726,0.08648682
727,0.08416739
728,0.061431907
729,0.0251465
730,-0.023742735
731,-0.070648074
732,-0.10687244
733,-0.14382935
734,-0.13821411
735,-0.07699585
736,0.03353882
737,0.17047095
738,0.3170166
739,0.47113013
740,0.6152344
741,0.7508848
742,0.8611454
743,0.948761
744,1.0282288
745,1.0842592
746,1.1234434
747,1.1369933
748,1.1089478
749,1.0047302
750,0.81613165
751,0.54803467
752,0.21765143
753,-0.13461292
754,-0.48684704
755,-0.8123169
756,-1.1109618
757,-1.3664244
758,-1.5801393
759,-1.7470398
760,-1.8759766
761,-1.9502867
762,-1.9726562
763,-1.9206543
764,-1.7944946
765,-1.5998535
766,-1.3546448
767,-1.0867004
768,-0.8115843
769,-0.53897107
770,-0.26867688
771,-0.004058838
772,0.265564
773,0.524231
774,0.76266485
775,0.97686756
776,1.1744386
777,1.3659055
778,1.553772
779,1.7362062
780,1.8886414
781,2.0001528
782,2.0578003
783,2.0576782
784,1.9790344
785,1.8292235
786,1.6034241
787,1.2973633
788,0.95877063
789,0.6109315
790,0.2778015
791,-0.038543522
792,-0.32073975
793,-0.58099365
794,-0.82553095
795,-1.0626526
796,-1.2815858
797,-1.4651488
798,-1.6256713
799,-1.7729795
800,-1.8918152
801,-1.9497681
802,-1.9675903
803,-1.9586794
804,-1.9200745
805,-1.8491516
806,-1.7386779
807,-1.5862122
808,-1.3894348
809,-1.1457214
810,-0.8755492
811,-0.59436023
812,-0.3211059
813,-0.07171631
814,0.15206885
815,0.34744278
816,0.52325433
817,0.67294306
818,0.81246984
819,0.9435426
820,1.0727233
821,1.1924742
822,1.2992251
823,1.382416
824,1.4328306
825,1.442322
826,1.414856
827,1.361542
828,1.2806093
829,1.1744387
830,1.0466003
831,0.89266974
832,0.7210084
833,0.54293823
834,0.3704223
835,0.19653313
836,0.040771425
837,-0.083984315
838,-0.16030882
839,-0.19802843
840,-0.20648193
841,-0.19937143
842,-0.19073474
843,-0.18521121
844,-0.19302368
845,-0.21173085
846,-0.25036633
847,-0.31069934
848,-0.37744132
849,-0.45596302
850,-0.53753656
851,-0.62585443
852,-0.71194464
853,-0.79324347
854,-0.8728944
855,-0.93792725
856,-0.9929808
857,-1.0381467
858,-1.0613403
859,-1.0472411
860,-0.9916382
861,-0.8909303
862,-0.739624
863,-0.5606994
864,-0.37429816
865,-0.19705196
866,-0.04205321
867,0.086120516
868,0.19497673
869,0.27755743
870,0.35128784
871,0.4077149
872,0.4566651
873,0.49032605
874,0.51647943
875,0.53289795
876,0.5359498
877,0.52981573
878,0.51022327
879,0.47811884
880,0.43649286
881,0.40393072
882,0.39306635
883,0.40661627
884,0.43484503
885,0.4638062
886,0.48971564
887,0.5021362
888,0.4906922
889,0.4407348
890,0.37277222
891,0.29266354
892,0.21090695
893,0.13433841
894,0.07052603
895,0.013519406
896,-0.027099714
897,-0.056152463
898,-0.08663942
899,-0.11190803
900,-0.13525386
901,-0.15774535
902,-0.18389887
903,-0.19686894
904,-0.17993158
905,-0.12985227
906,-0.055633612
907,0.025909416
908,0.111785874
909,0.20025636
910,0.27398682
911,0.32040396
912,0.35089117
913,0.37005615
914,0.3877258
915,0.3884582
916,0.37878412
917,0.3561707
918,0.31768793
919,0.26599115
920,0.20565793
921,0.13919063
922,0.06668096
923,-0.011413511
924,-0.07742298
925,-0.13067631
926,-0.1718139
927,-0.19692993
928,-0.20651257
929,-0.20581055
930,-0.21151736
931,-0.22958368
932,-0.24972537
933,-0.2738038
934,-0.28668207
935,-0.29342657
936,-0.28457645
937,-0.2644654
938,-0.24023445
939,-0.21124263
940,-0.17413332
941,-0.12915042
942,-0.08181764
943,-0.04141239
944,-0.002838105
945,0.034301743
946,0.062622145
947,0.08666986
948,0.10592659
949,0.124755874
950,0.13330074
951,0.14035034
952,0.14144894
953,0.14160162
954,0.14175417
955,0.13363642
956,0.11892705
957,0.104370095
958,0.09194946
959,0.07913208
960,0.067047045
961,0.055847213
962,0.046600312
963,0.047058105
964,0.050750718
965,0.051910363
966,0.049987823
967,0.043090805
968,0.033233725
969,0.013915971
970,-0.012054414
971,-0.035369836
972,-0.05703742
973,-0.0780335
974,-0.09884646
975,-0.12200922
976,-0.14401245
977,-0.15899657
978,-0.1651001
979,-0.17163086
980,-0.17105101
981,-0.17416383
982,-0.17816165
983,-0.18618776
984,-0.19442749
985,-0.2024231
986,-0.2084046
987,-0.21276857
988,-0.21270746
989,-0.20660399
990,-0.18792719
991,-0.16082767
992,-0.13644406
993,-0.11410527
994,-0.096649215
995,-0.087066665
996,-0.08755496
997,-0.086853005
998,-0.080902115
999,-0.0751953
1000,-0.07058715
1001,-0.067779526
1002,-0.063659675
1003,-0.05999755
1004,-0.057312027
1005,-0.05325318
1006,-0.044189457
1007,-0.032775875
1008,-0.0150451735
1009,-0.00076292455
1010,0.020172127
1011,0.03567507
1012,0.056213394
1013,0.07009887
1014,0.088989265
1015,0.106231704
1016,0.121582046
1017,0.13439941
1018,0.13662718
1019,0.13784792
1020,0.1341858
1021,0.13339235
1022,0.12506102
1023,0.11560057
1024,0.103240974
1025,0.08734131
1026,0.073150665
1027,0.05728148
1028,0.04174805
1029,0.02560424
1030,0.012359593
1031,0.003967285
1032,-0.0008850023
1033,0.0021667313
1034,0.0075378455
1035,0.014587402
1036,0.014953606
1037,0.013275165
1038,0.008483902
1039,3.0487776e-05
1040,-0.005645765
1041,-0.011413572
1042,-0.013366699
1043,-0.013610824
1044,-0.011657732
1045,-0.0070495624
1046,0.0002136305
1047,0.010131827
1048,0.012817398
1049,0.0202942
1050,0.027862549
1051,0.029663078
1052,0.024749752
1053,0.02371215
1054,0.028594946
1055,0.03970339
1056,0.058990482
1057,0.078124985
1058,0.09277342
1059,0.09570311
1060,0.09704588
1061,0.089843765
1062,0.07232666
1063,0.050506577
1064,0.02523804
1065,0.0051269615
1066,-0.011230491
1067,-0.018585214
1068,-0.020477312
1069,-0.019470217
1070,-0.017242432
1071,-0.013885502
1072,-0.00921632
1073,-0.0036010891
1074,0.00024414435
1075,0.013458259
1076,0.025482174
1077,0.0335083
1078,0.036102284
1079,0.039093018
1080,0.040802024
1081,0.03860476
1082,0.03231813
1083,0.024505615
1084,0.018707246
1085,0.01828006
1086,0.016723633
1087,0.016601555
1088,0.011291489
1089,0.010345459
1090,0.009429932
1091,0.013305664
1092,0.019470237
1093,0.02764894
1094,0.031311028
1095,0.030914277
1096,0.02676392
1097,0.02215575
1098,0.0179138
1099,0.018768324
1100,0.0068054087
1101,-0.005645751
1102,-0.02056884
1103,-0.039611813
1104,-0.05081176
1105,-0.06106566
1106,-0.068969734
1107,-0.07421874
1108,-0.07891846
1109,-0.07818604
1110,-0.07659913
1111,-0.0645752
1112,-0.055450447
1113,-0.043395996
1114,-0.03240966
1115,-0.023467995
1116,-0.022857675
1117,-0.03445436
1118,-0.047302254
1119,-0.05017091
1120,-0.049835205
1121,-0.04129029
1122,-0.03341675
1123,-0.018676765
1124,-0.005523693
1125,-0.0010681152
1126,-0.00024415553
1127,0.0018005297
1128,0.00015258417
1129,-0.0003967248
1130,-0.005004894
1131,-0.009460449
1132,-0.014495859
1133,-0.015167233
1134,-0.017395025
1135,-0.015808111
1136,-0.010223402
1137,-0.014038077
1138,-0.025848389
1139,-0.041351322
1140,-0.05154418
1141,-0.059539787
1142,-0.06719971
1143,-0.074859604
1144,-0.09170534
1145,-0.10983276
1146,-0.12567139
1147,-0.13830566
1148,-0.14874268
1149,-0.15115356
1150,-0.15026857
1151,-0.14459227
1152,-0.13943481
1153,-0.13256836
1154,-0.12130738
1155,-0.10809326
1156,-0.098724365
1157,-0.08456421
1158,-0.069458
1159,-0.0487976
1160,-0.033325195
1161,-0.01742554
1162,-0.0025024414
1163,0.0073241945
1164,0.011779789
1165,0.011901852
1166,0.008697506
1167,0.007843029
1168,0.0042419434
1169,0.0058899
1170,0.0068969727
1171,0.009246824
1172,0.010559091
1173,0.0063171294
1174,0.0081787035
1175,0.009582512
1176,0.017059337
1177,0.022674572
1178,0.030029295
1179,0.030517574
1180,0.038299553
1181,0.038818367
1182,0.028289799
1183,0.008453371
1184,-0.00363159
1185,-0.013000486
1186,-0.01782225
1187,-0.0222168
1188,-0.025360106
1189,-0.024932865
1190,-0.025146492
1191,-0.017425545
1192,-0.0106811635
1193,-0.004180908
1194,0.00482177
1195,0.012359627
1196,0.018188465
1197,0.018768322
1198,0.02633667
1199,0.03042602
1200,0.034362786
1201,0.038635246
1202,0.03771971
1203,0.039031975
1204,0.04641723
1205,0.05377198
1206,0.066772476
1207,0.072143555
1208,0.07150268
1209,0.061798096
1210,0.055908203
1211,0.054382324
1212,0.05480957
1213,0.06341551
1214,0.07205202
1215,0.080505386
1216,0.09210206
1217,0.098815925
1218,0.10745238
1219,0.115722656
1220,0.12417605
1221,0.12731935
1222,0.1295166
1223,0.13024901
1224,0.13208006
1225,0.13842772
1226,0.13891602
1227,0.14114378
1228,0.13821413
1229,0.13128662
1230,0.11788941
1231,0.10647583
1232,0.10308839
1233,0.093750015
1234,0.084991455
1235,0.08358766
1236,0.085083
1237,0.08496094
1238,0.08767702
1239,0.09188843
1240,0.09542847
1241,0.098968506
1242,0.09890748
1243,0.09295656
1244,0.09219362
1245,0.08795165
1246,0.08551025
1247,0.080230705
1248,0.07797243
1249,0.07351686
1250,0.07330322
1251,0.06933594
1252,0.060729966
1253,0.05041502
1254,0.03958131
1255,0.03250122
1256,0.026611336
1257,0.02459716
1258,0.021759033
1259,0.017242424
1260,0.017852798
1261,0.013397217
1262,0.006378174
1263,-0.001953125
1264,-0.013519287
1265,-0.026580818
1266,-0.037963882
1267,-0.054809585
1268,-0.07470704
1269,-0.09353638
1270,-0.107299805
1271,-0.11972046
1272,-0.13461302
1273,-0.14508054
1274,-0.20309448
1275,-0.32623297
1276,-0.45193487
1277,-0.5567323
1278,-0.60891724
1279,-0.5828856
1280,-0.59692395
1281,-0.641266
1282,-0.40499884
1283,0.056793235
1284,0.45471185
1285,0.7908325
1286,0.97854614
1287,0.97210675
1288,0.89297485
1289,0.7681275
1290,0.64776623
1291,0.5364075
1292,0.44192517
1293,0.36978146
1294,0.30947867
1295,0.25228876
1296,0.1291503
1297,-0.071502745
1298,-0.28189093
1299,-0.46673593
1300,-0.60458374
1301,-0.67129505
1302,-0.77496344
1303,-0.90313727
1304,-0.7290955
1305,-0.29605108
1306,0.092803955
1307,0.44750983
1308,0.66076654
1309,0.68975806
1310,0.6347655
1311,0.5063782
1312,0.3739319
1313,0.2342223
1314,0.11923218
1315,0.030334413
1316,-0.025970459
1317,-0.07559204
1318,-0.1163941
1319,-0.13153076
1320,-0.14660645
1321,-0.16387936
1322,-0.1933288
1323,-0.25598156
1324,-0.2811888
1325,-0.2748412
1326,-0.39581293
1327,-0.61932385
1328,-0.80349714
1329,-0.95123285
1330,-1.0160217
1331,-0.9738159
1332,-0.90032965
1333,-0.8060914
1334,-0.7277528
1335,-0.67330945
1336,-0.6441041
1337,-0.62164307
1338,-0.6142577
1339,-0.57876575
1340,-0.5596312
1341,-0.6095888
1342,-0.6721497
1343,-0.70559704
1344,-0.6963195
1345,-0.61184686
1346,-0.5829469
1347,-0.5979311
1348,-0.33374035
1349,0.16268925
1350,0.5832519
1351,0.9237671
1352,1.1147461
1353,1.121704
1354,1.0744629
1355,0.9980165
1356,0.958954
1357,0.926239
1358,0.9032899
1359,0.90423584
1360,0.9194945
1361,0.94424427
1362,0.97763056
1363,1.0079346
1364,1.015625
1365,0.996704
1366,0.92453
1367,0.7902221
1368,0.6632996
1369,0.5452882
1370,0.31365967
1371,0.007507324
1372,-0.2514953
1373,-0.47399902
1374,-0.6125183
1375,-0.6430053
1376,-0.6419373
1377,-0.62277234
1378,-0.6301271
1379,-0.6448976
1380,-0.659485
1381,-0.6668396
1382,-0.65792835
1383,-0.6249999
1384,-0.53750616
1385,-0.38723752
1386,-0.2141723
1387,-0.048339993
1388,0.10012829
1389,0.21234119
1390,0.34146115
1391,0.47445685
1392,0.4353942
1393,0.24301165
1394,0.052856326
1395,-0.12579355
1396,-0.23971564
1397,-0.2653807
1398,-0.2568054
1399,-0.21252438
1400,-0.15341185
1401,-0.0952148
1402,-0.05288703
1403,-0.020477265
1404,-0.006073013
1405,0.004699677
1406,0.051880002
1407,0.1142579
1408,0.17166138
1409,0.2126159
1410,0.21768197
1411,0.17919916
1412,0.15643306
1413,0.14675911
1414,0.015899643
1415,-0.20822138
1416,-0.3902588
1417,-0.55285645
1418,-0.63751227
1419,-0.6184081
1420,-0.54626465
1421,-0.42486572
1422,-0.29534912
1423,-0.15530394
1424,-0.022796676
1425,0.098968506
1426,0.21383664
1427,0.32357794
1428,0.46099848
1429,0.643219
1430,0.8287049
1431,0.9864807
1432,1.1020203
1433,1.1622925
1434,1.2255859
1435,1.284729
1436,1.1784973
1437,0.9233399
1438,0.679779
1439,0.45587146
1440,0.28887948
1441,0.19992082
1442,0.1391908
1443,0.10070799
1444,0.059570312
1445,0.020874053
1446,-0.011718772
1447,-0.051879857
1448,-0.09625244
1449,-0.15853883
1450,-0.18862914
1451,-0.16732773
1452,-0.12612912
1453,-0.094390884
1454,-0.073730424
1455,-0.086761534
1456,-0.06289679
1457,-0.020355165
1458,-0.12054446
1459,-0.34295645
1460,-0.53634644
1461,-0.6940612
1462,-0.78091437
1463,-0.77145374
1464,-0.7286072
1465,-0.6540222
1466,-0.57577515
1467,-0.49316403
1468,-0.42196658
1469,-0.36297604
1470,-0.3152771
1471,-0.2947998
1472,-0.27078244
1473,-0.23773193
1474,-0.19540407
1475,-0.1567382
1476,-0.11383065
1477,-0.06851195
1478,-0.020965576
1479,0.027770922
1480,0.06948856
1481,0.09185786
1482,0.11514286
1483,0.13201907
1484,0.14169317
1485,0.14062503
1486,0.13714603
1487,0.13784792
1488,0.13778687
1489,0.14367676
1490,0.16177374
1491,0.1724243
1492,0.17449947
1493,0.16003418
1494,0.13302612
1495,0.10711672
1496,0.08477783
1497,0.062072814
1498,0.045715287
1499,0.03399661
1500,0.030426033
1501,0.03219603
1502,0.028198294
1503,0.017974772
1504,0.015930243
1505,0.022979788
1506,0.026580885
1507,0.028717063
1508,0.026702896
1509,0.011352543
1510,-0.0043335035
1511,-0.023193367
1512,-0.036193863
1513,-0.04949949
1514,-0.06015013
1515,-0.08825683
1516,-0.11801148
1517,-0.13995363
1518,-0.15603635
1519,-0.1695251
1520,-0.1743775
1521,-0.1751709
1522,-0.16351311
1523,-0.14297487
1524,-0.123626664
1525,-0.110076986
1526,-0.09619135
1527,-0.07556148
1528,-0.05627436
1529,-0.034881584
1530,-0.019775398
1531,-0.00775145
1532,-0.00015260652
1533,0.0026550032
1534,0.001342766
1535,-0.00637817
1536,-0.020690907
1537,-0.03942873
1538,-0.061645493
1539,-0.090362564
1540,-0.11437991
1541,-0.13290401
1542,-0.14544684
1543,-0.14920044
1544,-0.14880365
1545,-0.1424866
1546,-0.13626091
1547,-0.12463388
1548,-0.108306825
1549,-0.09524529
1550,-0.078643754
1551,-0.05993653
1552,-0.035430893
1553,-0.011718757
1554,0.011352537
1555,0.03341675
1556,0.05526732
1557,0.07916261
1558,0.098480225
1559,0.12545775
1560,0.14550781
1561,0.16326903
1562,0.1730957
1563,0.17544557
1564,0.17446896
1565,0.17376709
1566,0.17199709
1567,0.1693115
1568,0.16622928
1569,0.1584167
1570,0.15258792
1571,0.14572142
1572,0.135315
1573,0.13140869
1574,0.12625125
1575,0.117157
1576,0.106109604
1577,0.0939331
1578,0.08270264
1579,0.070007324
1580,0.05203248
1581,0.039123528
1582,0.029296875
1583,0.018981926
1584,0.004669197
1585,-0.0063476767
1586,-0.015502913
1587,-0.018829338
1588,-0.026489235
1589,-0.032592766
1590,-0.041442864
1591,-0.04684449
1592,-0.050811768
1593,-0.050872788
1594,-0.043914795
1595,-0.034271255
1596,-0.025726307
1597,-0.018524166
1598,-0.020904552
1599,-0.021911621
1600,-0.026184082
1601,-0.031219475
1602,-0.036499046
1603,-0.0357666
1604,-0.038085938
1605,-0.041046113
1606,-0.045593277
1607,-0.05136111
1608,-0.055053696
1609,-0.05728151
1610,-0.062927246
1611,-0.069244385
1612,-0.07693481
1613,-0.08453369
1614,-0.09497072
1615,-0.1064453
1616,-0.116027825
1617,-0.12298585
1618,-0.12414549
1619,-0.12170412
1620,-0.1199341
1621,-0.11389159
1622,-0.10113523
1623,-0.09027101
1624,-0.0815735
1625,-0.066589326
1626,-0.05465699
1627,-0.04461669
1628,-0.0385437
1629,-0.03265381
1630,-0.022521958
1631,-0.010162372
1632,0.0003357008
1633,0.0035400577
1634,0.0048522875
1635,0.0022582933
1636,0.00018309802
1637,0.001159668
1638,0.006073013
1639,0.01065062
1640,0.014129654
1641,0.018096924
1642,0.018981948
1643,0.022399902
1644,0.027374268
1645,0.034240693
1646,0.04336548
1647,0.04812622
1648,0.053527813
1649,0.062042225
1650,0.06838989
1651,0.077819824
1652,0.085754395
1653,0.09207153
1654,0.0940857
1655,0.09609988
1656,0.102416985
1657,0.10760499
1658,0.111022964
1659,0.1149597
1660,0.116180435
1661,0.114440896
1662,0.11065675
1663,0.10720825
1664,0.10198976
1665,0.094299294
1666,0.085845955
1667,0.075866684
1668,0.06600951
1669,0.05621337
1670,0.045135487
1671,0.030578636
1672,0.017608646
1673,0.00778199
1674,0.008636478
1675,0.007934567
1676,0.009155285
1677,0.0076599345
1678,0.0013732798
1679,-0.0054931454
1680,-0.01760865
1681,-0.026214585
1682,-0.035064682
1683,-0.04800415
1684,-0.06100464
1685,-0.07058719
1686,-0.078063965
1687,-0.08206175
1688,-0.078826874
1689,-0.070434585
1690,-0.060577367
1691,-0.054138176
1692,-0.04486085
1693,-0.034088135
1694,-0.027099606
1695,-0.014282203
1696,-0.0018310584
1697,0.008148201
1698,0.02441407
1699,0.041839615
1700,0.059265114
1701,0.071289055
1702,0.08560181
1703,0.09472655
1704,0.10079956
1705,0.10440063
1706,0.1081543
1707,0.10888673
1708,0.11026003
1709,0.11083984
1710,0.1116638
1711,0.115509026
1712,0.119842514
1713,0.11810302
1714,0.11383057
1715,0.10742186
1716,0.10354614
1717,0.09994508
1718,0.09945679
1719,0.09335327
1720,0.08914184
1721,0.09100343
1722,0.09185791
1723,0.09634401
1724,0.09860231
1725,0.1038208
1726,0.10662842
1727,0.101745605
1728,0.09591673
1729,0.085571274
1730,0.07546996
1731,0.06536865
1732,0.055053726
1733,0.04504396
1734,0.036682144
1735,0.026733376
1736,0.011535637
1737,-0.00588987
1738,-0.02026368
1739,-0.030242905
1740,-0.03710936
1741,-0.047027566
1742,-0.053741455
1743,-0.059783936
1744,-0.06759646
1745,-0.07476807
1746,-0.078582756
1747,-0.08029175
1748,-0.084198
1749,-0.08685301
1750,-0.089294456
1751,-0.09197998
1752,-0.09649659
1753,-0.09869383
1754,-0.10479736
1755,-0.106109604
1756,-0.111816406
1757,-0.11877443
1758,-0.12548828
1759,-0.12875366
1760,-0.1321106
1761,-0.13696288
1762,-0.14190674
1763,-0.14624023
1764,-0.14672852
1765,-0.1362915
1766,-0.12680055
1767,-0.114593506
1768,-0.09820555
1769,-0.08282471
1770,-0.06826783
1771,-0.05776976
1772,-0.043792747
1773,-0.032531735
1774,-0.019226078
1775,-0.0016174316
1776,0.010040272
1777,0.016693097
1778,0.015838616
1779,0.009551998
1780,-3.050454e-05
1781,-0.0037841955
1782,-0.005035393
1783,-0.00439452
1784,-0.007537851
1785,-0.015533449
1786,-0.024932869
1787,-0.032714855
1788,-0.038726803
1789,-0.040130615
1790,-0.039154053
1791,-0.0345459
1792,-0.028198257
1793,-0.020599362
1794,-0.011810308
1795,0.0011596679
1796,0.009124738
1797,0.015655529
1798,0.017486576
1799,0.015411396
1800,0.008941658
1801,0.0061340258
1802,-0.0019531101
1803,-0.009338364
1804,-0.017242432
1805,-0.026000991
1806,-0.03149414
1807,-0.028442383
1808,-0.032470703
1809,-0.035125732
1810,-0.034118652
1811,-0.034210205
1812,-0.03189087
1813,-0.026641876
1814,-0.021484375
1815,-0.014984116
1816,-0.0104370415
1817,-0.0056762695
1818,-0.0019225776
1819,0.0069274753
1820,0.016113296
1821,0.024536133
1822,0.03140261
1823,0.032653816
1824,0.043884307
1825,0.05709838
1826,0.07574465
1827,0.08703614
1828,0.09240722
1829,0.09982298
1830,0.10067749
1831,0.101501465
1832,0.09677124
1833,0.09518431
1834,0.09307861
1835,0.091857895
1836,0.091156006
1837,0.08761597
1838,0.084808335
1839,0.08102417
1840,0.07620242
1841,0.07171629
1842,0.06732176
1843,0.059570283
1844,0.051635742
1845,0.03735353
1846,0.023834243
1847,0.0138549805
1848,0.0034484789
1849,-0.014953606
1850,-0.0427246
1851,-0.068328865
1852,-0.098022476
1853,-0.12585449
1854,-0.142395
1855,-0.15249634
1856,-0.16378784
1857,-0.1734924
1858,-0.18099976
1859,-0.1892395
1860,-0.19335938
1861,-0.18826294
1862,-0.17727661
1863,-0.16320804
1864,-0.1499634
1865,-0.1368103
1866,-0.12155153
1867,-0.101623535
1868,-0.08023068
1869,-0.061462425
1870,-0.04141236
1871,-0.019378662
1872,0.0049438328
1873,0.029693618
1874,0.048553452
1875,0.066345215
1876,0.07937625
1877,0.08612062
1878,0.09292601
1879,0.09573361
1880,0.09951784
1881,0.09851073
1882,0.09170531
1883,0.08013915
1884,0.066803
1885,0.05117797
1886,0.039184555
1887,0.0264282
1888,0.013336174
1889,-0.0044250228
1890,-0.014923081
1891,-0.027618404
1892,-0.03671266
1893,-0.052124023
1894,-0.07397458
1895,-0.093475334
1896,-0.10671997
1897,-0.119720444
1898,-0.1264038
1899,-0.124481216
1900,-0.12170412
1901,-0.11828615
1902,-0.114593506
1903,-0.11392214
1904,-0.10739133
1905,-0.098907486
1906,-0.0845947
1907,-0.07217407
1908,-0.058197036
1909,-0.04385376
1910,-0.02819825
1911,-0.010711677
1912,0.0040588155
1913,0.018524155
1914,0.02902221
1915,0.04180909
1916,0.054809563
1917,0.061920155
1918,0.072784424
1919,0.081909165
1920,0.090393074
1921,0.09521485
1922,0.09436035
1923,0.092987075
1924,0.08874512
1925,0.08569334
1926,0.08148195
1927,0.07489014
1928,0.07202147
1929,0.06683348
1930,0.058807343
1931,0.04928591
1932,0.04443358
1933,0.045684837
1934,0.045288086
1935,0.041290298
1936,0.034606934
1937,0.028411873
1938,0.023620605
1939,0.0146484375
1940,0.013641387
1941,0.012237534
1942,0.010162346
1943,0.010009758
1944,0.007598862
1945,0.008453377
1946,0.009613059
1947,0.01177977
1948,0.014160201
1949,0.013702393
1950,0.019531265
1951,0.021362312
1952,0.027526848
1953,0.03674318
1954,0.04336547
1955,0.05303955
1956,0.06219481
1957,0.068603516
1958,0.067535415
1959,0.06866455
1960,0.06951903
1961,0.064941406
1962,0.063018814
1963,0.06021118
1964,0.052978504
1965,0.048339836
1966,0.04425048
1967,0.047882084
1968,0.04882811
1969,0.05023195
1970,0.05307008
1971,0.0545044
1972,0.060333237
1973,0.06072999
1974,0.058715828
1975,0.05426026
1976,0.04849243
1977,0.04647828
1978,0.03900145
1979,0.03601075
1980,0.02902221
1981,0.026916513
1982,0.028900146
1983,0.031097397
1984,0.038177505
1985,0.042694077
1986,0.046569817
1987,0.046844482
1988,0.044250496
1989,0.041625984
1990,0.040802013
1991,0.04129026
1992,0.046752945
1993,0.051971436
1994,0.05718994
1995,0.0630188
1996,0.06576537
1997,0.06643678
1998,0.0659485
1999,0.07037353
2000,0.071197525
2001,0.069946304
2002,0.06100464
2003,0.054962166
2004,0.052703828
2005,0.043945327
2006,0.039947525
2007,0.03961181
2008,0.033142075
2009,0.027832024
2010,0.0211792
2011,0.0111389235
2012,-0.0002136305
2013,-0.004455559
2014,-0.01739502
2015,-0.030700691
2016,-0.03826905
2017,-0.048522938
2018,-0.054016106
2019,-0.05407714
2020,-0.06127929
2021,-0.063201904
2022,-0.062438942
2023,-0.062316872
2024,-0.06567383
2025,-0.06411743
2026,-0.0595398
2027,-0.05612182
2028,-0.055572513
2029,-0.054382324
2030,-0.06158449
2031,-0.065948494
2032,-0.068145745
2033,-0.0741577
2034,-0.07882691
2035,-0.07711792
2036,-0.0810547
2037,-0.08496095
2038,-0.08489992
2039,-0.09283449
2040,-0.09817504
2041,-0.09484862
2042,-0.10015867
2043,-0.09869383
2044,-0.09497069
2045,-0.09872435
2046,-0.092651345
2047,-0.08972167
2048,-0.08081053
2049,-0.06167603
2050,-0.044250496
2051,-0.022277825
2052,-0.007385254
2053,0.012023926
2054,0.025726337
2055,0.033966057
2056,0.041595444
2057,0.048309304
2058,0.04730223
2059,0.05145262
2060,0.05032347
2061,0.044799805
2062,0.042907715
2063,0.04315187
2064,0.042205825
2065,0.04550168
2066,0.04977429
2067,0.047576904
2068,0.05416864
2069,0.07803348
2070,0.09524542
2071,0.118499726
2072,0.14495844
2073,0.16351318
2074,0.1866149
2075,0.2011109
2076,0.20193477
2077,0.1792602
2078,0.14889525
2079,0.09780884
2080,0.02377318
2081,-0.05947876
2082,-0.13940439
2083,-0.21957403
2084,-0.31765738
2085,-0.41311646
2086,-0.50320435
2087,-0.57870495
2088,-0.63528425
2089,-0.66320825
2090,-0.65759295
2091,-0.6217958
2092,-0.56192
2093,-0.4855957
2094,-0.39971924
2095,-0.30792236
2096,-0.20367432
2097,-0.106811404
2098,-0.015838712
2099,0.063690096
2100,0.1215515
2101,0.16299438
2102,0.18041998
2103,0.1940307
2104,0.21368408
2105,0.22576898
2106,0.2249757
2107,0.22204602
2108,0.2231443
2109,0.23706031
2110,0.24664307
2111,0.23962379
2112,0.24179077
2113,0.22708106
2114,0.1876831
2115,0.13293469
2116,0.08563256
2117,0.059326172
2118,0.062927485
2119,0.08218384
2120,0.114715636
2121,0.15011592
2122,0.16467282
2123,0.16271973
2124,0.15121472
2125,0.12472522
2126,0.08734155
2127,0.0513916
2128,0.049743652
2129,0.085906744
2130,0.14663672
2131,0.21029639
2132,0.27032447
2133,0.3211062
2134,0.37664795
2135,0.42807007
2136,0.4643557
2137,0.4923098
2138,0.5459595
2139,0.6246033
2140,0.7338866
2141,0.8382568
2142,0.9035034
2143,0.91351306
2144,0.8468324
2145,0.6864015
2146,0.4306031
2147,0.10104382
2148,-0.2653197
2149,-0.651947
2150,-1.038208
2151,-1.4013981
2152,-1.7181398
2153,-1.9928286
2154,-2.1950378
2155,-2.295166
2156,-2.314148
2157,-2.2496033
2158,-2.1010432
2159,-1.8725584
2160,-1.5900269
2161,-1.2690734
2162,-0.9215698
2163,-0.5640257
2164,-0.19296266
2165,0.17941296
2166,0.53472906
2167,0.87225354
2168,1.201416
2169,1.5066224
2170,1.7816471
2171,2.0355835
2172,2.2554016
2173,2.4385376
2174,2.5861201
2175,2.696167
2176,2.7426453
2177,2.7286377
2178,2.6506958
2179,2.4798584
2180,2.2200012
2181,1.8695068
2182,1.4685974
2183,1.0468445
2184,0.6123658
2185,0.17996204
2186,-0.23263532
2187,-0.6146547
2188,-0.9616395
2189,-1.2781068
2190,-1.5581969
2191,-1.8078004
2192,-2.0301208
2193,-2.21286
2194,-2.335968
2195,-2.4073184
2196,-2.4381409
2197,-2.4623108
2198,-2.464386
2199,-2.423523
2200,-2.3587952
2201,-2.2573242
2202,-2.1006775
2203,-1.8863829
2204,-1.6198121
2205,-1.3079836
2206,-0.97317535
2207,-0.61871374
2208,-0.2624511
2209,0.07940686
2210,0.39797962
2211,0.6881715
2212,0.95022583
2213,1.1782842
2214,1.3722534
2215,1.5365295
2216,1.673706
2217,1.7751158
2218,1.8463745
2219,1.889313
2220,1.9127809
2221,1.9224854
2222,1.8937379
2223,1.827545
2224,1.7247618
2225,1.5916746
2226,1.4076842
2227,1.1730652
2228,0.8972473
2229,0.6020813
2230,0.313385
2231,0.060791135
2232,-0.13702393
2233,-0.276245
2234,-0.35485834
2235,-0.38867188
2236,-0.40441906
2237,-0.3997802
2238,-0.39678964
2239,-0.40695187
2240,-0.42422488
2241,-0.4481809
2242,-0.48983768
2243,-0.53405774
2244,-0.5939329
2245,-0.6710815
2246,-0.74710107
2247,-0.8231507
2248,-0.9196167
2249,-1.0184938
2250,-1.1268312
2251,-1.2178041
2252,-1.2825316
2253,-1.312378
2254,-1.2936403
2255,-1.2199708
2256,-1.0931091
2257,-0.92807
2258,-0.7394105
2259,-0.5313721
2260,-0.32022098
2261,-0.11621086
2262,0.07543954
2263,0.24731457
2264,0.40051278
2265,0.5222168
2266,0.60723877
2267,0.6707154
2268,0.7106016
2269,0.74307233
2270,0.74386585
2271,0.71093744
2272,0.6498717
2273,0.57620233
2274,0.49111927
2275,0.41571054
2276,0.35528558
2277,0.3155824
2278,0.30059808
2279,0.3027954
2280,0.31283563
2281,0.324524
2282,0.31668097
2283,0.28759766
2284,0.24688733
2285,0.19979867
2286,0.15209955
2287,0.093688905
2288,0.029510453
2289,-0.025970273
2290,-0.074646056
2291,-0.10342413
2292,-0.14425659
2293,-0.19656375
2294,-0.252655
2295,-0.30834955
2296,-0.35665897
2297,-0.38427737
2298,-0.3894958
2299,-0.36495972
2300,-0.30517584
2301,-0.22180186
2302,-0.1234741
2303,-0.018218987
2304,0.07797238
2305,0.15945448
2306,0.2257691
2307,0.28710943
2308,0.3410339
2309,0.37350458
2310,0.38806152
2311,0.39099133
2312,0.37731934
2313,0.35647583
2314,0.3182984
2315,0.26254272
2316,0.19891363
2317,0.12365726
2318,0.042755112
2319,-0.039611883
2320,-0.122375414
2321,-0.19049074
2322,-0.24203491
2323,-0.28076184
2324,-0.30725092
2325,-0.31747437
2326,-0.32278442
2327,-0.32153314
2328,-0.3162536
2329,-0.30941772
2330,-0.29406747
2331,-0.28265378
2332,-0.27514648
2333,-0.254425
2334,-0.23208614
2335,-0.1917724
2336,-0.13815305
2337,-0.07681273
2338,-0.009643536
2339,0.06411746
2340,0.12911987
2341,0.18350217
2342,0.21917735
2343,0.23300174
2344,0.24005127
2345,0.23553461
2346,0.22781383
2347,0.21646117
2348,0.20648192
2349,0.19656377
2350,0.18441775
2351,0.16625974
2352,0.15573114
2353,0.14562994
2354,0.13391113
2355,0.13446051
2356,0.13516241
2357,0.13476568
2358,0.1404114
2359,0.14886478
2360,0.1557923
2361,0.1646424
2362,0.16955565
2363,0.16549681
2364,0.16403209
2365,0.1557007
2366,0.14526367
2367,0.13156123
2368,0.1042481
2369,0.07666015
2370,0.045532204
2371,0.009246863
2372,-0.03356933
2373,-0.08047487
2374,-0.12243658
2375,-0.14959714
2376,-0.16342163
2377,-0.1693725
2378,-0.16885373
2379,-0.16500849
2380,-0.15042111
2381,-0.14004517
2382,-0.13497925
2383,-0.12811278
2384,-0.11685178
2385,-0.104675345
2386,-0.09619136
2387,-0.08459476
2388,-0.07427979
2389,-0.061370872
2390,-0.05676269
2391,-0.044403084
2392,-0.030029308
2393,-0.010070752
2394,0.0105590895
2395,0.028442383
2396,0.049102783
2397,0.06787109
2398,0.08621217
2399,0.10324097
2400,0.11511232
2401,0.1177063
2402,0.12390137
2403,0.12249755
2404,0.11715697
2405,0.10919189
2406,0.10699463
2407,0.10092163
2408,0.105773926
2409,0.10809326
2410,0.11016845
2411,0.11090087
2412,0.105560295
2413,0.09051512
2414,0.077362075
2415,0.05926514
2416,0.040252678
2417,0.020324716
2418,0.0019225981
2419,0.00015259068
2420,0.011413581
2421,0.025177017
2422,0.040069573
2423,0.044708263
2424,0.050628662
2425,0.052551247
2426,0.04891967
2427,0.036010735
2428,0.02722168
2429,0.01638794
2430,0.0056762677
2431,0.0009765625
2432,-0.0053100567
2433,-0.00830078
2434,-0.01708984
2435,-0.02166748
2436,-0.030426018
2437,-0.026580822
2438,-0.025756827
2439,-0.023864744
2440,-0.028381351
2441,-0.030181903
2442,-0.030456528
2443,-0.03756712
2444,-0.040557865
2445,-0.04623414
2446,-0.049072254
2447,-0.05514525
2448,-0.062499993
2449,-0.06402587
2450,-0.060852062
2451,-0.052612294
2452,-0.035522453
2453,-0.017120369
2454,-0.0074462965
2455,-0.00024415087
2456,-0.0019226145
2457,-0.010498069
2458,-0.021148674
2459,-0.03793335
2460,-0.04675293
2461,-0.0482788
2462,-0.04962159
2463,-0.04644777
2464,-0.040588375
2465,-0.036590572
2466,-0.0319519
2467,-0.030120853
2468,-0.031280506
2469,-0.029479973
2470,-0.029510504
2471,-0.045135483
2472,-0.052063003
2473,-0.06381224
2474,-0.063964844
2475,-0.05944825
2476,-0.057281494
2477,-0.055999763
2478,-0.051177975
2479,-0.05197143
2480,-0.055938713
2481,-0.057434075
2482,-0.06567383
2483,-0.06585693
2484,-0.07394411
2485,-0.08001709
2486,-0.085113525
2487,-0.085266136
2488,-0.07681275
2489,-0.06838991
2490,-0.05987548
2491,-0.05346679
2492,-0.041534416
2493,-0.03561403
2494,-0.03250123
2495,-0.03475953
2496,-0.04034426
2497,-0.045135494
2498,-0.05361938
2499,-0.057586677
2500,-0.060150146
2501,-0.059936516
2502,-0.05859375
2503,-0.05593872
2504,-0.052551262
2505,-0.050109863
2506,-0.0489197
2507,-0.056762695
2508,-0.06787111
2509,-0.08624268
2510,-0.09616089
2511,-0.10162356
2512,-0.102203354
2513,-0.092803925
2514,-0.08151244
2515,-0.06347658
2516,-0.048156746
2517,-0.03555298
2518,-0.019378647
2519,-0.0074157715
2520,0.0010376051
2521,0.009582527
2522,0.023315445
2523,0.02838134
2524,0.044067383
2525,0.05575562
2526,0.070800774
2527,0.09051514
2528,0.10348509
2529,0.11532594
2530,0.11495971
2531,0.11193846
2532,0.104766846
2533,0.096984856
2534,0.088562
2535,0.07885742
2536,0.07406617
2537,0.062499993
2538,0.051269554
2539,0.038848873
2540,0.026306145
2541,0.007629387
2542,-0.007476818
2543,-0.019805904
2544,-0.026214592
2545,-0.034576423
2546,-0.04071044
2547,-0.052307114
2548,-0.058441166
2549,-0.06741332
2550,-0.07864381
2551,-0.09051513
2552,-0.09768677
2553,-0.102050796
2554,-0.09738159
2555,-0.09436036
2556,-0.09149169
2557,-0.081604
2558,-0.07824706
2559,-0.07525636
2560,-0.08261108
2561,-0.09121704
2562,-0.10366823
2563,-0.11401364
2564,-0.11785887
2565,-0.11520386
2566,-0.10348511
2567,-0.088256836
2568,-0.06643676
2569,-0.04324341
2570,-0.020385731
2571,-0.0003357008
2572,0.018524162
2573,0.032653823
2574,0.04977416
2575,0.064453125
2576,0.07778931
2577,0.08465576
2578,0.08847045
2579,0.08963012
2580,0.0885315
2581,0.08816527
2582,0.084838875
2583,0.083862275
2584,0.08288576
2585,0.07983397
2586,0.07376098
2587,0.06738282
2588,0.061492935
2589,0.056915276
2590,0.050750725
2591,0.038879402
2592,0.034484856
2593,0.033721924
2594,0.03863525
2595,0.04180909
2596,0.048950203
2597,0.05438233
2598,0.06427001
2599,0.06707763
2600,0.06613159
2601,0.06024169
2602,0.050415024
2603,0.03942872
2604,0.0235596
2605,0.012725845
2606,0.0021056905
2607,-0.002044648
2608,-0.0017700195
2609,-0.0033569336
2610,-0.0018615872
2611,0.00390625
2612,0.01495361
2613,0.027130116
2614,0.0421753
2615,0.05731202
2616,0.07836913
2617,0.09219362
2618,0.10687256
2619,0.12207033
2620,0.13412474
2621,0.14724728
2622,0.15444946
2623,0.16024777
2624,0.1623535
2625,0.16174316
2626,0.15533447
2627,0.149292
2628,0.13674927
2629,0.1260376
2630,0.11401368
2631,0.09664917
2632,0.07986449
2633,0.06549072
2634,0.05050658
2635,0.037872307
2636,0.027740493
2637,0.016235352
2638,0.010070786
2639,0.0031433091
2640,0.0044555683
2641,0.0051879864
2642,0.012207029
2643,0.016784668
2644,0.0148925595
2645,0.0056152157
2646,-0.005767815
2647,-0.018127441
2648,-0.027740497
2649,-0.035430912
2650,-0.044158936
2651,-0.048034675
2652,-0.05767823
2653,-0.0696411
2654,-0.08187866
2655,-0.08981325
2656,-0.099243164
2657,-0.10583496
2658,-0.10824585
2659,-0.11294556
2660,-0.11254881
2661,-0.11813355
2662,-0.12765503
2663,-0.14297484
2664,-0.15972903
2665,-0.17980957
2666,-0.19949338
2667,-0.21896371
2668,-0.24389642
2669,-0.28106695
2670,-0.3418885
2671,-0.41159052
2672,-0.47216797
2673,-0.5628357
2674,-0.64099133
2675,-0.56182873
2676,-0.57876587
2677,-0.5132752
2678,-0.15399171
2679,0.26434332
2680,0.6415405
2681,0.9570314
2682,1.0665286
2683,1.050415
2684,0.94400024
2685,0.8090514
2686,0.6869199
2687,0.5810243
2688,0.5056764
2689,0.43307477
2690,0.34042367
2691,0.19158936
2692,-0.0048218966
2693,-0.21481317
2694,-0.41549683
2695,-0.631897
2696,-0.8239137
2697,-0.8453369
2698,-0.94165033
2699,-0.928894
2700,-0.60162354
2701,-0.19491577
2702,0.18762219
2703,0.5225221
2704,0.67242444
2705,0.7061769
2706,0.6549988
2707,0.5597838
2708,0.4734801
2709,0.39358532
2710,0.3431703
2711,0.30480945
2712,0.26235962
2713,0.19711307
2714,0.12249759
2715,0.047607332
2716,-0.027465865
2717,-0.078308105
2718,-0.14605716
2719,-0.28124988
2720,-0.3342895
2721,-0.4049071
2722,-0.602417
2723,-0.8030702
2724,-0.9678649
2725,-1.1096803
2726,-1.1591188
2727,-1.1522217
2728,-1.112915
2729,-1.0557556
2730,-0.99075305
2731,-0.9211731
2732,-0.8515625
2733,-0.7794496
2734,-0.6957396
2735,-0.5971376
2736,-0.5010988
2737,-0.41732794
2738,-0.33255005
2739,-0.3020935
2740,-0.27996826
2741,-0.09698492
2742,-0.0085449815
2743,0.15673822
2744,0.5941468
2745,1.0859987
2746,1.5185851
2747,1.8576968
2748,1.9585268
2749,1.9171143
2750,1.7875366
2751,1.6367491
2752,1.5111692
2753,1.4041444
2754,1.32724
2755,1.250061
2756,1.1549988
2757,1.0334779
2758,0.91070557
2759,0.78756714
2760,0.6451111
2761,0.51953125
2762,0.4023743
2763,0.21490496
2764,0.09643561
2765,-0.03314197
2766,-0.2742614
2767,-0.5233154
2768,-0.7338562
2769,-0.892792
2770,-0.93359387
2771,-0.907074
2772,-0.840973
2773,-0.77880883
2774,-0.7486265
2775,-0.7366942
2776,-0.74023443
2777,-0.7290955
2778,-0.69378644
2779,-0.6235047
2780,-0.5230713
2781,-0.41629037
2782,-0.3057251
2783,-0.18399054
2784,-0.08187866
2785,-0.05758673
2786,0.02066034
2787,0.05328366
2788,-0.08563234
2789,-0.25204468
2790,-0.40390015
2791,-0.549225
2792,-0.6189575
2793,-0.63946533
2794,-0.6089478
2795,-0.5484924
2796,-0.47860706
2797,-0.3960266
2798,-0.32339466
2799,-0.2529906
2800,-0.17114256
2801,-0.051544175
2802,0.10513298
2803,0.26678467
2804,0.42120355
2805,0.57919306
2806,0.7271424
2807,0.7844544
2808,0.8717651
2809,0.9100342
2810,0.78936774
2811,0.62408453
2812,0.46276844
2813,0.33239746
2814,0.29293823
2815,0.30746448
2816,0.3617553
2817,0.42147833
2818,0.45513916
2819,0.47140497
2820,0.4634093
2821,0.44635016
2822,0.43481445
2823,0.44500732
2824,0.47503674
2825,0.5065918
2826,0.5209961
2827,0.54473877
2828,0.56771857
2829,0.50033563
2830,0.46542352
2831,0.3777771
2832,0.1420593
2833,-0.13595581
2834,-0.39608765
2835,-0.6154176
2836,-0.7246095
2837,-0.7649231
2838,-0.75140387
2839,-0.71615595
2840,-0.6940001
2841,-0.6749573
2842,-0.6717834
2843,-0.6616515
2844,-0.63827515
2845,-0.584198
2846,-0.49679565
2847,-0.3912658
2848,-0.28381354
2849,-0.15161139
2850,-0.018432636
2851,0.024627589
2852,0.097381555
2853,0.10955809
2854,-0.03277592
2855,-0.22146608
2856,-0.39901733
2857,-0.53967285
2858,-0.57354736
2859,-0.5410157
2860,-0.463562
2861,-0.36996448
2862,-0.2857971
2863,-0.21517956
2864,-0.1703186
2865,-0.13095084
2866,-0.0913697
2867,-0.044677764
2868,0.0065003186
2869,0.06304936
2870,0.11968997
2871,0.17294312
2872,0.22967534
2873,0.27673334
2874,0.30160517
2875,0.30191034
2876,0.29339594
2877,0.2770691
2878,0.24716187
2879,0.2248536
2880,0.20986941
2881,0.20364377
2882,0.20013432
2883,0.19921887
2884,0.2001037
2885,0.19784541
2886,0.18865967
2887,0.17144778
2888,0.15286244
2889,0.12088016
2890,0.07934578
2891,0.034851134
2892,-0.0027160384
2893,-0.038238518
2894,-0.06985474
2895,-0.09228517
2896,-0.11856078
2897,-0.14938354
2898,-0.17147833
2899,-0.20104979
2900,-0.2268066
2901,-0.24575803
2902,-0.24771115
2903,-0.23074342
2904,-0.21801755
2905,-0.19931026
2906,-0.18218994
2907,-0.16833504
2908,-0.15847778
2909,-0.15130614
2910,-0.13748178
2911,-0.13040161
2912,-0.13378899
2913,-0.12878418
2914,-0.1253662
2915,-0.11035155
2916,-0.100921646
2917,-0.09124758
2918,-0.08349609
2919,-0.08544919
2920,-0.08612066
2921,-0.085144065
2922,-0.0835876
2923,-0.07919307
2924,-0.071197495
2925,-0.054412857
2926,-0.03689573
2927,-0.012329038
2928,0.024597134
2929,0.055572465
2930,0.084198005
2931,0.105682366
2932,0.12499991
2933,0.1378479
2934,0.13632208
2935,0.13632202
2936,0.14227293
2937,0.1435852
2938,0.14331055
2939,0.1445618
2940,0.14758301
2941,0.14779665
2942,0.14315793
2943,0.14529419
2944,0.13919067
2945,0.13406377
2946,0.12857056
2947,0.12261961
2948,0.11660769
2949,0.10806279
2950,0.11001583
2951,0.11184688
2952,0.112762414
2953,0.116149895
2954,0.11877436
2955,0.12088014
2956,0.12094122
2957,0.11489869
2958,0.109191924
2959,0.09716798
2960,0.0805054
2961,0.07052614
2962,0.052551262
2963,0.04626465
2964,0.036193836
2965,0.027771
2966,0.028961167
2967,0.02416992
2968,0.022460932
2969,0.024963357
2970,0.022735596
2971,0.0338745
2972,0.041870102
2973,0.04788208
2974,0.064208984
2975,0.070587136
2976,0.07910155
2977,0.08947755
2978,0.08813479
2979,0.09558105
2980,0.099487305
2981,0.104736306
2982,0.10943603
2983,0.10449218
2984,0.101715066
2985,0.09854126
2986,0.09057615
2987,0.08007813
2988,0.070434555
2989,0.06301879
2990,0.049865734
2991,0.038604736
2992,0.02392577
2993,0.015289307
2994,0.004577622
2995,-0.0016174391
2996,-0.01031496
2997,-0.0056152306
2998,-0.012268059
2999,-0.0105896
3000,-0.013580333
3001,-0.020233152
3002,-0.01889038
3003,-0.023162832
3004,-0.021331795
3005,-0.014343251
3006,-0.007720962
3007,0.0013732836
3008,0.009765618
3009,0.008758545
3010,0.018005356
3011,0.024841309
3012,0.0300598
3013,0.03460695
3014,0.03433226
3015,0.029785156
3016,0.025482163
3017,0.017974854
3018,0.017608613
3019,0.020599335
3020,0.018524155
3021,0.018615738
3022,0.023254387
3023,0.018981941
3024,0.015808113
3025,0.006347649
3026,-0.0027465895
3027,-0.015106201
3028,-0.028045662
3029,-0.04144288
3030,-0.056732178
3031,-0.07318115
3032,-0.0890808
3033,-0.09771729
3034,-0.10839847
3035,-0.12249753
3036,-0.13110352
3037,-0.13497925
3038,-0.14352414
3039,-0.14315793
3040,-0.13650513
3041,-0.12530519
3042,-0.11614991
3043,-0.10507202
3044,-0.085937515
3045,-0.068878174
3046,-0.048828132
3047,-0.023162842
3048,0.0034179613
3049,0.030731212
3050,0.055145256
3051,0.08050536
3052,0.103454575
3053,0.1171875
3054,0.12643431
3055,0.13763428
3056,0.13964844
3057,0.1404114
3058,0.13082884
3059,0.11608887
3060,0.100708
3061,0.08154296
3062,0.062622055
3063,0.04449462
3064,0.030944817
3065,0.015319817
3066,0.0029601902
3067,-0.014160156
3068,-0.03109742
3069,-0.04711912
3070,-0.05941774
3071,-0.0726013
3072,-0.080505356
3073,-0.09402467
3074,-0.105987564
3075,-0.115509026
3076,-0.13574217
3077,-0.1472168
3078,-0.15695192
3079,-0.1686096
3080,-0.17288207
3081,-0.17990111
3082,-0.18289182
3083,-0.18493652
3084,-0.19091797
3085,-0.1912842
3086,-0.18597414
3087,-0.18447876
3088,-0.17739871
3089,-0.17269899
3090,-0.15689088
3091,-0.14431761
3092,-0.12631226
3093,-0.10519408
3094,-0.0852661
3095,-0.062133793
3096,-0.040222175
3097,-0.017272934
3098,3.0517578e-05
3099,0.017974827
3100,0.032653794
3101,0.051025387
3102,0.054779064
3103,0.06338502
3104,0.068084724
3105,0.071655266
3106,0.078002945
3107,0.08026123
3108,0.08840944
3109,0.08688354
3110,0.09310913
3111,0.09487915
3112,0.09442139
3113,0.09829713
3114,0.10205078
3115,0.109924324
3116,0.11853027
3117,0.122619614
3118,0.12576292
3119,0.13076782
3120,0.11853029
3121,0.11035157
3122,0.10272218
3123,0.086730964
3124,0.08078003
3125,0.059387207
3126,0.040893532
3127,0.025451645
3128,0.005310066
3129,-0.024810769
3130,-0.047119122
3131,-0.06253053
3132,-0.07131958
3133,-0.07467654
3134,-0.07974245
3135,-0.07543944
3136,-0.07455446
3137,-0.07888794
3138,-0.08135984
3139,-0.08816527
3140,-0.09597778
3141,-0.10137937
3142,-0.10797119
3143,-0.12005616
3144,-0.12768555
3145,-0.13092044
3146,-0.13229367
3147,-0.125061
3148,-0.12194825
3149,-0.110870376
3150,-0.09790037
3151,-0.09182739
3152,-0.07894896
3153,-0.06451416
3154,-0.051574692
3155,-0.03439331
3156,-0.016815169
3157,-0.004791273
3158,0.006744396
3159,0.012115449
3160,0.012878433
3161,0.019622806
3162,0.028869644
3163,0.039581306
3164,0.047973633
3165,0.06182862
3166,0.075500496
3167,0.08905027
3168,0.105712906
3169,0.11938478
3170,0.13616943
3171,0.14785767
3172,0.1546631
3173,0.16162111
3174,0.15469362
3175,0.14489746
3176,0.13552855
3177,0.13012695
3178,0.11703492
3179,0.117462166
3180,0.12008667
3181,0.11605834
3182,0.11221311
3183,0.11215209
3184,0.11367797
3185,0.11456299
3186,0.11914061
3187,0.114410415
3188,0.11080934
3189,0.1036682
3190,0.101776116
3191,0.097900406
3192,0.08395386
3193,0.071807876
3194,0.06362916
3195,0.043518066
3196,0.022094738
3197,0.009002695
3198,-0.004730218
3199,-0.017333977
3200,-0.02932737
3201,-0.04504396
3202,-0.0656738
3203,-0.08551028
3204,-0.1069641
3205,-0.13302611
3206,-0.14974974
3207,-0.159729
3208,-0.15731812
3209,-0.1508789
3210,-0.13912962
3211,-0.121124275
3212,-0.095428444
3213,-0.069458015
3214,-0.044494636
3215,-0.020263657
3216,0.0027465634
3217,0.02233887
3218,0.028656
3219,0.030120846
3220,0.019104008
3221,0.0021667478
3222,-0.022460936
3223,-0.046112068
3224,-0.069946274
3225,-0.09106447
3226,-0.10852052
3227,-0.112945564
3228,-0.11288453
3229,-0.11413577
3230,-0.10861208
3231,-0.10287474
3232,-0.09683229
3233,-0.09176637
3234,-0.07672119
3235,-0.057800323
3236,-0.034393303
3237,-0.008331284
3238,0.019012459
3239,0.051239006
3240,0.07192993
3241,0.085479744
3242,0.08999632
3243,0.085388206
3244,0.07318116
3245,0.057708725
3246,0.039672866
3247,0.020050064
3248,0.0008849986
3249,-0.017547611
3250,-0.032531735
3251,-0.034759544
3252,-0.02676393
3253,-0.01663211
3254,-0.0030822605
3255,0.01382447
3256,0.028503425
3257,0.03759765
3258,0.045227066
3259,0.04833985
3260,0.049957257
3261,0.050720222
3262,0.053710934
3263,0.060516365
3264,0.064514145
3265,0.06658937
3266,0.07022093
3267,0.06469725
3268,0.059875503
3269,0.06332397
3270,0.067413345
3271,0.065887436
3272,0.060546875
3273,0.05722046
3274,0.052825943
3275,0.047698975
3276,0.039764367
3277,0.033233657
3278,0.028137214
3279,0.022094734
3280,0.018035881
3281,0.018676747
3282,0.020507816
3283,0.03204347
3284,0.045532227
3285,0.051544197
3286,0.045043938
3287,0.035064697
3288,0.023712143
3289,0.011688232
3290,-0.0014343206
3291,-0.013702374
3292,-0.02404787
3293,-0.03399659
3294,-0.042541474
3295,-0.052124016
3296,-0.060241684
3297,-0.065277115
3298,-0.066802986
3299,-0.06768798
3300,-0.07287597
3301,-0.079681404
3302,-0.079833955
3303,-0.08114627
3304,-0.08108522
3305,-0.072631836
3306,-0.056488052
3307,-0.045715347
3308,-0.03546142
3309,-0.028137207
3310,-0.018096931
3311,-0.01785278
3312,-0.015777603
3313,-0.013610829
3314,-0.016265865
3315,-0.019561775
3316,-0.02886964
3317,-0.037994385
3318,-0.045928944
3319,-0.05606081
3320,-0.059387222
3321,-0.067535415
3322,-0.072906524
3323,-0.08111572
3324,-0.08502198
3325,-0.085266136
3326,-0.088256836
3327,-0.08703612
3328,-0.078704834
3329,-0.0663147
3330,-0.054260246
3331,-0.033111572
3332,-0.012207048
3333,0.010894782
3334,0.040679917
3335,0.06912231
3336,0.09777833
3337,0.114074685
3338,0.12799074
3339,0.12603763
3340,0.12231449
3341,0.114959694
3342,0.10635377
3343,0.09420778
3344,0.07867433
3345,0.062408455
3346,0.037933346
3347,0.02209472
3348,0.0042419285
3349,-0.00537109
3350,-0.009826649
3351,-0.009368893
3352,-0.0037536584
3353,0.00091551617
3354,0.009368906
3355,0.019012447
3356,0.030944822
3357,0.03668214
3358,0.04092408
3359,0.045410164
3360,0.04653934
3361,0.03921511
3362,0.030670172
3363,0.024322532
3364,0.012329087
3365,-0.00064088777
3366,-0.013397235
3367,-0.023620613
3368,-0.03268432
3369,-0.044036873
3370,-0.04754637
3371,-0.055053703
3372,-0.06362915
3373,-0.06451416
3374,-0.066284165
3375,-0.06600952
3376,-0.06527709
3377,-0.059082024
3378,-0.052001968
3379,-0.04013063
3380,-0.026245099
3381,-0.0155639835
3382,-0.0037841946
3383,0.0008850023
3384,0.0064086914
3385,0.0076293945
3386,0.015472416
3387,0.008178718
3388,0.0036010705
3389,-0.0050353967
3390,-0.017028838
3391,-0.027313218
3392,-0.03924561
3393,-0.049255375
3394,-0.06430054
3395,-0.06768799
3396,-0.069610596
3397,-0.06649781
3398,-0.059448242
3399,-0.04339599
3400,-0.024383545
3401,-0.013946548
3402,0.012207027
3403,0.016754147
3404,0.029327389
3405,0.030334469
3406,0.030792244
3407,0.03411865
3408,0.03161622
3409,0.025970455
3410,0.025360096
3411,0.029296871
3412,0.022766106
3413,0.019653339
3414,0.0146789625
3415,0.00796509
3416,-0.0026550107
3417,-0.0094299195
3418,-0.007080078
3419,-0.013671888
3420,-0.013061509
3421,-0.012084962
3422,-0.009796134
3423,-0.0014648335
3424,0.0038452204
3425,0.014160169
3426,0.017974857
3427,0.030303955
3428,0.035736065
3429,0.04541018
3430,0.055938736
3431,0.0540161
3432,0.053192154
3433,0.047058094
3434,0.036010742
3435,0.021148685
3436,0.019866928
3437,0.0005798191
3438,-0.011535659
3439,-0.021972675
3440,-0.035614006
3441,-0.037933353
3442,-0.04675292
3443,-0.04672241
3444,-0.04901123
3445,-0.04586793
3446,-0.03942872
3447,-0.030181874
3448,-0.020263687
3449,-0.006713897
3450,0.012084961
3451,0.02233886
3452,0.04547119
3453,0.05398561
3454,0.066223145
3455,0.07913208
3456,0.08880617
3457,0.09741211
3458,0.10858151
3459,0.11682129
3460,0.13058472
3461,0.14465332
3462,0.16754144
3463,0.17910773
3464,0.19488531
3465,0.21548466
3466,0.23605351
3467,0.25985712
3468,0.2767945
3469,0.29403692
3470,0.3084106
3471,0.30838013
3472,0.27697754
3473,0.23025513
3474,0.16418459
3475,0.09460449
3476,-0.0013121963
3477,-0.09100336
3478,-0.16766357
3479,-0.27050772
3480,-0.3574524
3481,-0.4411012
3482,-0.49765015
3483,-0.5279845
3484,-0.52493286
3485,-0.50454706
3486,-0.47088617
3487,-0.42895514
3488,-0.37973017
3489,-0.32809454
3490,-0.27792358
3491,-0.20318598
3492,-0.12707528
3493,-0.03060913
3494,0.041229248
3495,0.11114502
3496,0.18264775
3497,0.23898324
3498,0.27749652
3499,0.30358875
3500,0.33517474
3501,0.34906018
3502,0.3427124
3503,0.32067847
3504,0.2921753
3505,0.25994885
3506,0.22656262
3507,0.19390869
3508,0.16470349
3509,0.1138916
3510,0.06307995
3511,0.022216797
3512,-0.0043945312
3513,-0.005584717
3514,0.007507205
3515,0.00567621
3516,-0.015380859
3517,-0.03503421
3518,-0.042175174
3519,-0.03228742
3520,-0.015289307
3521,-0.00640893
3522,0.011199951
3523,0.0682981
3524,0.12686157
3525,0.18585205
3526,0.26782227
3527,0.3383484
3528,0.42233276
3529,0.51171875
3530,0.6098025
3531,0.716797
3532,0.84112555
3533,0.969055
3534,1.0940249
3535,1.1863708
3536,1.2185668
3537,1.1415099
3538,0.91485596
3539,0.602295
3540,0.23104858
3541,-0.16204822
3542,-0.57299805
3543,-0.97653186
3544,-1.3382572
3545,-1.6826171
3546,-1.9708251
3547,-2.1671143
3548,-2.2869875
3549,-2.299591
3550,-2.2346802
3551,-2.098999
3552,-1.8992615
3553,-1.6659242
3554,-1.3947146
3555,-1.1029663
3556,-0.80810565
3557,-0.5038147
3558,-0.20751953
3559,0.08541864
3560,0.4030151
3561,0.70718384
3562,0.99459827
3563,1.2701416
3564,1.5231323
3565,1.7513732
3566,1.9442748
3567,2.1280212
3568,2.2538757
3569,2.3342285
3570,2.3415833
3571,2.2662964
3572,2.1109314
3573,1.8851011
3574,1.5924073
3575,1.2319947
3576,0.8446046
3577,0.45422375
3578,0.08682275
3579,-0.26522833
3580,-0.5804748
3581,-0.88800037
3582,-1.1870117
3583,-1.4496157
3584,-1.6740417
3585,-1.8555908
3586,-1.9973145
3587,-2.126068
3588,-2.2281194
3589,-2.2965698
3590,-2.3485107
3591,-2.3520508
3592,-2.3294065
3593,-2.2615356
3594,-2.1393127
3595,-1.9562382
3596,-1.7168278
3597,-1.4184875
3598,-1.0842896
3599,-0.73562604
3600,-0.37969965
3601,-0.04724115
3602,0.24826062
3603,0.5095827
3604,0.7617797
3605,0.96658325
3606,1.1395568
3607,1.2911378
3608,1.4170835
3609,1.5375062
3610,1.6306763
3611,1.7066957
3612,1.7671815
3613,1.8291626
3614,1.8481748
3615,1.8408815
3616,1.783905
3617,1.6800842
3618,1.5222778
3619,1.3257751
3620,1.0888976
3621,0.8324281
3622,0.5738525
3623,0.31634527
3624,0.07748407
3625,-0.109313846
3626,-0.21960461
3627,-0.2945862
3628,-0.3337099
3629,-0.35907006
3630,-0.36639404
3631,-0.37554947
3632,-0.3828736
3633,-0.40805042
3634,-0.4404601
3635,-0.48098743
3636,-0.550537
3637,-0.63598645
3638,-0.7334291
3639,-0.81478894
3640,-0.9113466
3641,-0.9856262
3642,-1.0658263
3643,-1.139038
3644,-1.2064514
3645,-1.2622072
3646,-1.285919
3647,-1.2639769
3648,-1.1590576
3649,-1.0336305
3650,-0.8562927
3651,-0.6683655
3652,-0.45571905
3653,-0.23327631
3654,-0.021514848
3655,0.17947383
3656,0.35952756
3657,0.52111816
3658,0.6367799
3659,0.73004156
3660,0.7872009
3661,0.8286133
3662,0.8403014
3663,0.84732056
3664,0.8335571
3665,0.79238904
3666,0.737854
3667,0.6645813
3668,0.5934448
3669,0.5334473
3670,0.50985706
3671,0.49224856
3672,0.46658313
3673,0.43988025
3674,0.40954596
3675,0.39053345
3676,0.3685608
3677,0.33264166
3678,0.30001822
3679,0.2657776
3680,0.22842407
3681,0.18664548
3682,0.14697269
3683,0.09356699
3684,0.043396056
3685,-0.009246901
3686,-0.069640994
3687,-0.1467591
3688,-0.22848521
3689,-0.30892944
3690,-0.3770446
3691,-0.39807135
3692,-0.37634277
3693,-0.3171081
3694,-0.25430298
3695,-0.18078622
3696,-0.10620113
3697,-0.029510483
3698,0.049835317
3699,0.11123651
3700,0.17565915
3701,0.20623773
3702,0.24279787
3703,0.252716
3704,0.25244144
3705,0.24313365
3706,0.20739754
3707,0.17141718
3708,0.1118775
3709,0.05361937
3710,-0.020538367
3711,-0.08544923
3712,-0.12982176
3713,-0.163971
3714,-0.1788025
3715,-0.19360347
3716,-0.21017452
3717,-0.2218018
3718,-0.23535153
3719,-0.24139406
3720,-0.25711054
3721,-0.24139418
3722,-0.23681647
3723,-0.21789557
3724,-0.19903569
3725,-0.1708069
3726,-0.13000484
3727,-0.09436028
3728,-0.018859793
3729,0.041046046
3730,0.1347351
3731,0.20965573
3732,0.28488153
3733,0.34228516
3734,0.38433838
3735,0.41955557
3736,0.4100952
3737,0.41317755
3738,0.36410528
3739,0.31610107
3740,0.2616272
3741,0.20947272
3742,0.16610721
3743,0.1067809
3744,0.07977293
3745,0.032104462
3746,0.03692621
3747,0.03237915
3748,0.045959502
3749,0.0644227
3750,0.07235727
3751,0.08990474
3752,0.09140012
3753,0.103668176
3754,0.09454343
3755,0.09396359
3756,0.0822449
3757,0.05279535
3758,0.0296631
3759,0.0047302544
3760,-0.038116395
3761,-0.07562258
3762,-0.11404421
3763,-0.14996335
3764,-0.20138547
3765,-0.22888188
3766,-0.2597046
3767,-0.28302
3768,-0.29705814
3769,-0.3047486
3770,-0.3031311
3771,-0.31402588
3772,-0.30682367
3773,-0.31304932
3774,-0.30593872
3775,-0.30358887
3776,-0.2994995
3777,-0.28991702
3778,-0.28576654
3779,-0.26525882
3780,-0.2496643
3781,-0.22189333
3782,-0.1917114
3783,-0.15252686
3784,-0.11398318
3785,-0.081512436
3786,-0.035308827
3787,-0.0036011338
3788,0.03063966
3789,0.04953003
3790,0.06747437
3791,0.07232665
3792,0.07324219
3793,0.073699966
3794,0.07614135
3795,0.082092285
3796,0.091430664
3797,0.11001589
3798,0.12365724
3799,0.1508789
3800,0.1758423
3801,0.19354248
3802,0.20199586
3803,0.20898438
3804,0.20858768
3805,0.20211792
3806,0.1939087
3807,0.1890564
3808,0.17730713
3809,0.17144775
3810,0.16146849
3811,0.15649414
3812,0.14553837
3813,0.14401245
3814,0.13589476
3815,0.13592526
3816,0.13644409
3817,0.13265993
3818,0.12680054
3819,0.116821304
3820,0.10217286
3821,0.08187865
3822,0.057586685
3823,0.024749763
3824,-0.007995591
3825,-0.03256225
3826,-0.045715306
3827,-0.047271714
3828,-0.043334976
3829,-0.037445076
3830,-0.030639619
3831,-0.029357888
3832,-0.019134548
3833,-0.017028809
3834,-0.015563965
3835,-0.017883316
3836,-0.023437515
3837,-0.033020016
3838,-0.046020515
3839,-0.052307144
3840,-0.06341555
3841,-0.07388304
3842,-0.08813475
3843,-0.09793091
3844,-0.11666867
3845,-0.12911987
3846,-0.13555907
3847,-0.15014645
3848,-0.14328
3849,-0.13436888
3850,-0.122863784
3851,-0.10794066
3852,-0.08355711
3853,-0.056823745
3854,-0.04263305
3855,-0.02346804
3856,-0.021820083
3857,-0.017730713
3858,-0.025909409
3859,-0.03506472
3860,-0.044921868
3861,-0.057678178
3862,-0.06820676
3863,-0.07449342
3864,-0.07244873
3865,-0.07458495
3866,-0.0753479
3867,-0.07382202
3868,-0.08624265
3869,-0.09097287
3870,-0.08502194
3871,-0.07757567
3872,-0.065124504
3873,-0.053924546
3874,-0.03399656
3875,-0.022949211
3876,-0.0041504055
3877,0.0057983287
3878,0.018981934
3879,0.0303955
3880,0.038024917
3881,0.053894036
3882,0.057556115
3883,0.07183838
3884,0.06744385
3885,0.071319565
3886,0.066406265
3887,0.05505373
3888,0.046295166
3889,0.025878895
3890,0.0137024
3891,-0.014190666
3892,-0.027069077
3893,-0.045867927
3894,-0.057495117
3895,-0.06436154
3896,-0.07226561
3897,-0.06695554
3898,-0.07348635
3899,-0.058532733
3900,-0.053894043
3901,-0.042785633
3902,-0.03213502
3903,-0.029785141
3904,-0.026214592
3905,-0.037994385
3906,-0.034973133
3907,-0.041473396
3908,-0.03341679
3909,-0.033416748
3910,-0.031829834
3911,-0.020477287
3912,-0.025115944
3913,-0.0178833
3914,-0.017425545
3915,-0.005554192
3916,-0.0014648736
3917,0.004760746
3918,0.013122559
3919,0.013916019
3920,0.021789543
3921,0.01913451
3922,0.026580807
3923,0.020477302
3924,0.021575931
3925,0.019592296
3926,0.008941628
3927,0.008148186
3928,-0.0050353743
3929,-0.0015564263
3930,-0.007232666
3931,-0.0015868992
3932,0.00015257299
3933,0.0006713681
3934,0.011199977
3935,0.0068054385
3936,0.01727296
3937,0.011322025
3938,0.0152282715
3939,0.010742184
3940,0.004425034
3941,0.0057067946
3942,-0.0046692044
3943,0.00088500977
3944,-0.0071716197
3945,0.002075199
3946,0.0031127892
3947,0.008422852
3948,0.015045161
3949,0.0127868615
3950,0.02279663
3951,0.0208435
3952,0.030578595
3953,0.028350815
3954,0.02957153
3955,0.033721928
3956,0.033386238
3957,0.03857422
3958,0.03585813
3959,0.042755116
3960,0.041046135
3961,0.040649414
3962,0.034912102
3963,0.02545166
3964,0.021270756
3965,0.008544911
3966,0.009643566
3967,3.0517578e-05
3968,-0.007202156
3969,-0.011321995
3970,-0.024536125
3971,-0.03121949
3972,-0.046234123
3973,-0.052917466
3974,-0.06353762
3975,-0.06768798
3976,-0.069061264
3977,-0.06900026
3978,-0.061187733
3979,-0.05151369
3980,-0.037994392
3981,-0.027923591
3982,-0.014038088
3983,0.00024413271
3984,0.011352532
3985,0.022003172
3986,0.027618421
3987,0.028350836
3988,0.018859874
3989,0.01107787
3990,0.0045776293
3991,-0.002044674
3992,-0.005004868
3993,-0.00045775995
3994,0.004455559
3995,0.010406513
3996,0.015624989
3997,0.025909413
3998,0.037597656
3999,0.050048836
4000,0.07015991
4001,0.08489989
4002,0.105529785
4003,0.12255859
4004,0.13363649
4005,0.14154053
4006,0.13922116
4007,0.13763428
4008,0.13537598
4009,0.13742067
4010,0.14035033
4011,0.14093018
4012,0.13739015
4013,0.12896729
4014,0.124572754
4015,0.11483765
4016,0.10562133
4017,0.09594728
4018,0.081176765
4019,0.07019044
4020,0.06384279
4021,0.06393431
4022,0.061065666
4023,0.05908203
4024,0.054229707
4025,0.046844468
4026,0.035705578
4027,0.022949226
4028,0.009338375
4029,-0.006622318
4030,-0.018341038
4031,-0.029754639
4032,-0.037597653
4033,-0.04647827
4034,-0.058441162
4035,-0.06713868
4036,-0.07440184
4037,-0.07620239
4038,-0.06921385
4039,-0.058227513
4040,-0.062072754
4041,-0.07263184
4042,-0.07962036
4043,-0.09259032
4044,-0.09347534
4045,-0.097503684
4046,-0.1078186
4047,-0.10910033
4048,-0.118438736
4049,-0.1199646
4050,-0.12365723
4051,-0.1277161
4052,-0.13397214
4053,-0.15011597
4054,-0.15740967
4055,-0.17077638
4056,-0.17581177
4057,-0.18634033
4058,-0.20339966
4059,-0.2218323
4060,-0.24493417
4061,-0.32150275
4062,-0.44680777
4063,-0.5569154
4064,-0.6302185
4065,-0.59558105
4066,-0.5377809
4067,-0.46621698
4068,-0.16998291
4069,0.31927496
4070,0.703125
4071,1.0122988
4072,1.1681216
4073,1.177063
4074,1.0897522
4075,0.9667053
4076,0.8546448
4077,0.74407953
4078,0.6332397
4079,0.50589
4080,0.3647766
4081,0.20526129
4082,0.0415954
4083,-0.20117196
4084,-0.47180167
4085,-0.71951306
4086,-0.91867065
4087,-0.98574835
4088,-1.0272219
4089,-1.0070493
4090,-0.7604369
4091,-0.28915405
4092,0.106048465
4093,0.43191558
4094,0.6261904
4095,0.6770936
4096,0.6405944
4097,0.54324335
4098,0.4557494
4099,0.36730957
4100,0.28598005
4101,0.2048952
4102,0.13626102
4103,0.0730592
4104,0.022949308
4105,0.015014678
4106,-0.021575987
4107,-0.07147217
4108,-0.13110353
4109,-0.23257452
4110,-0.30117792
4111,-0.36892694
4112,-0.5212401
4113,-0.7533876
4114,-0.9288331
4115,-1.0584106
4116,-1.1048889
4117,-1.0688782
4118,-0.991272
4119,-0.8945923
4120,-0.80010986
4121,-0.6915283
4122,-0.5604249
4123,-0.42214966
4124,-0.2965697
4125,-0.19229132
4126,-0.14743048
4127,-0.21987921
4128,-0.3174744
4129,-0.40261853
4130,-0.4371643
4131,-0.34613037
4132,-0.2497865
4133,-0.13848871
4134,0.18209833
4135,0.7011415
4136,1.1228638
4137,1.458191
4138,1.6371156
4139,1.6650696
4140,1.6004028
4141,1.4931335
4142,1.4139404
4143,1.3589475
4144,1.3264464
4145,1.2789308
4146,1.2170105
4147,1.1192627
4148,0.9819641
4149,0.84317017
4150,0.69607526
4151,0.5463868
4152,0.4047851
4153,0.23257439
4154,0.06033334
4155,-0.10763547
4156,-0.36895737
4157,-0.70056164
4158,-0.9421693
4159,-1.1148682
4160,-1.1889038
4161,-1.180664
4162,-1.1212769
4163,-1.0466003
4164,-0.98434454
4165,-0.92770374
4166,-0.868103
4167,-0.7878418
4168,-0.6890564
4169,-0.56018066
4170,-0.42794788
4171,-0.26052862
4172,-0.07122812
4173,0.10293588
4174,0.24172974
4175,0.3148498
4176,0.3788759
4177,0.4252623
4178,0.36447132
4179,0.18215933
4180,0.034576416
4181,-0.10479757
4182,-0.18246467
4183,-0.1945496
4184,-0.16921997
4185,-0.12548825
4186,-0.085418686
4187,-0.032531805
4188,0.033325195
4189,0.09927362
4190,0.16336064
4191,0.20553581
4192,0.2109375
4193,0.21823129
4194,0.24917583
4195,0.2774354
4196,0.30773932
4197,0.29339594
4198,0.25183117
4199,0.19149771
4200,0.013549678
4201,-0.25189218
4202,-0.45025638
4203,-0.5874026
4204,-0.6373292
4205,-0.6054993
4206,-0.51620483
4207,-0.3923645
4208,-0.2716064
4209,-0.16125487
4210,-0.061279185
4211,0.037353434
4212,0.13519281
4213,0.23962402
4214,0.3511658
4215,0.5015259
4216,0.6793518
4217,0.8369446
4218,0.9543151
4219,0.9879456
4220,0.9874879
4221,0.95486444
4222,0.79489136
4223,0.51342773
4224,0.26568606
4225,0.045532122
4226,-0.10818489
4227,-0.19085698
4228,-0.2254944
4229,-0.23516846
4230,-0.25784296
4231,-0.2939758
4232,-0.34136954
4233,-0.37777716
4234,-0.40011606
4235,-0.39736944
4236,-0.36022943
4237,-0.2677612
4238,-0.14239506
4239,-0.018524112
4240,0.07888801
4241,0.108612
4242,0.12380993
4243,0.12380973
4244,0.01156605
4245,-0.21246344
4246,-0.3932495
4247,-0.5373843
4248,-0.60333264
4249,-0.5924073
4250,-0.53634644
4251,-0.45169067
4252,-0.38903803
4253,-0.33767697
4254,-0.3072814
4255,-0.27120978
4256,-0.23571782
4257,-0.19552617
4258,-0.13436893
4259,-0.060333215
4260,0.030731292
4261,0.12164301
4262,0.19314577
4263,0.2436524
4264,0.2755432
4265,0.29864505
4266,0.30664062
4267,0.30310065
4268,0.286377
4269,0.26629636
4270,0.2408447
4271,0.21755978
4272,0.2008667
4273,0.19073486
4274,0.1785584
4275,0.15274046
4276,0.111297674
4277,0.06491088
4278,0.023010198
4279,-0.008972162
4280,-0.013977051
4281,0.0059204623
4282,0.03311164
4283,0.06002804
4284,0.07656862
4285,0.084869444
4286,0.09243772
4287,0.100586
4288,0.09899907
4289,0.0900269
4290,0.069091804
4291,0.041748077
4292,0.013153067
4293,-0.015167234
4294,-0.043334972
4295,-0.06893921
4296,-0.09997556
4297,-0.13427733
4298,-0.18045041
4299,-0.2149353
4300,-0.24459842
4301,-0.26400757
4302,-0.2546997
4303,-0.22735596
4304,-0.19323722
4305,-0.15606695
4306,-0.13101196
4307,-0.11059566
4308,-0.08740233
4309,-0.056976274
4310,-0.025787313
4311,-0.004150346
4312,0.0104675405
4313,0.012634309
4314,0.013000486
4315,0.006591812
4316,0.0020141653
4317,-0.00491333
4318,-0.01254271
4319,-0.02142335
4320,-0.034759518
4321,-0.044799805
4322,-0.054870605
4323,-0.06417849
4324,-0.06869507
4325,-0.067901574
4326,-0.06436153
4327,-0.05834964
4328,-0.05307007
4329,-0.04635618
4330,-0.036773697
4331,-0.026153512
4332,-0.013336152
4333,0.0016784929
4334,0.01745607
4335,0.031738326
4336,0.040924065
4337,0.050231937
4338,0.057617188
4339,0.066680916
4340,0.07839966
4341,0.09063722
4342,0.09869383
4343,0.105285645
4344,0.116424575
4345,0.12612915
4346,0.137146
4347,0.15039064
4348,0.16351318
4349,0.17465205
4350,0.1838989
4351,0.19290167
4352,0.20336914
4353,0.20843507
4354,0.21081552
4355,0.20147708
4356,0.1876526
4357,0.16906741
4358,0.14733885
4359,0.12237549
4360,0.094482414
4361,0.066101074
4362,0.042755134
4363,0.023071289
4364,0.0051574707
4365,-0.015289307
4366,-0.03579713
4367,-0.061309837
4368,-0.087890625
4369,-0.111206055
4370,-0.13070677
4371,-0.14578247
4372,-0.15176392
4373,-0.15216067
4374,-0.14920044
4375,-0.13928224
4376,-0.12521365
4377,-0.110321075
4378,-0.09033203
4379,-0.06915285
4380,-0.046356205
4381,-0.026580818
4382,-0.011840813
4383,-0.0020446926
4384,0.0070190355
4385,0.016510017
4386,0.023681637
4387,0.02175904
4388,0.014343254
4389,0.006042473
4390,-0.0017394964
4391,-0.008270266
4392,-0.013092039
4393,-0.017333992
4394,-0.020111071
4395,-0.020874036
4396,-0.023437506
4397,-0.02761842
4398,-0.031005867
4399,-0.034240723
4400,-0.03375245
4401,-0.02996825
4402,-0.025390618
4403,-0.019439712
4404,-0.0128784105
4405,-0.007843021
4406,-0.0055236984
4407,-0.008728001
4408,-0.011993416
4409,-0.018707274
4410,-0.024383523
4411,-0.028900139
4412,-0.03421022
4413,-0.03344728
4414,-0.028717034
4415,-0.021118153
4416,-0.011047354
4417,0.0025024414
4418,0.017578118
4419,0.033447262
4420,0.046203613
4421,0.05410765
4422,0.064025894
4423,0.07348633
4424,0.07974242
4425,0.08056641
4426,0.07788085
4427,0.07034302
4428,0.05844117
4429,0.048858635
4430,0.039520256
4431,0.024169927
4432,0.010772703
4433,0.0010070801
4434,-0.0094604585
4435,-0.022827163
4436,-0.029693594
4437,-0.034271244
4438,-0.039093003
4439,-0.043762214
4440,-0.052062996
4441,-0.05786133
4442,-0.064697295
4443,-0.068542495
4444,-0.06771852
4445,-0.06814576
4446,-0.06277465
4447,-0.050872803
4448,-0.037017807
4449,-0.028717048
4450,-0.022491463
4451,-0.012634262
4452,-0.0042114407
4453,0.0033264235
4454,0.008270256
4455,0.016876217
4456,0.018005364
4457,0.021118158
4458,0.022491459
4459,0.022491459
4460,0.02282715
4461,0.027893074
4462,0.03253173
4463,0.03543091
4464,0.03863524
4465,0.045623764
4466,0.05145263
4467,0.056396484
4468,0.06036377
4469,0.061645523
4470,0.06027223
4471,0.059997573
4472,0.055816665
4473,0.048492435
4474,0.03582762
4475,0.026031502
4476,0.013305669
4477,0.0039978027
4478,-0.0019226223
4479,-0.0032043527
4480,-0.006439202
4481,-0.007263176
4482,-0.009216305
4483,-0.0091247475
4484,-0.010894768
4485,-0.010772698
4486,-0.009826645
4487,-0.011138905
4488,-0.01113892
4489,-0.011627182
4490,-0.013641357
4491,-0.018066417
4492,-0.02532959
4493,-0.031585693
4494,-0.038299553
4495,-0.035827637
4496,-0.029449463
4497,-0.021087654
4498,-0.010009773
4499,0.0066833533
4500,0.022430427
4501,0.033416755
4502,0.044616707
4503,0.051452648
4504,0.05105589
4505,0.056304947
4506,0.06378174
4507,0.06906129
4508,0.07299805
4509,0.07797241
4510,0.07617186
4511,0.06488038
4512,0.055664062
4513,0.051544197
4514,0.045867942
4515,0.04324341
4516,0.044677753
4517,0.050292976
4518,0.048248276
4519,0.055419922
4520,0.056579575
4521,0.056762695
4522,0.05166626
4523,0.048522957
4524,0.04415893
4525,0.029479992
4526,0.014068596
4527,-0.0043945126
4528,-0.02804564
4529,-0.057067856
4530,-0.07806396
4531,-0.089965835
4532,-0.10653688
4533,-0.117462136
4534,-0.123748764
4535,-0.13244627
4536,-0.14151002
4537,-0.14065552
4538,-0.13308716
4539,-0.12438965
4540,-0.11227417
4541,-0.09637451
4542,-0.08432007
4543,-0.0779419
4544,-0.06570434
4545,-0.055114754
4546,-0.047668464
4547,-0.04473878
4548,-0.039794922
4549,-0.03411865
4550,-0.029632553
4551,-0.026092514
4552,-0.024230935
4553,-0.027526854
4554,-0.034027115
4555,-0.03698729
4556,-0.039093006
4557,-0.042388916
4558,-0.04238893
4559,-0.041442856
4560,-0.0383911
4561,-0.036956772
4562,-0.03170777
4563,-0.02371215
4564,-0.015594488
4565,-0.006835943
4566,0.0027466007
4567,0.015197761
4568,0.033538815
4569,0.048736572
4570,0.06042479
4571,0.06802368
4572,0.072540276
4573,0.06732176
4574,0.059783947
4575,0.050445568
4576,0.028167732
4577,0.012451172
4578,-0.0013732873
4579,-0.016326904
4580,-0.031097418
4581,-0.039855964
4582,-0.043334976
4583,-0.04144288
4584,-0.03973387
4585,-0.03268433
4586,-0.024169918
4587,-0.021575924
4588,-0.018737797
4589,-0.020141602
4590,-0.020050056
4591,-0.019989023
4592,-0.015869133
4593,-0.016662601
4594,-0.019378655
4595,-0.020751953
4596,-0.01858519
4597,-0.02056885
4598,-0.023681648
4599,-0.01925658
4600,-0.019287102
4601,-0.024536122
4602,-0.022827163
4603,-0.03308105
4604,-0.040191658
4605,-0.037017822
4606,-0.027771004
4607,-0.025970452
4608,-0.025695797
4609,-0.031494156
4610,-0.037414543
4611,-0.04122926
4612,-0.047119144
4613,-0.044097908
4614,-0.039764404
4615,-0.034606937
4616,-0.029357914
4617,-0.026000978
4618,-0.026702888
4619,-0.024810793
4620,-0.015472405
4621,-0.005371101
4622,0.0036926107
4623,0.014129624
4624,0.020843502
4625,0.014404288
4626,0.0032958873
4627,-0.0022583157
4628,0.00070191734
4629,0.0048828125
4630,0.011779801
4631,0.011962894
4632,0.012695308
4633,0.014862058
4634,0.018829346
4635,0.028045656
4636,0.04302979
4637,0.060424797
4638,0.07513426
4639,0.090026855
4640,0.09957887
4641,0.10714724
4642,0.1109314
4643,0.11380005
4644,0.111175545
4645,0.103759766
4646,0.0965271
4647,0.09057619
4648,0.087585464
4649,0.082855225
4650,0.08084108
4651,0.08087157
4652,0.08670044
4653,0.09292603
4654,0.09399413
4655,0.09005737
4656,0.08428956
4657,0.08383179
4658,0.075683594
4659,0.06314087
4660,0.053466786
4661,0.050415047
4662,0.053131104
4663,0.058410645
4664,0.06738281
4665,0.08026124
4666,0.09158324
4667,0.105834946
4668,0.12319946
4669,0.12774658
4670,0.13217163
4671,0.14315794
4672,0.14904787
4673,0.14089966
4674,0.12792969
4675,0.105499275
4676,0.08148193
4677,0.052612312
4678,0.01629639
4679,-0.010986332
4680,-0.034973152
4681,-0.052917484
4682,-0.070648186
4683,-0.08416748
4684,-0.09295654
4685,-0.09326172
4686,-0.0921936
4687,-0.0934143
4688,-0.094360344
4689,-0.09332277
4690,-0.09713745
4691,-0.100372314
4692,-0.112396225
4693,-0.13027953
4694,-0.14544678
4695,-0.15786742
4696,-0.16070557
4697,-0.15496823
4698,-0.14089967
4699,-0.12234496
4700,-0.09976199
4701,-0.07977296
4702,-0.06378174
4703,-0.046813957
4704,-0.033020023
4705,-0.01989745
4706,-0.0075683445
4707,0.0040893704
4708,0.015014641
4709,0.01910401
4710,0.017761236
4711,0.01736448
4712,0.017974854
4713,0.026458755
4714,0.03839114
4715,0.04165651
4716,0.046905532
4717,0.050872803
4718,0.05502321
4719,0.05575563
4720,0.048065163
4721,0.03698729
4722,0.025085442
4723,0.011535626
4724,-0.00085448846
4725,-0.012268066
4726,-0.01971436
4727,-0.02362062
4728,-0.02313234
4729,-0.022857666
4730,-0.032287598
4731,-0.033477776
4732,-0.030487062
4733,-0.018371575
4734,3.0515715e-05
4735,0.021026613
4736,0.038940433
4737,0.04940796
4738,0.05007934
4739,0.04113769
4740,0.03186035
4741,0.02478027
4742,0.023895264
4743,0.026245117
4744,0.028778061
4745,0.02856446
4746,0.023345947
4747,0.016082779
4748,0.0060119815
4749,-0.007293701
4750,-0.02313231
4751,-0.033935536
4752,-0.04568481
4753,-0.06051636
4754,-0.071014404
4755,-0.08288576
4756,-0.08920288
4757,-0.08990478
4758,-0.0881958
4759,-0.095642075
4760,-0.09725954
4761,-0.09863281
4762,-0.09249877
4763,-0.08029175
4764,-0.071868904
4765,-0.0647583
4766,-0.057464615
4767,-0.05529785
4768,-0.05346679
4769,-0.053741455
4770,-0.054229725
4771,-0.051452648
4772,-0.04306031
4773,-0.03768921
4774,-0.031677224
4775,-0.02841188
4776,-0.024505612
4777,-0.017425526
4778,-0.010986336
4779,0.0064392313
4780,0.021667473
4781,0.032562256
4782,0.037048317
4783,0.03555295
4784,0.028900161
4785,0.018188462
4786,0.0075683445
4787,0.00024411827
4788,-0.0013427734
4789,-0.008209236
4790,-0.014251694
4791,-0.024505619
4792,-0.0343628
4793,-0.038757328
4794,-0.047088627
4795,-0.053131092
4796,-0.05407714
4797,-0.0571289
4798,-0.05740355
4799,-0.06091307
4800,-0.0600586
4801,-0.06390381
4802,-0.06018067
4803,-0.054992676
4804,-0.04281617
4805,-0.028594978
4806,-0.01422118
4807,-0.0013122745
4808,0.009216316
4809,0.019958515
4810,0.027923584
4811,0.037506115
4812,0.041625977
4813,0.039855957
4814,0.04330443
4815,0.043457024
4816,0.041564956
4817,0.039276138
4818,0.048187263
4819,0.05517578
4820,0.06445311
4821,0.07296752
4822,0.081085205
4823,0.093475334
4824,0.10153196
4825,0.10925293
4826,0.114410385
4827,0.12176512
4828,0.1277771
4829,0.13571166
4830,0.14291383
4831,0.14205933
4832,0.14465332
4833,0.14239502
4834,0.14260863
4835,0.13800049
4836,0.13433838
4837,0.13494876
4838,0.13162228
4839,0.12548828
4840,0.1274414
4841,0.12512207
4842,0.12161257
4843,0.117675796
4844,0.11032104
4845,0.10379028
4846,0.106658906
4847,0.1126709
4848,0.13027953
4849,0.15252687
4850,0.16445924
4851,0.1723633
4852,0.17785645
4853,0.16583252
4854,0.13830563
4855,0.1000366
4856,0.0489807
4857,-0.021270752
4858,-0.103027344
4859,-0.18209836
4860,-0.2653809
4861,-0.3587951
4862,-0.44946277
4863,-0.53079224
4864,-0.59216297
4865,-0.63290393
4866,-0.65524304
4867,-0.65679944
4868,-0.628479
4869,-0.58184826
4870,-0.5181578
4871,-0.4368897
4872,-0.34963977
4873,-0.25125116
4874,-0.14285275
4875,-0.043060243
4876,0.049896225
4877,0.14685059
4878,0.22763062
4879,0.2757873
4880,0.31039435
4881,0.33044446
4882,0.33575422
4883,0.3217469
4884,0.31622314
4885,0.3087157
4886,0.29202294
4887,0.27673352
4888,0.25012195
4889,0.21484363
4890,0.17770386
4891,0.14920032
4892,0.11630273
4893,0.09020972
4894,0.07321191
4895,0.07736206
4896,0.10147107
4897,0.12463385
4898,0.1455689
4899,0.1462402
4900,0.13012692
4901,0.11740112
4902,0.09799194
4903,0.06774914
4904,0.037902832
4905,0.02368176
4906,0.039245367
4907,0.067444086
4908,0.09362793
4909,0.13354492
4910,0.18429565
4911,0.24069214
4912,0.31530786
4913,0.42410254
4914,0.5671083
4915,0.7398679
4916,0.92242455
4917,1.1003417
4918,1.2390138
4919,1.2819215
4920,1.2165222
4921,1.0406188
4922,0.7677003
4923,0.43395996
4924,0.056518316
4925,-0.33071887
4926,-0.71981823
4927,-1.1135861
4928,-1.4762268
4929,-1.7801815
4930,-2.0153503
4931,-2.1825562
4932,-2.269226
4933,-2.2633362
4934,-2.1731873
4935,-2.0094607
4936,-1.7902524
4937,-1.5231326
4938,-1.2182311
4939,-0.8858336
4940,-0.548645
4941,-0.20809925
4942,0.12680054
4943,0.45254496
4944,0.75436413
4945,1.0287476
4946,1.2775573
4947,1.4861145
4948,1.6825255
4949,1.8741149
4950,2.046112
4951,2.1785583
4952,2.2571716
4953,2.2868042
4954,2.2444458
4955,2.111023
4956,1.8924254
4957,1.6082765
4958,1.2656252
4959,0.8814695
4960,0.48843408
4961,0.10498023
4962,-0.2503662
4963,-0.57714856
4964,-0.8713988
4965,-1.1437073
4966,-1.3926086
4967,-1.587097
4968,-1.7471926
4969,-1.8865662
4970,-2.0111692
4971,-2.1185303
4972,-2.2106018
4973,-2.277496
4974,-2.3159795
4975,-2.3291626
4976,-2.2853699
4977,-2.175476
4978,-2.0035095
4979,-1.761261
4980,-1.4571532
4981,-1.099884
4982,-0.7123413
4983,-0.3206179
4984,0.03918457
4985,0.36770627
4986,0.65307635
4987,0.888794
4988,1.0905154
4989,1.2635802
4990,1.4113158
4991,1.5397947
4992,1.663269
4993,1.7764893
4994,1.8675537
4995,1.9334108
4996,1.9786681
4997,1.9936218
4998,1.9679261
4999,1.89801
5000,1.7728882
5001,1.5944824
5002,1.3663938
5003,1.1017151
5004,0.8169249
5005,0.52188104
5006,0.23043834
5007,-0.022918701
5008,-0.2282409
5009,-0.37673944
5010,-0.47097787
5011,-0.51629627
5012,-0.5325929
5013,-0.53729254
5014,-0.5321653
5015,-0.51596093
5016,-0.51574695
5017,-0.5260924
5018,-0.551056
5019,-0.59597766
5020,-0.64971924
5021,-0.7149352
5022,-0.79412854
5023,-0.88439924
5024,-0.97998035
5025,-1.0806577
5026,-1.1782837
5027,-1.2742006
5028,-1.3537905
5029,-1.38266
5030,-1.3575134
5031,-1.2827454
5032,-1.147583
5033,-0.96987915
5034,-0.7624206
5035,-0.5388184
5036,-0.3081665
5037,-0.072815046
5038,0.14483635
5039,0.33422843
5040,0.5028076
5041,0.64047235
5042,0.75094604
5043,0.83468616
5044,0.88336194
5045,0.89450073
5046,0.8757627
5047,0.83810437
5048,0.7783507
5049,0.704071
5050,0.6113587
5051,0.5249023
5052,0.45315555
5053,0.39575207
5054,0.36544788
5055,0.34442142
5056,0.32766724
5057,0.31854236
5058,0.30944836
5059,0.30349725
5060,0.28646848
5061,0.26754764
5062,0.24279794
5063,0.21139523
5064,0.17102045
5065,0.12948608
5066,0.08917236
5067,0.04153447
5068,-0.015960768
5069,-0.09024036
5070,-0.17236347
5071,-0.26660144
5072,-0.35845953
5073,-0.41433716
5074,-0.43737805
5075,-0.41726685
5076,-0.35888678
5077,-0.27905267
5078,-0.18444814
5079,-0.078430206
5080,0.030242857
5081,0.13903803
5082,0.2388611
5083,0.32116687
5084,0.38565075
5085,0.43692017
5086,0.47103882
5087,0.48526
5088,0.4797973
5089,0.4491577
5090,0.40353388
5091,0.34304816
5092,0.27175897
5093,0.19372568
5094,0.108123735
5095,0.024017327
5096,-0.059448317
5097,-0.13305663
5098,-0.19253546
5099,-0.2461853
5100,-0.2954101
5101,-0.32791138
5102,-0.35403448
5103,-0.36941528
5104,-0.3803711
5105,-0.38720712
5106,-0.38650507
5107,-0.37219244
5108,-0.35269168
5109,-0.3228149
5110,-0.2814636
5111,-0.23654176
5112,-0.18264772
5113,-0.12179564
5114,-0.054595985
5115,0.013214201
5116,0.070007324
5117,0.11401371
5118,0.14749137
5119,0.17694086
5120,0.20727539
5121,0.23049927
5122,0.24032593
5123,0.24316406
5124,0.23342888
5125,0.2179871
5126,0.20611572
5127,0.19830316
5128,0.19360358
5129,0.18865968
5130,0.1890564
5131,0.1907959
5132,0.19943239
5133,0.20593256
5134,0.20855713
5135,0.20303345
5136,0.19329828
5137,0.17849737
5138,0.15744017
5139,0.13281253
5140,0.1000976
5141,0.07098383
5142,0.041564934
5143,0.010131881
5144,-0.019989014
5145,-0.052947987
5146,-0.08782962
5147,-0.12673952
5148,-0.15924068
5149,-0.1881714
5150,-0.20785522
5151,-0.21832275
5152,-0.22955322
5153,-0.2337341
5154,-0.23370363
5155,-0.2345581
5156,-0.23147579
5157,-0.22817992
5158,-0.22192383
5159,-0.2137756
5160,-0.20312504
5161,-0.19400023
5162,-0.18472297
5163,-0.17044072
5164,-0.1489563
5165,-0.11892699
5166,-0.08520505
5167,-0.05310054
5168,-0.026916534
5169,-0.00875853
5170,0.0011902153
5171,0.009124726
5172,0.019744858
5173,0.033721924
5174,0.05023195
5175,0.06704711
5176,0.08529664
5177,0.09414671
5178,0.09844969
5179,0.10079956
5180,0.096954346
5181,0.09027102
5182,0.089843735
5183,0.08496095
5184,0.08087157
5185,0.08242798
5186,0.088470474
5187,0.10626221
5188,0.13027956
5189,0.1534424
5190,0.16305543
5191,0.16058351
5192,0.15603636
5193,0.15246584
5194,0.14865111
5195,0.13574219
5196,0.120971695
5197,0.09713746
5198,0.075927764
5199,0.055267327
5200,0.03161618
5201,0.0073242113
5202,-0.019042984
5203,-0.05126954
5204,-0.08648681
5205,-0.1194153
5206,-0.14373778
5207,-0.1559143
5208,-0.16217043
5209,-0.16503905
5210,-0.16213986
5211,-0.16140746
5212,-0.16439821
5213,-0.17904663
5214,-0.19006348
5215,-0.18572998
5216,-0.17547606
5217,-0.16851805
5218,-0.15835571
5219,-0.138916
5220,-0.11822508
5221,-0.09457399
5222,-0.07308959
5223,-0.057769753
5224,-0.05029296
5225,-0.05145265
5226,-0.049896266
5227,-0.05310058
5228,-0.0508423
5229,-0.047241177
5230,-0.04537965
5231,-0.039978024
5232,-0.033874482
5233,-0.026550286
5234,-0.009094231
5235,0.0073242225
5236,0.017486583
5237,0.030700672
5238,0.03909302
5239,0.0447998
5240,0.052276608
5241,0.06094362
5242,0.06674196
5243,0.06997681
5244,0.07595825
5245,0.07839963
5246,0.06710814
5247,0.0470581
5248,0.03320313
5249,0.026885971
5250,0.026947029
5251,0.030578598
5252,0.026580818
5253,0.020904511
5254,0.01751709
5255,0.017608628
5256,0.019683845
5257,0.021697998
5258,0.029846162
5259,0.039733887
5260,0.04522705
5261,0.04498291
5262,0.04888916
5263,0.049652115
5264,0.05090332
5265,0.057281494
5266,0.060150146
5267,0.06195069
5268,0.06393431
5269,0.06195067
5270,0.062469482
5271,0.064270034
5272,0.07830809
5273,0.0883789
5274,0.09368898
5275,0.08843994
5276,0.08435061
5277,0.07495117
5278,0.06143187
5279,0.04452513
5280,0.030578613
5281,0.025512697
5282,0.022186294
5283,0.015777588
5284,0.009796109
5285,0.008911159
5286,0.008270249
5287,0.012146
5288,0.018646259
5289,0.01733397
5290,0.008026123
5291,0.0022888035
5292,0.0029907338
5293,-0.0017700382
5294,-0.008148193
5295,-0.010253906
5296,-0.016418457
5297,-0.035186782
5298,-0.059387222
5299,-0.07821657
5300,-0.08212281
5301,-0.077392586
5302,-0.07028198
5303,-0.07415774
5304,-0.084472656
5305,-0.08813475
5306,-0.09118653
5307,-0.0965271
5308,-0.10864261
5309,-0.11907959
5310,-0.12277223
5311,-0.12121582
5312,-0.117370605
5313,-0.10903929
5314,-0.0914917
5315,-0.06234741
5316,-0.022979721
5317,0.007537812
5318,0.026092544
5319,0.03659057
5320,0.040069573
5321,0.040252674
5322,0.048522927
5323,0.0639038
5324,0.080810525
5325,0.089416504
5326,0.09414673
5327,0.090911835
5328,0.08383177
5329,0.067993164
5330,0.045349106
5331,0.019744873
5332,-0.0038147047
5333,-0.020568833
5334,-0.029479973
5335,-0.033172622
5336,-0.031280518
5337,-0.029632568
5338,-0.0345459
5339,-0.041076683
5340,-0.04327392
5341,-0.045318607
5342,-0.04577637
5343,-0.046875007
5344,-0.048553474
5345,-0.05105591
5346,-0.048950195
5347,-0.050811775
5348,-0.056518555
5349,-0.05709839
5350,-0.061035156
5351,-0.060821533
5352,-0.06427003
5353,-0.06457518
5354,-0.06860353
5355,-0.075653076
5356,-0.081848145
5357,-0.07812499
5358,-0.067047104
5359,-0.05496216
5360,-0.047058094
5361,-0.04425049
5362,-0.04025267
5363,-0.0343628
5364,-0.027191179
5365,-0.013061518
5366,0.0070800763
5367,0.02755738
5368,0.038085945
5369,0.04177856
5370,0.046844475
5371,0.05337523
5372,0.055297863
5373,0.04861448
5374,0.035705566
5375,0.025878906
5376,0.014678959
5377,0.0075683743
5378,-0.0078125
5379,-0.018249512
5380,-0.02154544
5381,-0.015716538
5382,-0.007385239
5383,-0.005706787
5384,-0.0017089993
5385,0.0109253
5386,0.016601555
5387,0.018035889
5388,0.021911614
5389,0.022705074
5390,0.02957153
5391,0.039367672
5392,0.048065174
5393,0.058593728
5394,0.06353761
5395,0.067077614
5396,0.075134285
5397,0.080078125
5398,0.08035278
5399,0.07974243
5400,0.08004761
5401,0.08032226
5402,0.07904053
5403,0.083679214
5404,0.0814209
5405,0.06884768
5406,0.059509285
5407,0.051605213
5408,0.043060288
5409,0.03533937
5410,0.026519783
5411,0.012634282
5412,-0.0035095112
5413,-0.0055847205
5414,-0.0031738393
5415,-0.0019226074
5416,-0.012207039
5417,-0.014923096
5418,-0.016754158
5419,-0.012298599
5420,-0.014190681
5421,-0.018615738
5422,-0.024444573
5423,-0.022735605
5424,-0.02249145
5425,-0.02508545
5426,-0.02767945
5427,-0.03509521
5428,-0.040435795
5429,-0.04577637
5430,-0.051422115
5431,-0.054840103
5432,-0.060729973
5433,-0.07565308
5434,-0.097503655
5435,-0.112457275
5436,-0.11846922
5437,-0.123504624
5438,-0.123443596
5439,-0.11981201
5440,-0.11364745
5441,-0.14749143
5442,-0.22485355
5443,-0.28460693
5444,-0.32421875
5445,-0.39520255
5446,-0.30038464
5447,-0.3400269
5448,-0.49111938
5449,-0.3787536
5450,-0.008972172
5451,0.3649291
5452,0.74887085
5453,0.987488
5454,1.0288694
5455,0.95272833
5456,0.8095703
5457,0.6880188
5458,0.5728456
5459,0.48138422
5460,0.42889395
5461,0.4107057
5462,0.3940125
5463,0.30938715
5464,0.15866086
5465,-0.008300841
5466,-0.14352417
5467,-0.30828848
5468,-0.32400525
5469,-0.48141485
5470,-0.73626703
5471,-0.70230085
5472,-0.3907165
5473,-0.059997737
5474,0.29818714
5475,0.52880883
5476,0.5799558
5477,0.5166322
5478,0.37249744
5479,0.22631824
5480,0.08129901
5481,-0.040039003
5482,-0.100860596
5483,-0.09246808
5484,-0.065856755
5485,-0.030395687
5486,-0.0010986924
5487,0.0026243925
5488,-0.011200011
5489,-0.020355165
5490,-0.13668819
5491,-0.18133542
5492,-0.15695183
5493,-0.25308222
5494,-0.46789545
5495,-0.67691046
5496,-0.87100226
5497,-0.97991943
5498,-0.98287964
5499,-0.9182434
5500,-0.8161012
5501,-0.7309876
5502,-0.651001
5503,-0.5868528
5504,-0.53155494
5505,-0.48678583
5506,-0.4340514
5507,-0.4106444
5508,-0.43267828
5509,-0.45126355
5510,-0.43569958
5511,-0.43771338
5512,-0.2713319
5513,-0.24734506
5514,-0.34326172
5515,-0.17477411
5516,0.22479248
5517,0.60415643
5518,0.99090576
5519,1.2306521
5520,1.2800292
5521,1.2265625
5522,1.0997314
5523,0.98394775
5524,0.8791505
5525,0.8133851
5526,0.816223
5527,0.8630676
5528,0.90493774
5529,0.9300232
5530,0.93273926
5531,0.88504016
5532,0.8094787
5533,0.74264526
5534,0.56988513
5535,0.46832272
5536,0.4371949
5537,0.3005371
5538,0.035003662
5539,-0.24176037
5540,-0.5159607
5541,-0.7121888
5542,-0.79214466
5543,-0.80950916
5544,-0.80822766
5545,-0.8413089
5546,-0.8873289
5547,-0.94335926
5548,-0.9904175
5549,-1.0138855
5550,-1.0004576
5551,-0.93493664
5552,-0.8216858
5553,-0.6854553
5554,-0.53350836
5555,-0.3493347
5556,-0.22268666
5557,-0.017547518
5558,0.24160767
5559,0.34887683
5560,0.30264276
5561,0.23718259
5562,0.14352429
5563,0.09857163
5564,0.12249774
5565,0.19940183
5566,0.30874628
5567,0.40466315
5568,0.48907447
5569,0.5543518
5570,0.58718884
5571,0.5701599
5572,0.5299377
5573,0.5076296
5574,0.50491333
5575,0.48974603
5576,0.4462585
5577,0.42108154
5578,0.3133544
5579,0.27947992
5580,0.2987365
5581,0.18893425
5582,-0.057281494
5583,-0.31088245
5584,-0.5635681
5585,-0.74105847
5586,-0.805664
5587,-0.79782116
5588,-0.7480163
5589,-0.6988831
5590,-0.6423339
5591,-0.5833435
5592,-0.5287782
5593,-0.4796449
5594,-0.4214478
5595,-0.33383176
5596,-0.20223996
5597,-0.059051447
5598,0.07528692
5599,0.226715
5600,0.30969244
5601,0.4635926
5602,0.6664734
5603,0.7198485
5604,0.6269836
5605,0.5166015
5606,0.37329113
5607,0.27969348
5608,0.26123065
5609,0.2854309
5610,0.33523554
5611,0.3711548
5612,0.39453113
5613,0.39309686
5614,0.35058594
5615,0.2720031
5616,0.17950433
5617,0.11785894
5618,0.105987586
5619,0.11392223
5620,0.11883546
5621,0.13720694
5622,0.088226385
5623,0.113464385
5624,0.19641107
5625,0.13888541
5626,-0.044799805
5627,-0.2213744
5628,-0.40499884
5629,-0.5234376
5630,-0.54479975
5631,-0.5093384
5632,-0.4288634
5633,-0.34341428
5634,-0.25503546
5635,-0.18121347
5636,-0.14529419
5637,-0.14520267
5638,-0.15509039
5639,-0.16433713
5640,-0.15170285
5641,-0.12948601
5642,-0.10934444
5643,-0.09439096
5644,-0.07507323
5645,-0.05718992
5646,-0.05313115
5647,-0.056366026
5648,-0.053680405
5649,-0.04382319
5650,-0.031494156
5651,-0.014648411
5652,-0.00030517578
5653,0.016021699
5654,0.037689276
5655,0.06631474
5656,0.1012878
5657,0.1404418
5658,0.16946408
5659,0.17901613
5660,0.17358394
5661,0.16671753
5662,0.1622925
5663,0.15621954
5664,0.14749147
5665,0.124999925
5666,0.09704593
5667,0.06109622
5668,0.02029417
5669,-0.017181374
5670,-0.044006325
5671,-0.055786096
5672,-0.062439032
5673,-0.067443825
5674,-0.07226567
5675,-0.085449204
5676,-0.09347529
5677,-0.094970666
5678,-0.091613755
5679,-0.09161383
5680,-0.105346695
5681,-0.12420651
5682,-0.15054318
5683,-0.1682129
5684,-0.17156982
5685,-0.16827388
5686,-0.15670776
5687,-0.15225223
5688,-0.1499023
5689,-0.14947507
5690,-0.15026857
5691,-0.15081784
5692,-0.13928223
5693,-0.11920163
5694,-0.09136966
5695,-0.063110344
5696,-0.035736114
5697,-0.008361809
5698,0.032135062
5699,0.070221
5700,0.10574338
5701,0.13488767
5702,0.15847781
5703,0.17361453
5704,0.17984009
5705,0.17715456
5706,0.17086792
5707,0.15798949
5708,0.14477539
5709,0.12805174
5710,0.10671997
5711,0.075866684
5712,0.039794892
5713,0.0021667592
5714,-0.029205315
5715,-0.05599974
5716,-0.08032231
5717,-0.09478756
5718,-0.10546878
5719,-0.11312865
5720,-0.1170654
5721,-0.123992905
5722,-0.120849594
5723,-0.10928345
5724,-0.087341316
5725,-0.06259155
5726,-0.03585815
5727,-0.006378196
5728,0.018432617
5729,0.040100105
5730,0.0625305
5731,0.07843019
5732,0.09344481
5733,0.09854127
5734,0.10156251
5735,0.10910034
5736,0.11880495
5737,0.12338258
5738,0.13275146
5739,0.13192749
5740,0.13412474
5741,0.13232422
5742,0.13265993
5743,0.12628174
5744,0.11184694
5745,0.09201048
5746,0.071502686
5747,0.064147934
5748,0.06369017
5749,0.06619263
5750,0.06539918
5751,0.06192017
5752,0.06051635
5753,0.060485855
5754,0.0586853
5755,0.0578003
5756,0.06018065
5757,0.06179808
5758,0.06515502
5759,0.06900025
5760,0.066223145
5761,0.06619262
5762,0.05804442
5763,0.052734368
5764,0.045837417
5765,0.032348633
5766,0.010131836
5767,-0.0080566555
5768,-0.022003189
5769,-0.029815711
5770,-0.034149177
5771,-0.038238548
5772,-0.04000853
5773,-0.034729004
5774,-0.027618393
5775,-0.023834236
5776,-0.021789543
5777,-0.026000977
5778,-0.038848866
5779,-0.05416871
5780,-0.08026123
5781,-0.10345459
5782,-0.11834717
5783,-0.13009644
5784,-0.13635254
5785,-0.13803104
5786,-0.13693239
5787,-0.1383362
5788,-0.13656619
5789,-0.1385498
5790,-0.14169312
5791,-0.14062501
5792,-0.13049316
5793,-0.11450195
5794,-0.09963989
5795,-0.080596924
5796,-0.062347405
5797,-0.04486084
5798,-0.022125248
5799,-0.00021361373
5800,0.015228273
5801,0.029510483
5802,0.04138185
5803,0.047424324
5804,0.04998779
5805,0.05404664
5806,0.057830796
5807,0.06558226
5808,0.07974246
5809,0.09518431
5810,0.10531616
5811,0.110046394
5812,0.10983278
5813,0.117065415
5814,0.119750954
5815,0.121276855
5816,0.113159195
5817,0.100616455
5818,0.0836487
5819,0.06741334
5820,0.045410153
5821,0.02682494
5822,0.011840817
5823,-0.0016174265
5824,-0.016876228
5825,-0.02529905
5826,-0.032104503
5827,-0.034942634
5828,-0.03201296
5829,-0.024169935
5830,-0.019073492
5831,-0.009643555
5832,-0.010314956
5833,-0.00912476
5834,-0.020263674
5835,-0.031158455
5836,-0.037658677
5837,-0.042358384
5838,-0.040679917
5839,-0.03399659
5840,-0.034057595
5841,-0.03302004
5842,-0.03292846
5843,-0.027984617
5844,-0.035858147
5845,-0.040649418
5846,-0.06091308
5847,-0.081054695
5848,-0.09677124
5849,-0.10095214
5850,-0.105102524
5851,-0.09991456
5852,-0.09289551
5853,-0.07858277
5854,-0.05657959
5855,-0.037872307
5856,-0.028137207
5857,-0.02642821
5858,-0.02911377
5859,-0.030456549
5860,-0.03552247
5861,-0.034606937
5862,-0.027618408
5863,-0.015289314
5864,-0.0030517615
5865,0.0053405734
5866,0.0075683566
5867,0.004943857
5868,0.0013122559
5869,-0.0026550218
5870,-0.00228882
5871,-0.0006103511
5872,-0.0013122661
5873,0.00036621094
5874,0.0016784836
5875,0.010223381
5876,0.021423327
5877,0.0421753
5878,0.054656997
5879,0.059906013
5880,0.060180664
5881,0.047515884
5882,0.045501716
5883,0.04071044
5884,0.029357916
5885,0.01583862
5886,-0.0043335073
5887,-0.021789558
5888,-0.024475101
5889,-0.02502441
5890,-0.019348143
5891,-0.012603771
5892,-0.0030212365
5893,0.0091552725
5894,0.024810802
5895,0.040130615
5896,0.05007934
5897,0.060455333
5898,0.069549575
5899,0.0756836
5900,0.07742308
5901,0.061004646
5902,0.039398193
5903,0.010528565
5904,-0.01574708
5905,-0.030700684
5906,-0.040893555
5907,-0.044372566
5908,-0.041503917
5909,-0.03286744
5910,-0.031188969
5911,-0.026611324
5912,-0.026000978
5913,-0.02557374
5914,-0.027862543
5915,-0.030151367
5916,-0.035278313
5917,-0.03390502
5918,-0.033935543
5919,-0.03323364
5920,-0.024322521
5921,-0.010345463
5922,-0.0010986403
5923,-0.0033264067
5924,-0.010192873
5925,-0.01843262
5926,-0.023681644
5927,-0.0206604
5928,-0.013854983
5929,-0.0075073205
5930,-0.006835934
5931,-0.011322033
5932,-0.011566166
5933,-0.012145996
5934,-0.001861576
5935,0.009948719
5936,0.019226076
5937,0.029174805
5938,0.032318115
5939,0.03250122
5940,0.025054924
5941,0.020843502
5942,0.017639166
5943,0.019744858
5944,0.029968256
5945,0.030456545
5946,0.02871704
5947,0.024078365
5948,0.014434809
5949,0.007507328
5950,-0.0056152344
5951,-0.02246093
5952,-0.035339367
5953,-0.03698732
5954,-0.028686525
5955,-0.018798826
5956,-0.0010375977
5957,0.009918213
5958,0.022155764
5959,0.031219482
5960,0.04202271
5961,0.053497314
5962,0.0616455
5963,0.06710816
5964,0.06695556
5965,0.061706543
5966,0.053771965
5967,0.039093018
5968,0.021697998
5969,0.013977049
5970,0.010864255
5971,0.008697512
5972,0.011413573
5973,0.012969968
5974,0.013519287
5975,0.016387943
5976,0.01809692
5977,0.021392824
5978,0.028625477
5979,0.03643798
5980,0.035461422
5981,0.036468513
5982,0.026000988
5983,0.015045159
5984,-0.0033874586
5985,-0.015625011
5986,-0.02566529
5987,-0.03079226
5988,-0.034149166
5989,-0.04006958
5990,-0.044769287
5991,-0.045410156
5992,-0.056762706
5993,-0.06668091
5994,-0.07244873
5995,-0.07720946
5996,-0.07620238
5997,-0.07336426
5998,-0.067687996
5999,-0.059692394
6000,-0.047546387
6001,-0.03784181
6002,-0.02957154
6003,-0.025817879
6004,-0.023529053
6005,-0.02844239
6006,-0.03094482
6007,-0.036895745
6008,-0.04067992
6009,-0.05059815
6010,-0.054473862
6011,-0.0513916
6012,-0.046661384
6013,-0.030181887
6014,-0.024658207
6015,-0.019805914
6016,-0.023040764
6017,-0.023315432
6018,-0.02069091
6019,-0.017303452
6020,-0.011596687
6021,-0.013305679
6022,-0.012634262
6023,-0.016754165
6024,-0.017822262
6025,-0.018127453
6026,-0.017089855
6027,-0.019256588
6028,-0.023681652
6029,-0.019256592
6030,-0.0151367225
6031,-0.006134037
6032,0.00198365
6033,0.016265862
6034,0.029449467
6035,0.043212876
6036,0.056274403
6037,0.067687996
6038,0.08718873
6039,0.10412598
6040,0.12011717
6041,0.13165285
6042,0.13717653
6043,0.14425659
6044,0.14944458
6045,0.14727783
6046,0.14434814
6047,0.13949588
6048,0.13061526
6049,0.1208496
6050,0.10754394
6051,0.08993529
6052,0.07409668
6053,0.05639649
6054,0.03979491
6055,0.030792229
6056,0.027862564
6057,0.02459716
6058,0.012878388
6059,-0.0011901967
6060,-0.0142211765
6061,-0.020599354
6062,-0.024658207
6063,-0.029052712
6064,-0.036621086
6065,-0.04397583
6066,-0.05007933
6067,-0.05844117
6068,-0.06448364
6069,-0.06796266
6070,-0.07226564
6071,-0.08325196
6072,-0.09875488
6073,-0.105529785
6074,-0.11614989
6075,-0.11975099
6076,-0.11831664
6077,-0.11340332
6078,-0.105682395
6079,-0.0970459
6080,-0.0899353
6081,-0.08010866
6082,-0.06555177
6083,-0.04266358
6084,-0.02392577
6085,-0.0067138597
6086,0.004211437
6087,0.004425035
6088,0.005920401
6089,0.009826647
6090,0.011199955
6091,0.014770504
6092,0.020843497
6093,0.019958492
6094,0.0141601525
6095,0.017486565
6096,0.02822876
6097,0.040710453
6098,0.05908201
6099,0.07632446
6100,0.089385994
6101,0.10205078
6102,0.11260986
6103,0.11611938
6104,0.12414549
6105,0.13238525
6106,0.14221191
6107,0.14672853
6108,0.15078738
6109,0.14556888
6110,0.13638306
6111,0.13043216
6112,0.1194458
6113,0.107666045
6114,0.094421394
6115,0.087799065
6116,0.07751465
6117,0.06713868
6118,0.05877687
6119,0.05102539
6120,0.0435791
6121,0.033660904
6122,0.01828003
6123,0.0050964504
6124,-0.0016174316
6125,-0.011474632
6126,-0.022125259
6127,-0.035583496
6128,-0.04492186
6129,-0.05694581
6130,-0.07208252
6131,-0.081451416
6132,-0.09942628
6133,-0.108551025
6134,-0.12252809
6135,-0.13446045
6136,-0.1409607
6137,-0.14663698
6138,-0.15182495
6139,-0.15603638
6140,-0.16390993
6141,-0.16662598
6142,-0.16690063
6143,-0.16406251
6144,-0.16519167
6145,-0.16384886
6146,-0.16641231
6147,-0.17077637
6148,-0.17724611
6149,-0.1812134
6150,-0.17749022
6151,-0.16293338
6152,-0.14709474
6153,-0.12661743
6154,-0.11254881
6155,-0.09463501
6156,-0.07650755
6157,-0.06625365
6158,-0.05023195
6159,-0.041168213
6160,-0.029785141
6161,-0.0150756575
6162,-0.008850098
6163,0.009277351
6164,0.020721447
6165,0.03146363
6166,0.042999275
6167,0.047851577
6168,0.062103286
6169,0.07458495
6170,0.08212279
6171,0.08572386
6172,0.07592772
6173,0.068359375
6174,0.061340347
6175,0.062713645
6176,0.0639343
6177,0.07012942
6178,0.07330322
6179,0.071014404
6180,0.06945801
6181,0.07980349
6182,0.090423584
6183,0.10089112
6184,0.10827638
6185,0.10559082
6186,0.10375978
6187,0.09140016
6188,0.08221436
6189,0.063323975
6190,0.050231934
6191,0.0317993
6192,0.010040298
6193,-0.0005493313
6194,-0.0097350925
6195,-0.015594512
6196,-0.01461795
6197,-0.0077209473
6198,-0.012176499
6199,-0.0022888333
6200,0.0044555664
6201,0.012786865
6202,0.019439697
6203,0.03451535
6204,0.05319214
6205,0.063751236
6206,0.07220459
6207,0.08779906
6208,0.111694366
6209,0.12322995
6210,0.12969972
6211,0.120971695
6212,0.10070799
6213,0.07653807
6214,0.03100586
6215,-0.025939971
6216,-0.079498276
6217,-0.1511535
6218,-0.2138671
6219,-0.2841797
6220,-0.34735116
6221,-0.38314828
6222,-0.39953604
6223,-0.40591443
6224,-0.38464355
6225,-0.35217297
6226,-0.29003894
6227,-0.23110962
6228,-0.18206793
6229,-0.11141956
6230,-0.051208556
6231,0.017852694
6232,0.07821654
6233,0.12774661
6234,0.18194577
6235,0.23104858
6236,0.26791388
6237,0.29492182
6238,0.31756604
6239,0.32717896
6240,0.32968152
6241,0.33096302
6242,0.34048462
6243,0.35842884
6244,0.39132702
6245,0.40170288
6246,0.40756226
6247,0.41726696
6248,0.41622937
6249,0.38134778
6250,0.31353748
6251,0.25946045
6252,0.21279907
6253,0.1605835
6254,0.14804079
6255,0.13330075
6256,0.11025998
6257,0.09353641
6258,0.060394466
6259,0.03390503
6260,0.01876831
6261,-0.004791498
6262,0.004272461
6263,0.038757443
6264,0.098480225
6265,0.19281006
6266,0.28637695
6267,0.35925293
6268,0.41931129
6269,0.47067285
6270,0.53170776
6271,0.5845032
6272,0.6305542
6273,0.6986084
6274,0.7537843
6275,0.774292
6276,0.74185175
6277,0.65390015
6278,0.50653076
6279,0.28985608
6280,0.013153136
6281,-0.29843122
6282,-0.6043397
6283,-0.91848755
6284,-1.2174073
6285,-1.4864806
6286,-1.6842349
6287,-1.8247681
6288,-1.9103088
6289,-1.94455
6290,-1.9205323
6291,-1.8369141
6292,-1.680786
6293,-1.4595948
6294,-1.1952821
6295,-0.92932105
6296,-0.6678773
6297,-0.40713507
6298,-0.15444955
6299,0.1040954
6300,0.35409546
6301,0.61413574
6302,0.85455334
6303,1.0701295
6304,1.255371
6305,1.4281006
6306,1.5932312
6307,1.7499386
6308,1.887848
6309,1.9896547
6310,2.055359
6311,2.0591433
6312,1.9889221
6313,1.834473
6314,1.5932616
6315,1.2693785
6316,0.8941344
6317,0.5181272
6318,0.15100104
6319,-0.18997192
6320,-0.48904425
6321,-0.76370245
6322,-1.0185547
6323,-1.2549745
6324,-1.4607239
6325,-1.6369933
6326,-1.7687074
6327,-1.8745422
6328,-1.9659729
6329,-2.0225525
6330,-2.047455
6331,-2.0619812
6332,-2.0608215
6333,-2.034729
6334,-1.9780885
6335,-1.8772886
6336,-1.7169801
6337,-1.475342
6338,-1.1593933
6339,-0.8491515
6340,-0.52490246
6341,-0.22399908
6342,0.049377352
6343,0.30786127
6344,0.54006946
6345,0.7417604
6346,0.91076636
6347,1.0509338
6348,1.1569823
6349,1.2494812
6350,1.3325194
6351,1.3997498
6352,1.4526672
6353,1.4620668
6354,1.4434204
6355,1.4092714
6356,1.3492739
6357,1.2503052
6358,1.1211544
6359,0.96432483
6360,0.80148304
6361,0.60504156
6362,0.4023438
6363,0.22543338
6364,0.06671155
6365,-0.059509143
6366,-0.14926155
6367,-0.20666504
6368,-0.2246399
6369,-0.2203369
6370,-0.2202455
6371,-0.19253525
6372,-0.19165048
6373,-0.19229129
6374,-0.217743
6375,-0.27642798
6376,-0.34774768
6377,-0.40512082
6378,-0.47625738
6379,-0.5489807
6380,-0.63455194
6381,-0.71536255
6382,-0.76998895
6383,-0.8311464
6384,-0.8766785
6385,-0.9057923
6386,-0.909546
6387,-0.8874818
6388,-0.83148193
6389,-0.7438966
6390,-0.6166383
6391,-0.46643072
6392,-0.3107299
6393,-0.14294438
6394,0.018066466
6395,0.15942383
6396,0.27102673
6397,0.34164423
6398,0.39208978
6399,0.43701187
6400,0.47421277
6401,0.50073236
6402,0.50527936
6403,0.50619507
6404,0.5124512
6405,0.49304205
6406,0.47573853
6407,0.45913702
6408,0.4392091
6409,0.43457043
6410,0.43753046
6411,0.44396985
6412,0.46154773
6413,0.4787901
6414,0.4859619
6415,0.48919684
6416,0.47659296
6417,0.44992077
6418,0.40487677
6419,0.3379212
6420,0.27288818
6421,0.22482294
6422,0.1829223
6423,0.15017687
6424,0.113098085
6425,0.075134374
6426,0.036163434
6427,-0.011199951
6428,-0.050292984
6429,-0.07946775
6430,-0.10391232
6431,-0.11178589
6432,-0.10412593
6433,-0.08044433
6434,-0.029449467
6435,0.03417959
6436,0.097229145
6437,0.1615295
6438,0.21368416
6439,0.25405884
6440,0.2737428
6441,0.2800902
6442,0.28353876
6443,0.28131104
6444,0.27551264
6445,0.26516712
6446,0.23477173
6447,0.1851198
6448,0.117370665
6449,0.04022211
6450,-0.03842161
6451,-0.10705563
6452,-0.1651611
6453,-0.2114868
6454,-0.2538147
6455,-0.2840271
6456,-0.3006897
6457,-0.31338507
6458,-0.3151549
6459,-0.314148
6460,-0.3085937
6461,-0.3024292
6462,-0.29501337
6463,-0.28717047
6464,-0.2705689
6465,-0.2523499
6466,-0.22695929
6467,-0.19189459
6468,-0.1550598
6469,-0.104583606
6470,-0.05917354
6471,-0.014312744
6472,0.029571548
6473,0.07104497
6474,0.10922244
6475,0.14016722
6476,0.16299441
6477,0.17739871
6478,0.18832396
6479,0.18939207
6480,0.19320688
6481,0.18963616
6482,0.18951418
6483,0.19448856
6484,0.2007142
6485,0.20626825
6486,0.20657344
6487,0.19985956
6488,0.18841547
6489,0.17776483
6490,0.17004393
6491,0.16369635
6492,0.15078738
6493,0.12942502
6494,0.108184844
6495,0.09497073
6496,0.08123781
6497,0.0664978
6498,0.044769328
6499,0.02313232
6500,-0.0019530617
6501,-0.036254846
6502,-0.07080073
6503,-0.10440064
6504,-0.13571161
6505,-0.16131598
6506,-0.18246454
6507,-0.20141608
6508,-0.22143556
6509,-0.24441534
6510,-0.26510626
6511,-0.2816162
6512,-0.28411862
6513,-0.27203363
6514,-0.25454712
6515,-0.22332767
6516,-0.19622803
6517,-0.17413332
6518,-0.15441895
6519,-0.1507569
6520,-0.14538574
6521,-0.14727788
6522,-0.14489745
6523,-0.13940424
6524,-0.12951657
6525,-0.112365745
6526,-0.0969543
6527,-0.08300784
6528,-0.07046507
6529,-0.048797637
6530,-0.028045688
6531,-0.01571656
6532,-0.0018310845
6533,0.0023803562
6534,0.006591812
6535,0.0154418945
6536,0.01593016
6537,0.016296387
6538,0.011169426
6539,0.019653302
6540,0.037750248
6541,0.05203246
6542,0.06130982
6543,0.06381224
6544,0.05709839
6545,0.039855957
6546,0.026916496
6547,0.012725823
6548,0.0075683547
6549,0.0014648419
6550,-0.008026114
6551,-0.014312744
6552,-0.032318123
6553,-0.0541687
6554,-0.07192995
6555,-0.086975105
6556,-0.089813225
6557,-0.091522224
6558,-0.07788085
6559,-0.058776855
6560,-0.031127928
6561,-0.0045166053
6562,0.018432617
6563,0.028625496
6564,0.039794922
6565,0.048889156
6566,0.049102798
6567,0.044128425
6568,0.039916977
6569,0.03808595
6570,0.036376957
6571,0.018768318
6572,0.00070189685
6573,-0.012603741
6574,-0.023803718
6575,-0.021575924
6576,-0.015258804
6577,-0.0019836426
6578,0.013336189
6579,0.032836914
6580,0.047729477
6581,0.07019044
6582,0.080078125
6583,0.07528686
6584,0.06417845
6585,0.046691902
6586,0.030365003
6587,0.009521473
6588,-0.018066406
6589,-0.033660892
6590,-0.056427006
6591,-0.07119751
6592,-0.08129884
6593,-0.09268189
6594,-0.09768678
6595,-0.09616088
6596,-0.08767698
6597,-0.07855223
6598,-0.06903076
6599,-0.05871582
6600,-0.0507202
6601,-0.03604126
6602,-0.020904543
6603,-0.00289917
6604,0.008819576
6605,0.019256584
6606,0.029663077
6607,0.03527831
6608,0.04449463
6609,0.050567627
6610,0.049957275
6611,0.049072266
6612,0.043151855
6613,0.032867424
6614,0.022399897
6615,0.00750733
6616,-0.0035400428
6617,-0.0065002395
6618,-0.0018310528
6619,0.005859374
6620,0.0177307
6621,0.031616207
6622,0.04336547
6623,0.048919678
6624,0.051605225
6625,0.057922363
6626,0.06021118
6627,0.056365974
6628,0.04678344
6629,0.030731194
6630,0.017608643
6631,-0.0004577525
6632,-0.016601559
6633,-0.023681646
6634,-0.036437996
6635,-0.04730223
6636,-0.06048586
6637,-0.07574463
6638,-0.08459474
6639,-0.09170531
6640,-0.08587645
6641,-0.072204575
6642,-0.053894028
6643,-0.03405761
6644,-0.013977054
6645,0.0052490253
6646,0.015625004
6647,0.022705076
6648,0.020782474
6649,0.013031016
6650,-0.003601078
6651,-0.014801029
6652,-0.022430409
6653,-0.027374256
6654,-0.022979725
6655,-0.0064392015
6656,0.011505127
6657,0.022216804
6658,0.028991688
6659,0.034423828
6660,0.04144288
6661,0.048706047
6662,0.05831909
6663,0.07122804
6664,0.07870484
6665,0.08663942
6666,0.087371804
6667,0.08087159
6668,0.07345582
6669,0.062499996
6670,0.05084229
6671,0.046661388
6672,0.04351807
6673,0.045562726
6674,0.047546387
6675,0.044555653
6676,0.043518066
6677,0.047637947
6678,0.052429207
6679,0.050262436
6680,0.04434204
6681,0.035064705
6682,0.03250123
6683,0.030426025
6684,0.03659057
6685,0.044738777
6686,0.046844494
6687,0.048034668
6688,0.047180153
6689,0.03942872
6690,0.02615358
6691,0.010986321
6692,-0.0032348745
6693,-0.01641845
6694,-0.032867428
6695,-0.04876709
6696,-0.06375122
6697,-0.07049558
6698,-0.069244385
6699,-0.063293464
6700,-0.05831909
6701,-0.052337654
6702,-0.046081536
6703,-0.042633053
6704,-0.035217285
6705,-0.03469848
6706,-0.032714844
6707,-0.029602056
6708,-0.02880859
6709,-0.030090345
6710,-0.03768922
6711,-0.04147339
6712,-0.046081536
6713,-0.0421753
6714,-0.035064705
6715,-0.028198246
6716,-0.016601568
6717,-0.0072631836
6718,0.0062255953
6719,0.017578112
6720,0.033721924
6721,0.05438233
6722,0.07098389
6723,0.08554077
6724,0.09686279
6725,0.1003418
6726,0.10781862
6727,0.10702513
6728,0.10968017
6729,0.10897829
6730,0.1053772
6731,0.10290529
6732,0.0937805
6733,0.08840943
6734,0.077667244
6735,0.06719972
6736,0.05700683
6737,0.04675294
6738,0.039184578
6739,0.028533943
6740,0.015747063
6741,0.006652832
6742,-0.004882822
6743,-0.015869148
6744,-0.025726316
6745,-0.032012958
6746,-0.03649901
6747,-0.04510498
6748,-0.047943115
6749,-0.055450436
6750,-0.05664063
6751,-0.053710952
6752,-0.048187256
6753,-0.04287722
6754,-0.044952393
6755,-0.04724121
6756,-0.055694565
6757,-0.058593743
6758,-0.053283717
6759,-0.051971447
6760,-0.042938218
6761,-0.04223633
6762,-0.042022705
6763,-0.03695678
6764,-0.034942627
6765,-0.036529556
6766,-0.03976441
6767,-0.043762196
6768,-0.038787846
6769,-0.04046631
6770,-0.03805542
6771,-0.039093018
6772,-0.046874993
6773,-0.05358887
6774,-0.06564331
6775,-0.07489014
6776,-0.08294676
6777,-0.079925545
6778,-0.07653809
6779,-0.07458496
6780,-0.07235718
6781,-0.08374024
6782,-0.08590698
6783,-0.09005738
6784,-0.08724975
6785,-0.08020019
6786,-0.074645996
6787,-0.076232925
6788,-0.07800293
6789,-0.07302855
6790,-0.05926514
6791,-0.046875
6792,-0.028747562
6793,-0.01831055
6794,-0.0088195745
6795,0.0013427697
6796,0.0077209473
6797,0.018524174
6798,0.023925774
6799,0.033172615
6800,0.03332519
6801,0.025848396
6802,0.01675415
6803,0.0061950684
6804,-0.0017700195
6805,-0.052612305
6806,-0.18957514
6807,-0.29440314
6808,-0.32791132
6809,-0.25344843
6810,-0.16287231
6811,-0.25857544
6812,-0.47741708
6813,-0.48403928
6814,-0.2285766
6815,0.037292473
6816,0.38827506
6817,0.65560913
6818,0.75009155
6819,0.7149048
6820,0.6415102
6821,0.5577394
6822,0.46334848
6823,0.362854
6824,0.29263312
6825,0.29650882
6826,0.32678217
6827,0.31249994
6828,0.17993164
6829,0.034362733
6830,-0.047698975
6831,-0.051849276
6832,-0.038513124
6833,-0.22662352
6834,-0.5340272
6835,-0.63128656
6836,-0.45593253
6837,-0.2645263
6838,0.0335387
6839,0.27041632
6840,0.35614008
6841,0.32586682
6842,0.26617455
6843,0.16894549
6844,0.062011838
6845,-0.06274426
6846,-0.15463245
6847,-0.16940296
6848,-0.14117426
6849,-0.05856335
6850,0.044555545
6851,0.12356579
6852,0.15991205
6853,0.123291135
6854,0.0753479
6855,0.09359741
6856,0.16357426
6857,0.12322998
6858,-0.04534912
6859,-0.22177118
6860,-0.42755127
6861,-0.5679626
6862,-0.61300665
6863,-0.5845336
6864,-0.537323
6865,-0.51007074
6866,-0.49404904
6867,-0.48178118
6868,-0.49365228
6869,-0.49172962
6870,-0.50430286
6871,-0.54055786
6872,-0.69241333
6873,-0.7617493
6874,-0.7642821
6875,-0.64666736
6876,-0.4674073
6877,-0.47201538
6878,-0.6008912
6879,-0.54257196
6880,-0.223175
6881,0.08242795
6882,0.49948114
6883,0.8211059
6884,0.98880017
6885,1.0054626
6886,1.011719
6887,0.9998475
6888,1.0172119
6889,1.0447083
6890,1.1072998
6891,1.2171632
6892,1.3238828
6893,1.4150391
6894,1.463104
6895,1.4463806
6896,1.345886
6897,1.1529541
6898,0.9498291
6899,0.8200683
6900,0.7423095
6901,0.56188977
6902,0.2506713
6903,-0.02633661
6904,-0.3279725
6905,-0.54385376
6906,-0.66979986
6907,-0.725952
6908,-0.7620239
6909,-0.8122253
6910,-0.83853143
6911,-0.84857184
6912,-0.8526305
6913,-0.8691099
6914,-0.8781738
6915,-0.82608056
6916,-0.69024646
6917,-0.5246886
6918,-0.37960815
6919,-0.23629755
6920,-0.13797015
6921,0.08392328
6922,0.31848145
6923,0.46722424
6924,0.4084776
6925,0.33724976
6926,0.16027829
6927,-0.0050049424
6928,-0.098297045
6929,-0.13906865
6930,-0.13818368
6931,-0.13937384
6932,-0.101104796
6933,-0.083984435
6934,-0.054016203
6935,-0.081603944
6936,-0.11102301
6937,-0.16033924
6938,-0.17395018
6939,-0.17974865
6940,-0.23437507
6941,-0.33471698
6942,-0.41290286
6943,-0.38388056
6944,-0.27075183
6945,-0.2669983
6946,-0.3602906
6947,-0.44888306
6948,-0.54135126
6949,-0.59191895
6950,-0.5344543
6951,-0.4432373
6952,-0.3143311
6953,-0.1858216
6954,-0.03616339
6955,0.12255868
6956,0.26177973
6957,0.3400573
6958,0.3784484
6959,0.43914792
6960,0.55056757
6961,0.64709485
6962,0.71154785
6963,0.7381287
6964,0.72015375
6965,0.81921375
6966,0.94650257
6967,0.99584967
6968,0.8551024
6969,0.7332458
6970,0.4892578
6971,0.2839354
6972,0.12695318
6973,0.04699702
6974,-0.019561842
6975,-0.048980772
6976,-0.0688172
6977,-0.08532709
6978,-0.1062012
6979,-0.17178348
6980,-0.24758917
6981,-0.2939148
6982,-0.26220694
6983,-0.22128302
6984,-0.21401978
6985,-0.21975726
6986,-0.2696228
6987,-0.18768302
6988,-0.05789177
6989,-0.0021362295
6990,-0.09384158
6991,-0.17782593
6992,-0.32864374
6993,-0.45413208
6994,-0.49865717
6995,-0.4811402
6996,-0.4457093
6997,-0.39968878
6998,-0.33898932
6999,-0.30172724
7000,-0.26150516
7001,-0.2859498
7002,-0.30499262
7003,-0.34503168
7004,-0.3358154
7005,-0.33099365
7006,-0.30322266
7007,-0.27890018
7008,-0.23510738
7009,-0.20050047
7010,-0.14627072
7011,-0.09460453
7012,-0.03442377
7013,0.014129579
7014,0.06362922
7015,0.09640501
7016,0.13177496
7017,0.15695187
7018,0.1806946
7019,0.21786493
7020,0.24514763
7021,0.26940924
7022,0.28033444
7023,0.28402704
7024,0.27536014
7025,0.26232916
7026,0.26391602
7027,0.23602295
7028,0.22122192
7029,0.19140622
7030,0.15988168
7031,0.117675796
7032,0.08493042
7033,0.05606071
7034,0.040741026
7035,0.031494133
7036,0.014312796
7037,0.002990745
7038,-0.029266357
7039,-0.03414917
7040,-0.061462384
7041,-0.057312027
7042,-0.07986452
7043,-0.09060666
7044,-0.11636352
7045,-0.13540651
7046,-0.16082755
7047,-0.17785642
7048,-0.1696167
7049,-0.1677856
7050,-0.14572145
7051,-0.12634276
7052,-0.10504143
7053,-0.088348344
7054,-0.07290646
7055,-0.05154424
7056,-0.023864709
7057,-0.01635743
7058,0.0077515095
7059,0.017974883
7060,0.037109368
7061,0.049865715
7062,0.058013905
7063,0.06411743
7064,0.0554199
7065,0.056610104
7066,0.034088142
7067,0.03338622
7068,0.020507894
7069,0.025848452
7070,0.015747018
7071,0.020538356
7072,0.01260376
7073,0.0064087287
7074,0.0031128637
7075,-0.013030961
7076,-0.013732899
7077,-0.035247847
7078,-0.026153505
7079,-0.04241945
7080,-0.020416217
7081,-0.0109252725
7082,0.0075378325
7083,0.022888176
7084,0.034851074
7085,0.049560532
7086,0.06277463
7087,0.07958983
7088,0.096252434
7089,0.11190796
7090,0.11990361
7091,0.123596236
7092,0.12954709
7093,0.12622076
7094,0.13586426
7095,0.12060551
7096,0.123687774
7097,0.10397336
7098,0.096466064
7099,0.074951164
7100,0.067169204
7101,0.047424305
7102,0.037475593
7103,0.029602025
7104,0.02044677
7105,0.011047378
7106,0.0070495605
7107,0.008575439
7108,-9.1560185e-05
7109,0.006408699
7110,-0.001953125
7111,0.009460464
7112,0.0026244968
7113,0.016998291
7114,0.01913451
7115,0.031951886
7116,0.040557858
7117,0.05099488
7118,0.052551262
7119,0.055755638
7120,0.05899048
7121,0.061035156
7122,0.056823716
7123,0.04312133
7124,0.036804214
7125,0.02297973
7126,0.013122549
7127,0.0026855469
7128,-0.008148208
7129,-0.02435304
7130,-0.03646852
7131,-0.054595932
7132,-0.07489015
7133,-0.093933105
7134,-0.10983278
7135,-0.1114807
7136,-0.11480715
7137,-0.10116576
7138,-0.09442137
7139,-0.08297729
7140,-0.07437133
7141,-0.0652466
7142,-0.05194093
7143,-0.041107178
7144,-0.03198242
7145,-0.022247322
7146,-0.013458248
7147,-0.0038757287
7148,0.009368889
7149,0.018524189
7150,0.037750248
7151,0.04586792
7152,0.053802505
7153,0.05352784
7154,0.059875496
7155,0.05789184
7156,0.05187989
7157,0.04226684
7158,0.03427124
7159,0.018859874
7160,0.014434826
7161,-0.0031128041
7162,-0.005462654
7163,-0.010070801
7164,-0.0070801005
7165,-0.006500244
7166,-0.012084961
7167,-0.010406494
7168,-0.026367184
7169,-0.027893074
7170,-0.03576661
7171,-0.032928444
7172,-0.03173827
7173,-0.025390618
7174,-0.022369392
7175,-0.025299072
7176,-0.025909416
7177,-0.02725219
7178,-0.023010265
7179,-0.013031017
7180,0.004852291
7181,0.025665272
7182,0.04904174
7183,0.06973265
7184,0.08047485
7185,0.08673097
7186,0.091857895
7187,0.101379395
7188,0.09677127
7189,0.102325454
7190,0.09597777
7191,0.092437744
7192,0.08187867
7193,0.07580568
7194,0.06912233
7195,0.06756594
7196,0.056854244
7197,0.047027595
7198,0.03393556
7199,0.017700192
7200,0.0058898963
7201,-0.017517108
7202,-0.03234866
7203,-0.055908192
7204,-0.075408936
7205,-0.089782715
7206,-0.098388664
7207,-0.10202026
7208,-0.10140993
7209,-0.09759522
7210,-0.098358154
7211,-0.09109496
7212,-0.09844971
7213,-0.09762573
7214,-0.10650635
7215,-0.1015625
7216,-0.103698716
7217,-0.093933105
7218,-0.08242798
7219,-0.06896971
7220,-0.052398674
7221,-0.038269058
7222,-0.023132317
7223,-0.023681642
7224,-0.017181385
7225,-0.020324692
7226,-0.013336182
7227,-0.018005373
7228,-0.007232664
7229,-0.011596691
7230,-0.010101307
7231,-0.013183575
7232,-0.014160138
7233,-0.0050353855
7234,0.0055236667
7235,0.02795409
7236,0.04803468
7237,0.070312515
7238,0.08233643
7239,0.09579468
7240,0.09423827
7241,0.09225464
7242,0.08682251
7243,0.08078004
7244,0.08215333
7245,0.07672117
7246,0.08090209
7247,0.07345581
7248,0.06597899
7249,0.057952873
7250,0.050292965
7251,0.04815675
7252,0.04644776
7253,0.048309322
7254,0.04870607
7255,0.05407715
7256,0.062408455
7257,0.06747438
7258,0.065826416
7259,0.063140884
7260,0.055389404
7261,0.05133058
7262,0.045043938
7263,0.04623414
7264,0.040069565
7265,0.033996567
7266,0.020690933
7267,0.0018005408
7268,-0.01425172
7269,-0.02856443
7270,-0.0419922
7271,-0.055053707
7272,-0.0672302
7273,-0.07623292
7274,-0.083770745
7275,-0.09338378
7276,-0.092407234
7277,-0.09301756
7278,-0.08499147
7279,-0.08413697
7280,-0.07827758
7281,-0.072692886
7282,-0.07144164
7283,-0.075469986
7284,-0.07678222
7285,-0.07788086
7286,-0.07916259
7287,-0.07806397
7288,-0.075286865
7289,-0.062042225
7290,-0.058654767
7291,-0.051666245
7292,-0.051910404
7293,-0.045928955
7294,-0.034667965
7295,-0.022583008
7296,-0.015899643
7297,-0.010803213
7298,-0.001312254
7299,0.00860595
7300,0.02325441
7301,0.03536988
7302,0.046142578
7303,0.054656986
7304,0.05584716
7305,0.056304928
7306,0.057678223
7307,0.06091308
7308,0.05599975
7309,0.055206306
7310,0.049346924
7311,0.05404661
7312,0.050903324
7313,0.048187263
7314,0.044158913
7315,0.04006956
7316,0.029632548
7317,0.019714352
7318,0.0140380915
7319,0.007934555
7320,0.012542708
7321,0.011566158
7322,0.019989006
7323,0.018066404
7324,0.019714352
7325,0.009979244
7326,0.00555419
7327,-0.006164554
7328,-0.0074157557
7329,-0.016845703
7330,-0.033508312
7331,-0.04348756
7332,-0.05392455
7333,-0.05261228
7334,-0.05917358
7335,-0.058441173
7336,-0.060302746
7337,-0.06002808
7338,-0.06076051
7339,-0.053985614
7340,-0.051300056
7341,-0.046844497
7342,-0.039886493
7343,-0.036163345
7344,-0.03594972
7345,-0.041290283
7346,-0.044952407
7347,-0.05203248
7348,-0.055023186
7349,-0.07180786
7350,-0.08062743
7351,-0.092163086
7352,-0.10751343
7353,-0.1121826
7354,-0.11566165
7355,-0.103424065
7356,-0.09750363
7357,-0.08810424
7358,-0.083343506
7359,-0.068420425
7360,-0.06231691
7361,-0.04940796
7362,-0.045623787
7363,-0.035644528
7364,-0.024383534
7365,-0.018035896
7366,-0.01269532
7367,-0.009338371
7368,-0.0004882924
7369,0.002075199
7370,0.012237541
7371,0.02026368
7372,0.033020034
7373,0.03961184
7374,0.044830322
7375,0.0476074
7376,0.053558346
7377,0.05462646
7378,0.053710938
7379,0.056823716
7380,0.061340332
7381,0.0730896
7382,0.08129881
7383,0.09329224
7384,0.102752686
7385,0.118591286
7386,0.12567139
7387,0.12881468
7388,0.12460326
7389,0.11959838
7390,0.113769524
7391,0.10244752
7392,0.09188842
7393,0.076629646
7394,0.064056404
7395,0.04464722
7396,0.02011107
7397,-0.000183105
7398,-0.017242437
7399,-0.029479966
7400,-0.041809067
7401,-0.051086437
7402,-0.052978516
7403,-0.056549072
7404,-0.06610108
7405,-0.07073976
7406,-0.07495119
7407,-0.07366943
7408,-0.07412718
7409,-0.08099367
7410,-0.08786012
7411,-0.08798217
7412,-0.089416504
7413,-0.08874512
7414,-0.08206177
7415,-0.07571412
7416,-0.07022094
7417,-0.060729973
7418,-0.05133056
7419,-0.02896118
7420,-0.0076599196
7421,0.0051879995
7422,0.022796627
7423,0.032592777
7424,0.047760017
7425,0.056060813
7426,0.06555175
7427,0.06362916
7428,0.066833496
7429,0.06707764
7430,0.0654297
7431,0.066772446
7432,0.057495117
7433,0.05886842
7434,0.058746323
7435,0.06741333
7436,0.07354734
7437,0.09204102
7438,0.09976196
7439,0.10317995
7440,0.11099242
7441,0.10974119
7442,0.11917116
7443,0.11315918
7444,0.120147705
7445,0.1156311
7446,0.115448
7447,0.11169435
7448,0.10031127
7449,0.097045906
7450,0.088317856
7451,0.08673096
7452,0.0786438
7453,0.07714844
7454,0.06967164
7455,0.06686401
7456,0.05838014
7457,0.05151367
7458,0.04663086
7459,0.027221665
7460,0.016418464
7461,-0.0030822828
7462,-0.013122559
7463,-0.018646255
7464,-0.027587868
7465,-0.047149673
7466,-0.059112534
7467,-0.06976318
7468,-0.09240721
7469,-0.103118874
7470,-0.119384766
7471,-0.13833617
7472,-0.14389038
7473,-0.15545654
7474,-0.16690063
7475,-0.1753845
7476,-0.18307495
7477,-0.20089719
7478,-0.19592284
7479,-0.18847653
7480,-0.17495729
7481,-0.15185547
7482,-0.13775633
7483,-0.117157005
7484,-0.09591673
7485,-0.066680916
7486,-0.04498291
7487,-0.023559581
7488,-0.0040588453
7489,0.009338409
7490,0.0335083
7491,0.044525176
7492,0.07318115
7493,0.08990481
7494,0.10556026
7495,0.11373901
7496,0.11926268
7497,0.12908939
7498,0.13464355
7499,0.1503601
7500,0.15148926
7501,0.17022704
7502,0.17715453
7503,0.19049072
7504,0.20739746
7505,0.22280884
7506,0.23123169
7507,0.253479
7508,0.26394656
7509,0.2484131
7510,0.23297119
7511,0.19717404
7512,0.15365602
7513,0.08859253
7514,0.01550293
7515,-0.049560517
7516,-0.112091154
7517,-0.1874085
7518,-0.28155512
7519,-0.34634396
7520,-0.41229248
7521,-0.447937
7522,-0.4477539
7523,-0.45501715
7524,-0.4057616
7525,-0.37936413
7526,-0.32092282
7527,-0.26904306
7528,-0.21804804
7529,-0.14346316
7530,-0.096221894
7531,-0.03280638
7532,-0.012908921
7533,0.04309082
7534,0.085754484
7535,0.10946664
7536,0.14654541
7537,0.16046137
7538,0.1879881
7539,0.18048102
7540,0.16888428
7541,0.18640113
7542,0.206177
7543,0.2369082
7544,0.2644348
7545,0.27752662
7546,0.3036195
7547,0.3029784
7548,0.32403576
7549,0.31552118
7550,0.29537982
7551,0.28778064
7552,0.24511725
7553,0.19671634
7554,0.12463378
7555,0.06835939
7556,0.026031554
7557,-0.013214111
7558,-0.058502078
7559,-0.08074963
7560,-0.10137963
7561,-0.0993042
7562,-0.08377075
7563,-0.018707275
7564,0.07885766
7565,0.17749047
7566,0.29794335
7567,0.37768555
7568,0.47021484
7569,0.52282715
7570,0.55307007
7571,0.5853882
7572,0.567688
7573,0.5577698
7574,0.5159302
7575,0.40228283
7576,0.23782349
7577,0.054779053
7578,-0.13378909
7579,-0.3639834
7580,-0.60076904
7581,-0.81988525
7582,-1.0415652
7583,-1.254059
7584,-1.4720764
7585,-1.61792
7586,-1.7113649
7587,-1.7344056
7588,-1.7077025
7589,-1.6261902
7590,-1.5062561
7591,-1.3845521
7592,-1.2532347
7593,-1.1129153
7594,-0.9326782
7595,-0.75836176
7596,-0.54449475
7597,-0.29418945
7598,0.00036621094
7599,0.3097229
7600,0.63623065
7601,0.9767151
7602,1.3132632
7603,1.6306456
7604,1.9025574
7605,2.174805
7606,2.3935852
7607,2.5987852
7608,2.7122192
7609,2.7627869
7610,2.7219849
7611,2.5820312
7612,2.3568726
7613,2.0662231
7614,1.7350161
7615,1.3767091
7616,1.0121766
7617,0.64245605
7618,0.29992688
7619,-0.05999744
7620,-0.4118653
7621,-0.7642212
7622,-1.0825198
7623,-1.3857424
7624,-1.6805725
7625,-1.920044
7626,-2.143982
7627,-2.3105776
7628,-2.4448547
7629,-2.5286865
7630,-2.5432434
7631,-2.5301208
7632,-2.443695
7633,-2.3086853
7634,-2.1285095
7635,-1.9107056
7636,-1.7020266
7637,-1.4636841
7638,-1.2158815
7639,-0.98806757
7640,-0.7405397
7641,-0.50021356
7642,-0.22686765
7643,0.020904422
7644,0.26675406
7645,0.5114744
7646,0.7548218
7647,0.9722291
7648,1.1694337
7649,1.3615417
7650,1.5249634
7651,1.6514282
7652,1.7160947
7653,1.7402344
7654,1.6856995
7655,1.617859
7656,1.4693604
7657,1.3183898
7658,1.1277771
7659,0.94064337
7660,0.77658063
7661,0.5979005
7662,0.47760004
7663,0.3773498
7664,0.32156378
7665,0.25750726
7666,0.19949332
7667,0.16342163
7668,0.12808216
7669,0.09585571
7670,0.049804717
7671,0.020111114
7672,-0.020416304
7673,-0.08370961
7674,-0.17077634
7675,-0.2791749
7676,-0.387909
7677,-0.4866332
7678,-0.5830994
7679,-0.6611937
7680,-0.72570807
7681,-0.79638654
7682,-0.8303222
7683,-0.89450073
7684,-0.9237671
7685,-0.9376525
7686,-0.91094977
7687,-0.89016724
7688,-0.856659
7689,-0.8111267
7690,-0.7372438
7691,-0.6593933
7692,-0.5658567
7693,-0.4589234
7694,-0.33831787
7695,-0.25863642
7696,-0.1772767
7697,-0.118713364
7698,-0.060882658
7699,-0.0007322803
7700,0.04418945
7701,0.12036134
7702,0.17526239
7703,0.2544556
7704,0.31954944
7705,0.37533575
7706,0.43243408
7707,0.49270624
7708,0.54876715
7709,0.58038324
7710,0.5891112
7711,0.5838318
7712,0.5849303
7713,0.55850226
7714,0.5465088
7715,0.5143738
7716,0.48516852
7717,0.41693127
7718,0.3426513
7719,0.26153564
7720,0.1730956
7721,0.11547855
7722,0.048980713
7723,0.014160186
7724,-0.0026244968
7725,-0.02053836
7726,-0.020812988
7727,-0.023651108
7728,-0.018127412
7729,0.0050658584
7730,0.041839585
7731,0.072784446
7732,0.09671025
7733,0.12191787
7734,0.15493776
7735,0.17135616
7736,0.19461063
7737,0.2019349
7738,0.22616577
7739,0.2172242
7740,0.20275879
7741,0.18832403
7742,0.17755117
7743,0.1571045
7744,0.15560916
7745,0.14318848
7746,0.14996341
7747,0.14163207
7748,0.13241577
7749,0.118621826
7750,0.091919035
7751,0.07287595
7752,0.024200425
7753,-0.016693056
7754,-0.08380124
7755,-0.14535514
7756,-0.20922849
7757,-0.2664185
7758,-0.30529785
7759,-0.34252927
7760,-0.35125732
7761,-0.37652588
7762,-0.36746216
7763,-0.36090088
7764,-0.3282776
7765,-0.29318237
7766,-0.2436218
7767,-0.1829834
7768,-0.12326048
7769,-0.055786192
7770,-0.006561294
7771,0.05075068
7772,0.09350589
7773,0.13681027
7774,0.16992186
7775,0.20654303
7776,0.23345952
7777,0.25387585
7778,0.27008066
7779,0.28048706
7780,0.29171753
7781,0.2934571
7782,0.3067627
7783,0.30477905
7784,0.30868524
7785,0.30963132
7786,0.3046875
7787,0.29544067
7788,0.27679443
7789,0.2510376
7790,0.23623662
7791,0.21804807
7792,0.20117189
7793,0.19274901
7794,0.18145755
7795,0.17849727
7796,0.16723628
7797,0.15603642
7798,0.12124635
7799,0.10046393
7800,0.059539855
7801,0.026031472
7802,-0.010559082
7803,-0.05468744
7804,-0.09301759
7805,-0.13711548
7806,-0.18048096
7807,-0.2159119
7808,-0.24359131
7809,-0.2632141
7810,-0.27517697
7811,-0.285614
7812,-0.29190063
7813,-0.29397583
7814,-0.28912348
7815,-0.28024298
7816,-0.27673334
7817,-0.26815796
7818,-0.26956183
7819,-0.2547912
7820,-0.23791504
7821,-0.21466057
7822,-0.1938476
7823,-0.16665651
7824,-0.14672849
7825,-0.12438962
7826,-0.09246829
7827,-0.06481933
7828,-0.024932899
7829,0.016723596
7830,0.05453492
7831,0.08520507
7832,0.10076903
7833,0.11404418
7834,0.117157
7835,0.12509155
7836,0.117309555
7837,0.11151123
7838,0.09838867
7839,0.0959778
7840,0.09408568
7841,0.10296634
7842,0.105468735
7843,0.10784912
7844,0.099334724
7845,0.09832762
7846,0.09225464
7847,0.08270264
7848,0.06304932
7849,0.03799437
7850,0.0046691922
7851,-0.030303944
7852,-0.07116701
7853,-0.10491944
7854,-0.14144897
7855,-0.16714478
7856,-0.18545534
7857,-0.19458006
7858,-0.20117186
7859,-0.2030945
7860,-0.21038817
7861,-0.20932007
7862,-0.20852661
7863,-0.19915771
7864,-0.18548585
7865,-0.17065428
7866,-0.15454102
7867,-0.14538574
7868,-0.13739012
7869,-0.13635254
7870,-0.1312866
7871,-0.12017823
7872,-0.10583496
7873,-0.07757568
7874,-0.049499497
7875,-0.014923099
7876,0.020141594
7877,0.059661858
7878,0.08959959
7879,0.12054445
7880,0.1426697
7881,0.15664673
7882,0.15002443
7883,0.14013672
7884,0.12207031
7885,0.10516358
7886,0.08593749
7887,0.058654808
7888,0.03091429
7889,-0.0059204213
7890,-0.035034195
7891,-0.05694581
7892,-0.068664536
7893,-0.07302859
7894,-0.07562254
7895,-0.08413696
7896,-0.10427855
7897,-0.12185669
7898,-0.14199829
7899,-0.14788818
7900,-0.15289305
7901,-0.1411133
7902,-0.136261
7903,-0.12838745
7904,-0.1270447
7905,-0.12246704
7906,-0.11099242
7907,-0.10205078
7908,-0.08065794
7909,-0.06375122
7910,-0.0390625
7911,-0.031066913
7912,-0.01962281
7913,-0.0034484975
7914,0.015625002
7915,0.039825432
7916,0.055908207
7917,0.0656128
7918,0.06576538
7919,0.06399535
7920,0.0625
7921,0.0725708
7922,0.085571274
7923,0.106536865
7924,0.12460329
7925,0.14477539
7926,0.15118408
7927,0.15774536
7928,0.16091919
7929,0.15652466
7930,0.15219115
7931,0.13845825
7932,0.12673949
7933,0.10864259
7934,0.092193596
7935,0.06344603
7936,0.030548114
7937,-0.00149538
7938,-0.031646714
7939,-0.048400883
7940,-0.05514525
7941,-0.049621582
7942,-0.03579711
7943,-0.023468016
7944,-0.008422848
7945,0.0053100437
7946,0.017089855
7947,0.027008072
7948,0.028564434
7949,0.02114869
7950,0.013366692
7951,0.0024108961
7952,-0.0035705455
7953,-0.008514419
7954,-0.010559093
7955,-0.02465818
7956,-0.030578636
7957,-0.025512718
7958,-0.010955803
7959,0.014129631
7960,0.03216554
7961,0.0371399
7962,0.027832046
7963,0.006530769
7964,-0.009551987
7965,-0.021270737
7966,-0.02197265
7967,-0.019989021
7968,-0.014251709
7969,-0.013031007
7970,-0.012420671
7971,-0.014709471
7972,-0.018615717
7973,-0.02038575
7974,-0.019714335
7975,-0.017150879
7976,-0.013885494
7977,-0.011138901
7978,-0.011291504
7979,-0.014343288
7980,-0.020507801
7981,-0.028320312
7982,-0.03710937
7983,-0.042694077
7984,-0.044738755
7985,-0.041290272
7986,-0.030792225
7987,-0.022552479
7988,-0.014709463
7989,-0.0017395169
7990,0.012969974
7991,0.027221695
7992,0.0396118
7993,0.047698982
7994,0.05148314
7995,0.048400886
7996,0.04537963
7997,0.038452134
7998,0.034210198
7999,0.030212417
8000,0.02853394
8001,0.020904534
8002,0.013519287
8003,0.009429926
8004,0.00802611
8005,0.010833751
8006,0.017944336
8007,0.022125248
8008,0.024841305
8009,0.023529068
8010,0.02459716
8011,0.022094734
8012,0.026947021
8013,0.024047852
8014,0.024749756
8015,0.018859863
8016,0.008575439
8017,-0.00030517578
8018,-0.008544922
8019,-0.010467522
8020,-0.012451172
8021,-0.00772094
8022,-0.004516609
8023,-0.004302986
8024,-0.005493164
8025,-0.008697517
8026,-0.003967285
8027,0.0019226037
8028,0.00897217
8029,0.015228276
8030,0.021728527
8031,0.025238048
8032,0.026031485
8033,0.02496339
8034,0.02844236
8035,0.027801521
8036,0.030822761
8037,0.028198246
8038,0.025268544
8039,0.025665283
8040,0.030578617
8041,0.036285408
8042,0.043762192
8043,0.05291748
8044,0.058258064
8045,0.061920177
8046,0.062622085
8047,0.05969239
8048,0.049835183
8049,0.040374745
8050,0.034728996
8051,0.028289802
8052,0.02267456
8053,0.009826656
8054,-0.00970459
8055,-0.027893063
8056,-0.04095458
8057,-0.054840088
8058,-0.05856323
8059,-0.064575195
8060,-0.074279785
8061,-0.08181764
8062,-0.09124754
8063,-0.088256836
8064,-0.08248901
8065,-0.061004646
8066,-0.041473374
8067,-0.026458733
8068,-0.016510025
8069,-0.0138549805
8070,-0.0014038179
8071,0.017700188
8072,0.03924559
8073,0.06448364
8074,0.07971192
8075,0.09170531
8076,0.09606932
8077,0.09194949
8078,0.091705285
8079,0.08331298
8080,0.07705693
8081,0.064361565
8082,0.050933853
8083,0.038696304
8084,0.030548096
8085,0.026153572
8086,0.02114866
8087,0.020660404
8088,0.018310547
8089,0.015258819
8090,0.011230484
8091,0.0033569485
8092,-0.0073242337
8093,-0.018127456
8094,-0.035827637
8095,-0.054931648
8096,-0.07626343
8097,-0.097991966
8098,-0.118316635
8099,-0.13882446
8100,-0.15130615
8101,-0.162323
8102,-0.16723631
8103,-0.16339108
8104,-0.1828003
8105,-0.27056885
8106,-0.3910218
8107,-0.46182242
8108,-0.4917297
8109,-0.43676752
8110,-0.40420526
8111,-0.49362183
8112,-0.44094843
8113,-0.121002175
8114,0.28671256
8115,0.6800841
8116,0.9911499
8117,1.076416
8118,1.0121155
8119,0.8531495
8120,0.6604004
8121,0.47308344
8122,0.31817633
8123,0.2242431
8124,0.17892458
8125,0.168396
8126,0.13220215
8127,0.018249512
8128,-0.14462285
8129,-0.2685851
8130,-0.35968012
8131,-0.37341303
8132,-0.4235534
8133,-0.597229
8134,-0.6313781
8135,-0.3825989
8136,-0.032196164
8137,0.32690418
8138,0.6208191
8139,0.717987
8140,0.6833802
8141,0.5505982
8142,0.36645505
8143,0.16784662
8144,-0.003112793
8145,-0.1209718
8146,-0.18154907
8147,-0.20327753
8148,-0.19287115
8149,-0.1412659
8150,-0.092681885
8151,-0.08203137
8152,-0.09515375
8153,-0.18844604
8154,-0.25289917
8155,-0.23825079
8156,-0.27868658
8157,-0.45309454
8158,-0.65911865
8159,-0.8491821
8160,-0.9977417
8161,-1.0323486
8162,-0.99291986
8163,-0.90057373
8164,-0.77484137
8165,-0.6511535
8166,-0.55691534
8167,-0.48812866
8168,-0.42703247
8169,-0.33654782
8170,-0.24945068
8171,-0.22744748
8172,-0.26278692
8173,-0.28338635
8174,-0.27420038
8175,-0.20611566
8176,-0.13098133
8177,-0.1564027
8178,-0.026550174
8179,0.35894772
8180,0.8229065
8181,1.2465818
8182,1.5497437
8183,1.5972902
8184,1.4716797
8185,1.2562866
8186,1.0567017
8187,0.90954584
8188,0.7652894
8189,0.6803588
8190,0.63705444
8191,0.6271667
8192,0.6390382
8193,0.68402106
8194,0.73172015
8195,0.740509
8196,0.70394886
8197,0.6140441
8198,0.5103761
8199,0.4573059
8200,0.3399354
8201,0.11105332
8202,-0.14959699
8203,-0.39056405
8204,-0.5672914
8205,-0.61651605
8206,-0.57513434
8207,-0.50836194
8208,-0.43487558
8209,-0.38137808
8210,-0.3861084
8211,-0.40979004
8212,-0.4607544
8213,-0.52069086
8214,-0.5633851
8215,-0.56353766
8216,-0.54724133
8217,-0.5479432
8218,-0.55065906
8219,-0.5994568
8220,-0.58746344
8221,-0.48452765
8222,-0.43042007
8223,-0.5226136
8224,-0.65307605
8225,-0.7861023
8226,-0.897583
8227,-0.9134826
8228,-0.8730164
8229,-0.7638551
8230,-0.6140136
8231,-0.44473276
8232,-0.28186035
8233,-0.14807123
8234,-0.033416755
8235,0.07507323
8236,0.19973768
8237,0.3585816
8238,0.5346681
8239,0.67514026
8240,0.7748412
8241,0.8335265
8242,0.8867799
8243,0.98568726
8244,1.0081178
8245,0.88601685
8246,0.7015382
8247,0.5020446
8248,0.33337396
8249,0.26266488
8250,0.25646973
8251,0.28372195
8252,0.33932492
8253,0.40246594
8254,0.42230228
8255,0.42065436
8256,0.3828125
8257,0.3133545
8258,0.2411804
8259,0.20297241
8260,0.19998175
8261,0.19543463
8262,0.18109131
8263,0.15097038
8264,0.13488762
8265,0.17538455
8266,0.14154044
8267,-0.02905272
8268,-0.24490348
8269,-0.45315552
8270,-0.61224365
8271,-0.65509033
8272,-0.61859137
8273,-0.53280646
8274,-0.44271845
8275,-0.3676148
8276,-0.29052734
8277,-0.2412414
8278,-0.21466064
8279,-0.2234497
8280,-0.22647098
8281,-0.19146731
8282,-0.12124629
8283,-0.057281464
8284,-0.0021057278
8285,0.026428178
8286,0.05899041
8287,0.14218141
8288,0.15127562
8289,0.025054969
8290,-0.14929202
8291,-0.3224792
8292,-0.4507751
8293,-0.46731573
8294,-0.4046325
8295,-0.2932129
8296,-0.17968746
8297,-0.076934814
8298,0.023895232
8299,0.09643558
8300,0.14178467
8301,0.15676881
8302,0.15209961
8303,0.15069579
8304,0.16061404
8305,0.18603522
8306,0.21948239
8307,0.26321408
8308,0.29449463
8309,0.30404663
8310,0.29418945
8311,0.27468878
8312,0.2491149
8313,0.22250369
8314,0.2077027
8315,0.19943234
8316,0.19903569
8317,0.20166017
8318,0.19369511
8319,0.17654417
8320,0.18182372
8321,0.18704224
8322,0.18658449
8323,0.16534425
8324,0.1333313
8325,0.09146118
8326,0.06253054
8327,0.04144294
8328,0.023895264
8329,0.019927965
8330,0.0014953353
8331,-0.026550261
8332,-0.059020992
8333,-0.08578487
8334,-0.10528573
8335,-0.1217651
8336,-0.12228388
8337,-0.11514287
8338,-0.09448235
8339,-0.07534787
8340,-0.078491196
8341,-0.09927369
8342,-0.11004642
8343,-0.12145996
8344,-0.12979126
8345,-0.15090941
8346,-0.17172246
8347,-0.18899542
8348,-0.2036133
8349,-0.20642087
8350,-0.20257567
8351,-0.19876094
8352,-0.19973761
8353,-0.20330809
8354,-0.21832275
8355,-0.2306518
8356,-0.24362195
8357,-0.24758905
8358,-0.24252313
8359,-0.2318726
8360,-0.20776361
8361,-0.18200679
8362,-0.16213986
8363,-0.15261844
8364,-0.1289063
8365,-0.109588616
8366,-0.08807371
8367,-0.06497192
8368,-0.04312133
8369,-0.023468018
8370,0.0013733022
8371,0.02209473
8372,0.0437622
8373,0.06454469
8374,0.08325194
8375,0.09667966
8376,0.10769656
8377,0.11843878
8378,0.13439935
8379,0.14865115
8380,0.16134645
8381,0.16958617
8382,0.1719361
8383,0.17501836
8384,0.17385864
8385,0.17309573
8386,0.16918944
8387,0.16473389
8388,0.15771484
8389,0.14739989
8390,0.1390686
8391,0.12487794
8392,0.11450197
8393,0.10903932
8394,0.10165404
8395,0.10134887
8396,0.09570311
8397,0.09140015
8398,0.08502197
8399,0.07772828
8400,0.07107543
8401,0.06079103
8402,0.05102539
8403,0.037567146
8404,0.01950076
8405,-0.000579834
8406,-0.024353027
8407,-0.047637947
8408,-0.06964113
8409,-0.09020994
8410,-0.11151123
8411,-0.12698367
8412,-0.14056396
8413,-0.15423584
8414,-0.16687012
8415,-0.17398071
8416,-0.18081665
8417,-0.18035887
8418,-0.17813112
8419,-0.17105104
8420,-0.16235353
8421,-0.15127563
8422,-0.13619995
8423,-0.11480713
8424,-0.09503174
8425,-0.07894897
8426,-0.06814577
8427,-0.05395507
8428,-0.043212876
8429,-0.03213501
8430,-0.019073479
8431,-0.010711673
8432,0.0004882831
8433,0.010742182
8434,0.018157959
8435,0.019866943
8436,0.024292
8437,0.02819825
8438,0.036865227
8439,0.048950184
8440,0.061126705
8441,0.07528685
8442,0.088409424
8443,0.10083006
8444,0.108703606
8445,0.114868164
8446,0.11581421
8447,0.11584473
8448,0.10116578
8449,0.08544922
8450,0.06851197
8451,0.054138176
8452,0.046356194
8453,0.040740974
8454,0.03198243
8455,0.02667235
8456,0.020660408
8457,0.008758552
8458,-0.0036926363
8459,-0.014007561
8460,-0.021911614
8461,-0.021026623
8462,-0.017913803
8463,-0.012878416
8464,-0.0026245248
8465,0.0038757082
8466,0.008117681
8467,0.0066528227
8468,0.0023803716
8469,-0.005279554
8470,-0.01669312
8471,-0.02380372
8472,-0.03173827
8473,-0.03598022
8474,-0.039276116
8475,-0.042541496
8476,-0.04415895
8477,-0.035675056
8478,-0.028808603
8479,-0.018096924
8480,-0.009979252
8481,-0.0019226
8482,0.008056641
8483,0.019622803
8484,0.031188965
8485,0.04125976
8486,0.045928963
8487,0.045837395
8488,0.03585817
8489,0.026031485
8490,0.015899658
8491,0.008941643
8492,-0.0024719276
8493,-0.008300789
8494,-0.011627189
8495,-0.009735107
8496,-0.0031433087
8497,0.0022583045
8498,0.006347649
8499,0.010345455
8500,0.012786858
8501,0.01586914
8502,0.016479488
8503,0.012359615
8504,0.008880608
8505,0.004974358
8506,0.0030517727
8507,0.0036315992
8508,0.0054321177
8509,0.010162339
8510,0.009277355
8511,0.009399412
8512,0.009918217
8513,0.013000481
8514,0.016784666
8515,0.020202633
8516,0.022705074
8517,0.028747559
8518,0.032745365
8519,0.040069573
8520,0.044647217
8521,0.050598152
8522,0.05529785
8523,0.061767574
8524,0.06625366
8525,0.06921387
8526,0.07580566
8527,0.08227539
8528,0.08648682
8529,0.08203126
8530,0.068878174
8531,0.054534912
8532,0.035949722
8533,0.017456055
8534,0.0016174335
8535,-0.014312748
8536,-0.027160646
8537,-0.035461433
8538,-0.03677368
8539,-0.030761713
8540,-0.023010254
8541,-0.009918198
8542,-0.0008850321
8543,0.011138931
8544,0.025085434
8545,0.04046631
8546,0.05221556
8547,0.056457505
8548,0.052551277
8549,0.042449936
8550,0.031036377
8551,0.020477302
8552,0.007507324
8553,-0.0045165867
8554,-0.020477302
8555,-0.03305053
8556,-0.040313713
8557,-0.04031371
8558,-0.032501224
8559,-0.020935047
8560,-0.006195072
8561,0.0072326614
8562,0.019500736
8563,0.028747568
8564,0.037017822
8565,0.04138186
8566,0.043884274
8567,0.048980698
8568,0.054260235
8569,0.05764769
8570,0.05484008
8571,0.050781235
8572,0.04428102
8573,0.040527366
8574,0.033477783
8575,0.032501243
8576,0.030853279
8577,0.030975372
8578,0.027984634
8579,0.025329601
8580,0.021087646
8581,0.012023933
8582,-7.450581e-09
8583,-0.017181404
8584,-0.03942872
8585,-0.05831909
8586,-0.075042725
8587,-0.08428954
8588,-0.08981322
8589,-0.088317886
8590,-0.08514406
8591,-0.08868408
8592,-0.09307861
8593,-0.10122682
8594,-0.10693359
8595,-0.111755386
8596,-0.11608885
8597,-0.11834715
8598,-0.11184691
8599,-0.098358154
8600,-0.08517456
8601,-0.07131957
8602,-0.05841065
8603,-0.048950203
8604,-0.037841804
8605,-0.0265503
8606,-0.012115484
8607,0.0022888333
8608,0.014953602
8609,0.024871849
8610,0.033477776
8611,0.03732299
8612,0.03964232
8613,0.043640118
8614,0.039215095
8615,0.02835083
8616,0.016906746
8617,0.0043029785
8618,1.4901161e-08
8619,-0.0026550293
8620,0.00024414062
8621,0.0033264235
8622,0.006439224
8623,0.008941643
8624,0.009979241
8625,0.008117698
8626,0.0044555515
8627,-0.009765632
8628,-0.023345938
8629,-0.03753663
8630,-0.04818724
8631,-0.062255856
8632,-0.07418822
8633,-0.0831604
8634,-0.09106445
8635,-0.09799191
8636,-0.10955809
8637,-0.121612534
8638,-0.13183592
8639,-0.13583373
8640,-0.13452145
8641,-0.12530519
8642,-0.10665891
8643,-0.08267213
8644,-0.058746316
8645,-0.035552993
8646,-0.016204841
8647,-0.005584717
8648,0.0016479194
8649,0.006591782
8650,0.011901841
8651,0.01449585
8652,0.017517105
8653,0.019958496
8654,0.024841331
8655,0.027313218
8656,0.032287586
8657,0.033416737
8658,0.03967286
8659,0.044586197
8660,0.05020139
8661,0.053283684
8662,0.05789183
8663,0.05966187
8664,0.06558226
8665,0.07226561
8666,0.077056885
8667,0.07839964
8668,0.0834961
8669,0.08331299
8670,0.081085205
8671,0.07772827
8672,0.072296135
8673,0.066375725
8674,0.053833023
8675,0.03985595
8676,0.025390632
8677,0.010437012
8678,-0.006591797
8679,-0.018615723
8680,-0.0354309
8681,-0.04782102
8682,-0.05740356
8683,-0.06594847
8684,-0.068267815
8685,-0.071685806
8686,-0.06887817
8687,-0.07824708
8688,-0.09606932
8689,-0.1077881
8690,-0.12008669
8691,-0.12817383
8692,-0.124877945
8693,-0.11599732
8694,-0.09625243
8695,-0.07577516
8696,-0.05059815
8697,-0.031036386
8698,-0.013305672
8699,0.0014953705
8700,0.012908954
8701,0.020721454
8702,0.028808605
8703,0.039886493
8704,0.047729485
8705,0.055572502
8706,0.05810546
8707,0.06185913
8708,0.06881713
8709,0.0675659
8710,0.05868531
8711,0.04873655
8712,0.03765869
8713,0.022399902
8714,0.011840807
8715,0.016296387
8716,0.021820059
8717,0.029998766
8718,0.028808607
8719,0.023712147
8720,0.020141616
8721,0.018768314
8722,0.018157963
8723,0.018951397
8724,0.018249515
8725,0.02084351
8726,0.021118153
8727,0.023956295
8728,0.024047848
8729,0.020965565
8730,0.015930187
8731,0.008422844
8732,0.004730206
8733,0.0013427623
8734,0.0052795485
8735,0.015350338
8736,0.024810804
8737,0.030456549
8738,0.031860355
8739,0.02606202
8740,0.019195562
8741,0.015136709
8742,0.014801027
8743,0.018981952
8744,0.023956317
8745,0.02947998
8746,0.033416744
8747,0.03738402
8748,0.03549194
8749,0.032562245
8750,0.024627697
8751,0.015380846
8752,0.0033569299
8753,-0.017730728
8754,-0.04736329
8755,-0.07058716
8756,-0.09259035
8757,-0.10870361
8758,-0.11190796
8759,-0.10137938
8760,-0.08230591
8761,-0.056579605
8762,-0.028839117
8763,-0.002777096
8764,0.023376452
8765,0.048370365
8766,0.07284546
8767,0.095458984
8768,0.11654661
8769,0.13491821
8770,0.1505127
8771,0.16461183
8772,0.17251587
8773,0.17617798
8774,0.17059326
8775,0.16104126
8776,0.14935303
8777,0.13708498
8778,0.12850952
8779,0.12463378
8780,0.1173401
8781,0.10876466
8782,0.10107423
8783,0.09280393
8784,0.0881958
8785,0.08828737
8786,0.10281375
8787,0.113281265
8788,0.119384766
8789,0.13394165
8790,0.14929198
8791,0.1555786
8792,0.13745116
8793,0.09500122
8794,0.04367067
8795,-0.024139404
8796,-0.10910034
8797,-0.19073486
8798,-0.26629633
8799,-0.35025018
8800,-0.44042975
8801,-0.5170288
8802,-0.5787047
8803,-0.6149597
8804,-0.6187135
8805,-0.5970153
8806,-0.55422986
8807,-0.4953309
8808,-0.41644275
8809,-0.34045416
8810,-0.2650146
8811,-0.16302493
8812,-0.044128418
8813,0.06933595
8814,0.16729738
8815,0.23510747
8816,0.29846185
8817,0.35519418
8818,0.3865968
8819,0.4152223
8820,0.4384461
8821,0.4409181
8822,0.4328612
8823,0.419708
8824,0.38446057
8825,0.34204102
8826,0.30920386
8827,0.2701112
8828,0.20547497
8829,0.1546936
8830,0.12030053
8831,0.08358765
8832,0.060455263
8833,0.07244861
8834,0.11389163
8835,0.15899661
8836,0.20962523
8837,0.2497254
8838,0.26553345
8839,0.28820813
8840,0.3010254
8841,0.29748535
8842,0.28250122
8843,0.27233887
8844,0.26495337
8845,0.26681495
8846,0.25479126
8847,0.24118042
8848,0.2398684
8849,0.24066186
8850,0.22265649
8851,0.24276769
8852,0.28918457
8853,0.34170544
8854,0.4006958
8855,0.46145627
8856,0.50625616
8857,0.48782355
8858,0.40335077
8859,0.24639893
8860,0.036468685
8861,-0.20840478
8862,-0.4824829
8863,-0.7713623
8864,-1.0631409
8865,-1.3652649
8866,-1.6550295
8867,-1.8959656
8868,-2.068451
8869,-2.1577759
8870,-2.1674805
8871,-2.0817866
8872,-1.8968507
8873,-1.6593323
8874,-1.3806152
8875,-1.0752566
8876,-0.7524716
8877,-0.41921997
8878,-0.0912475
8879,0.2259216
8880,0.53195184
8881,0.81646734
8882,1.0774841
8883,1.3367308
8884,1.569916
8885,1.7875673
8886,1.9843138
8887,2.1730652
8888,2.3483582
8889,2.4775696
8890,2.533905
8891,2.5107727
8892,2.4142456
8893,2.2289734
8894,1.944428
8895,1.6238402
8896,1.266266
8897,0.8892213
8898,0.5184325
8899,0.16094983
8900,-0.16925025
8901,-0.48068237
8902,-0.75466925
8903,-1.0055542
8904,-1.2496337
8905,-1.4575803
8906,-1.6376039
8907,-1.8150942
8908,-1.9851991
8909,-2.1352234
8910,-2.2611694
8911,-2.3573303
8912,-2.4085999
8913,-2.408966
8914,-2.371521
8915,-2.268036
8916,-2.0901794
8917,-1.860016
8918,-1.597992
8919,-1.2963562
8920,-0.97576916
8921,-0.6697693
8922,-0.38430792
8923,-0.12042242
8924,0.1225279
8925,0.35534668
8926,0.5715639
8927,0.76019275
8928,0.93988055
8929,1.1113284
8930,1.2718811
8931,1.4168396
8932,1.5445251
8933,1.6506349
8934,1.7322999
8935,1.7739868
8936,1.767334
8937,1.7221069
8938,1.6482544
8939,1.5293578
8940,1.362976
8941,1.174286
8942,0.96899414
8943,0.7395325
8944,0.5046386
8945,0.2911681
8946,0.10760492
8947,-0.036621213
8948,-0.15148932
8949,-0.23699942
8950,-0.30221558
8951,-0.3535462
8952,-0.39892584
8953,-0.4320678
8954,-0.45562738
8955,-0.49087507
8956,-0.5272523
8957,-0.57455456
8958,-0.6405029
8959,-0.71401983
8960,-0.78213507
8961,-0.86132824
8962,-0.95629877
8963,-1.0402833
8964,-1.115387
8965,-1.1901549
8966,-1.2496337
8967,-1.2704468
8968,-1.2459717
8969,-1.1716002
8970,-1.0537109
8971,-0.9173889
8972,-0.75689703
8973,-0.5810852
8974,-0.39749148
8975,-0.21109022
8976,-0.033691287
8977,0.13412482
8978,0.29541016
8979,0.44302365
8980,0.5628967
8981,0.6596068
8982,0.74227893
8983,0.79092395
8984,0.8051451
8985,0.8009645
8986,0.7743224
8987,0.71545404
8988,0.63925153
8989,0.5642089
8990,0.49487296
8991,0.4401244
8992,0.40603632
8993,0.365326
8994,0.33541873
8995,0.31073004
8996,0.29489142
8997,0.27737433
8998,0.25787354
8999,0.22659309
9000,0.19903564
9001,0.16033944
9002,0.11492916
9003,0.07452381
9004,0.048705973
9005,0.013275102
9006,-0.027587883
9007,-0.06756595
9008,-0.11264026
9009,-0.16510014
9010,-0.21118167
9011,-0.23519894
9012,-0.24063104
9013,-0.22274777
9014,-0.17709363
9015,-0.12774658
9016,-0.07669073
9017,-0.014068588
9018,0.053772002
9019,0.12847896
9020,0.2024842
9021,0.2698059
9022,0.3276062
9023,0.37103277
9024,0.39675906
9025,0.4005431
9026,0.38293457
9027,0.34326178
9028,0.284729
9029,0.21517947
9030,0.13632205
9031,0.05328367
9032,-0.029815681
9033,-0.10174554
9034,-0.16308588
9035,-0.20932005
9036,-0.23776253
9037,-0.2576294
9038,-0.26199347
9039,-0.26327515
9040,-0.2545471
9041,-0.25067145
9042,-0.24948119
9043,-0.247284
9044,-0.23425296
9045,-0.21469107
9046,-0.18951412
9047,-0.15219124
9048,-0.107238784
9049,-0.057830766
9050,-0.0043029943
9051,0.054595962
9052,0.11874395
9053,0.17797847
9054,0.23306271
9055,0.27810672
9056,0.31286624
9057,0.33566287
9058,0.34829706
9059,0.34680167
9060,0.3328857
9061,0.3146973
9062,0.29052737
9063,0.26217645
9064,0.23391725
9065,0.20684811
9066,0.19540405
9067,0.1889344
9068,0.19546512
9069,0.20211788
9070,0.20928955
9071,0.21072394
9072,0.21331784
9073,0.21505739
9074,0.21359259
9075,0.20339969
9076,0.1826477
9077,0.159668
9078,0.13790901
9079,0.112915024
9080,0.08160395
9081,0.040496785
9082,0.0017699935
9083,-0.03448489
9084,-0.06039428
9085,-0.078064024
9086,-0.08395384
9087,-0.08099365
9088,-0.07745361
9089,-0.08224481
9090,-0.08755493
9091,-0.09497072
9092,-0.10559082
9093,-0.12200925
9094,-0.14053345
9095,-0.16171266
9096,-0.17922969
9097,-0.18762203
9098,-0.19219968
9099,-0.19317624
9100,-0.19104001
9101,-0.18341058
9102,-0.170166
9103,-0.15078741
9104,-0.12841801
9105,-0.102996826
9106,-0.07846069
9107,-0.058593795
9108,-0.04425046
9109,-0.03573607
9110,-0.02633667
9111,-0.023834206
9112,-0.020355225
9113,-0.023406968
9114,-0.033172615
9115,-0.04324341
9116,-0.05447388
9117,-0.06295778
9118,-0.0666809
9119,-0.07177736
9120,-0.075988784
9121,-0.0796509
9122,-0.0691223
9123,-0.05889894
9124,-0.055603012
9125,-0.060363792
9126,-0.06536866
9127,-0.0658264
9128,-0.05743407
9129,-0.04138185
9130,-0.016143844
9131,0.016296402
9132,0.043273956
9133,0.0691223
9134,0.08758545
9135,0.09512332
9136,0.09805296
9137,0.09497069
9138,0.089050286
9139,0.07589723
9140,0.053710945
9141,0.028717056
9142,0.0018921047
9143,-0.018951416
9144,-0.031555146
9145,-0.028198257
9146,-0.01675415
9147,0.0013732985
9148,0.028961185
9149,0.05987547
9150,0.09204103
9151,0.124664284
9152,0.15356445
9153,0.17730713
9154,0.18804932
9155,0.17932129
9156,0.15966797
9157,0.13134766
9158,0.0939331
9159,0.06454467
9160,0.037902832
9161,0.016082764
9162,-0.0075073093
9163,-0.027282722
9164,-0.050079335
9165,-0.07318112
9166,-0.09585571
9167,-0.12176515
9168,-0.1469116
9169,-0.17077635
9170,-0.19363403
9171,-0.20928955
9172,-0.22235107
9173,-0.23342897
9174,-0.23953247
9175,-0.24224854
9176,-0.2408447
9177,-0.22991943
9178,-0.21807858
9179,-0.20373537
9180,-0.19049074
9181,-0.17626953
9182,-0.16000366
9183,-0.14965823
9184,-0.13952637
9185,-0.13613892
9186,-0.13452147
9187,-0.13775635
9188,-0.1413269
9189,-0.13821414
9190,-0.13400269
9191,-0.12014771
9192,-0.09988402
9193,-0.07073975
9194,-0.032623284
9195,0.0154418945
9196,0.06445312
9197,0.108886704
9198,0.13897705
9199,0.15924068
9200,0.16638185
9201,0.16268921
9202,0.1509094
9203,0.14102173
9204,0.13360596
9205,0.1385193
9206,0.14300536
9207,0.1444397
9208,0.13760377
9209,0.12490846
9210,0.10272218
9211,0.080505386
9212,0.06314086
9213,0.052062996
9214,0.043548584
9215,0.034606926
9216,0.02407837
9217,0.012298591
9218,-0.00015258417
9219,-0.0087585375
9220,-0.016204849
9221,-0.020751964
9222,-0.031433113
9223,-0.042083748
9224,-0.050659165
9225,-0.059814446
9226,-0.0642395
9227,-0.06710817
9228,-0.06622313
9229,-0.05963134
9230,-0.05178832
9231,-0.046783432
9232,-0.04943848
9233,-0.05603028
9234,-0.060394287
9235,-0.057800286
9236,-0.056457505
9237,-0.05096435
9238,-0.04806518
9239,-0.046051025
9240,-0.04653928
9241,-0.053314213
9242,-0.0603943
9243,-0.05935669
9244,-0.049865726
9245,-0.03430178
9246,-0.018463142
9247,-0.006591793
9248,-0.0021057073
9249,-0.0011596703
9250,0.00097655226
9251,0.009460449
9252,0.015411366
9253,0.022003178
9254,0.019165028
9255,0.013458259
9256,0.008056629
9257,0.002197273
9258,-0.00088502094
9259,-0.0001830943
9260,0.002136223
9261,2.2351742e-08
9262,0.0012817606
9263,0.005950935
9264,0.008544922
9265,0.013916012
9266,0.015899643
9267,0.014465343
9268,0.011108398
9269,-0.0008850079
9270,-0.014373779
9271,-0.02444458
9272,-0.03366089
9273,-0.035888672
9274,-0.036590572
9275,-0.038421627
9276,-0.039825454
9277,-0.0429077
9278,-0.04898071
9279,-0.054351814
9280,-0.05807497
9281,-0.0651245
9282,-0.0798645
9283,-0.0878906
9284,-0.091918945
9285,-0.0974121
9286,-0.10385132
9287,-0.10205076
9288,-0.09042359
9289,-0.0701599
9290,-0.0437622
9291,-0.021362297
9292,-0.016540527
9293,-0.019622797
9294,-0.020202637
9295,-0.010955818
9296,-0.00012206659
9297,0.0057983287
9298,0.012969963
9299,0.011199958
9300,0.011810312
9301,0.010223376
9302,0.0135192815
9303,0.021972656
9304,0.034912117
9305,0.04864502
9306,0.062561035
9307,0.07238771
9308,0.07592772
9309,0.07388305
9310,0.073028535
9311,0.07067872
9312,0.07104493
9313,0.071685806
9314,0.0732422
9315,0.067596436
9316,0.057678208
9317,0.051727295
9318,0.043579087
9319,0.040435806
9320,0.04351805
9321,0.05249025
9322,0.06307982
9323,0.063415535
9324,0.066192605
9325,0.062988296
9326,0.056182865
9327,0.056732178
9328,0.06188965
9329,0.068389915
9330,0.08331299
9331,0.10183717
9332,0.109222405
9333,0.113433875
9334,0.12255859
9335,0.12591553
9336,0.12744142
9337,0.13012695
9338,0.12124634
9339,0.10461426
9340,0.09936524
9341,0.09515381
9342,0.10006713
9343,0.10379029
9344,0.10775758
9345,0.10189818
9346,0.092102036
9347,0.077545166
9348,0.06536865
9349,0.054443356
9350,0.04714965
9351,0.037200935
9352,0.021514889
9353,0.014495866
9354,0.0054931715
9355,-0.008209221
9356,-0.021575928
9357,-0.034393337
9358,-0.042297363
9359,-0.048919685
9360,-0.054748535
9361,-0.055480957
9362,-0.056427002
9363,-0.061706543
9364,-0.06655883
9365,-0.067657486
9366,-0.064544685
9367,-0.058715805
9368,-0.05102539
9369,-0.04470826
9370,-0.037414536
9371,-0.037933365
9372,-0.043212906
9373,-0.058410645
9374,-0.074859634
9375,-0.08966066
9376,-0.103363045
9377,-0.11016845
9378,-0.13024902
9379,-0.16744995
9380,-0.22024536
9381,-0.29562384
9382,-0.3567199
9383,-0.3872985
9384,-0.4513244
9385,-0.40567005
9386,-0.49533087
9387,-0.5887451
9388,-0.3509826
9389,0.061828613
9390,0.46127307
9391,0.8270873
9392,0.993103
9393,0.9746704
9394,0.87228394
9395,0.7257386
9396,0.6094056
9397,0.52124035
9398,0.45700064
9399,0.41696176
9400,0.37738034
9401,0.29306033
9402,0.17102051
9403,0.018798709
9404,-0.113342226
9405,-0.20968622
9406,-0.3514709
9407,-0.40100092
9408,-0.5930786
9409,-0.7903748
9410,-0.64892566
9411,-0.30963147
9412,0.04373151
9413,0.39819324
9414,0.5863036
9415,0.6038512
9416,0.53399646
9417,0.40029913
9418,0.2740174
9419,0.17538452
9420,0.11242664
9421,0.08581549
9422,0.07925415
9423,0.06503296
9424,0.04248053
9425,0.018310547
9426,-0.02316302
9427,-0.09399429
9428,-0.14480588
9429,-0.2420654
9430,-0.26245117
9431,-0.2733155
9432,-0.4449463
9433,-0.69876105
9434,-0.94635016
9435,-1.151947
9436,-1.2432252
9437,-1.2322693
9438,-1.1602174
9439,-1.0635681
9440,-0.9932252
9441,-0.93652356
9442,-0.8628235
9443,-0.77206427
9444,-0.67654413
9445,-0.60543823
9446,-0.55789185
9447,-0.5533447
9448,-0.53454596
9449,-0.46743768
9450,-0.4037475
9451,-0.18484491
9452,-0.09857178
9453,-0.013000488
9454,0.36361712
9455,0.87524426
9456,1.3219604
9457,1.699127
9458,1.8490907
9459,1.7937012
9460,1.6472476
9461,1.4573671
9462,1.3014834
9463,1.1788026
9464,1.0932922
9465,1.0448916
9466,1.0207214
9467,0.98730475
9468,0.9220581
9469,0.8501892
9470,0.7637633
9471,0.6700135
9472,0.5806273
9473,0.4182433
9474,0.3357545
9475,0.2673949
9476,0.056915373
9477,-0.20718378
9478,-0.43542492
9479,-0.61828613
9480,-0.69332886
9481,-0.67877203
9482,-0.6359863
9483,-0.58798224
9484,-0.5817261
9485,-0.60260016
9486,-0.6378172
9487,-0.68145746
9488,-0.7159728
9489,-0.7261658
9490,-0.71032727
9491,-0.6788941
9492,-0.65313727
9493,-0.6393434
9494,-0.5784302
9495,-0.5206909
9496,-0.38565055
9497,-0.24450673
9498,-0.29403695
9499,-0.45822132
9500,-0.6498413
9501,-0.8371886
9502,-0.9360047
9503,-0.9459533
9504,-0.892151
9505,-0.7910156
9506,-0.67510986
9507,-0.5594481
9508,-0.43182367
9509,-0.2995605
9510,-0.15597545
9511,0.0022582859
9512,0.16461174
9513,0.32922363
9514,0.484497
9515,0.61822516
9516,0.7673949
9517,0.86016834
9518,1.0214844
9519,1.1800537
9520,1.1684875
9521,1.0614319
9522,0.94375616
9523,0.8095702
9524,0.750519
9525,0.7552185
9526,0.76971453
9527,0.7889099
9528,0.78152466
9529,0.74368286
9530,0.67028815
9531,0.56362915
9532,0.4468385
9533,0.36486816
9534,0.31323245
9535,0.2925721
9536,0.26776126
9537,0.23184204
9538,0.22155756
9539,0.16510004
9540,0.17214975
9541,0.18692027
9542,0.05288687
9543,-0.15829462
9544,-0.35842896
9545,-0.54714954
9546,-0.6495057
9547,-0.6686401
9548,-0.65527356
9549,-0.60858154
9550,-0.5626831
9551,-0.53067005
9552,-0.51443475
9553,-0.51416016
9554,-0.5150453
9555,-0.4827881
9556,-0.41558844
9557,-0.31536868
9558,-0.21401975
9559,-0.13848877
9560,-0.045257658
9561,-0.008545015
9562,0.08218384
9563,0.17135626
9564,0.09274283
9565,-0.074310325
9566,-0.2366027
9567,-0.39776608
9568,-0.4622802
9569,-0.44354245
9570,-0.3800354
9571,-0.28823853
9572,-0.19592288
9573,-0.12194829
9574,-0.071044974
9575,-0.046051115
9576,-0.037506096
9577,-0.017974885
9578,0.015472459
9579,0.06097418
9580,0.115112394
9581,0.16177374
9582,0.20675659
9583,0.23306274
9584,0.24053954
9585,0.23428349
9586,0.23748773
9587,0.241394
9588,0.25537115
9589,0.2663269
9590,0.2778321
9591,0.29144287
9592,0.2993164
9593,0.3113098
9594,0.32315063
9595,0.3136902
9596,0.28936762
9597,0.2530517
9598,0.20819087
9599,0.16818237
9600,0.14651495
9601,0.13644415
9602,0.12976083
9603,0.11581422
9604,0.07769776
9605,0.023406968
9606,-0.04168705
9607,-0.10369874
9608,-0.15499881
9609,-0.19052131
9610,-0.21209714
9611,-0.22418213
9612,-0.23056027
9613,-0.22174072
9614,-0.20928957
9615,-0.19366455
9616,-0.18060306
9617,-0.16952518
9618,-0.1556092
9619,-0.1435853
9620,-0.13031009
9621,-0.11364749
9622,-0.09680168
9623,-0.07882685
9624,-0.06353757
9625,-0.05908206
9626,-0.05865475
9627,-0.0753479
9628,-0.1073609
9629,-0.14758298
9630,-0.18707277
9631,-0.23486339
9632,-0.27175903
9633,-0.30822754
9634,-0.33248898
9635,-0.33605957
9636,-0.31802368
9637,-0.2843933
9638,-0.24810794
9639,-0.20587161
9640,-0.16406259
9641,-0.120269835
9642,-0.0782471
9643,-0.041778576
9644,-0.00042721257
9645,0.037994422
9646,0.075164795
9647,0.104095444
9648,0.11880493
9649,0.11788939
9650,0.11453245
9651,0.10818481
9652,0.10211181
9653,0.09265131
9654,0.08422853
9655,0.07720943
9656,0.077667296
9657,0.092041016
9658,0.113037124
9659,0.14416504
9660,0.17684934
9661,0.19949338
9662,0.2151489
9663,0.21948236
9664,0.22244266
9665,0.22064209
9666,0.21997076
9667,0.21728519
9668,0.20452881
9669,0.18847655
9670,0.1736145
9671,0.15618896
9672,0.14675902
9673,0.14062501
9674,0.12304687
9675,0.09307863
9676,0.06298829
9677,0.03573608
9678,0.013458271
9679,-0.007507339
9680,-0.036254853
9681,-0.06204225
9682,-0.08728027
9683,-0.10104369
9684,-0.115112305
9685,-0.13659668
9686,-0.14370729
9687,-0.13354494
9688,-0.12152101
9689,-0.11972046
9690,-0.13174437
9691,-0.1365967
9692,-0.13879395
9693,-0.14489748
9694,-0.14349365
9695,-0.13302611
9696,-0.11108397
9697,-0.091979995
9698,-0.076141365
9699,-0.061035156
9700,-0.03948973
9701,-0.011840809
9702,0.009521462
9703,0.016571015
9704,0.017944332
9705,0.022857662
9706,0.02243042
9707,0.013336189
9708,0.012451184
9709,0.027038585
9710,0.039916992
9711,0.04653929
9712,0.045410164
9713,0.05847168
9714,0.07498167
9715,0.0769043
9716,0.08361818
9717,0.07922367
9718,0.077667214
9719,0.07168581
9720,0.06326294
9721,0.051635742
9722,0.043609634
9723,0.034393296
9724,0.023559548
9725,0.021850593
9726,0.022155754
9727,0.021881104
9728,0.017883286
9729,0.010253929
9730,0.0031128004
9731,-0.01071167
9732,-0.021667495
9733,-0.029052742
9734,-0.0395813
9735,-0.05838012
9736,-0.081390396
9737,-0.08496094
9738,-0.07299804
9739,-0.046844475
9740,-0.019531243
9741,0.008819595
9742,0.029846206
9743,0.04919436
9744,0.0678406
9745,0.07553099
9746,0.06933593
9747,0.045684814
9748,0.022003185
9749,0.005188007
9750,-0.011322044
9751,-0.02319336
9752,-0.030609094
9753,-0.022735603
9754,-0.01565554
9755,-0.011077881
9756,-0.015655525
9757,-0.008422844
9758,0.013427742
9759,0.03149415
9760,0.04736329
9761,0.057067886
9762,0.077240005
9763,0.10446166
9764,0.12228393
9765,0.14080814
9766,0.14874268
9767,0.1572876
9768,0.15859985
9769,0.15142822
9770,0.14083862
9771,0.12728882
9772,0.11694336
9773,0.11151123
9774,0.10342407
9775,0.09094238
9776,0.0760498
9777,0.06796265
9778,0.06307982
9779,0.049530037
9780,0.026123049
9781,0.0108947735
9782,0.006622337
9783,0.0026550442
9784,-0.00048826542
9785,-0.002777107
9786,-0.010101333
9787,-0.023101784
9788,-0.038238507
9789,-0.05715946
9790,-0.066406265
9791,-0.07690427
9792,-0.07827758
9793,-0.078552246
9794,-0.0791931
9795,-0.072174035
9796,-0.06594847
9797,-0.062194806
9798,-0.061187733
9799,-0.06408693
9800,-0.07064821
9801,-0.0797119
9802,-0.08825683
9803,-0.08755492
9804,-0.08691408
9805,-0.087890625
9806,-0.09573364
9807,-0.09515381
9808,-0.08953855
9809,-0.079009995
9810,-0.08102417
9811,-0.08645631
9812,-0.08972171
9813,-0.08743285
9814,-0.070739724
9815,-0.056304947
9816,-0.043243416
9817,-0.027130142
9818,-0.022308324
9819,-0.02752686
9820,-0.035736084
9821,-0.042663556
9822,-0.043273926
9823,-0.046447754
9824,-0.041259743
9825,-0.026306137
9826,-0.016143799
9827,-0.01882933
9828,-0.029602021
9829,-0.029418962
9830,-0.015197769
9831,0.007873561
9832,0.021484379
9833,0.028442383
9834,0.033020012
9835,0.038299568
9836,0.045257583
9837,0.05422972
9838,0.05816651
9839,0.061706543
9840,0.06076048
9841,0.061798103
9842,0.06600953
9843,0.06689453
9844,0.07412719
9845,0.07162477
9846,0.06765748
9847,0.067687996
9848,0.06845093
9849,0.066162094
9850,0.04806518
9851,0.029388428
9852,0.01190185
9853,-0.008636486
9854,-0.033935558
9855,-0.051055923
9856,-0.055725113
9857,-0.052886948
9858,-0.04077147
9859,-0.028564475
9860,-0.0124511495
9861,0.009613045
9862,0.017974846
9863,0.011413604
9864,-0.0041503916
9865,-0.019714363
9866,-0.030456534
9867,-0.037750244
9868,-0.04995726
9869,-0.05868527
9870,-0.06945801
9871,-0.08489991
9872,-0.111450195
9873,-0.1323242
9874,-0.13504027
9875,-0.12823485
9876,-0.11889649
9877,-0.11279297
9878,-0.106048584
9879,-0.091644295
9880,-0.076385505
9881,-0.061676033
9882,-0.057281494
9883,-0.0619507
9884,-0.067993164
9885,-0.070709236
9886,-0.06646728
9887,-0.064910874
9888,-0.05694578
9889,-0.045776367
9890,-0.029388443
9891,-0.01306152
9892,-0.0036315806
9893,0.005126931
9894,0.0048827827
9895,0.00149538
9896,0.0031738319
9897,0.012512211
9898,0.028228749
9899,0.044097897
9900,0.05761719
9901,0.06604004
9902,0.07192993
9903,0.07809448
9904,0.085510254
9905,0.09161377
9906,0.091491684
9907,0.08343507
9908,0.0757141
9909,0.07098389
9910,0.075805664
9911,0.08532715
9912,0.09277345
9913,0.09686279
9914,0.10095216
9915,0.10229491
9916,0.09628296
9917,0.08312989
9918,0.07260132
9919,0.06430052
9920,0.059783917
9921,0.05627443
9922,0.05630495
9923,0.05932615
9924,0.05532836
9925,0.055908225
9926,0.053527825
9927,0.052764907
9928,0.046813965
9929,0.030853264
9930,0.007446293
9931,-0.01080323
9932,-0.021026598
9933,-0.020385752
9934,-0.027435316
9935,-0.036865238
9936,-0.04663086
9937,-0.048248306
9938,-0.046051048
9939,-0.0434265
9940,-0.04138182
9941,-0.037231445
9942,-0.025268568
9943,-0.015197745
9944,-0.0047607347
9945,0.007965069
9946,0.015472403
9947,0.018280044
9948,0.023895264
9949,0.02523804
9950,0.024383541
9951,0.018127427
9952,0.015380861
9953,0.018676752
9954,0.022796633
9955,0.027069084
9956,0.03158569
9957,0.032165512
9958,0.029541023
9959,0.02734375
9960,0.036315918
9961,0.03613282
9962,0.024871804
9963,0.012146
9964,0.008270267
9965,0.006164558
9966,0.006622322
9967,0.0066223107
9968,-0.0029602218
9969,-0.0060424693
9970,-0.008270264
9971,-0.014190674
9972,-0.024719235
9973,-0.034729
9974,-0.04122924
9975,-0.0336914
9976,-0.027282717
9977,-0.022796623
9978,-0.022460945
9979,-0.023590095
9980,-0.020660404
9981,-0.010345459
9982,0.012420661
9983,0.026733398
9984,0.022644036
9985,0.018493641
9986,0.022155758
9987,0.026794448
9988,0.029327407
9989,0.034667954
9990,0.03231811
9991,0.026092537
9992,0.017211922
9993,0.0060119703
9994,-0.006164542
9995,-0.017608643
9996,-0.032012925
9997,-0.03942871
9998,-0.04843141
9999,-0.054321285
10000,-0.06430054
10001,-0.06838989
10002,-0.06323244
10003,-0.055541977
10004,-0.049591064
10005,-0.047058124
10006,-0.051239032
10007,-0.061065696
10008,-0.07220459
10009,-0.08639527
10010,-0.09701538
10011,-0.10375977
10012,-0.10150147
10013,-0.09759522
10014,-0.087310806
10015,-0.08468628
10016,-0.08001709
10017,-0.069244385
10018,-0.054840088
10019,-0.03878784
10020,-0.029602047
10021,-0.02218628
10022,-0.015411377
10023,-0.013183609
10024,-0.020080581
10025,-0.023040771
10026,-0.0064697117
10027,0.012115464
10028,0.02792354
10029,0.04510498
10030,0.06851195
10031,0.087005585
10032,0.09890747
10033,0.107421875
10034,0.111328065
10035,0.11569205
10036,0.12155157
10037,0.12921137
10038,0.14114386
10039,0.16149896
10040,0.18954465
10041,0.22348022
10042,0.24758914
10043,0.26397702
10044,0.27865595
10045,0.29101562
10046,0.30810553
10047,0.30990595
10048,0.28790283
10049,0.26290894
10050,0.22030637
10051,0.1504822
10052,0.06426999
10053,-0.02291879
10054,-0.10235596
10055,-0.19299322
10056,-0.29135138
10057,-0.3799135
10058,-0.44689935
10059,-0.49285877
10060,-0.5246885
10061,-0.53704834
10062,-0.5240478
10063,-0.481964
10064,-0.42709357
10065,-0.361206
10066,-0.2924499
10067,-0.22076407
10068,-0.14706412
10069,-0.07891849
10070,-0.02627565
10071,0.029571518
10072,0.07894896
10073,0.105896056
10074,0.10913092
10075,0.117004216
10076,0.1313783
10077,0.13595581
10078,0.14413452
10079,0.16925049
10080,0.21115112
10081,0.2494204
10082,0.27352917
10083,0.29534924
10084,0.32400525
10085,0.3424989
10086,0.34551978
10087,0.33111584
10088,0.30975348
10089,0.27798456
10090,0.2362976
10091,0.19158936
10092,0.1671142
10093,0.1552124
10094,0.16619873
10095,0.1733399
10096,0.16149914
10097,0.13739002
10098,0.103515744
10099,0.065185666
10100,0.021026611
10101,-0.020050049
10102,-0.058990717
10103,-0.07611084
10104,-0.07037377
10105,-0.044677734
10106,0.013274908
10107,0.08483887
10108,0.17150855
10109,0.2710569
10110,0.37753272
10111,0.47457862
10112,0.56997675
10113,0.6318968
10114,0.654724
10115,0.64138806
10116,0.5953369
10117,0.46401983
10118,0.2546997
10119,0.0030821562
10120,-0.27801514
10121,-0.6051636
10122,-0.9738159
10123,-1.3522034
10124,-1.6995242
10125,-1.9835813
10126,-2.1838992
10127,-2.2907712
10128,-2.2991028
10129,-2.214569
10130,-2.0459595
10131,-1.8140259
10132,-1.5356444
10133,-1.2168579
10134,-0.8597106
10135,-0.47064197
10136,-0.06906137
10137,0.333252
10138,0.717102
10139,1.0804138
10140,1.4164735
10141,1.7201844
10142,1.9875488
10143,2.2249148
10144,2.4536743
10145,2.677033
10146,2.8710327
10147,2.9954834
10148,3.0334468
10149,2.9827275
10150,2.8365784
10151,2.605133
10152,2.2931213
10153,1.9110106
10154,1.4745481
10155,0.9864502
10156,0.46524036
10157,-0.06008929
10158,-0.5513307
10159,-1.0023497
10160,-1.3963319
10161,-1.7387695
10162,-2.0365598
10163,-2.2833862
10164,-2.4867554
10165,-2.6532593
10166,-2.8023376
10167,-2.9484558
10168,-3.0813904
10169,-3.1699524
10170,-3.1826785
10171,-3.1314697
10172,-3.0017095
10173,-2.8095703
10174,-2.5438843
10175,-2.223084
10176,-1.857666
10177,-1.4548342
10178,-1.0212709
10179,-0.57324225
10180,-0.1363526
10181,0.27725232
10182,0.6560057
10183,0.9989626
10184,1.3046569
10185,1.5727844
10186,1.7949523
10187,1.9847414
10188,2.149994
10189,2.2810366
10190,2.385498
10191,2.4401245
10192,2.4506836
10193,2.4127197
10194,2.313385
10195,2.1637268
10196,1.9758915
10197,1.7511902
10198,1.4945982
10199,1.214508
10200,0.91522217
10201,0.62716687
10202,0.34976214
10203,0.10864246
10204,-0.105926625
10205,-0.26950073
10206,-0.3733521
10207,-0.4368894
10208,-0.47668457
10209,-0.49545282
10210,-0.48608404
10211,-0.4706728
10212,-0.45874006
10213,-0.45721442
10214,-0.46795666
10215,-0.49902326
10216,-0.54992676
10217,-0.6189881
10218,-0.6965943
10219,-0.77813727
10220,-0.867218
10221,-0.94879144
10222,-1.0248414
10223,-1.0848083
10224,-1.1342468
10225,-1.1575011
10226,-1.1531982
10227,-1.1091003
10228,-1.0233765
10229,-0.8982849
10230,-0.75292987
10231,-0.5812685
10232,-0.38095093
10233,-0.1782837
10234,0.010345489
10235,0.17913812
10236,0.32528698
10237,0.44473255
10238,0.5309448
10239,0.5836181
10240,0.6144717
10241,0.6197206
10242,0.6046448
10243,0.583191
10244,0.54470813
10245,0.49490362
10246,0.43618798
10247,0.37756336
10248,0.31698602
10249,0.26983643
10250,0.23861669
10251,0.21221933
10252,0.18914795
10253,0.17727664
10254,0.17791755
10255,0.1784667
10256,0.18164071
10257,0.18634021
10258,0.19079602
10259,0.18484491
10260,0.1718141
10261,0.15350342
10262,0.14108284
10263,0.12826549
10264,0.112335294
10265,0.10397352
10266,0.08767702
10267,0.06018077
10268,0.024841383
10269,0.004943818
10270,-0.011932336
10271,-0.015167341
10272,0.0044249296
10273,0.040496856
10274,0.09133906
10275,0.15240476
10276,0.23040774
10277,0.3168946
10278,0.39163208
10279,0.45574954
10280,0.48489404
10281,0.50674427
10282,0.51089495
10283,0.48431396
10284,0.42947388
10285,0.37313855
10286,0.31045535
10287,0.23019415
10288,0.1313782
10289,0.025085524
10290,-0.07678217
10291,-0.18670654
10292,-0.28866568
10293,-0.36889654
10294,-0.42572027
10295,-0.47836304
10296,-0.5298462
10297,-0.5674744
10298,-0.58078
10299,-0.58029175
10300,-0.58245856
10301,-0.574646
10302,-0.5681456
10303,-0.5417787
10304,-0.4945373
10305,-0.4534912
10306,-0.40356448
10307,-0.33666992
10308,-0.26031488
10309,-0.17871094
10310,-0.09045406
10311,-0.0014342507
10312,0.07818605
10313,0.13775632
10314,0.17868054
10315,0.21270746
10316,0.2500915
10317,0.26361084
10318,0.25518793
10319,0.23941042
10320,0.23242188
10321,0.24334727
10322,0.23492429
10323,0.20880127
10324,0.20489511
10325,0.21166989
10326,0.20520025
10327,0.20333868
10328,0.2097473
10329,0.21759036
10330,0.21856692
10331,0.22354129
10332,0.24542242
10333,0.26040655
10334,0.2590027
10335,0.23800659
10336,0.20867929
10337,0.18453972
10338,0.17013548
10339,0.14685063
10340,0.120513886
10341,0.08984375
10342,0.058441132
10343,0.03668218
10344,0.017639127
10345,-0.013214074
10346,-0.062164254
10347,-0.09738158
10348,-0.11959836
10349,-0.15612791
10350,-0.19390872
10351,-0.2084656
10352,-0.21896361
10353,-0.2265625
10354,-0.21786493
10355,-0.20965575
10356,-0.1972351
10357,-0.19384763
10358,-0.18865962
10359,-0.17959599
10360,-0.16577145
10361,-0.15884401
10362,-0.15808111
10363,-0.15292364
10364,-0.14276123
10365,-0.12185662
10366,-0.103241004
10367,-0.08578488
10368,-0.059326123
10369,-0.04861452
10370,-0.057708733
10371,-0.051940903
10372,-0.016784675
10373,0.013366701
10374,-0.0077209584
10375,-0.035339355
10376,-0.009246819
10377,0.03259279
10378,0.025726322
10379,-0.009185787
10380,-0.029296884
10381,-0.028167715
10382,-0.03625487
10383,-0.041687004
10384,-0.03466795
10385,-0.015899658
10386,0.0021362402
10387,0.02401732
10388,0.0472107
10389,0.052368168
10390,0.05062867
10391,0.037933335
10392,0.030426044
10393,0.023803703
10394,0.008605957
10395,-0.0035705585
10396,-0.0020141676
10397,0.007568363
10398,0.017333973
10399,0.033142086
10400,0.04434204
10401,0.054748528
10402,0.08071898
10403,0.09811401
10404,0.09445193
10405,0.09075926
10406,0.09695433
10407,0.12109375
10408,0.12176511
10409,0.09887696
10410,0.089172356
10411,0.08953856
10412,0.087066665
10413,0.08102418
10414,0.07653808
10415,0.06933594
10416,0.06716919
10417,0.055877693
10418,0.038665757
10419,0.042480458
10420,0.046356194
10421,0.007812507
10422,-0.03878785
10423,-0.05242919
10424,-0.039672878
10425,-0.036804177
10426,-0.05889891
10427,-0.075256355
10428,-0.09036252
10429,-0.09259035
10430,-0.09490965
10431,-0.112304695
10432,-0.124053955
10433,-0.13037108
10434,-0.12567139
10435,-0.11825563
10436,-0.12634274
10437,-0.13864136
10438,-0.13784792
10439,-0.12203979
10440,-0.106536865
10441,-0.10720825
10442,-0.11047363
10443,-0.09454347
10444,-0.080535896
10445,-0.094970696
10446,-0.093322754
10447,-0.07507323
10448,-0.07687378
10449,-0.07836913
10450,-0.059783917
10451,-0.038452156
10452,-0.032562256
10453,-0.03222658
10454,-0.029998787
10455,-0.011413567
10456,-0.0016174167
10457,-0.010894772
10458,-0.005035393
10459,0.017242402
10460,0.017120358
10461,0.0043640174
10462,0.020324718
10463,0.054138176
10464,0.061523423
10465,0.048217773
10466,0.042938232
10467,0.06750488
10468,0.099029526
10469,0.11425781
10470,0.12646484
10471,0.13467406
10472,0.13049318
10473,0.12707518
10474,0.11138914
10475,0.07693483
10476,0.05389405
10477,0.03881836
10478,0.032958973
10479,0.0501709
10480,0.06311035
10481,0.06521606
10482,0.060699478
10483,0.063873276
10484,0.08547975
10485,0.088043205
10486,0.064697266
10487,0.03952025
10488,0.031158432
10489,0.028320327
10490,0.017639153
10491,0.0178833
10492,0.026397705
10493,0.01272583
10494,-0.0034790002
10495,-0.011657707
10496,-0.026519757
10497,-0.05374147
10498,-0.07382203
10499,-0.06793213
10500,-0.052734375
10501,-0.05612182
10502,-0.07473755
10503,-0.08212282
10504,-0.08691408
10505,-0.09332275
10506,-0.07241822
10507,-0.049377456
10508,-0.04937744
10509,-0.04541017
10510,-0.024902351
10511,-0.011444092
10512,-0.016540527
10513,-0.005310081
10514,0.024597168
10515,0.02337648
10516,0.021667495
10517,0.027984608
10518,0.010375977
10519,0.00027466565
10520,0.0003357008
10521,-0.0053710956
10522,-0.0068664644
10523,-0.0079345815
10524,-0.0058593787
10525,-0.0038146917
10526,-0.029479988
10527,-0.061096217
10528,-0.06781006
10529,-0.08316039
10530,-0.097473145
10531,-0.092498794
10532,-0.07678222
10533,-0.055603027
10534,-0.048034668
10535,-0.03967286
10536,-0.017242454
10537,0.009796135
10538,0.022033677
10539,0.013488762
10540,0.0019836575
10541,-0.004760742
10542,0.0075683706
10543,0.027648916
10544,0.0463562
10545,0.05691529
10546,0.06503295
10547,0.079589844
10548,0.09280397
10549,0.08740235
10550,0.080841064
10551,0.08087157
10552,0.078308105
10553,0.08673097
10554,0.10513305
10555,0.12017821
10556,0.11419679
10557,0.10562133
10558,0.10803222
10559,0.09011839
10560,0.055053696
10561,0.03759765
10562,0.036285415
10563,0.007659912
10564,-0.022308357
10565,-0.014770506
10566,0.0024108887
10567,-0.0073852595
10568,-0.041076668
10569,-0.07049559
10570,-0.075744644
10571,-0.083679214
10572,-0.09960939
10573,-0.12979126
10574,-0.15161133
10575,-0.14828491
10576,-0.12689209
10577,-0.124115005
10578,-0.12905882
10579,-0.13549806
10580,-0.15142825
10581,-0.15960692
10582,-0.13366696
10583,-0.1201172
10584,-0.12942503
10585,-0.108123764
10586,-0.062194817
10587,-0.0357666
10588,-0.029785147
10589,-0.02416993
10590,-0.010650637
10591,0.009246828
10592,0.021392824
10593,0.028717041
10594,0.03845214
10595,0.05584717
10596,0.08309938
10597,0.11322023
10598,0.13082887
10599,0.1425476
10600,0.15789795
10601,0.16265869
10602,0.1282654
10603,0.110534646
10604,0.11456296
10605,0.10336303
10606,0.10305785
10607,0.08621215
10608,0.07696533
10609,0.08181761
10610,0.062469482
10611,0.03732299
10612,0.01925659
10613,-0.0007934496
10614,0.0056762695
10615,0.015655521
10616,0.014160145
10617,0.012329087
10618,0.014190685
10619,0.027282737
10620,0.034851074
10621,0.037750237
10622,0.024871841
10623,-0.00750734
10624,-0.040466294
10625,-0.060791016
10626,-0.06445312
10627,-0.07916261
10628,-0.08590699
10629,-0.06863403
10630,-0.05706788
10631,-0.066467285
10632,-0.084136955
10633,-0.098205574
10634,-0.16098022
10635,-0.29788202
10636,-0.39935297
10637,-0.42428598
10638,-0.34884644
10639,-0.2208252
10640,-0.38534552
10641,-0.63223255
10642,-0.5329286
10643,-0.19573975
10644,0.14050293
10645,0.49813843
10646,0.69833374
10647,0.7245177
10648,0.6906127
10649,0.6039125
10650,0.53759754
10651,0.49020395
10652,0.4418641
10653,0.4250489
10654,0.43182367
10655,0.43963632
10656,0.37356567
10657,0.21957394
10658,0.1018067
10659,0.04766828
10660,0.060760558
10661,0.08392334
10662,-0.20074464
10663,-0.57806385
10664,-0.61672986
10665,-0.38558954
10666,-0.14187613
10667,0.1474303
10668,0.3243407
10669,0.3598938
10670,0.3174132
10671,0.18206793
10672,0.06311017
10673,-0.012298405
10674,-0.099365175
10675,-0.18060285
10676,-0.19512957
10677,-0.14889508
10678,-0.048309207
10679,0.050475955
10680,0.104522645
10681,0.11370838
10682,0.049591064
10683,-0.045837402
10684,-0.014953554
10685,0.039916933
10686,-0.07885739
10687,-0.30368036
10688,-0.51983637
10689,-0.73306286
10690,-0.84014904
10691,-0.819702
10692,-0.7684326
10693,-0.7145386
10694,-0.67929083
10695,-0.6462097
10696,-0.62573236
10697,-0.63113403
10698,-0.62246716
10699,-0.61892694
10700,-0.6746521
10701,-0.7597046
10702,-0.8076782
10703,-0.7885133
10704,-0.6607362
10705,-0.4961853
10706,-0.581604
10707,-0.71316516
10708,-0.51531994
10709,-0.09207152
10710,0.30560297
10711,0.73321533
10712,1.0291138
10713,1.1371764
10714,1.1920165
10715,1.1958925
10716,1.2026672
10717,1.2417908
10718,1.2810669
10719,1.3345643
10720,1.4475095
10721,1.5447083
10722,1.6214293
10723,1.6983031
10724,1.6917117
10725,1.5809326
10726,1.3675845
10727,1.071167
10728,0.92346203
10729,0.8368224
10730,0.59277356
10731,0.23349012
10732,-0.10702512
10733,-0.42535412
10734,-0.6418153
10735,-0.72393787
10736,-0.80233765
10737,-0.85339355
10738,-0.88226324
10739,-0.92858875
10740,-0.9501038
10741,-0.9794006
10742,-0.97824115
10743,-0.9415894
10744,-0.85525507
10745,-0.7065734
10746,-0.5746461
10747,-0.45309442
10748,-0.35403442
10749,-0.2670592
10750,-0.048095584
10751,0.16195667
10752,0.19772345
10753,0.094574004
10754,-0.040619016
10755,-0.2089844
10756,-0.31646734
10757,-0.32138062
10758,-0.28573608
10759,-0.22113039
10760,-0.17526239
10761,-0.14230359
10762,-0.11370836
10763,-0.11734022
10764,-0.12658696
10765,-0.16485596
10766,-0.1962282
10767,-0.15435809
10768,-0.1430359
10769,-0.17593393
10770,-0.24862671
10771,-0.34222406
10772,-0.2500916
10773,-0.061035156
10774,-0.0057373643
10775,-0.07949829
10776,-0.15429693
10777,-0.25048828
10778,-0.28140262
10779,-0.23278807
10780,-0.1637268
10781,-0.05401613
10782,0.05435186
10783,0.15405272
10784,0.2586363
10785,0.3743897
10786,0.45785534
10787,0.5202025
10788,0.60360724
10789,0.71228045
10790,0.8070679
10791,0.857178
10792,0.8581544
10793,0.8416443
10794,0.9431764
10795,1.0524901
10796,0.9824525
10797,0.7635803
10798,0.5432738
10799,0.2853089
10800,0.079406805
10801,-0.03558349
10802,-0.122497514
10803,-0.15017702
10804,-0.18084711
10805,-0.22238159
10806,-0.2568359
10807,-0.31781024
10808,-0.37991327
10809,-0.46282965
10810,-0.48416144
10811,-0.4615479
10812,-0.4477235
10813,-0.41052246
10814,-0.43395996
10815,-0.40756214
10816,-0.2818604
10817,-0.10656738
10818,-0.066803016
10819,-0.1712952
10820,-0.25180057
10821,-0.40209967
10822,-0.46557623
10823,-0.45874023
10824,-0.4392395
10825,-0.37014773
10826,-0.32882684
10827,-0.27722168
10828,-0.24761967
10829,-0.21798712
10830,-0.23873882
10831,-0.2724915
10832,-0.290039
10833,-0.30847162
10834,-0.29541016
10835,-0.27407825
10836,-0.23577884
10837,-0.1667481
10838,-0.10638432
10839,-0.05096431
10840,0.0014037788
10841,0.06085203
10842,0.1295471
10843,0.18386845
10844,0.21163946
10845,0.23257446
10846,0.24111937
10847,0.26431274
10848,0.29928592
10849,0.31018066
10850,0.30813596
10851,0.30661005
10852,0.27172863
10853,0.24139401
10854,0.21405035
10855,0.1685181
10856,0.1446228
10857,0.12908943
10858,0.1117859
10859,0.115539506
10860,0.101593
10861,0.06838994
10862,0.059967034
10863,0.042694077
10864,0.03805546
10865,0.049316436
10866,0.03048711
10867,0.03277586
10868,0.0042114398
10869,-0.03491211
10870,-0.03677368
10871,-0.07977291
10872,-0.11260988
10873,-0.12948613
10874,-0.16763297
10875,-0.18344115
10876,-0.1915282
10877,-0.21777341
10878,-0.20800787
10879,-0.19461052
10880,-0.1914368
10881,-0.14459231
10882,-0.14428712
10883,-0.13088983
10884,-0.1288147
10885,-0.12695317
10886,-0.081878625
10887,-0.07406613
10888,-0.04220576
10889,-0.02804567
10890,-0.008667007
10891,0.016571034
10892,0.026977543
10893,0.054321274
10894,0.02786255
10895,0.040130578
10896,0.022674613
10897,0.00375369
10898,0.002471961
10899,-0.03393554
10900,-0.026519774
10901,-0.03555295
10902,-0.038848907
10903,-0.04653936
10904,-0.037994392
10905,-0.033416703
10906,-0.021301284
10907,0.0014648214
10908,0.00744633
10909,0.056915328
10910,0.06631475
10911,0.09805297
10912,0.12640381
10913,0.11846923
10914,0.15548706
10915,0.15350342
10916,0.16357417
10917,0.16940309
10918,0.15521245
10919,0.16619873
10920,0.17581181
10921,0.17608646
10922,0.18222049
10923,0.18185428
10924,0.17623903
10925,0.17858884
10926,0.17941287
10927,0.18215942
10928,0.17297365
10929,0.15921019
10930,0.15371704
10931,0.14306642
10932,0.1391297
10933,0.113525376
10934,0.10412599
10935,0.08871459
10936,0.07287598
10937,0.07635497
10938,0.047424316
10939,0.055053696
10940,0.05142211
10941,0.039245613
10942,0.04614257
10943,0.02920533
10944,0.046203613
10945,0.045013443
10946,0.056701668
10947,0.06307983
10948,0.07031252
10949,0.08435058
10950,0.073822014
10951,0.0847473
10952,0.070495605
10953,0.06820679
10954,0.06500246
10955,0.03659057
10956,0.036407456
10957,0.014007563
10958,0.006073002
10959,-0.0015564077
10960,-0.0163269
10961,-0.025543207
10962,-0.046569824
10963,-0.055511475
10964,-0.070007324
10965,-0.0850525
10966,-0.10461426
10967,-0.119262695
10968,-0.1213379
10969,-0.13272096
10970,-0.12438965
10971,-0.12258911
10972,-0.12313843
10973,-0.112365715
10974,-0.11230469
10975,-0.10574339
10976,-0.08688355
10977,-0.081207275
10978,-0.062103275
10979,-0.045196526
10980,-0.04461671
10981,-0.023986816
10982,-0.023803703
10983,-0.026214607
10984,-0.023529058
10985,-0.03375244
10986,-0.024719242
10987,-0.020874035
10988,-0.02539061
10989,-0.020263694
10990,-0.01834105
10991,-0.0145874005
10992,-0.007812485
10993,-0.0010376042
10994,-0.00845336
10995,0.0005187914
10996,-0.0041503925
10997,-0.0015564002
10998,0.008453388
10999,-0.009216331
11000,-0.0070190392
11001,-0.011077881
11002,-0.01660157
11003,-0.010864258
11004,-0.00772094
11005,-0.004699692
11006,-0.003967285
11007,0.0060730055
11008,-0.0004272461
11009,0.004913315
11010,-0.0019226074
11011,-0.012878418
11012,0.0008239746
11013,-0.006347649
11014,0.0041809045
11015,0.021270756
11016,0.021514896
11017,0.043121345
11018,0.051635735
11019,0.052978497
11020,0.07061767
11021,0.06167603
11022,0.06649782
11023,0.08453369
11024,0.07907106
11025,0.09020996
11026,0.09768677
11027,0.07928468
11028,0.07690431
11029,0.058593754
11030,0.036346443
11031,0.032775883
11032,-0.0028686523
11033,-0.020507835
11034,-0.04211425
11035,-0.07577513
11036,-0.087921135
11037,-0.107116714
11038,-0.12472533
11039,-0.12832642
11040,-0.13601685
11041,-0.13973999
11042,-0.13952638
11043,-0.14486693
11044,-0.14395142
11045,-0.12969969
11046,-0.12289427
11047,-0.11273193
11048,-0.09655761
11049,-0.09521484
11050,-0.08947753
11051,-0.07763672
11052,-0.08618164
11053,-0.07177736
11054,-0.08230591
11055,-0.08605957
11056,-0.07852173
11057,-0.08709716
11058,-0.07901002
11059,-0.077026375
11060,-0.07382203
11061,-0.058929443
11062,-0.0499878
11063,-0.031250007
11064,-0.012542702
11065,0.0036316067
11066,0.017913852
11067,0.034332246
11068,0.04364016
11069,0.04757691
11070,0.06280516
11071,0.06149295
11072,0.07849123
11073,0.090728745
11074,0.09649658
11075,0.11813354
11076,0.11257932
11077,0.113861084
11078,0.115295425
11079,0.098358154
11080,0.100250244
11081,0.08737183
11082,0.077697754
11083,0.0694275
11084,0.06106565
11085,0.05502318
11086,0.041137673
11087,0.03195192
11088,0.017974868
11089,0.015502945
11090,0.01190187
11091,0.0058288723
11092,0.008605957
11093,-0.0031738281
11094,-0.004058823
11095,-0.012603775
11096,-0.02255249
11097,-0.021392837
11098,-0.030548126
11099,-0.038024887
11100,-0.044586174
11101,-0.062225334
11102,-0.06680299
11103,-0.08303834
11104,-0.08966066
11105,-0.10208131
11106,-0.115020745
11107,-0.12503052
11108,-0.13641357
11109,-0.14450073
11110,-0.15667722
11111,-0.16256714
11112,-0.1658325
11113,-0.16525267
11114,-0.16107179
11115,-0.15853883
11116,-0.14486694
11117,-0.13375857
11118,-0.11410518
11119,-0.08749389
11120,-0.067230225
11121,-0.03225708
11122,-0.0036926195
11123,0.025360122
11124,0.053588845
11125,0.06878663
11126,0.08935545
11127,0.10116578
11128,0.1142578
11129,0.12741089
11130,0.13470459
11131,0.14627075
11132,0.14807129
11133,0.14752196
11134,0.14736938
11135,0.142334
11136,0.14651488
11137,0.14559937
11138,0.14904787
11139,0.15191647
11140,0.15652466
11141,0.16171265
11142,0.16061401
11143,0.16116334
11144,0.15914918
11145,0.15231323
11146,0.14309692
11147,0.12509155
11148,0.103668205
11149,0.07284547
11150,0.038787827
11151,0.007904045
11152,-0.03396608
11153,-0.06619266
11154,-0.095275864
11155,-0.12030028
11156,-0.13446045
11157,-0.14758301
11158,-0.1567688
11159,-0.16101077
11160,-0.167511
11161,-0.16921999
11162,-0.16073607
11163,-0.15783691
11164,-0.14553834
11165,-0.1333313
11166,-0.12402345
11167,-0.103515625
11168,-0.090332046
11169,-0.06900024
11170,-0.04492189
11171,-0.03567505
11172,-0.022521965
11173,-0.0128173735
11174,-0.011871342
11175,-0.0030822721
11176,-0.004150398
11177,0.0007934647
11178,0.012664775
11179,0.016693119
11180,0.0281372
11181,0.049255356
11182,0.054931637
11183,0.066986084
11184,0.07214356
11185,0.0715027
11186,0.075958274
11187,0.07608032
11188,0.07601929
11189,0.085235596
11190,0.07263182
11191,0.06347658
11192,0.054504383
11193,0.03750611
11194,0.01962281
11195,0.0062255785
11196,-0.012023933
11197,-0.014923096
11198,-0.025543243
11199,-0.035949722
11200,-0.033111572
11201,-0.046112075
11202,-0.04962159
11203,-0.04449465
11204,-0.049926758
11205,-0.04699705
11206,-0.044769295
11207,-0.051361084
11208,-0.043640126
11209,-0.04714965
11210,-0.050598152
11211,-0.041381843
11212,-0.046569824
11213,-0.04217528
11214,-0.039520264
11215,-0.047698982
11216,-0.04129026
11217,-0.03866578
11218,-0.04907228
11219,-0.04150389
11220,-0.04516604
11221,-0.045715347
11222,-0.03466798
11223,-0.03341675
11224,-0.02545166
11225,-0.000610359
11226,-0.002716072
11227,0.020172149
11228,0.027465802
11229,0.027496345
11230,0.039398216
11231,0.04177858
11232,0.0363159
11233,0.054382317
11234,0.042968765
11235,0.048309315
11236,0.058715828
11237,0.04611206
11238,0.054992683
11239,0.053741463
11240,0.047302254
11241,0.05886841
11242,0.06649779
11243,0.055786137
11244,0.08135985
11245,0.06527711
11246,0.06582643
11247,0.07312013
11248,0.04806518
11249,0.049163833
11250,0.03381347
11251,0.011077896
11252,0.0035705566
11253,-0.0018615574
11254,-0.036468517
11255,-0.015899662
11256,-0.0479431
11257,-0.042633053
11258,-0.042907726
11259,-0.044006355
11260,-0.03927611
11261,-0.02059938
11262,-0.023284912
11263,-0.00784301
11264,0.017059311
11265,0.0019836575
11266,0.035217293
11267,0.018951401
11268,0.0345459
11269,0.0385437
11270,0.05035402
11271,0.042022735
11272,0.061676025
11273,0.05398561
11274,0.06964111
11275,0.092376724
11276,0.09551999
11277,0.13058472
11278,0.14605714
11279,0.16351318
11280,0.18957518
11281,0.21273807
11282,0.22470093
11283,0.26818854
11284,0.2846374
11285,0.29989624
11286,0.33389282
11287,0.33898926
11288,0.33309937
11289,0.32107544
11290,0.27200317
11291,0.23693849
11292,0.17465208
11293,0.09286499
11294,0.021331787
11295,-0.042938173
11296,-0.13424689
11297,-0.23016348
11298,-0.32431024
11299,-0.41610718
11300,-0.46914673
11301,-0.5272218
11302,-0.536255
11303,-0.5425414
11304,-0.5072938
11305,-0.459198
11306,-0.3932801
11307,-0.31607047
11308,-0.22695914
11309,-0.13598639
11310,-0.05935669
11311,0.025543228
11312,0.07177734
11313,0.13162231
11314,0.16213995
11315,0.17446893
11316,0.19616699
11317,0.2265321
11318,0.23696893
11319,0.2449646
11320,0.2591554
11321,0.2694702
11322,0.31188965
11323,0.3392943
11324,0.36654663
11325,0.38723767
11326,0.3802489
11327,0.35961902
11328,0.33358765
11329,0.2858582
11330,0.26123047
11331,0.22216785
11332,0.17697144
11333,0.14300537
11334,0.098114
11335,0.059021056
11336,0.054412782
11337,0.02343744
11338,0.0039061308
11339,0.009155512
11340,0.012298346
11341,0.05899048
11342,0.11483765
11343,0.14816284
11344,0.19662476
11345,0.22164893
11346,0.24118018
11347,0.24209619
11348,0.21292114
11349,0.14764404
11350,0.109802485
11351,0.03970337
11352,0.0132751465
11353,0.022644162
11354,-0.00527966
11355,-0.004760802
11356,-0.044189468
11357,-0.079955965
11358,-0.16857928
11359,-0.27966332
11360,-0.43893433
11361,-0.5900266
11362,-0.7874148
11363,-1.0025632
11364,-1.2010498
11365,-1.4193723
11366,-1.5808716
11367,-1.7242129
11368,-1.7843933
11369,-1.786926
11370,-1.733063
11371,-1.6484072
11372,-1.5121765
11373,-1.338684
11374,-1.1249996
11375,-0.8432007
11376,-0.52868676
11377,-0.14291394
11378,0.22296149
11379,0.5595703
11380,0.89886475
11381,1.2038572
11382,1.4862976
11383,1.7571716
11384,2.0003357
11385,2.2269287
11386,2.4481506
11387,2.5979004
11388,2.7461243
11389,2.8296509
11390,2.8364868
11391,2.785461
11392,2.6368103
11393,2.4078062
11394,2.1496882
11395,1.8090514
11396,1.4175415
11397,1.0061035
11398,0.5189513
11399,0.019622803
11400,-0.461029
11401,-0.9531556
11402,-1.3631593
11403,-1.7289122
11404,-2.0731204
11405,-2.3353271
11406,-2.566162
11407,-2.736328
11408,-2.8469543
11409,-2.9418335
11410,-3.0144043
11411,-3.0356448
11412,-3.0350041
11413,-2.9719543
11414,-2.8599854
11415,-2.7368164
11416,-2.5322266
11417,-2.2936096
11418,-2.0117493
11419,-1.6622925
11420,-1.2679751
11421,-0.82406604
11422,-0.36935437
11423,0.06777942
11424,0.47866815
11425,0.8739929
11426,1.2070926
11427,1.5015868
11428,1.7524719
11429,1.9519346
11430,2.1051025
11431,2.2091064
11432,2.274994
11433,2.3053284
11434,2.2850347
11435,2.2482603
11436,2.170105
11437,2.0628052
11438,1.9323729
11439,1.7626343
11440,1.5603333
11441,1.3300171
11442,1.082367
11443,0.81015015
11444,0.5788574
11445,0.30441278
11446,0.09634413
11447,-0.08361812
11448,-0.25109857
11449,-0.37866214
11450,-0.48489362
11451,-0.5681459
11452,-0.6356814
11453,-0.6784363
11454,-0.7305603
11455,-0.7507324
11456,-0.7918091
11457,-0.8089296
11458,-0.8217772
11459,-0.8240051
11460,-0.8169251
11461,-0.80520636
11462,-0.8096619
11463,-0.8278808
11464,-0.8395691
11465,-0.8523253
11466,-0.8368225
11467,-0.82177746
11468,-0.7701416
11469,-0.70498645
11470,-0.6204223
11471,-0.5304568
11472,-0.41986078
11473,-0.30560315
11474,-0.19525145
11475,-0.08648689
11476,0.008453384
11477,0.10302742
11478,0.16281132
11479,0.23217772
11480,0.29074097
11481,0.36346436
11482,0.42083746
11483,0.47906488
11484,0.51156604
11485,0.5148622
11486,0.5150758
11487,0.49142468
11488,0.48776233
11489,0.4766845
11490,0.4768678
11491,0.4721681
11492,0.47619632
11493,0.4703064
11494,0.4525147
11495,0.4337157
11496,0.38690177
11497,0.35479724
11498,0.30838
11499,0.25891113
11500,0.20184332
11501,0.15658574
11502,0.117828414
11503,0.10021981
11504,0.09231566
11505,0.08529665
11506,0.08432002
11507,0.06686401
11508,0.044891477
11509,0.020263663
11510,0.003204327
11511,-0.014038071
11512,-0.02053829
11513,-0.026763882
11514,-0.023773234
11515,-0.021331817
11516,-0.0019530803
11517,0.0126037
11518,0.030120924
11519,0.053802397
11520,0.08560184
11521,0.11969004
11522,0.14849858
11523,0.17410284
11524,0.19067387
11525,0.21966559
11526,0.22601318
11527,0.2397461
11528,0.22308344
11529,0.18481444
11530,0.12686169
11531,0.055328354
11532,-0.022186276
11533,-0.0874023
11534,-0.14007564
11535,-0.19387816
11536,-0.22131355
11537,-0.25347897
11538,-0.27291876
11539,-0.2889099
11540,-0.2980346
11541,-0.29983526
11542,-0.29907227
11543,-0.30014035
11544,-0.2986756
11545,-0.30496204
11546,-0.29736322
11547,-0.2780456
11548,-0.25390622
11549,-0.21063231
11550,-0.16717532
11551,-0.11242676
11552,-0.05419915
11553,0.008789017
11554,0.062286377
11555,0.12777714
11556,0.1812744
11557,0.23626706
11558,0.27984616
11559,0.29980472
11560,0.32556152
11561,0.3372803
11562,0.34152228
11563,0.33831784
11564,0.33142093
11565,0.3191223
11566,0.31097412
11567,0.29663092
11568,0.27630615
11569,0.2588501
11570,0.22875975
11571,0.21157841
11572,0.19030763
11573,0.17214966
11574,0.1518555
11575,0.12484734
11576,0.0894776
11577,0.05554206
11578,0.00991822
11579,-0.025848448
11580,-0.055725176
11581,-0.098907456
11582,-0.12200929
11583,-0.14590448
11584,-0.16061395
11585,-0.16769406
11586,-0.17248532
11587,-0.1795654
11588,-0.17858884
11589,-0.18328857
11590,-0.18515012
11591,-0.17770386
11592,-0.1771546
11593,-0.17276
11594,-0.18200684
11595,-0.17941286
11596,-0.18218994
11597,-0.17803958
11598,-0.18182367
11599,-0.17687985
11600,-0.16149902
11601,-0.13891605
11602,-0.1133118
11603,-0.10101323
11604,-0.08377075
11605,-0.08346551
11606,-0.07394404
11607,-0.0783081
11608,-0.07666013
11609,-0.07553098
11610,-0.0707703
11611,-0.0741577
11612,-0.065155014
11613,-0.054229736
11614,-0.045166023
11615,-0.030181896
11616,-0.020477295
11617,-0.003906254
11618,0.009033198
11619,0.021575931
11620,0.023712166
11621,0.0316162
11622,0.03268434
11623,0.0480957
11624,0.051177964
11625,0.04907227
11626,0.04565429
11627,0.038421635
11628,0.03399659
11629,0.028625492
11630,0.024993896
11631,0.0159607
11632,0.011871353
11633,0.0070495717
11634,0.0073852465
11635,0.0042114295
11636,-0.00045775808
11637,-0.0068359515
11638,-0.009155268
11639,-0.008850103
11640,-0.0075683575
11641,-0.00024414062
11642,0.0010681273
11643,0.005676277
11644,-0.004974364
11645,-0.008361818
11646,-0.011413582
11647,-0.017608633
11648,-0.029205328
11649,-0.04611206
11650,-0.06213378
11651,-0.08398437
11652,-0.09558105
11653,-0.110961914
11654,-0.11953735
11655,-0.12237547
11656,-0.11087037
11657,-0.096954346
11658,-0.07635499
11659,-0.059448246
11660,-0.049987797
11661,-0.0413208
11662,-0.03726197
11663,-0.031982414
11664,-0.028259274
11665,-0.025878906
11666,-0.025970444
11667,-0.02532959
11668,-0.024810791
11669,-0.020324707
11670,-0.024505623
11671,-0.027709961
11672,-0.035125732
11673,-0.039489746
11674,-0.04144287
11675,-0.03726196
11676,-0.025726318
11677,-0.017395034
11678,-0.000579834
11679,0.012359627
11680,0.032714855
11681,0.04330443
11682,0.0614319
11683,0.076293945
11684,0.09100341
11685,0.109588616
11686,0.11947632
11687,0.13101196
11688,0.13192749
11689,0.13143921
11690,0.120819084
11691,0.109497085
11692,0.09167479
11693,0.07424926
11694,0.052246094
11695,0.03314209
11696,0.015838629
11697,-0.0026855469
11698,-0.015075695
11699,-0.021850578
11700,-0.016174346
11701,-0.009155259
11702,0.003356956
11703,0.009582497
11704,0.018127441
11705,0.019744858
11706,0.018188477
11707,0.018188484
11708,0.018127434
11709,0.015472412
11710,-0.00024414062
11711,-0.024932865
11712,-0.040222187
11713,-0.047790524
11714,-0.058258057
11715,-0.06088256
11716,-0.06726074
11717,-0.074188225
11718,-0.0823059
11719,-0.08624268
11720,-0.09344483
11721,-0.09713745
11722,-0.09249879
11723,-0.09356691
11724,-0.08819579
11725,-0.086792
11726,-0.07904054
11727,-0.0669861
11728,-0.050506584
11729,-0.033935532
11730,-0.016998313
11731,-0.00491333
11732,0.006042458
11733,0.0067749023
11734,0.010925278
11735,0.01687622
11736,0.02615358
11737,0.037506107
11738,0.045074478
11739,0.05474853
11740,0.059326164
11741,0.06777951
11742,0.08016968
11743,0.09265135
11744,0.1104126
11745,0.12539674
11746,0.138031
11747,0.1413269
11748,0.14099123
11749,0.14318848
11750,0.14007565
11751,0.13842773
11752,0.13146973
11753,0.12509155
11754,0.112091064
11755,0.09817505
11756,0.08663939
11757,0.07455447
11758,0.07055665
11759,0.0656433
11760,0.071167
11761,0.07250975
11762,0.06814574
11763,0.056274407
11764,0.033264168
11765,0.00823975
11766,-0.017028816
11767,-0.046875
11768,-0.073547356
11769,-0.09713746
11770,-0.1173401
11771,-0.12597658
11772,-0.13101193
11773,-0.13174438
11774,-0.12719728
11775,-0.12069702
11776,-0.11462404
11777,-0.11621094
11778,-0.114227295
11779,-0.11239624
11780,-0.10345459
11781,-0.09414671
11782,-0.08337402
11783,-0.07901
11784,-0.07470702
11785,-0.06484987
11786,-0.055023197
11787,-0.04052736
11788,-0.024230946
11789,-0.012634285
11790,-0.004394535
11791,-0.00036619604
11792,-0.0026245192
11793,-0.0036010742
11794,-0.005157478
11795,-0.013458237
11796,-0.021606445
11797,-0.03112793
11798,-0.031402588
11799,-0.0276184
11800,-0.021057121
11801,-0.015136704
11802,-0.009857163
11803,-0.00799562
11804,-0.0054016113
11805,-0.00402835
11806,-0.009063743
11807,0.0033874288
11808,-0.034149162
11809,0.0054626204
11810,0.031646743
11811,0.0018920805
11812,0.0019531325
11813,-0.015960686
11814,-0.02957154
11815,-0.051605236
11816,-0.06661985
11817,-0.08688355
11818,-0.09173585
11819,-0.09518434
11820,-0.087066635
11821,-0.075988755
11822,-0.065765366
11823,-0.05651854
11824,-0.042358384
11825,-0.027252197
11826,-0.0071716607
11827,0.011199936
11828,0.02304075
11829,0.047088623
11830,0.023742676
11831,0.07815551
11832,0.12731932
11833,0.11990357
11834,0.13839722
11835,0.14224242
11836,0.14569092
11837,0.14968872
11838,0.15835573
11839,0.15985104
11840,0.16928099
11841,0.16934201
11842,0.16970825
11843,0.17022707
11844,0.16625977
11845,0.16122437
11846,0.1557312
11847,0.13784793
11848,0.12902829
11849,0.10775757
11850,0.102142334
11851,0.08615113
11852,0.09744266
11853,0.06661987
11854,0.036468506
11855,0.030212402
11856,0.014556885
11857,0.008911148
11858,-0.008087166
11859,-0.029479973
11860,-0.061676025
11861,-0.09173585
11862,-0.1199646
11863,-0.13494875
11864,-0.14627075
11865,-0.15518188
11866,-0.17272946
11867,-0.1868286
11868,-0.20355226
11869,-0.21063232
11870,-0.2206421
11871,-0.22021486
11872,-0.22180176
11873,-0.20889282
11874,-0.29214475
11875,-0.3568421
11876,-0.38815317
11877,-0.4205932
11878,-0.3652649
11879,-0.30688477
11880,-0.4971619
11881,-0.6845399
11882,-0.5590211
11883,-0.16830446
11884,0.2705384
11885,0.67443866
11886,0.93106097
11887,0.9415895
11888,0.85446167
11889,0.7182616
11890,0.60684216
11891,0.5102844
11892,0.42944342
11893,0.36993408
11894,0.35003653
11895,0.33474743
11896,0.26690686
11897,0.08328241
11898,-0.06451422
11899,-0.13092035
11900,-0.16152954
11901,-0.1734009
11902,-0.45520023
11903,-0.72210705
11904,-0.6878662
11905,-0.35778803
11906,0.035949707
11907,0.4212649
11908,0.69192517
11909,0.723999
11910,0.65399176
11911,0.5178833
11912,0.38461322
11913,0.24774164
11914,0.122528076
11915,0.01904285
11916,-0.02304089
11917,-0.040771365
11918,-0.01223743
11919,0.0002746582
11920,-0.007812381
11921,-0.0057677627
11922,-0.05441293
11923,-0.121673614
11924,-0.09939569
11925,-0.08679196
11926,-0.23022455
11927,-0.50176996
11928,-0.7608338
11929,-0.9533386
11930,-1.0703431
11931,-1.0565187
11932,-0.9743652
11933,-0.8886107
11934,-0.8523864
11935,-0.8359681
11936,-0.8277589
11937,-0.784485
11938,-0.7124939
11939,-0.64660645
11940,-0.623474
11941,-0.70480347
11942,-0.7417604
11943,-0.6803589
11944,-0.54776
11945,-0.35925305
11946,-0.43502817
11947,-0.49157727
11948,-0.2528993
11949,0.24682611
11950,0.7790834
11951,1.2775271
11952,1.5961916
11953,1.6372683
11954,1.6109619
11955,1.5295714
11956,1.4507446
11957,1.3679199
11958,1.2888795
11959,1.2449342
11960,1.2639465
11961,1.2728577
11962,1.2792665
11963,1.2383118
11964,1.1563721
11965,1.0608823
11966,0.8856813
11967,0.68051136
11968,0.5940246
11969,0.51678467
11970,0.30929583
11971,0.0128174275
11972,-0.2720032
11973,-0.5091553
11974,-0.63827527
11975,-0.6194152
11976,-0.57919294
11977,-0.5348509
11978,-0.5152893
11979,-0.51223755
11980,-0.5116577
11981,-0.5368652
11982,-0.58703613
11983,-0.64367676
11984,-0.62731916
11985,-0.5969543
11986,-0.57525635
11987,-0.5310974
11988,-0.5096436
11989,-0.46575937
11990,-0.30511457
11991,-0.1502685
11992,-0.16635133
11993,-0.34402472
11994,-0.5571595
11995,-0.7563783
11996,-0.9055785
11997,-0.9467163
11998,-0.8973388
11999,-0.81567377
12000,-0.7571107
12001,-0.7008666
12002,-0.64996326
12003,-0.5733947
12004,-0.47879034
12005,-0.3892517
12006,-0.2796632
12007,-0.1401062
12008,-0.02328509
12009,0.068572834
12010,0.13031022
12011,0.18621814
12012,0.38803095
12013,0.590088
12014,0.6518251
12015,0.5838012
12016,0.48458868
12017,0.38076776
12018,0.3383788
12019,0.4134217
12020,0.51522833
12021,0.63540643
12022,0.7510681
12023,0.8569946
12024,0.9450378
12025,0.9913331
12026,0.97579974
12027,0.925537
12028,0.9008484
12029,0.90371704
12030,0.87490845
12031,0.8016968
12032,0.68911743
12033,0.57156384
12034,0.59783936
12035,0.62527466
12036,0.5002441
12037,0.24237055
12038,-0.056976393
12039,-0.3534547
12040,-0.57369983
12041,-0.663269
12042,-0.71249384
12043,-0.72186273
12044,-0.7196046
12045,-0.7026061
12046,-0.6795959
12047,-0.6810302
12048,-0.707367
12049,-0.73632807
12050,-0.7018433
12051,-0.60769653
12052,-0.51794446
12053,-0.4520265
12054,-0.40765378
12055,-0.36151123
12056,-0.16909783
12057,0.016082853
12058,0.046081528
12059,-0.071930006
12060,-0.23358156
12061,-0.40338147
12062,-0.51205444
12063,-0.4986878
12064,-0.44778448
12065,-0.35678107
12066,-0.26037604
12067,-0.15524292
12068,-0.059906058
12069,0.0017699907
12070,0.015655577
12071,0.012695274
12072,0.02023302
12073,0.03775026
12074,0.06326294
12075,0.078887984
12076,0.100585856
12077,0.12353526
12078,0.16308594
12079,0.20495602
12080,0.24127184
12081,0.27102655
12082,0.2781372
12083,0.25961304
12084,0.23809819
12085,0.21502686
12086,0.18325798
12087,0.16397087
12088,0.16787721
12089,0.18338013
12090,0.20370482
12091,0.20617674
12092,0.19000247
12093,0.16784665
12094,0.15753165
12095,0.15188597
12096,0.14187625
12097,0.12771611
12098,0.110382035
12099,0.09054577
12100,0.080078095
12101,0.07025145
12102,0.06182855
12103,0.05075074
12104,0.028656011
12105,-0.0010986142
12106,-0.026916478
12107,-0.04479985
12108,-0.07464605
12109,-0.09561163
12110,-0.102508515
12111,-0.10372926
12112,-0.10147096
12113,-0.11413578
12114,-0.14074706
12115,-0.16134644
12116,-0.16796884
12117,-0.1628418
12118,-0.14776604
12119,-0.13381949
12120,-0.11196907
12121,-0.090454
12122,-0.06936643
12123,-0.053314254
12124,-0.043212987
12125,-0.046234123
12126,-0.050445568
12127,-0.06561279
12128,-0.07894893
12129,-0.09338385
12130,-0.10119634
12131,-0.1033631
12132,-0.0936279
12133,-0.08459474
12134,-0.07568361
12135,-0.06665043
12136,-0.054565407
12137,-0.036590584
12138,-0.018585257
12139,-0.0029907264
12140,0.014312788
12141,0.03500372
12142,0.054046616
12143,0.07449348
12144,0.08895872
12145,0.10119626
12146,0.11230464
12147,0.11871338
12148,0.12619022
12149,0.13107301
12150,0.13674924
12151,0.13958739
12152,0.14572142
12153,0.15362544
12154,0.16769412
12155,0.17614743
12156,0.18753049
12157,0.19912718
12158,0.20458989
12159,0.20724486
12160,0.2038574
12161,0.19577026
12162,0.1772156
12163,0.15948491
12164,0.14285277
12165,0.12487799
12166,0.10537718
12167,0.08853148
12168,0.075622514
12169,0.059600826
12170,0.04562377
12171,0.029846203
12172,0.013610848
12173,-0.0009765681
12174,-0.013763428
12175,-0.025390632
12176,-0.032562252
12177,-0.035736073
12178,-0.03829955
12179,-0.039520256
12180,-0.03961181
12181,-0.035278328
12182,-0.027221672
12183,-0.0150451735
12184,-0.0008850079
12185,0.014556887
12186,0.02066041
12187,0.024566658
12188,0.02249144
12189,0.014648432
12190,0.0071106115
12191,-0.0036620977
12192,-0.010864238
12193,-0.025543224
12194,-0.03851319
12195,-0.050781257
12196,-0.060333245
12197,-0.066101074
12198,-0.06671143
12199,-0.066253655
12200,-0.063873276
12201,-0.059753418
12202,-0.05535889
12203,-0.04669188
12204,-0.042053215
12205,-0.03750611
12206,-0.038757328
12207,-0.040344227
12208,-0.04745483
12209,-0.051757794
12210,-0.05987549
12211,-0.06781005
12212,-0.07577515
12213,-0.08084108
12214,-0.080535896
12215,-0.07952881
12216,-0.07382202
12217,-0.0713501
12218,-0.069763176
12219,-0.07278443
12220,-0.07159424
12221,-0.066223145
12222,-0.059387207
12223,-0.050750736
12224,-0.045928966
12225,-0.040802
12226,-0.030456536
12227,-0.021942148
12228,-0.01550293
12229,-0.011962878
12230,-0.011993402
12231,-0.011016839
12232,-0.012512211
12233,-0.016052239
12234,-0.020721426
12235,-0.022033695
12236,-0.02239991
12237,-0.02084351
12238,-0.020050045
12239,-0.018859863
12240,-0.017272927
12241,-0.016815193
12242,-0.016326897
12243,-0.019348145
12244,-0.021148708
12245,-0.022827152
12246,-0.016143803
12247,-0.009246837
12248,0.002380371
12249,0.013732918
12250,0.027130134
12251,0.037902832
12252,0.04022217
12253,0.04333495
12254,0.044677734
12255,0.047668472
12256,0.04562378
12257,0.046112068
12258,0.044799812
12259,0.041534416
12260,0.03295898
12261,0.02859498
12262,0.023010254
12263,0.014495849
12264,0.0011901706
12265,-0.011993399
12266,-0.024993889
12267,-0.038909916
12268,-0.048217773
12269,-0.054992672
12270,-0.060363755
12271,-0.061492935
12272,-0.054870613
12273,-0.044433583
12274,-0.03323364
12275,-0.024902336
12276,-0.018218994
12277,-0.022033682
12278,-0.025207514
12279,-0.02444458
12280,-0.026641842
12281,-0.028015146
12282,-0.03164673
12283,-0.039978035
12284,-0.046447746
12285,-0.053833008
12286,-0.06506346
12287,-0.070282
12288,-0.07910157
12289,-0.08041383
12290,-0.08016969
12291,-0.07858276
12292,-0.07339479
12293,-0.06982422
12294,-0.06777955
12295,-0.06661988
12296,-0.06515505
12297,-0.06552124
12298,-0.055297844
12299,-0.04489136
12300,-0.030120833
12301,-0.014709484
12302,-0.0022888258
12303,0.0126342885
12304,0.019927971
12305,0.037780773
12306,0.05703736
12307,0.07827759
12308,0.09027099
12309,0.097167976
12310,0.10079955
12311,0.10354616
12312,0.11059572
12313,0.11444092
12314,0.11541748
12315,0.12261964
12316,0.12765506
12317,0.13192749
12318,0.13281253
12319,0.12124634
12320,0.113494866
12321,0.104949936
12322,0.09298706
12323,0.08569338
12324,0.07940674
12325,0.07626342
12326,0.064941384
12327,0.060760483
12328,0.057250977
12329,0.05920412
12330,0.05804443
12331,0.054992653
12332,0.047088616
12333,0.046478264
12334,0.040893566
12335,0.036590584
12336,0.02584837
12337,0.019317618
12338,0.014404304
12339,0.014190674
12340,0.023651117
12341,0.026275631
12342,0.03610228
12343,0.038818352
12344,0.044738777
12345,0.04959108
12346,0.056915265
12347,0.06256102
12348,0.06707762
12349,0.0673828
12350,0.06634521
12351,0.06790164
12352,0.059234608
12353,0.05487058
12354,0.04116821
12355,0.03463745
12356,0.017883316
12357,0.004486084
12358,-0.012207039
12359,-0.031951893
12360,-0.05123903
12361,-0.074462906
12362,-0.09503174
12363,-0.11361693
12364,-0.12808226
12365,-0.13485718
12366,-0.1394653
12367,-0.14215088
12368,-0.14416504
12369,-0.14437865
12370,-0.14257812
12371,-0.13552855
12372,-0.12567139
12373,-0.112518296
12374,-0.09533693
12375,-0.0819397
12376,-0.065399155
12377,-0.04577637
12378,-0.034576397
12379,-0.017700192
12380,-0.008087181
12381,0.0052490365
12382,0.013641356
12383,0.022186272
12384,0.028961197
12385,0.032928467
12386,0.032104485
12387,0.034484856
12388,0.038879387
12389,0.04351808
12390,0.05505371
12391,0.06781006
12392,0.07922363
12393,0.08728026
12394,0.0901489
12395,0.090972915
12396,0.08898924
12397,0.08615112
12398,0.08581542
12399,0.084686294
12400,0.07897949
12401,0.070037834
12402,0.057586677
12403,0.04232788
12404,0.026214601
12405,0.013549803
12406,0.0026855357
12407,-0.004180923
12408,-0.014099121
12409,-0.020965574
12410,-0.026153553
12411,-0.028778076
12412,-0.026702896
12413,-0.025878914
12414,-0.020294184
12415,-0.017120348
12416,-0.018005377
12417,-0.014984131
12418,-0.009246826
12419,-0.009155281
12420,-0.0061340183
12421,-0.00918581
12422,-0.016082773
12423,-0.019409172
12424,-0.022796633
12425,-0.02914427
12426,-0.037872322
12427,-0.047637954
12428,-0.05551148
12429,-0.05783081
12430,-0.06887817
12431,-0.07238768
12432,-0.07928467
12433,-0.086242676
12434,-0.089965805
12435,-0.0906677
12436,-0.08978269
12437,-0.0897522
12438,-0.09069826
12439,-0.09786988
12440,-0.09332277
12441,-0.09228514
12442,-0.08590699
12443,-0.078887925
12444,-0.07934572
12445,-0.0756836
12446,-0.06976319
12447,-0.0687561
12448,-0.064300545
12449,-0.061309792
12450,-0.06240846
12451,-0.06097413
12452,-0.06015014
12453,-0.056518562
12454,-0.04721071
12455,-0.0409241
12456,-0.03417969
12457,-0.031921387
12458,-0.025054917
12459,-0.021240234
12460,-0.02188112
12461,-0.020080581
12462,-0.02029419
12463,-0.023742659
12464,-0.022216806
12465,-0.02957154
12466,-0.02990725
12467,-0.033996582
12468,-0.036346436
12469,-0.038970947
12470,-0.043365486
12471,-0.041809067
12472,-0.037719745
12473,-0.034515396
12474,-0.033203125
12475,-0.031890877
12476,-0.028747573
12477,-0.020477312
12478,-0.011627205
12479,-0.004852295
12480,-0.0016174242
12481,-0.0032959022
12482,-0.0021362249
12483,-0.0062866285
12484,-0.002746569
12485,-0.002838133
12486,-0.0026855431
12487,0.00033570267
12488,0.00097656157
12489,0.01257325
12490,0.028594974
12491,0.050201412
12492,0.07162474
12493,0.091979995
12494,0.10577391
12495,0.12155153
12496,0.13311769
12497,0.14404297
12498,0.14633176
12499,0.14443967
12500,0.13699344
12501,0.13223265
12502,0.1308899
12503,0.13525394
12504,0.13839713
12505,0.14065543
12506,0.14874274
12507,0.15759271
12508,0.16262811
12509,0.16653442
12510,0.17980951
12511,0.18582162
12512,0.19696037
12513,0.21038815
12514,0.21563727
12515,0.21270753
12516,0.18447874
12517,0.13732913
12518,0.0883484
12519,0.027618393
12520,-0.049835235
12521,-0.12887573
12522,-0.20767203
12523,-0.28793335
12524,-0.37335217
12525,-0.4511109
12526,-0.51068115
12527,-0.54415894
12528,-0.54922473
12529,-0.532898
12530,-0.50354004
12531,-0.44805908
12532,-0.3749084
12533,-0.29345703
12534,-0.20123291
12535,-0.10635376
12536,-0.007232517
12537,0.089294404
12538,0.16433716
12539,0.22921753
12540,0.28900152
12541,0.33538824
12542,0.35760498
12543,0.3642274
12544,0.3621825
12545,0.3631593
12546,0.3582765
12547,0.36538684
12548,0.3900453
12549,0.42614758
12550,0.4557798
12551,0.4574889
12552,0.45111084
12553,0.42861915
12554,0.38436902
12555,0.33480823
12556,0.2895202
12557,0.25958252
12558,0.22500598
12559,0.1898193
12560,0.16818236
12561,0.16964722
12562,0.1952821
12563,0.22698987
12564,0.2505188
12565,0.25912488
12566,0.25598133
12567,0.2593994
12568,0.26351953
12569,0.2609861
12570,0.246521
12571,0.20645142
12572,0.14611816
12573,0.066497564
12574,0.018432379
12575,-0.023102045
12576,-0.12817407
12577,-0.2305603
12578,-0.24078393
12579,-0.20712292
12580,-0.15820312
12581,-0.11135888
12582,-0.06973261
12583,-0.042999253
12584,-0.024902284
12585,-0.040130496
12586,-0.13491845
12587,-0.28851295
12588,-0.4923706
12589,-0.7476194
12590,-1.0417178
12591,-1.3513796
12592,-1.6587827
12593,-1.9159544
12594,-2.1093752
12595,-2.224121
12596,-2.2167966
12597,-2.1336365
12598,-2.0346072
12599,-1.8805239
12600,-1.6033018
12601,-1.2732239
12602,-0.89196765
12603,-0.47058117
12604,-0.018035829
12605,0.44299322
12606,0.89816296
12607,1.3142701
12608,1.7189634
12609,2.0743713
12610,2.3842463
12611,2.657257
12612,2.8934937
12613,3.0849
12614,3.2409058
12615,3.3406982
12616,3.368896
12617,3.3277895
12618,3.2045283
12619,3.0071406
12620,2.7592163
12621,2.4476624
12622,2.0413814
12623,1.5802305
12624,1.0653688
12625,0.51440406
12626,-0.040802002
12627,-0.57083124
12628,-1.0609437
12629,-1.5039978
12630,-1.8984985
12631,-2.240723
12632,-2.5258482
12633,-2.7601929
12634,-2.94458
12635,-3.1000674
12636,-3.2345886
12637,-3.3439941
12638,-3.4177551
12639,-3.4467466
12640,-3.3812866
12641,-3.2686768
12642,-3.1569219
12643,-2.99057
12644,-2.701599
12645,-2.3450623
12646,-1.9393615
12647,-1.4938358
12648,-1.0099182
12649,-0.51907355
12650,-0.03765869
12651,0.409607
12652,0.8355405
12653,1.2174988
12654,1.545593
12655,1.8160099
12656,2.0362241
12657,2.2070312
12658,2.3302612
12659,2.4152837
12660,2.4680176
12661,2.5069885
12662,2.4994202
12663,2.4561157
12664,2.418274
12665,2.3397827
12666,2.1714478
12667,1.9390259
12668,1.6649476
12669,1.3679507
12670,1.0596924
12671,0.74716187
12672,0.43859863
12673,0.15594476
12674,-0.07678211
12675,-0.26690692
12676,-0.40872186
12677,-0.51742566
12678,-0.5854187
12679,-0.6351013
12680,-0.66830426
12681,-0.69241333
12682,-0.7154846
12683,-0.73046863
12684,-0.76498413
12685,-0.80908203
12686,-0.82110596
12687,-0.83120716
12688,-0.8862304
12689,-0.95837414
12690,-1.0359801
12691,-1.1124879
12692,-1.1741943
12693,-1.2206421
12694,-1.2552493
12695,-1.2595521
12696,-1.2103271
12697,-1.115021
12698,-0.98757935
12699,-0.83081055
12700,-0.65197754
12701,-0.46200553
12702,-0.27081314
12703,-0.09738171
12704,0.060547035
12705,0.20162965
12706,0.30056775
12707,0.37902832
12708,0.48745733
12709,0.5889893
12710,0.6389161
12711,0.664917
12712,0.6724549
12713,0.6711428
12714,0.6477051
12715,0.6061706
12716,0.5372009
12717,0.46655267
12718,0.41552746
12719,0.3640442
12720,0.33273315
12721,0.31106567
12722,0.29370123
12723,0.26922607
12724,0.24075319
12725,0.21563727
12726,0.19244386
12727,0.17349243
12728,0.13192758
12729,0.084777996
12730,0.08013931
12731,0.083496116
12732,0.05841069
12733,0.032653928
12734,0.012756288
12735,-0.00372307
12736,-0.03100589
12737,-0.062377922
12738,-0.11822516
12739,-0.16427621
12740,-0.18234241
12741,-0.18948364
12742,-0.16510007
12743,-0.11181648
12744,-0.033447273
12745,0.05834975
12746,0.16146839
12747,0.2611693
12748,0.3552247
12749,0.4419555
12750,0.4827881
12751,0.51153564
12752,0.54257214
12753,0.54776
12754,0.4931946
12755,0.40490723
12756,0.2977599
12757,0.1811524
12758,0.05892943
12759,-0.055603027
12760,-0.16247565
12761,-0.24963385
12762,-0.336914
12763,-0.40249634
12764,-0.45950317
12765,-0.50848395
12766,-0.54635614
12767,-0.566803
12768,-0.57019055
12769,-0.5604554
12770,-0.5411071
12771,-0.51644903
12772,-0.48416126
12773,-0.45034784
12774,-0.39926142
12775,-0.329773
12776,-0.23910514
12777,-0.12622064
12778,0.0007017851
12779,0.13229373
12780,0.2508545
12781,0.35162354
12782,0.42642212
12783,0.4784851
12784,0.5199891
12785,0.5286866
12786,0.5268249
12787,0.5134277
12788,0.48556513
12789,0.44216925
12790,0.38699335
12791,0.33050537
12792,0.28164673
12793,0.24133296
12794,0.20681763
12795,0.17587286
12796,0.138855
12797,0.09613033
12798,0.05975339
12799,0.028106771
12800,0.010925192
12801,0.004913345
12802,0.0070495717
12803,0.019348174
12804,0.034973115
12805,0.049377427
12806,0.04928591
12807,0.051544234
12808,0.049163833
12809,0.03405755
12810,0.020721398
12811,0.008026168
12812,-0.0047302535
12813,-0.013305694
12814,-0.016265834
12815,-0.0046691857
12816,0.0062256046
12817,0.020019561
12818,0.024566606
12819,0.025909424
12820,0.023864761
12821,0.018676743
12822,0.006317064
12823,-0.014404342
12824,-0.03491208
12825,-0.05996701
12826,-0.079559356
12827,-0.09500123
12828,-0.11602785
12829,-0.12725832
12830,-0.14227295
12831,-0.15460211
12832,-0.17214969
12833,-0.17935179
12834,-0.18450935
12835,-0.18722537
12836,-0.18176267
12837,-0.18179321
12838,-0.18069457
12839,-0.18484497
12840,-0.1965027
12841,-0.20663452
12842,-0.21289062
12843,-0.21621704
12844,-0.2089844
12845,-0.19369507
12846,-0.16375732
12847,-0.12371825
12848,-0.07522583
12849,-0.026916489
12850,0.011383028
12851,0.048034653
12852,0.07525632
12853,0.090789765
12854,0.10095219
12855,0.11022947
12856,0.11856078
12857,0.12911987
12858,0.14474487
12859,0.16168216
12860,0.18029785
12861,0.19842531
12862,0.20794676
12863,0.21237183
12864,0.20504759
12865,0.18853763
12866,0.16900636
12867,0.13937378
12868,0.11682129
12869,0.09332276
12870,0.08135987
12871,0.07113648
12872,0.060058594
12873,0.056457505
12874,0.049652096
12875,0.040222183
12876,0.029541027
12877,0.027374271
12878,0.026306145
12879,0.024993882
12880,0.019805886
12881,0.009124758
12882,-0.0047607347
12883,-0.021942113
12884,-0.04254151
12885,-0.057678238
12886,-0.071655266
12887,-0.087280266
12888,-0.102783196
12889,-0.11901855
12890,-0.13189696
12891,-0.14367676
12892,-0.15136719
12893,-0.15206909
12894,-0.1615906
12895,-0.15710452
12896,-0.15765384
12897,-0.157074
12898,-0.1550293
12899,-0.15304568
12900,-0.14138795
12901,-0.13101196
12902,-0.122192375
12903,-0.12298584
12904,-0.121215835
12905,-0.11752321
12906,-0.11157224
12907,-0.10366823
12908,-0.09585571
12909,-0.09222412
12910,-0.08993529
12911,-0.09042359
12912,-0.08581546
12913,-0.080718994
12914,-0.07095337
12915,-0.060760517
12916,-0.043640148
12917,-0.03463746
12918,-0.024566665
12919,-0.018585201
12920,-0.007354751
12921,0.0062561035
12922,0.023101795
12923,0.04244993
12924,0.054260235
12925,0.06134035
12926,0.0619812
12927,0.067352295
12928,0.07366944
12929,0.0819397
12930,0.09262085
12931,0.09872439
12932,0.10824587
12933,0.10955811
12934,0.10943605
12935,0.10775758
12936,0.10525513
12937,0.09680176
12938,0.083862305
12939,0.07046509
12940,0.055664062
12941,0.047058105
12942,0.043273926
12943,0.040466316
12944,0.04159546
12945,0.03927613
12946,0.029663084
12947,0.013214102
12948,-0.0012512319
12949,-0.011444105
12950,-0.016510006
12951,-0.024871841
12952,-0.034179676
12953,-0.04516603
12954,-0.054229718
12955,-0.06176757
12956,-0.07553102
12957,-0.087158225
12958,-0.10125731
12959,-0.110382095
12960,-0.1204834
12961,-0.13024902
12962,-0.13876343
12963,-0.14575195
12964,-0.1407471
12965,-0.13238525
12966,-0.1138916
12967,-0.09091187
12968,-0.07632446
12969,-0.06277466
12970,-0.055084236
12971,-0.04617311
12972,-0.033721916
12973,-0.023406982
12974,-0.010772698
12975,-0.0007324293
12976,0.0041809212
12977,0.008544948
12978,0.01065062
12979,0.013183601
12980,0.017395012
12981,0.017333984
12982,0.01797485
12983,0.019409187
12984,0.019104008
12985,0.0217285
12986,0.026977524
12987,0.03179933
12988,0.032196045
12989,0.036102302
12990,0.038208004
12991,0.04241943
12992,0.050872803
12993,0.05899047
12994,0.066436775
12995,0.06277466
12996,0.054748535
12997,0.0418396
12998,0.03295897
12999,0.020568846
13000,0.0071105883
13001,-0.005035408
13002,-0.016998291
13003,-0.023956297
13004,-0.031311028
13005,-0.038818352
13006,-0.046234116
13007,-0.050781257
13008,-0.05078125
13009,-0.049041748
13010,-0.044342034
13011,-0.041412346
13012,-0.041503903
13013,-0.03863526
13014,-0.040252686
13015,-0.038513184
13016,-0.033264168
13017,-0.029022213
13018,-0.026397703
13019,-0.020782478
13020,-0.020568848
13021,-0.01806639
13022,-0.013580315
13023,-0.017669694
13024,-0.01879883
13025,-0.021179205
13026,-0.02450561
13027,-0.024902346
13028,-0.023010246
13029,-0.018615719
13030,-0.011566165
13031,-0.0018005297
13032,0.0034484891
13033,0.014099132
13034,0.020050053
13035,0.02737426
13036,0.03390502
13037,0.035827637
13038,0.036468513
13039,0.035491947
13040,0.033843994
13041,0.030364988
13042,0.02816772
13043,0.025543215
13044,0.01992796
13045,0.021514896
13046,0.017028816
13047,0.023162864
13048,0.028289795
13049,0.03350831
13050,0.040374767
13051,0.047882065
13052,0.052948005
13053,0.059539795
13054,0.063507095
13055,0.06658937
13056,0.071716316
13057,0.080780014
13058,0.089782715
13059,0.09939577
13060,0.10876466
13061,0.11300661
13062,0.1099243
13063,0.110260025
13064,0.101593
13065,0.09704589
13066,0.09667968
13067,0.091369644
13068,0.094329834
13069,0.098815925
13070,0.10302736
13071,0.10845948
13072,0.10928346
13073,0.10952758
13074,0.10836793
13075,0.111267075
13076,0.10928347
13077,0.10034181
13078,0.089050315
13079,0.07754515
13080,0.06655885
13081,0.055145275
13082,0.044952396
13083,0.03649904
13084,0.02746582
13085,0.020111099
13086,0.015319817
13087,0.0049133226
13088,-0.0061340258
13089,-0.022064209
13090,-0.04016114
13091,-0.05300902
13092,-0.066375725
13093,-0.08016968
13094,-0.09393309
13095,-0.11361694
13096,-0.13583374
13097,-0.15734863
13098,-0.19201663
13099,-0.29299933
13100,-0.41787726
13101,-0.4919129
13102,-0.52746594
13103,-0.4758912
13104,-0.5258179
13105,-0.65917957
13106,-0.6264039
13107,-0.2690124
13108,0.20300287
13109,0.60003674
13110,0.93060315
13111,1.058075
13112,1.0205688
13113,0.8985595
13114,0.7774657
13115,0.6625672
13116,0.551239
13117,0.44631958
13118,0.35604864
13119,0.28637704
13120,0.18911749
13121,0.0023802817
13122,-0.21612555
13123,-0.3771363
13124,-0.49356088
13125,-0.53051764
13126,-0.669342
13127,-0.88665754
13128,-0.92346215
13129,-0.62225336
13130,-0.18603516
13131,0.1834718
13132,0.51287854
13133,0.6577455
13134,0.6539
13135,0.5679625
13136,0.47299182
13137,0.38754284
13138,0.30249035
13139,0.23703015
13140,0.19201666
13141,0.14355469
13142,0.09259051
13143,0.0519104
13144,0.0075072646
13145,-0.048980772
13146,-0.09542844
13147,-0.19946292
13148,-0.2536316
13149,-0.25466907
13150,-0.33316043
13151,-0.5617066
13152,-0.8316344
13153,-1.02948
13154,-1.1691284
13155,-1.1922913
13156,-1.1269531
13157,-1.028595
13158,-0.934784
13159,-0.84719855
13160,-0.7515868
13161,-0.64038086
13162,-0.54989624
13163,-0.49209616
13164,-0.44320667
13165,-0.45266712
13166,-0.47885144
13167,-0.45559704
13168,-0.37548834
13169,-0.20593274
13170,-0.14343286
13171,-0.17962635
13172,-0.06411743
13173,0.35934454
13174,0.88092035
13175,1.2997438
13176,1.635193
13177,1.752594
13178,1.6893921
13179,1.5473021
13180,1.4209595
13181,1.3211975
13182,1.2368468
13183,1.1505431
13184,1.0819702
13185,1.0318604
13186,0.9744875
13187,0.93124396
13188,0.89102185
13189,0.8372499
13190,0.75393677
13191,0.601105
13192,0.49700928
13193,0.4418031
13194,0.31188977
13195,0.046813846
13196,-0.26467872
13197,-0.5249634
13198,-0.7397461
13199,-0.8434446
13200,-0.8645632
13201,-0.8515322
13202,-0.8509827
13203,-0.86935425
13204,-0.8752136
13205,-0.8677978
13206,-0.8598633
13207,-0.8724366
13208,-0.8614502
13209,-0.8045349
13210,-0.7267457
13211,-0.6687318
13212,-0.60479736
13213,-0.5645448
13214,-0.47210702
13215,-0.33941653
13216,-0.29864496
13217,-0.42904675
13218,-0.6270752
13219,-0.77957153
13220,-0.90319824
13221,-0.92547613
13222,-0.8605957
13223,-0.74740595
13224,-0.6088257
13225,-0.45840448
13226,-0.28656006
13227,-0.12701435
13228,0.017486498
13229,0.15179443
13230,0.28073123
13231,0.45242324
13232,0.6394349
13233,0.7926637
13234,0.9102173
13235,0.97604394
13236,1.0838317
13237,1.2209473
13238,1.2685244
13239,1.1464539
13240,0.95346075
13241,0.7777099
13242,0.60156244
13243,0.5021057
13244,0.46304315
13245,0.45861822
13246,0.44183367
13247,0.42181388
13248,0.3930358
13249,0.35318
13250,0.31509402
13251,0.2690735
13252,0.24618527
13253,0.26144412
13254,0.30041507
13255,0.31015015
13256,0.28887945
13257,0.23583993
13258,0.23919678
13259,0.2903136
13260,0.25262463
13261,0.065521166
13262,-0.19503783
13263,-0.4143371
13264,-0.6054077
13265,-0.706604
13266,-0.7204895
13267,-0.6916198
13268,-0.65539557
13269,-0.6146545
13270,-0.5745239
13271,-0.543274
13272,-0.5104676
13273,-0.4743957
13274,-0.427765
13275,-0.316864
13276,-0.20352176
13277,-0.11343385
13278,-0.044708233
13279,-0.023895174
13280,0.061584495
13281,0.18545522
13282,0.22067268
13283,0.08874512
13284,-0.10003668
13285,-0.26110846
13286,-0.39669803
13287,-0.44125378
13288,-0.4053954
13289,-0.32699573
13290,-0.25030512
13291,-0.18240362
13292,-0.12023922
13293,-0.07379146
13294,-0.039031956
13295,-0.009155266
13296,0.018585153
13297,0.060638443
13298,0.09594729
13299,0.12432863
13300,0.14575195
13301,0.16723639
13302,0.20263675
13303,0.23345937
13304,0.26553345
13305,0.2861634
13306,0.3011779
13307,0.30636597
13308,0.30187988
13309,0.29156482
13310,0.27105722
13311,0.25784317
13312,0.23355108
13313,0.2139282
13314,0.18191531
13315,0.13711554
13316,0.09857179
13317,0.0721436
13318,0.0452575
13319,0.02630612
13320,0.012054449
13321,-0.009704588
13322,-0.035980195
13323,-0.05908203
13324,-0.08532709
13325,-0.09442145
13326,-0.11233525
13327,-0.11801145
13328,-0.12048344
13329,-0.12927249
13330,-0.12893677
13331,-0.12725839
13332,-0.12017815
13333,-0.114044145
13334,-0.11016843
13335,-0.11428836
13336,-0.12762445
13337,-0.13723749
13338,-0.1552734
13339,-0.1628418
13340,-0.17187503
13341,-0.17404176
13342,-0.1831055
13343,-0.19113167
13344,-0.19387816
13345,-0.20217898
13346,-0.20288083
13347,-0.20956425
13348,-0.20587161
13349,-0.22024532
13350,-0.22116093
13351,-0.22238159
13352,-0.21673584
13353,-0.19589241
13354,-0.17517084
13355,-0.14416498
13356,-0.11273191
13357,-0.08270267
13358,-0.052612245
13359,-0.026763868
13360,-0.0040893294
13361,0.0155944675
13362,0.040283203
13363,0.054107666
13364,0.07135013
13365,0.084655754
13366,0.093170166
13367,0.10446166
13368,0.10574341
13369,0.11489868
13370,0.11346434
13371,0.11566165
13372,0.117553696
13373,0.112915024
13374,0.11816406
13375,0.121398896
13376,0.123809844
13377,0.12799075
13378,0.1285401
13379,0.12463375
13380,0.11376953
13381,0.105224654
13382,0.08816531
13383,0.08786009
13384,0.07888794
13385,0.06921387
13386,0.068298355
13387,0.058258057
13388,0.048370376
13389,0.04397582
13390,0.03512573
13391,0.026092527
13392,0.02215575
13393,0.0063476525
13394,-0.0052185114
13395,-0.020172128
13396,-0.038177498
13397,-0.043701187
13398,-0.051879883
13399,-0.05471802
13400,-0.050445557
13401,-0.04684449
13402,-0.037322994
13403,-0.027404783
13404,-0.016662603
13405,-0.0084838895
13406,0.0020446647
13407,0.005371088
13408,0.019012444
13409,0.031738292
13410,0.03512575
13411,0.04904174
13412,0.05364989
13413,0.052520756
13414,0.049713135
13415,0.040527336
13416,0.038909897
13417,0.033996582
13418,0.032135025
13419,0.03598024
13420,0.043609627
13421,0.046173103
13422,0.054626465
13423,0.061004654
13424,0.06265257
13425,0.06826781
13426,0.06332398
13427,0.07113649
13428,0.07571411
13429,0.06826783
13430,0.06976319
13431,0.063690186
13432,0.050781254
13433,0.048309334
13434,0.044952393
13435,0.042938247
13436,0.04479982
13437,0.046325676
13438,0.049987778
13439,0.059600815
13440,0.062072776
13441,0.067413315
13442,0.07104492
13443,0.067932144
13444,0.06484984
13445,0.06021118
13446,0.054473862
13447,0.049957275
13448,0.048675537
13449,0.04937744
13450,0.051696762
13451,0.04663086
13452,0.044769302
13453,0.044158936
13454,0.030670172
13455,0.019744866
13456,0.0019836389
13457,-0.021697996
13458,-0.043121345
13459,-0.07312012
13460,-0.095855705
13461,-0.1133118
13462,-0.13113403
13463,-0.14761356
13464,-0.15127566
13465,-0.1579895
13466,-0.16415405
13467,-0.17150882
13468,-0.16351318
13469,-0.13931274
13470,-0.1187439
13471,-0.0909729
13472,-0.056793224
13473,-0.022003189
13474,0.012756348
13475,0.04751588
13476,0.07678222
13477,0.092834465
13478,0.104553215
13479,0.10980227
13480,0.113861114
13481,0.11502077
13482,0.112457275
13483,0.118469216
13484,0.120147735
13485,0.11956786
13486,0.121276855
13487,0.1278687
13488,0.13131714
13489,0.1237793
13490,0.120727524
13491,0.1225891
13492,0.11706544
13493,0.112121604
13494,0.112762466
13495,0.10983276
13496,0.09942627
13497,0.08560181
13498,0.07174681
13499,0.04946897
13500,0.02804567
13501,0.011657737
13502,-0.0033874512
13503,-0.015777603
13504,-0.029602043
13505,-0.03518679
13506,-0.03884887
13507,-0.048217796
13508,-0.06039429
13509,-0.06417846
13510,-0.06674194
13511,-0.07681275
13512,-0.09100343
13513,-0.09558104
13514,-0.093750015
13515,-0.093780525
13516,-0.08828735
13517,-0.085052505
13518,-0.092010505
13519,-0.1053772
13520,-0.12213135
13521,-0.14257812
13522,-0.16012572
13523,-0.17019652
13524,-0.17419434
13525,-0.17529297
13526,-0.17068478
13527,-0.16519165
13528,-0.14797977
13529,-0.11987308
13530,-0.08984375
13531,-0.065338105
13532,-0.0534973
13533,-0.05813598
13534,-0.06585692
13535,-0.069427505
13536,-0.07122801
13537,-0.07946779
13538,-0.08032225
13539,-0.06539917
13540,-0.041473396
13541,-0.011474598
13542,0.025054917
13543,0.062286362
13544,0.08932496
13545,0.10516359
13546,0.11459351
13547,0.12176514
13548,0.1272583
13549,0.13183594
13550,0.1256714
13551,0.1253357
13552,0.12426757
13553,0.12911989
13554,0.144928
13555,0.16305542
13556,0.17532352
13557,0.17166139
13558,0.16213988
13559,0.14019775
13560,0.1083374
13561,0.07321167
13562,0.03124999
13563,-0.011840835
13564,-0.04556275
13565,-0.07339478
13566,-0.08618163
13567,-0.082031235
13568,-0.074859634
13569,-0.054626476
13570,-0.045745842
13571,-0.044586174
13572,-0.04623414
13573,-0.04144287
13574,-0.03308104
13575,-0.032104492
13576,-0.03778076
13577,-0.036743157
13578,-0.045440666
13579,-0.053344764
13580,-0.057281505
13581,-0.064025916
13582,-0.06994626
13583,-0.08004759
13584,-0.08853151
13585,-0.09558105
13586,-0.09777831
13587,-0.09539796
13588,-0.09963989
13589,-0.09780885
13590,-0.09228517
13591,-0.07772827
13592,-0.05230712
13593,-0.028533913
13594,-0.0029296875
13595,0.016998306
13596,0.027740479
13597,0.03140259
13598,0.035522476
13599,0.045288093
13600,0.043243438
13601,0.021667486
13602,-0.00457762
13603,-0.03964235
13604,-0.07211303
13605,-0.09002687
13606,-0.10491944
13607,-0.10916138
13608,-0.108886704
13609,-0.09411621
13610,-0.07345581
13611,-0.055969246
13612,-0.034240738
13613,-0.013183594
13614,0.0014343522
13615,0.008667015
13616,0.012176506
13617,0.0245972
13618,0.0390625
13619,0.053771973
13620,0.07162475
13621,0.09783936
13622,0.11944583
13623,0.13226317
13624,0.14349362
13625,0.14733887
13626,0.13912964
13627,0.12753296
13628,0.111083984
13629,0.09603882
13630,0.086151116
13631,0.079895034
13632,0.08166503
13633,0.0864563
13634,0.09341431
13635,0.10620117
13636,0.11001586
13637,0.10891724
13638,0.09887697
13639,0.07553101
13640,0.048706062
13641,0.011383042
13642,-0.01528931
13643,-0.02774048
13644,-0.04016111
13645,-0.04489137
13646,-0.05007936
13647,-0.04437255
13648,-0.038055405
13649,-0.03573611
13650,-0.03231813
13651,-0.03683471
13652,-0.050872788
13653,-0.06402587
13654,-0.07705689
13655,-0.09249878
13656,-0.10757446
13657,-0.10986328
13658,-0.10690307
13659,-0.10177611
13660,-0.08770753
13661,-0.074645974
13662,-0.05984497
13663,-0.05722046
13664,-0.06295776
13665,-0.07589723
13666,-0.08828734
13667,-0.1019287
13668,-0.11502076
13669,-0.12612915
13670,-0.12182618
13671,-0.104614265
13672,-0.080474846
13673,-0.046630867
13674,-0.010131833
13675,0.024688726
13676,0.05380249
13677,0.0706787
13678,0.07321167
13679,0.06945801
13680,0.053100586
13681,0.035003662
13682,0.018066406
13683,0.0045166127
13684,-0.005157478
13685,-0.0015563965
13686,0.015594482
13687,0.033905033
13688,0.0522461
13689,0.06896973
13690,0.07263182
13691,0.071685806
13692,0.067962654
13693,0.05764769
13694,0.051971443
13695,0.042907707
13696,0.031494133
13697,0.021331795
13698,0.0147705
13699,0.016784664
13700,0.01354982
13701,0.006683342
13702,-0.014343265
13703,-0.03601074
13704,-0.04626466
13705,-0.06515503
13706,-0.07373048
13707,-0.079193115
13708,-0.081237786
13709,-0.07699586
13710,-0.07821655
13711,-0.062438957
13712,-0.04855349
13713,-0.04541014
13714,-0.04534913
13715,-0.058258075
13716,-0.058776848
13717,-0.06735231
13718,-0.06484986
13719,-0.050079353
13720,-0.04699707
13721,-0.039245617
13722,-0.03897094
13723,-0.036071777
13724,-0.027648933
13725,-0.020904541
13726,-0.009674076
13727,-0.0026550442
13728,0.005249016
13729,0.013580313
13730,0.009643551
13731,0.009094242
13732,-0.006744407
13733,-0.023742646
13734,-0.026763909
13735,-0.04357911
13736,-0.03738403
13737,-0.040588364
13738,-0.025756838
13739,-0.016876228
13740,-0.0010070764
13741,0.023773197
13742,0.02374268
13743,0.05065918
13744,0.045135498
13745,0.04690552
13746,0.036773678
13747,0.02725219
13748,0.027648924
13749,0.017944343
13750,0.023315437
13751,0.011261001
13752,0.034393318
13753,0.049652092
13754,0.072601296
13755,0.09481811
13756,0.11727908
13757,0.13195801
13758,0.13626099
13759,0.13601685
13760,0.14077753
13761,0.1536865
13762,0.15524298
13763,0.16107169
13764,0.1586608
13765,0.16833498
13766,0.17434691
13767,0.1869812
13768,0.19113158
13769,0.20968637
13770,0.22094718
13771,0.23904423
13772,0.26321417
13773,0.28033453
13774,0.29846188
13775,0.3206482
13776,0.31518552
13777,0.29022214
13778,0.25485232
13779,0.20825195
13780,0.12780762
13781,0.025695741
13782,-0.081573546
13783,-0.20959485
13784,-0.327545
13785,-0.45281988
13786,-0.5353701
13787,-0.6007996
13788,-0.6116029
13789,-0.5970154
13790,-0.564911
13791,-0.5059202
13792,-0.4629212
13793,-0.38806152
13794,-0.3499756
13795,-0.27267444
13796,-0.22500613
13797,-0.15032962
13798,-0.07986449
13799,-0.030792223
13800,0.0463562
13801,0.110565215
13802,0.17843628
13803,0.19747925
13804,0.2492677
13805,0.27764893
13806,0.30767846
13807,0.34268212
13808,0.37252808
13809,0.42651355
13810,0.47348034
13811,0.5241394
13812,0.5039979
13813,0.4883728
13814,0.4390564
13815,0.33502197
13816,0.2564696
13817,0.16616821
13818,0.14590442
13819,0.11383057
13820,0.14004515
13821,0.16448972
13822,0.18676761
13823,0.20169073
13824,0.19012451
13825,0.21145654
13826,0.21023571
13827,0.2280885
13828,0.2480774
13829,0.24154663
13830,0.25234985
13831,0.24295044
13832,0.23129272
13833,0.21832275
13834,0.17547607
13835,0.18835425
13836,0.2107544
13837,0.25927758
13838,0.28900158
13839,0.36935425
13840,0.445404
13841,0.52038586
13842,0.57040405
13843,0.533905
13844,0.45318615
13845,0.2668457
13846,0.038513422
13847,-0.247406
13848,-0.54376245
13849,-0.8950503
13850,-1.2637331
13851,-1.6083374
13852,-1.9262698
13853,-2.1745298
13854,-2.3767095
13855,-2.4847412
13856,-2.491364
13857,-2.385376
13858,-2.2137449
13859,-1.9276124
13860,-1.6090698
13861,-1.241638
13862,-0.8732909
13863,-0.49591085
13864,-0.08139035
13865,0.32211304
13866,0.751526
13867,1.1494141
13868,1.5570071
13869,1.8598632
13870,2.1505737
13871,2.3857422
13872,2.6066284
13873,2.7702944
13874,2.8861086
13875,2.9517517
13876,2.9664917
13877,2.931549
13878,2.766846
13879,2.5479429
13880,2.2320256
13881,1.8510743
13882,1.3976744
13883,0.96041846
13884,0.4988097
13885,0.041931152
13886,-0.37832654
13887,-0.7946167
13888,-1.1879884
13889,-1.5697936
13890,-1.9158936
13891,-2.1654663
13892,-2.3929138
13893,-2.5763245
13894,-2.7162783
13895,-2.8333435
13896,-2.9151306
13897,-3.000946
13898,-3.0438848
13899,-3.080536
13900,-3.0102236
13901,-2.8735964
13902,-2.6462402
13903,-2.3320312
13904,-1.9682922
13905,-1.5812682
13906,-1.1763916
13907,-0.76428235
13908,-0.36682135
13909,0.024963439
13910,0.3858338
13911,0.71594256
13912,1.0327761
13913,1.2967529
13914,1.5089415
13915,1.6796261
13916,1.8145443
13917,1.9098204
13918,1.9711305
13919,1.9962465
13920,1.9953918
13921,1.9789428
13922,1.9494629
13923,1.8786316
13924,1.7738345
13925,1.6602781
13926,1.4920349
13927,1.3167114
13928,1.0764465
13929,0.83944684
13930,0.5939026
13931,0.37771612
13932,0.18731697
13933,0.036071837
13934,-0.07485975
13935,-0.16067508
13936,-0.22125229
13937,-0.2771302
13938,-0.3049622
13939,-0.33712777
13940,-0.35263065
13941,-0.39773574
13942,-0.42199716
13943,-0.47723398
13944,-0.518341
13945,-0.5813293
13946,-0.6697387
13947,-0.75253284
13948,-0.85198987
13949,-0.9541322
13950,-1.0672609
13951,-1.1636963
13952,-1.2483522
13953,-1.2871399
13954,-1.284485
13955,-1.2275391
13956,-1.1332703
13957,-0.9874879
13958,-0.83569336
13959,-0.65121454
13960,-0.46279916
13961,-0.28179938
13962,-0.10983278
13963,0.040496856
13964,0.17831433
13965,0.30575567
13966,0.42922974
13967,0.5266724
13968,0.60214233
13969,0.6628722
13970,0.7076722
13971,0.71316534
13972,0.69906604
13973,0.66098017
13974,0.6001587
13975,0.54806525
13976,0.47866827
13977,0.44015506
13978,0.3909911
13979,0.3684693
13980,0.33895886
13981,0.3173523
13982,0.30194092
13983,0.2786559
13984,0.2877807
13985,0.26757807
13986,0.27426144
13987,0.25714108
13988,0.26626587
13989,0.2494508
13990,0.21704094
13991,0.18637083
13992,0.1327515
13993,0.07846066
13994,-0.0043029403
13995,-0.063934304
13996,-0.1457824
13997,-0.18920898
13998,-0.22509766
13999,-0.20968634
14000,-0.19204724
14001,-0.14443967
14002,-0.09112542
14003,-0.0071409363
14004,0.07217413
14005,0.16586304
14006,0.2601013
14007,0.34561157
14008,0.43222058
14009,0.4914856
14010,0.5377198
14011,0.520752
14012,0.498474
14013,0.41741943
14014,0.35546875
14015,0.25622556
14016,0.16970824
14017,0.06909184
14018,-0.01943965
14019,-0.10464479
14020,-0.18914796
14021,-0.24926764
14022,-0.3182069
14023,-0.3526916
14024,-0.39044183
14025,-0.38754258
14026,-0.3902588
14027,-0.36032102
14028,-0.3366394
14029,-0.30047607
14030,-0.2728271
14031,-0.22619621
14032,-0.18447876
14033,-0.13873291
14034,-0.0940858
14035,-0.060333222
14036,-0.008819539
14037,0.023193322
14038,0.07235717
14039,0.11431889
14040,0.16757208
14041,0.21157834
14042,0.23165895
14043,0.24520868
14044,0.24429315
14045,0.24722293
14046,0.24053952
14047,0.22995009
14048,0.20419306
14049,0.190918
14050,0.17160034
14051,0.16528328
14052,0.1575623
14053,0.14669803
14054,0.15228271
14055,0.1400757
14056,0.15487665
14057,0.15213011
14058,0.17343143
14059,0.17648311
14060,0.18011479
14061,0.1732178
14062,0.15820317
14063,0.15145873
14064,0.13436893
14065,0.11407466
14066,0.07531733
14067,0.03933718
14068,-0.005401671
14069,-0.027007997
14070,-0.061553948
14071,-0.0679321
14072,-0.094818115
14073,-0.09927364
14074,-0.11541746
14075,-0.120971635
14076,-0.12503052
14077,-0.1409912
14078,-0.14358523
14079,-0.16403197
14080,-0.15863037
14081,-0.17471318
14082,-0.16958618
14083,-0.17910764
14084,-0.17758179
14085,-0.19442752
14086,-0.20840454
14087,-0.22637941
14088,-0.23031616
14089,-0.23876956
14090,-0.24093634
14091,-0.2363281
14092,-0.22808838
14093,-0.1976318
14094,-0.1802063
14095,-0.13961789
14096,-0.111450166
14097,-0.07376095
14098,-0.04226685
14099,-0.011810321
14100,0.024566643
14101,0.047454838
14102,0.079650894
14103,0.08206177
14104,0.09222411
14105,0.08413695
14106,0.08294676
14107,0.09124756
14108,0.09585572
14109,0.09799194
14110,0.094451904
14111,0.09277344
14112,0.08850096
14113,0.087219246
14114,0.08114625
14115,0.07101442
14116,0.063568115
14117,0.054779053
14118,0.057067856
14119,0.05459594
14120,0.053619392
14121,0.049621575
14122,0.048156723
14123,0.040832512
14124,0.030700691
14125,0.020599373
14126,0.0037841834
14127,-0.0050964467
14128,-0.029388428
14129,-0.045074478
14130,-0.06390381
14131,-0.0741272
14132,-0.08209229
14133,-0.087158196
14134,-0.087127686
14135,-0.08633426
14136,-0.07836914
14137,-0.07147217
14138,-0.06890872
14139,-0.06347655
14140,-0.06414796
14141,-0.07125853
14142,-0.07321167
14143,-0.071136475
14144,-0.0619812
14145,-0.050689697
14146,-0.034545913
14147,-0.029235832
14148,-0.01672364
14149,-0.017028805
14150,-0.028381351
14151,-0.032012932
14152,-0.0404358
14153,-0.041015632
14154,-0.038726807
14155,-0.04714966
14156,-0.053527825
14157,-0.056121826
14158,-0.058441177
14159,-0.06411744
14160,-0.06158447
14161,-0.061431877
14162,-0.053741455
14163,-0.051208496
14164,-0.046813954
14165,-0.038177494
14166,-0.029541023
14167,-0.025817871
14168,-0.02630615
14169,-0.026733387
14170,-0.03506471
14171,-0.03112793
14172,-0.036987297
14173,-0.027496334
14174,-0.01571656
14175,0.0068359342
14176,0.020294193
14177,0.036682125
14178,0.048889168
14179,0.05789184
14180,0.06814576
14181,0.061126724
14182,0.061950676
14183,0.049377434
14184,0.04483032
14185,0.031188956
14186,0.023895262
14187,0.010498036
14188,0.004241945
14189,-0.0014038029
14190,-0.0029907208
14191,0.009460453
14192,0.016418466
14193,0.023437506
14194,0.018218998
14195,0.015014658
14196,0.004364006
14197,0.0010986291
14198,-0.004669184
14199,-0.01184082
14200,-0.018463133
14201,-0.013458256
14202,-0.014373781
14203,-0.010711679
14204,-0.013580307
14205,-0.018920884
14206,-0.026123034
14207,-0.042602547
14208,-0.054931637
14209,-0.073028564
14210,-0.083587654
14211,-0.10339355
14212,-0.104003906
14213,-0.10543823
14214,-0.09368897
14215,-0.08020019
14216,-0.072814934
14217,-0.06072998
14218,-0.04653932
14219,-0.023162844
14220,-0.005004883
14221,0.017608635
14222,0.015502932
14223,0.02142334
14224,0.0150451735
14225,0.00088500977
14226,-0.0063476413
14227,-0.020416256
14228,-0.031707745
14229,-0.038146988
14230,-0.044738777
14231,-0.055969253
14232,-0.058593757
14233,-0.060821515
14234,-0.061340325
14235,-0.04837036
14236,-0.04373169
14237,-0.03778076
14238,-0.024169922
14239,-0.02035522
14240,-0.009582531
14241,0.0014343224
14242,0.0129699595
14243,0.028930653
14244,0.042877182
14245,0.05551148
14246,0.06134034
14247,0.06936645
14248,0.06607056
14249,0.06915283
14250,0.06454468
14251,0.06048584
14252,0.06259155
14253,0.053436283
14254,0.0477295
14255,0.034088135
14256,0.029022217
14257,0.028289784
14258,0.037933357
14259,0.043243416
14260,0.0503235
14261,0.05319215
14262,0.05957032
14263,0.059661858
14264,0.06576538
14265,0.065856926
14266,0.062438957
14267,0.05923462
14268,0.05291748
14269,0.045043938
14270,0.041320816
14271,0.030639656
14272,0.021118172
14273,0.01187133
14274,-0.0005188063
14275,-0.010162363
14276,-0.020568855
14277,-0.02713011
14278,-0.037048332
14279,-0.036895752
14280,-0.038360596
14281,-0.038848877
14282,-0.0357361
14283,-0.042846695
14284,-0.040863045
14285,-0.04238891
14286,-0.035614014
14287,-0.026092527
14288,-0.017303465
14289,-0.016723627
14290,-0.013702392
14291,-0.01535034
14292,-0.016326908
14293,-0.0065918043
14294,-0.0060424823
14295,0.004058836
14296,0.01345825
14297,0.022460938
14298,0.025939947
14299,0.03640747
14300,0.03543091
14301,0.041290276
14302,0.04846192
14303,0.05316161
14304,0.06747438
14305,0.0753174
14306,0.08642579
14307,0.09011839
14308,0.099823
14309,0.101959236
14310,0.1100769
14311,0.10946656
14312,0.10690309
14313,0.10238648
14314,0.09600829
14315,0.086669914
14316,0.080078125
14317,0.070648186
14318,0.06323242
14319,0.063812256
14320,0.060638435
14321,0.061157227
14322,0.055786133
14323,0.055908196
14324,0.052398685
14325,0.054534905
14326,0.054504402
14327,0.052459724
14328,0.053192146
14329,0.04772948
14330,0.05075075
14331,0.04959108
14332,0.057769775
14333,0.05303956
14334,0.059539806
14335,0.057220474
14336,0.056243896
14337,0.05487059
14338,0.041992195
14339,0.03515624
14340,0.02456665
14341,0.021362305
14342,0.0049438477
14343,-0.0067138746
14344,-0.03048706
14345,-0.053558365
14346,-0.07116699
14347,-0.09097289
14348,-0.09939575
14349,-0.10803223
14350,-0.120635994
14351,-0.13143921
14352,-0.15640259
14353,-0.18533325
14354,-0.20465088
14355,-0.26168826
14356,-0.38375863
14357,-0.51107776
14358,-0.64538586
14359,-0.6362306
14360,-0.5685119
14361,-0.5801697
14362,-0.43466195
14363,-0.0146179125
14364,0.41702273
14365,0.7859802
14366,1.0459287
14367,1.1052246
14368,1.0771487
14369,0.9960327
14370,0.8896179
14371,0.78375256
14372,0.6850281
14373,0.5753784
14374,0.47485346
14375,0.35079962
14376,0.21133429
14377,0.019195437
14378,-0.24450691
14379,-0.50704944
14380,-0.7696535
14381,-0.87014776
14382,-0.9126891
14383,-1.0111693
14384,-0.93527234
14385,-0.5725708
14386,-0.15731806
14387,0.20098865
14388,0.4815061
14389,0.5723268
14390,0.57904077
14391,0.5241089
14392,0.43722534
14393,0.35134888
14394,0.26672375
14395,0.19125366
14396,0.13687116
14397,0.07669079
14398,0.001709044
14399,-0.08154309
14400,-0.13562
14401,-0.18249518
14402,-0.20819104
14403,-0.2831725
14404,-0.37902832
14405,-0.43124378
14406,-0.5445862
14407,-0.74676514
14408,-0.93899536
14409,-1.0698549
14410,-1.1426392
14411,-1.1348267
14412,-1.0970154
14413,-1.0536804
14414,-1.0077515
14415,-0.95629895
14416,-0.8923645
14417,-0.80532837
14418,-0.7257997
14419,-0.64050287
14420,-0.5532227
14421,-0.48388672
14422,-0.48147577
14423,-0.47872925
14424,-0.4901125
14425,-0.3563844
14426,-0.18536377
14427,-0.118377775
14428,0.098235965
14429,0.5699463
14430,1.0611267
14431,1.4552001
14432,1.72879
14433,1.7826843
14434,1.7388308
14435,1.6497496
14436,1.5489198
14437,1.4642335
14438,1.4014282
14439,1.3389589
14440,1.2969358
14441,1.2295532
14442,1.1287535
14443,1.0151672
14444,0.92398083
14445,0.8343811
14446,0.7417908
14447,0.57049584
14448,0.37878412
14449,0.24523935
14450,0.057403535
14451,-0.24301149
14452,-0.5234681
14453,-0.75402844
14454,-0.91677856
14455,-0.97778314
14456,-0.99435425
14457,-0.9875184
14458,-0.98400867
14459,-0.9708559
14460,-0.9636228
14461,-0.9394531
14462,-0.9086
14463,-0.85437006
14464,-0.7798767
14465,-0.67932135
14466,-0.52914405
14467,-0.35961914
14468,-0.17657459
14469,-0.060668886
14470,0.037628293
14471,0.15710452
14472,0.18002322
14473,0.054748565
14474,-0.09973146
14475,-0.23352048
14476,-0.33566278
14477,-0.36206055
14478,-0.36068732
14479,-0.34286493
14480,-0.31338507
14481,-0.28338623
14482,-0.24810788
14483,-0.19631968
14484,-0.15161131
14485,-0.0978698
14486,-0.04553221
14487,0.034912392
14488,0.14712532
14489,0.28613275
14490,0.41314703
14491,0.44812018
14492,0.48526
14493,0.5622252
14494,0.56530774
14495,0.42330942
14496,0.26477045
14497,0.12997432
14498,0.040893644
14499,0.042968675
14500,0.074737474
14501,0.14376827
14502,0.20816049
14503,0.2800598
14504,0.34353632
14505,0.39443976
14506,0.44146734
14507,0.4901427
14508,0.5476989
14509,0.62518305
14510,0.7442932
14511,0.8447876
14512,0.94210833
14513,0.9555664
14514,0.9188843
14515,0.9095154
14516,0.8009949
14517,0.5277099
14518,0.22741696
14519,-0.061584447
14520,-0.2973022
14521,-0.42379764
14522,-0.48437506
14523,-0.51827997
14524,-0.52392584
14525,-0.5240784
14526,-0.53909296
14527,-0.5393373
14528,-0.549713
14529,-0.5470581
14530,-0.5232543
14531,-0.47247297
14532,-0.3768006
14533,-0.26293942
14534,-0.14096051
14535,-0.10763545
14536,-0.065154955
14537,0.021331755
14538,0.019317716
14539,-0.12515253
14540,-0.30764768
14541,-0.46270746
14542,-0.5589294
14543,-0.54940796
14544,-0.5012513
14545,-0.42898554
14546,-0.35708624
14547,-0.2962646
14548,-0.23458874
14549,-0.19329834
14550,-0.15737897
14551,-0.09811407
14552,-0.03643798
14553,0.040252734
14554,0.11093128
14555,0.1764221
14556,0.23077399
14557,0.25772083
14558,0.2694397
14559,0.27270508
14560,0.28326416
14561,0.26718137
14562,0.2567749
14563,0.24404913
14564,0.22076416
14565,0.21166992
14566,0.21096803
14567,0.2161866
14568,0.22503656
14569,0.23867804
14570,0.23358147
14571,0.22476196
14572,0.21118179
14573,0.19821163
14574,0.19900516
14575,0.17901614
14576,0.15640247
14577,0.13708495
14578,0.09771734
14579,0.036132757
14580,-0.02514647
14581,-0.08132929
14582,-0.12933353
14583,-0.1598511
14584,-0.19631958
14585,-0.23373407
14586,-0.24475098
14587,-0.24807735
14588,-0.23492432
14589,-0.22863767
14590,-0.21856692
14591,-0.21871947
14592,-0.22186284
14593,-0.23376463
14594,-0.2478942
14595,-0.25158694
14596,-0.26467893
14597,-0.24932867
14598,-0.22912608
14599,-0.23013309
14600,-0.20242313
14601,-0.16677862
14602,-0.13394162
14603,-0.11282343
14604,-0.09530643
14605,-0.09680179
14606,-0.097534165
14607,-0.08856198
14608,-0.09036255
14609,-0.07720945
14610,-0.066864
14611,-0.05688472
14612,-0.042938292
14613,-0.03356932
14614,-0.022949286
14615,-0.02044677
14616,-0.009246769
14617,0.00637817
14618,0.030670132
14619,0.042205814
14620,0.045135435
14621,0.0580749
14622,0.05136105
14623,0.028228726
14624,-0.0046692006
14625,-0.039337136
14626,-0.060150176
14627,-0.05993656
14628,-0.051208504
14629,-0.039123535
14630,-0.020141602
14631,-0.01068116
14632,0.006439209
14633,0.026428238
14634,0.04843141
14635,0.07214357
14636,0.09255977
14637,0.110687286
14638,0.120971695
14639,0.1356201
14640,0.14257808
14641,0.1570129
14642,0.17718504
14643,0.17590329
14644,0.18609619
14645,0.20166014
14646,0.2062988
14647,0.20379643
14648,0.19644162
14649,0.18023679
14650,0.16101074
14651,0.14486693
14652,0.12173462
14653,0.10269167
14654,0.08514406
14655,0.069641106
14656,0.06900025
14657,0.059692383
14658,0.044799794
14659,0.027679436
14660,0.0068359524
14661,-0.023406982
14662,-0.050689712
14663,-0.058746338
14664,-0.07070926
14665,-0.07058716
14666,-0.07058716
14667,-0.059509285
14668,-0.044189434
14669,-0.028076172
14670,-0.022216791
14671,-0.012329102
14672,-0.00836181
14673,-0.002044689
14674,0.00030517392
14675,-0.0005187988
14676,0.0008544922
14677,0.016052242
14678,0.022735585
14679,0.034088135
14680,0.04519652
14681,0.048583977
14682,0.046875015
14683,0.044097904
14684,0.03656006
14685,0.03375244
14686,0.031005858
14687,0.018096918
14688,0.011535637
14689,0.02453614
14690,0.032409668
14691,0.042694103
14692,0.044555657
14693,0.039703358
14694,0.035552986
14695,0.033020016
14696,0.024444595
14697,0.021423325
14698,0.016510032
14699,0.017242432
14700,0.021087646
14701,0.027343748
14702,0.022674564
14703,0.023590088
14704,0.018493652
14705,0.0042114276
14706,-0.010925282
14707,-0.018768322
14708,-0.038269036
14709,-0.044158936
14710,-0.059051517
14711,-0.05401611
14712,-0.053497326
14713,-0.04760744
14714,-0.056274414
14715,-0.053039562
14716,-0.05465699
14717,-0.054809574
14718,-0.0481262
14719,-0.04043579
14720,-0.035095222
14721,-0.017730728
14722,-0.0115356445
14723,-0.0028381273
14724,-0.002075225
14725,-0.00088502467
14726,-0.005706787
14727,-0.014129639
14728,-0.027832028
14729,-0.03216554
14730,-0.032043457
14731,-0.042602524
14732,-0.04641726
14733,-0.0366211
14734,-0.037872333
14735,-0.030639665
14736,-0.035919175
14737,-0.039703358
14738,-0.04870606
14739,-0.048217766
14740,-0.061584473
14741,-0.06826782
14742,-0.07138063
14743,-0.074218765
14744,-0.073272705
14745,-0.06466674
14746,-0.060882583
14747,-0.044860847
14748,-0.03762819
14749,-0.028045643
14750,-0.01956177
14751,-0.012176517
14752,-0.016906746
14753,-0.01593016
14754,-0.01901245
14755,-0.018218987
14756,-0.014221188
14757,-0.011810312
14758,-0.012359634
14759,-0.009063721
14760,-0.010375965
14761,-0.0058288537
14762,-0.005676264
14763,0.004516583
14764,0.0047302265
14765,0.016113283
14766,0.018371573
14767,0.019195553
14768,0.019561779
14769,0.021484375
14770,0.024353035
14771,0.031921387
14772,0.036224388
14773,0.03659058
14774,0.036102317
14775,0.032836903
14776,0.02233886
14777,0.020538323
14778,0.0066222847
14779,-0.004119873
14780,-0.011596657
14781,-0.0141906515
14782,-0.01971437
14783,-0.014953598
14784,-0.019256588
14785,-0.021148682
14786,-0.027648956
14787,-0.029785167
14788,-0.042541504
14789,-0.045104973
14790,-0.05432129
14791,-0.05859375
14792,-0.05038453
14793,-0.0449829
14794,-0.03259278
14795,-0.016815182
14796,-0.0071411207
14797,0.007812518
14798,0.017150879
14799,0.024200432
14800,0.034576405
14801,0.040893562
14802,0.050384525
14803,0.056915306
14804,0.06454468
14805,0.06921388
14806,0.07254026
14807,0.07989503
14808,0.075561516
14809,0.082183845
14810,0.07846068
14811,0.07464599
14812,0.06948852
14813,0.06726074
14814,0.06573485
14815,0.0647583
14816,0.06375123
14817,0.05706787
14818,0.052825924
14819,0.048706047
14820,0.04266357
14821,0.044860847
14822,0.04284668
14823,0.042541496
14824,0.046386715
14825,0.050781254
14826,0.050170906
14827,0.052764893
14828,0.05432129
14829,0.051940925
14830,0.049438484
14831,0.048431404
14832,0.044433586
14833,0.04992675
14834,0.05456543
14835,0.057586677
14836,0.06671142
14837,0.07119751
14838,0.07608033
14839,0.08361818
14840,0.09033204
14841,0.091339104
14842,0.09945678
14843,0.089141846
14844,0.09075926
14845,0.086212166
14846,0.07962037
14847,0.08068849
14848,0.07168578
14849,0.06082154
14850,0.0580139
14851,0.043762207
14852,0.035003647
14853,0.02517701
14854,0.010589594
14855,0.003112793
14856,-0.006683341
14857,-0.020385738
14858,-0.017883293
14859,-0.029388435
14860,-0.03237915
14861,-0.031738278
14862,-0.041809082
14863,-0.040649414
14864,-0.041564934
14865,-0.049041748
14866,-0.040893547
14867,-0.03845215
14868,-0.03207398
14869,-0.018432617
14870,-0.00964356
14871,-0.0024108924
14872,0.014007565
14873,0.014740005
14874,0.024597183
14875,0.032318115
14876,0.03253173
14877,0.042541496
14878,0.048217766
14879,0.04977417
14880,0.057189934
14881,0.05029296
14882,0.041107178
14883,0.035247803
14884,0.021759037
14885,0.016784664
14886,0.010650635
14887,-0.003692612
14888,-0.0058899
14889,-0.010864262
14890,-0.02416993
14891,-0.025390618
14892,-0.03918458
14893,-0.054840088
14894,-0.053100597
14895,-0.0731201
14896,-0.07507324
14897,-0.08731079
14898,-0.09024048
14899,-0.05307007
14900,-0.02825927
14901,-0.030639641
14902,-0.02343749
14903,-0.035034187
14904,-0.04611206
14905,-0.04977417
14906,-0.069458
14907,-0.09036255
14908,-0.08767699
14909,-0.11212158
14910,-0.107788086
14911,-0.09274292
14912,-0.09960937
14913,-0.087554924
14914,-0.08200074
14915,-0.09100342
14916,-0.076507576
14917,-0.085906975
14918,-0.08929444
14919,-0.095062256
14920,-0.10394287
14921,-0.068603516
14922,-0.047027584
14923,-0.05496216
14924,-0.047454838
14925,-0.060760513
14926,-0.073028564
14927,-0.07785036
14928,-0.10757447
14929,-0.12698366
14930,-0.13818358
14931,-0.16152956
14932,-0.15832517
14933,-0.14474487
14934,-0.1445923
14935,-0.12747192
14936,-0.10470582
14937,-0.09405519
14938,-0.06549072
14939,-0.058044437
14940,-0.04492186
14941,-0.030364994
14942,-0.02691649
14943,-0.033691406
14944,-0.034454346
14945,-0.02813721
14946,-0.027282722
14947,-0.015930183
14948,-0.021942146
14949,-0.01928711
14950,-0.02053833
14951,-0.026977554
14952,-0.025207475
14953,-0.027618408
14954,-0.03195189
14955,-0.027709946
14956,-0.031280547
14957,-0.038116455
14958,-0.04138185
14959,-0.05477906
14960,-0.06521607
14961,-0.07211302
14962,-0.082214355
14963,-0.097564705
14964,-0.08795166
14965,-0.058349602
14966,-0.027771
14967,-0.011932388
14968,0.0025024489
14969,0.011352554
14970,0.02508545
14971,0.036560066
14972,0.0482788
14973,0.060943607
14974,0.0814209
14975,0.096252434
14976,0.11547853
14977,0.13381958
14978,0.13491821
14979,0.12823486
14980,0.12805177
14981,0.112365715
14982,0.1039734
14983,0.0871582
14984,0.0597229
14985,0.044586185
14986,0.02038575
14987,-0.025878904
14988,-0.046661377
14989,-0.07070923
14990,-0.091796875
14991,-0.092987046
14992,-0.10156248
14993,-0.11093141
14994,-0.10040285
14995,-0.10998535
14996,-0.10964966
14997,-0.09841919
14998,-0.09780882
14999,-0.08398436
15000,-0.06332398
15001,-0.0611267
15002,-0.03601075
15003,-0.02365113
15004,-0.014404301
15005,0.011840809
15006,0.0251465
15007,0.037536614
15008,0.06491089
15009,0.048034668
15010,0.053222656
15011,0.06817627
15012,0.067840576
15013,0.08740236
15014,0.09902955
15015,0.104553245
15016,0.13519287
15017,0.15933225
15018,0.17214966
15019,0.19604492
15020,0.1942444
15021,0.1887207
15022,0.19238281
15023,0.17416382
15024,0.16607666
15025,0.15905762
15026,0.14163208
15027,0.1402893
15028,0.12649536
15029,0.11270143
15030,0.10430909
15031,0.06820679
15032,0.050872803
15033,0.044372544
15034,0.03182982
15035,0.037261963
15036,0.039245635
15037,0.03945923
15038,0.06512448
15039,0.074859634
15040,0.096130356
15041,0.1269226
15042,0.14007564
15043,0.15530398
15044,0.18112186
15045,0.18646237
15046,0.2081604
15047,0.22033691
15048,0.22467041
15049,0.24816895
15050,0.25473025
15051,0.23367311
15052,0.20996095
15053,0.13131714
15054,0.06033328
15055,-0.018249497
15056,-0.11349484
15057,-0.18643194
15058,-0.27093503
15059,-0.37600708
15060,-0.44476306
15061,-0.50732434
15062,-0.5592348
15063,-0.57806385
15064,-0.5828552
15065,-0.6007689
15066,-0.54968274
15067,-0.38662708
15068,-0.31555176
15069,-0.22125235
15070,-0.13555917
15071,-0.04574582
15072,0.042419434
15073,0.10528564
15074,0.16867064
15075,0.21334848
15076,0.25442502
15077,0.29437256
15078,0.33233643
15079,0.3468933
15080,0.35769653
15081,0.3709104
15082,0.39862084
15083,0.43051124
15084,0.4464414
15085,0.44158947
15086,0.4181521
15087,0.34728992
15088,0.2874756
15089,0.31137097
15090,0.23864746
15091,0.17514038
15092,0.112976074
15093,0.07687387
15094,0.03820792
15095,0.032073982
15096,0.040802002
15097,0.014434963
15098,-0.006378293
15099,-0.025299072
15100,-0.04144287
15101,-0.075042725
15102,-0.07269311
15103,-0.032318354
15104,0.056854248
15105,0.17245483
15106,0.261261
15107,0.34588623
15108,0.41937256
15109,0.47967505
15110,0.5191653
15111,0.5104675
15112,0.57528675
15113,0.6605834
15114,0.73928845
15115,0.8232727
15116,0.8655089
15117,0.83700573
15118,0.69891375
15119,0.46014404
15120,0.12896717
15121,-0.2782899
15122,-0.68682826
15123,-1.0872806
15124,-1.4751894
15125,-1.8230284
15126,-2.1004026
15127,-2.3141785
15128,-2.4393313
15129,-2.489441
15130,-2.4604797
15131,-2.3937683
15132,-2.2135625
15133,-1.8480835
15134,-1.518158
15135,-1.1213989
15136,-0.68887335
15137,-0.2569885
15138,0.15447988
15139,0.5301209
15140,0.8808901
15141,1.224884
15142,1.5276793
15143,1.8116148
15144,2.0656433
15145,2.2628784
15146,2.449524
15147,2.618164
15148,2.7338867
15149,2.8161316
15150,2.8198853
15151,2.7315674
15152,2.5706792
15153,2.3408508
15154,1.9977417
15155,1.5376283
15156,1.0833739
15157,0.6127621
15158,0.1419071
15159,-0.29104614
15160,-0.6889648
15161,-1.0075989
15162,-1.2994385
15163,-1.5726012
15164,-1.820099
15165,-2.0508423
15166,-2.2510374
15167,-2.424652
15168,-2.5689394
15169,-2.6752014
15170,-2.739624
15171,-2.7774353
15172,-2.7809753
15173,-2.7318115
15174,-2.633484
15175,-2.4707642
15176,-2.2419739
15177,-1.9967042
15178,-1.6456299
15179,-1.2453003
15180,-0.8253173
15181,-0.4146424
15182,-0.01751697
15183,0.31967187
15184,0.6122134
15185,0.87762463
15186,1.0894468
15187,1.2851865
15188,1.4442137
15189,1.5954894
15190,1.7188112
15191,1.8053591
15192,1.8559266
15193,1.8787231
15194,1.8804626
15195,1.8635864
15196,1.8150634
15197,1.741913
15198,1.6228027
15199,1.4192504
15200,1.2287903
15201,1.0223389
15202,0.79998785
15203,0.57464594
15204,0.3801576
15205,0.19915773
15206,0.055999696
15207,-0.03298956
15208,-0.10165402
15209,-0.13937369
15210,-0.17095962
15211,-0.1899414
15212,-0.21646112
15213,-0.25848383
15214,-0.32543957
15215,-0.41247544
15216,-0.5044861
15217,-0.6069945
15218,-0.7028809
15219,-0.7783203
15220,-0.8627624
15221,-0.9903563
15222,-1.0835266
15223,-1.1853639
15224,-1.279724
15225,-1.3592224
15226,-1.4129027
15227,-1.4173279
15228,-1.3714294
15229,-1.2691345
15230,-1.1155396
15231,-0.907074
15232,-0.69375616
15233,-0.462036
15234,-0.22879022
15235,-0.023345847
15236,0.1482237
15237,0.29550177
15238,0.42388928
15239,0.54580677
15240,0.64776593
15241,0.7442322
15242,0.8208314
15243,0.81994617
15244,0.8279724
15245,0.8105775
15246,0.7590332
15247,0.6831969
15248,0.6307374
15249,0.5597229
15250,0.5082396
15251,0.4768066
15252,0.44293213
15253,0.4376832
15254,0.42736804
15255,0.4262085
15256,0.41647357
15257,0.386963
15258,0.33355695
15259,0.27151498
15260,0.21997073
15261,0.17282102
15262,0.12945555
15263,0.09637457
15264,0.07339482
15265,0.051879838
15266,0.01559451
15267,-0.035064682
15268,-0.09780891
15269,-0.16693114
15270,-0.22726434
15271,-0.27572638
15272,-0.29495245
15273,-0.27606207
15274,-0.22714224
15275,-0.14697257
15276,-0.06579587
15277,0.022613626
15278,0.11898809
15279,0.20138554
15280,0.2668457
15281,0.3253479
15282,0.36984253
15283,0.403656
15284,0.418274
15285,0.41656494
15286,0.40112317
15287,0.35940555
15288,0.2799073
15289,0.17642216
15290,0.05706777
15291,-0.079864495
15292,-0.20156862
15293,-0.29415902
15294,-0.3646546
15295,-0.42675787
15296,-0.45095813
15297,-0.4477233
15298,-0.4311828
15299,-0.41369623
15300,-0.38360596
15301,-0.34954834
15302,-0.31472784
15303,-0.26239014
15304,-0.20153806
15305,-0.13809204
15306,-0.07730101
15307,-0.015014656
15308,0.049102828
15309,0.113616936
15310,0.17196655
15311,0.21905522
15312,0.24255362
15313,0.25732425
15314,0.273529
15315,0.2817687
15316,0.2853088
15317,0.27273554
15318,0.25253302
15319,0.2317505
15320,0.21383674
15321,0.19332889
15322,0.18292235
15323,0.17691043
15324,0.17782593
15325,0.18029785
15326,0.18634036
15327,0.187561
15328,0.1853333
15329,0.1881409
15330,0.19070435
15331,0.18371582
15332,0.18502809
15333,0.18414307
15334,0.17477411
15335,0.15472417
15336,0.12753287
15337,0.10012813
15338,0.07150264
15339,0.041229203
15340,0.015319906
15341,-0.019714322
15342,-0.05072016
15343,-0.07870482
15344,-0.10153202
15345,-0.12506106
15346,-0.14639276
15347,-0.16659547
15348,-0.18658447
15349,-0.2026367
15350,-0.22427364
15351,-0.24505612
15352,-0.25946045
15353,-0.27703854
15354,-0.29260254
15355,-0.3105469
15356,-0.32238773
15357,-0.3300476
15358,-0.32781985
15359,-0.30859375
15360,-0.2852478
15361,-0.25827026
15362,-0.21768183
15363,-0.18548582
15364,-0.14889526
15365,-0.11495967
15366,-0.092468314
15367,-0.07348636
15368,-0.05789181
15369,-0.045410153
15370,-0.037078857
15371,-0.030609133
15372,-0.0152893085
15373,0.009033222
15374,0.030944832
15375,0.054718032
15376,0.08004759
15377,0.10516358
15378,0.124816895
15379,0.13705444
15380,0.14575194
15381,0.14782715
15382,0.14959717
15383,0.14514157
15384,0.13534546
15385,0.11834718
15386,0.10397337
15387,0.092620865
15388,0.08398437
15389,0.07061766
15390,0.06124878
15391,0.047790527
15392,0.030731196
15393,0.017028825
15394,0.00012207404
15395,-0.015502941
15396,-0.031585723
15397,-0.05139161
15398,-0.06713866
15399,-0.07870485
15400,-0.08706665
15401,-0.09396362
15402,-0.09863281
15403,-0.09954831
15404,-0.09573366
15405,-0.08813474
15406,-0.07373045
15407,-0.06484984
15408,-0.054412846
15409,-0.035736088
15410,-0.017547619
15411,-0.0046081766
15412,0.0040588267
15413,0.008087156
15414,0.0044860765
15415,0.00018311664
15416,0.005188007
15417,0.008331295
15418,0.009674057
15419,0.014526356
15420,0.021728523
15421,0.02490234
15422,0.0335083
15423,0.04650879
15424,0.053344734
15425,0.062133785
15426,0.064544685
15427,0.06680297
15428,0.07116699
15429,0.06805421
15430,0.06466674
15431,0.06036378
15432,0.051361073
15433,0.03836058
15434,0.02459716
15435,0.0080566425
15436,-0.007995609
15437,-0.01721191
15438,-0.017761223
15439,-0.012786867
15440,-0.007873531
15441,0.0041198656
15442,0.015625011
15443,0.030273438
15444,0.045654308
15445,0.056365967
15446,0.059509285
15447,0.05450438
15448,0.048309334
15449,0.035644535
15450,0.021392822
15451,0.0052184984
15452,-0.013793943
15453,-0.025207512
15454,-0.026550293
15455,-0.021850582
15456,-0.014801025
15457,-0.0046691857
15458,0.0032348577
15459,0.009948738
15460,0.011627195
15461,0.008392328
15462,-0.0017395113
15463,-0.011932377
15464,-0.020172132
15465,-0.028930673
15466,-0.033966057
15467,-0.031188976
15468,-0.029327402
15469,-0.02197266
15470,-0.0116272075
15471,0.005004892
15472,0.018402098
15473,0.031555172
15474,0.040191654
15475,0.05075074
15476,0.059082028
15477,0.064849846
15478,0.062103257
15479,0.04998778
15480,0.039794922
15481,0.033721935
15482,0.024200449
15483,0.017761227
15484,0.014434819
15485,0.011535634
15486,0.012420667
15487,0.018066406
15488,0.02301025
15489,0.031585693
15490,0.034790054
15491,0.03805541
15492,0.03811647
15493,0.036590576
15494,0.035827637
15495,0.03555298
15496,0.022949215
15497,0.010986336
15498,0.00015258789
15499,-0.007934563
15500,-0.0130920485
15501,-0.015747081
15502,-0.01727295
15503,-0.02008057
15504,-0.025238046
15505,-0.026733385
15506,-0.036041263
15507,-0.041046135
15508,-0.044830333
15509,-0.051544204
15510,-0.061584465
15511,-0.07171632
15512,-0.08120729
15513,-0.092620865
15514,-0.094116226
15515,-0.09188842
15516,-0.09503175
15517,-0.0980835
15518,-0.09820555
15519,-0.09353638
15520,-0.088134766
15521,-0.078186035
15522,-0.06686401
15523,-0.05883789
15524,-0.049896248
15525,-0.041564956
15526,-0.037445087
15527,-0.036529537
15528,-0.031402595
15529,-0.033355705
15530,-0.036682144
15531,-0.046508808
15532,-0.059509285
15533,-0.065673836
15534,-0.070220955
15535,-0.06939697
15536,-0.06326295
15537,-0.04528808
15538,-0.029998785
15539,-0.011169428
15540,0.0047302097
15541,0.014007558
15542,0.019622803
15543,0.025482189
15544,0.02246093
15545,0.016326912
15546,0.007263176
15547,0.006530769
15548,0.0033264123
15549,0.0035400316
15550,0.0057678185
15551,0.006744392
15552,0.010223389
15553,0.011505128
15554,0.013488767
15555,0.020629887
15556,0.022888185
15557,0.021942148
15558,0.029083252
15559,0.035461433
15560,0.030487062
15561,0.01983643
15562,0.0086059645
15563,-0.009735111
15564,-0.034729015
15565,-0.05648803
15566,-0.07196044
15567,-0.08477783
15568,-0.09194948
15569,-0.09027101
15570,-0.08517456
15571,-0.074218735
15572,-0.057678226
15573,-0.039428707
15574,-0.027740482
15575,-0.018859882
15576,-0.005249016
15577,0.0022583008
15578,0.0064086765
15579,0.0073852614
15580,0.012512207
15581,0.016052276
15582,0.016387928
15583,0.023773208
15584,0.038177494
15585,0.04840084
15586,0.06060789
15587,0.074523926
15588,0.083099395
15589,0.08700563
15590,0.091918945
15591,0.09393309
15592,0.09664917
15593,0.0957031
15594,0.093322754
15595,0.092285156
15596,0.08239747
15597,0.081359856
15598,0.07495118
15599,0.07019044
15600,0.063873276
15601,0.05206301
15602,0.048614524
15603,0.03622436
15604,0.030853279
15605,0.022094734
15606,0.009857193
15607,-0.0012512207
15608,-0.022949226
15609,-0.03195192
15610,-0.047515858
15611,-0.059234608
15612,-0.06442263
15613,-0.07391357
15614,-0.07455446
15615,-0.084106445
15616,-0.08346556
15617,-0.08618164
15618,-0.09503174
15619,-0.0979614
15620,-0.10464479
15621,-0.1076355
15622,-0.11242675
15623,-0.114379875
15624,-0.11364743
15625,-0.1262207
15626,-0.12994385
15627,-0.14898682
15628,-0.22525023
15629,-0.3623657
15630,-0.5114747
15631,-0.7109374
15632,-0.6968385
15633,-0.5526732
15634,-0.56393445
15635,-0.4645385
15636,-0.15286255
15637,0.239685
15638,0.6300048
15639,0.9508666
15640,1.1201174
15641,1.1968386
15642,1.1572874
15643,1.0588379
15644,0.9446717
15645,0.83251953
15646,0.7265321
15647,0.619812
15648,0.50402844
15649,0.36590567
15650,0.14514154
15651,-0.14727777
15652,-0.44610608
15653,-0.78890985
15654,-0.892975
15655,-0.8611144
15656,-0.95950335
15657,-0.9203796
15658,-0.64535534
15659,-0.2657776
15660,0.115356326
15661,0.44305402
15662,0.6299746
15663,0.72454864
15664,0.68835425
15665,0.58709705
15666,0.47280896
15667,0.36950684
15668,0.28292847
15669,0.21411139
15670,0.1442262
15671,0.06552124
15672,-0.008728087
15673,-0.07675177
15674,-0.13766482
15675,-0.15966803
15676,-0.27276605
15677,-0.42373654
15678,-0.45745856
15679,-0.5109253
15680,-0.6440431
15681,-0.8068236
15682,-0.9706421
15683,-1.1082765
15684,-1.1584167
15685,-1.1573181
15686,-1.0917969
15687,-0.98928833
15688,-0.87576306
15689,-0.7553407
15690,-0.6383668
15691,-0.5332335
15692,-0.43402094
15693,-0.3701476
15694,-0.3854674
15695,-0.4697265
15696,-0.55715954
15697,-0.69442743
15698,-0.5957643
15699,-0.36849964
15700,-0.31250006
15701,-0.15164179
15702,0.21017459
15703,0.6683959
15704,1.1167296
15705,1.4838562
15706,1.7011721
15707,1.8151857
15708,1.8245847
15709,1.7980348
15710,1.7510376
15711,1.7023926
15712,1.6491395
15713,1.5877991
15714,1.4847413
15715,1.341156
15716,1.1910706
15717,1.0350343
15718,0.8883972
15719,0.762085
15720,0.57852185
15721,0.37145984
15722,0.21615587
15723,0.0448609
15724,-0.2104187
15725,-0.47857648
15726,-0.7296753
15727,-0.9309387
15728,-1.047821
15729,-1.1080933
15730,-1.1096802
15731,-1.0913697
15732,-1.0522765
15733,-0.99993885
15734,-0.9461672
15735,-0.87512195
15736,-0.78817743
15737,-0.6850585
15738,-0.53652966
15739,-0.35476673
15740,-0.16412368
15741,0.020111144
15742,0.12359619
15743,0.19628888
15744,0.29354864
15745,0.33493042
15746,0.24423236
15747,0.0968934
15748,-0.07266235
15749,-0.22677599
15750,-0.31121832
15751,-0.35595715
15752,-0.33175653
15753,-0.26458728
15754,-0.19857807
15755,-0.1404115
15756,-0.09445202
15757,-0.06851176
15758,-0.05404657
15759,-0.05117809
15760,-0.0138243735
15761,0.05670178
15762,0.14489752
15763,0.2833252
15764,0.30554187
15765,0.24588005
15766,0.2675172
15767,0.22262567
15768,0.07513438
15769,-0.10037224
15770,-0.25204468
15771,-0.36444074
15772,-0.40255743
15773,-0.38638318
15774,-0.30746454
15775,-0.20300294
15776,-0.08831781
15777,0.021911722
15778,0.11685187
15779,0.20269758
15780,0.29077142
15781,0.39279187
15782,0.540863
15783,0.7256165
15784,0.9136658
15785,1.0876465
15786,1.1514894
15787,1.1535338
15788,1.162384
15789,1.0915529
15790,0.87985235
15791,0.59994507
15792,0.30957037
15793,0.049896277
15794,-0.14349368
15795,-0.28097546
15796,-0.36077875
15797,-0.4187622
15798,-0.46691895
15799,-0.5138855
15800,-0.5589295
15801,-0.5939635
15802,-0.60635376
15803,-0.5772096
15804,-0.48327637
15805,-0.33563226
15806,-0.17437737
15807,0.018951416
15808,0.07141109
15809,0.03359973
15810,0.08206189
15811,0.06985462
15812,-0.03875727
15813,-0.20483391
15814,-0.37112427
15815,-0.49993873
15816,-0.5554505
15817,-0.55963147
15818,-0.5060119
15819,-0.43139648
15820,-0.3551026
15821,-0.29251102
15822,-0.24685669
15823,-0.21066292
15824,-0.16217045
15825,-0.09170534
15826,-0.0017089234
15827,0.09902951
15828,0.1996461
15829,0.29528806
15830,0.34567255
15831,0.3598023
15832,0.37496948
15833,0.37484747
15834,0.36499017
15835,0.32977286
15836,0.28765875
15837,0.23931883
15838,0.19009401
15839,0.1404113
15840,0.08679198
15841,0.030914292
15842,-0.019561782
15843,-0.071746856
15844,-0.11746216
15845,-0.15115362
15846,-0.17013553
15847,-0.16806035
15848,-0.15704341
15849,-0.12536624
15850,-0.09637443
15851,-0.066345245
15852,-0.056274384
15853,-0.068420336
15854,-0.057434097
15855,-0.06802368
15856,-0.079071134
15857,-0.09112553
15858,-0.099029526
15859,-0.09799201
15860,-0.095001206
15861,-0.09542847
15862,-0.104888946
15863,-0.119262725
15864,-0.13751219
15865,-0.15173344
15866,-0.17535406
15867,-0.18432626
15868,-0.19268799
15869,-0.17990117
15870,-0.15634152
15871,-0.13058478
15872,-0.09439081
15873,-0.059783988
15874,-0.041992202
15875,-0.048492387
15876,-0.027130134
15877,-0.0026549995
15878,0.030090243
15879,0.051208444
15880,0.056243896
15881,0.052185014
15882,0.048980698
15883,0.042144787
15884,0.03503419
15885,0.03460693
15886,0.025756773
15887,0.016784607
15888,-0.004058863
15889,-0.014068613
15890,-0.020874042
15891,-0.019928008
15892,-0.011657646
15893,-0.008331357
15894,6.106682e-05
15895,0.002502391
15896,0.0013122614
15897,-0.018524129
15898,-0.0072021633
15899,-0.005981423
15900,-0.0041504726
15901,0.0086058825
15902,0.018981941
15903,0.031829767
15904,0.034393307
15905,0.028930662
15906,0.017395018
15907,0.0065612793
15908,-0.0018005446
15909,-0.011566177
15910,-0.016784668
15911,-0.0174561
15912,-0.014556885
15913,-0.0124206105
15914,-0.0061950237
15915,-0.00045777787
15916,0.0035705836
15917,0.0025329404
15918,0.007995633
15919,0.015716601
15920,0.020263642
15921,0.02539066
15922,0.01824946
15923,0.020782458
15924,0.020111099
15925,0.013214061
15926,0.012268068
15927,-0.0063476656
15928,-0.011230474
15929,-0.012939464
15930,-0.015136719
15931,-0.0107421875
15932,-0.016540524
15933,-0.0062561
15934,-0.004150402
15935,0.0050964206
15936,0.012542719
15937,0.012695314
15938,0.01593016
15939,0.012451164
15940,0.027709953
15941,0.042907707
15942,0.06079101
15943,0.07092285
15944,0.067657486
15945,0.07498167
15946,0.081085205
15947,0.08306885
15948,0.082794175
15949,0.08010864
15950,0.073486336
15951,0.06268309
15952,0.048034657
15953,0.03201293
15954,0.011047367
15955,-0.0030517448
15956,-0.006103523
15957,-0.005737312
15958,0.0019836538
15959,0.004730221
15960,0.0025939979
15961,-0.0031433068
15962,-0.0033569224
15963,0.0037841797
15964,0.012115486
15965,0.013854988
15966,0.014373772
15967,0.017639153
15968,0.0270691
15969,0.03631594
15970,0.039367672
15971,0.040252678
15972,0.045501716
15973,0.04919433
15974,0.04916383
15975,0.03826904
15976,0.035644524
15977,0.049987804
15978,0.05218505
15979,0.052154534
15980,0.051849373
15981,0.054687496
15982,0.05462647
15983,0.053436287
15984,0.054931656
15985,0.06536865
15986,0.058044437
15987,0.053710938
15988,0.029937746
15989,0.019866936
15990,0.007110594
15991,-0.0014648335
15992,-0.014251711
15993,-0.023712162
15994,-0.025177006
15995,-0.033630375
15996,-0.017639168
15997,-0.016326906
15998,-0.0036315694
15999,0.013427738
16000,0.012817364
16001,0.009460457
16002,-0.013122551
16003,-0.0270691
16004,-0.041625984
16005,-0.04797364
16006,-0.04949952
16007,-0.044128403
16008,-0.052703872
16009,-0.06277466
16010,-0.07315063
16011,-0.069366455
16012,-0.057586655
16013,-0.04095459
16014,-0.021331795
16015,0.0017089769
16016,0.024139415
16017,0.0415039
16018,0.0531006
16019,0.060424797
16020,0.06484985
16021,0.053863518
16022,0.052337654
16023,0.053222656
16024,0.05664064
16025,0.058471676
16026,0.052856445
16027,0.05148316
16028,0.040130623
16029,0.03338624
16030,0.022857666
16031,0.020385724
16032,0.017456062
16033,0.011108384
16034,0.0004882738
16035,-0.0045471042
16036,-0.0067443848
16037,0.003143318
16038,0.026977547
16039,0.04141237
16040,0.069610596
16041,0.07406617
16042,0.09240723
16043,0.110687286
16044,0.105224624
16045,0.09133912
16046,0.06668091
16047,0.05838012
16048,0.05429076
16049,0.05816651
16050,0.051574714
16051,0.05340576
16052,0.038482673
16053,0.025207512
16054,0.012207031
16055,0.002197262
16056,0.0028381348
16057,0.00970461
16058,0.014801031
16059,0.015625015
16060,0.009551998
16061,-3.0502677e-05
16062,0.0004577674
16063,-0.0011901855
16064,0.0014648363
16065,-0.009307874
16066,-0.009887692
16067,-0.006103525
16068,-0.007537825
16069,-0.00918578
16070,-0.021026615
16071,-0.03137208
16072,-0.055480987
16073,-0.08181761
16074,-0.10012819
16075,-0.10931397
16076,-0.11563109
16077,-0.11773681
16078,-0.12606812
16079,-0.1300049
16080,-0.12179566
16081,-0.111572266
16082,-0.09469603
16083,-0.07708741
16084,-0.053009033
16085,-0.028717034
16086,-0.007507315
16087,-0.0051879883
16088,-0.0017700102
16089,-0.0002136156
16090,-0.000427261
16091,0.010314949
16092,0.021087654
16093,0.039306656
16094,0.051239014
16095,0.05578613
16096,0.055816658
16097,0.047729485
16098,0.05368042
16099,0.046569817
16100,0.04751586
16101,0.046630874
16102,0.043975823
16103,0.03869631
16104,0.033081044
16105,0.021850616
16106,0.013641357
16107,0.0046997145
16108,-0.0045471378
16109,-0.010070797
16110,-0.010650618
16111,-0.015472433
16112,-0.014465332
16113,-0.0246582
16114,-0.032714855
16115,-0.032012947
16116,-0.039764397
16117,-0.04922486
16118,-0.055114754
16119,-0.057891827
16120,-0.05816651
16121,-0.064514145
16122,-0.071167
16123,-0.07672119
16124,-0.073272705
16125,-0.078979485
16126,-0.0848694
16127,-0.08685303
16128,-0.07901001
16129,-0.058502182
16130,-0.034332287
16131,-0.02563478
16132,-0.014617927
16133,-0.0058593713
16134,-0.00054932944
16135,0.002990719
16136,0.0027771136
16137,-0.007232666
16138,-0.022460941
16139,-0.039367683
16140,-0.045959476
16141,-0.0448303
16142,-0.03955079
16143,-0.044342026
16144,-0.04174806
16145,-0.042785645
16146,-0.033386216
16147,-0.022399906
16148,-0.013305664
16149,-0.0005187994
16150,-0.0006713867
16151,0.0051879883
16152,-0.0022583045
16153,-0.008789072
16154,-0.009002693
16155,-0.014801031
16156,-0.012756357
16157,-0.017669672
16158,-0.02655029
16159,-0.029296873
16160,-0.025421135
16161,-0.022552494
16162,-0.012664791
16163,-0.010986323
16164,-0.008056639
16165,-0.016235355
16166,-0.025390629
16167,-0.028106682
16168,-0.025817888
16169,-0.02407837
16170,-0.024536144
16171,-0.02825927
16172,-0.0317688
16173,-0.030395502
16174,-0.029815674
16175,-0.02371216
16176,-0.016540527
16177,-0.0072326623
16178,0.004028309
16179,0.010864241
16180,0.011444099
16181,0.0035400502
16182,-0.0035400167
16183,-0.008392349
16184,-0.007537842
16185,-0.009185772
16186,-0.005004894
16187,-0.0071410984
16188,-0.00036622398
16189,0.00024412759
16190,-0.003265367
16191,0.003387447
16192,0.0027465858
16193,0.007202151
16194,0.0038757322
16195,0.007354732
16196,0.008239743
16197,0.009613026
16198,0.0127563365
16199,0.013946537
16200,0.022583002
16201,0.027252182
16202,0.029052746
16203,0.02487183
16204,0.029113788
16205,0.034393314
16206,0.04537965
16207,0.058441155
16208,0.060943596
16209,0.056640632
16210,0.04660034
16211,0.039733898
16212,0.03845214
16213,0.039306626
16214,0.03622437
16215,0.03717041
16216,0.027160645
16217,0.026733395
16218,0.019470226
16219,0.01150512
16220,0.0033264142
16221,-0.006774893
16222,-0.019073488
16223,-0.027130125
16224,-0.032073967
16225,-0.03158571
16226,-0.01879882
16227,-0.006378155
16228,0.012207035
16229,0.025390603
16230,0.033386216
16231,0.036590584
16232,0.039154053
16233,0.036956795
16234,0.032226562
16235,0.03561399
16236,0.033599854
16237,0.02990722
16238,0.020477299
16239,0.011749264
16240,0.0057373103
16241,-0.0016174302
16242,0.000579834
16243,0.0036621094
16244,0.009674087
16245,0.009765625
16246,0.004211437
16247,-0.004852295
16248,-0.010040268
16249,-0.011627205
16250,-0.008422847
16251,-0.010894788
16252,-0.0073242206
16253,-0.0046386756
16254,-0.005950924
16255,-0.006317146
16256,-0.019653305
16257,-0.030029297
16258,-0.035430916
16259,-0.039306663
16260,-0.04675292
16261,-0.04879762
16262,-0.04669189
16263,-0.037872303
16264,-0.026855469
16265,-0.010284431
16266,0.0039978027
16267,0.017211907
16268,0.024841301
16269,0.025909416
16270,0.028717041
16271,0.025421143
16272,0.033325206
16273,0.03936767
16274,0.039428707
16275,0.033996593
16276,0.024810791
16277,0.013153091
16278,0.003692627
16279,-0.006500244
16280,-0.018951416
16281,-0.028625488
16282,-0.046295147
16283,-0.062194843
16284,-0.07617186
16285,-0.090362534
16286,-0.10754394
16287,-0.12133789
16288,-0.13565063
16289,-0.1399231
16290,-0.1315613
16291,-0.11401369
16292,-0.09176636
16293,-0.073608406
16294,-0.05517578
16295,-0.043334976
16296,-0.025054928
16297,-0.011016853
16298,-6.1012805e-05
16299,0.007232666
16300,0.010406509
16301,0.018951401
16302,0.030273423
16303,0.04547119
16304,0.064147964
16305,0.08157349
16306,0.10784915
16307,0.13653563
16308,0.16333008
16309,0.18981943
16310,0.21597296
16311,0.24371344
16312,0.2680969
16313,0.28775018
16314,0.299652
16315,0.3103637
16316,0.3172913
16317,0.31893918
16318,0.32019037
16319,0.32015985
16320,0.3244018
16321,0.3158874
16322,0.28146356
16323,0.22756961
16324,0.17547607
16325,0.111267105
16326,0.023559585
16327,-0.06939703
16328,-0.15850833
16329,-0.26293945
16330,-0.3774414
16331,-0.48037714
16332,-0.5637513
16333,-0.61352533
16334,-0.6329042
16335,-0.6264649
16336,-0.6006776
16337,-0.5538636
16338,-0.49545276
16339,-0.4371338
16340,-0.3756408
16341,-0.30920422
16342,-0.22720337
16343,-0.14959732
16344,-0.08190927
16345,-0.024230912
16346,0.032318145
16347,0.086853
16348,0.123535246
16349,0.1503905
16350,0.17797858
16351,0.18780535
16352,0.19995105
16353,0.22415137
16354,0.24456775
16355,0.27267468
16356,0.31286597
16357,0.3566283
16358,0.36834717
16359,0.3620608
16360,0.3309021
16361,0.31188953
16362,0.2869873
16363,0.2694397
16364,0.2500918
16365,0.24487299
16366,0.25772095
16367,0.255951
16368,0.2142334
16369,0.12692255
16370,0.041259825
16371,-0.0630492
16372,-0.15939307
16373,-0.24029505
16374,-0.2727661
16375,-0.252594
16376,-0.1852417
16377,-0.05468726
16378,0.101257324
16379,0.26147437
16380,0.3872378
16381,0.5001221
16382,0.62030005
16383,0.7726437
16384,0.9278562
16385,1.0818481
16386,1.2131044
16387,1.3095092
16388,1.3369446
16389,1.2600099
16390,1.0558472
16391,0.7313232
16392,0.3206482
16393,-0.14782691
16394,-0.6302798
16395,-1.1208799
16396,-1.5812986
16397,-1.9628298
16398,-2.2373962
16399,-2.390381
16400,-2.464325
16401,-2.4659424
16402,-2.3934324
16403,-2.254547
16404,-2.066254
16405,-1.8286743
16406,-1.541412
16407,-1.2082217
16408,-0.83843994
16409,-0.44433606
16410,-0.024597049
16411,0.39221185
16412,0.7984314
16413,1.1844482
16414,1.5375977
16415,1.8511657
16416,2.1222837
16417,2.3668523
16418,2.5872498
16419,2.7555537
16420,2.8473206
16421,2.8651428
16422,2.8263245
16423,2.724945
16424,2.5291748
16425,2.2515259
16426,1.9075924
16427,1.5368956
16428,1.129944
16429,0.7010498
16430,0.24841332
16431,-0.18002307
16432,-0.57196057
16433,-0.94259644
16434,-1.3211365
16435,-1.6927489
16436,-2.0183716
16437,-2.3131714
16438,-2.5696712
16439,-2.7938843
16440,-2.9681091
16441,-3.0773315
16442,-3.1097717
16443,-3.062683
16444,-2.9815364
16445,-2.8713074
16446,-2.7158203
16447,-2.5161743
16448,-2.2644043
16449,-1.969696
16450,-1.6247251
16451,-1.2432557
16452,-0.8462219
16453,-0.44882208
16454,-0.052856326
16455,0.3278504
16456,0.69140625
16457,1.0329285
16458,1.3362733
16459,1.6116332
16460,1.8441161
16461,2.0549927
16462,2.214722
16463,2.3138428
16464,2.3634949
16465,2.3512266
16466,2.290924
16467,2.1956484
16468,2.081726
16469,1.9383849
16470,1.7653809
16471,1.5484315
16472,1.3070984
16473,1.04422
16474,0.77554315
16475,0.51553345
16476,0.2807008
16477,0.087005675
16478,-0.05877687
16479,-0.1405946
16480,-0.1816101
16481,-0.19064346
16482,-0.19329837
16483,-0.19140637
16484,-0.20034778
16485,-0.23727417
16486,-0.31109604
16487,-0.42120355
16488,-0.551483
16489,-0.6952821
16490,-0.8277588
16491,-0.9573364
16492,-1.0839539
16493,-1.2227783
16494,-1.3554688
16495,-1.4787598
16496,-1.5828247
16497,-1.6638486
16498,-1.7056886
16499,-1.6870424
16500,-1.5946655
16501,-1.4326476
16502,-1.2187195
16503,-0.96310425
16504,-0.69116217
16505,-0.4040529
16506,-0.1368104
16507,0.08883679
16508,0.27508542
16509,0.40600592
16510,0.4961548
16511,0.5664368
16512,0.6362914
16513,0.69403076
16514,0.73767114
16515,0.74609387
16516,0.73098737
16517,0.69223034
16518,0.6445007
16519,0.582489
16520,0.51147467
16521,0.45361334
16522,0.42178345
16523,0.42309552
16524,0.44046023
16525,0.4834594
16526,0.5314636
16527,0.5795591
16528,0.6090698
16529,0.61154187
16530,0.58465576
16531,0.5232849
16532,0.4444885
16533,0.36209103
16534,0.29800412
16535,0.24841303
16536,0.20797746
16537,0.14971945
16538,0.078155465
16539,-0.0048521757
16540,-0.08575444
16541,-0.16903682
16542,-0.24545293
16543,-0.2920838
16544,-0.28829956
16545,-0.23635863
16546,-0.15713504
16547,-0.058654778
16548,0.049163684
16549,0.16412339
16550,0.2810362
16551,0.37554938
16552,0.43853757
16553,0.45077515
16554,0.43688953
16555,0.41671753
16556,0.39413452
16557,0.3651123
16558,0.32293713
16559,0.26263437
16560,0.18341051
16561,0.094116345
16562,0.010131836
16563,-0.072357155
16564,-0.15576175
16565,-0.23107916
16566,-0.2904663
16567,-0.33972168
16568,-0.37860113
16569,-0.41021717
16570,-0.42959598
16571,-0.44876105
16572,-0.46847552
16573,-0.47726434
16574,-0.468628
16575,-0.45162964
16576,-0.43908703
16577,-0.420105
16578,-0.38919064
16579,-0.3383178
16580,-0.2655334
16581,-0.18264768
16582,-0.104461744
16583,-0.031341486
16584,0.03445432
16585,0.09481814
16586,0.14038084
16587,0.16793819
16588,0.18530272
16589,0.18713377
16590,0.18145746
16591,0.17553715
16592,0.1758422
16593,0.18344116
16594,0.19564806
16595,0.21603397
16596,0.2449951
16597,0.2770385
16598,0.30328357
16599,0.32369995
16600,0.33853152
16601,0.35238644
16602,0.36425784
16603,0.3764344
16604,0.38079828
16605,0.37738043
16606,0.36398315
16607,0.33843994
16608,0.29925537
16609,0.24569698
16610,0.19201659
16611,0.14047241
16612,0.092040956
16613,0.03762822
16614,-0.016510092
16615,-0.074340805
16616,-0.12271124
16617,-0.15893555
16618,-0.18295285
16619,-0.20635986
16620,-0.23608398
16621,-0.26235968
16622,-0.2841186
16623,-0.30645752
16624,-0.32492068
16625,-0.3300476
16626,-0.32144165
16627,-0.30584717
16628,-0.28701782
16629,-0.26556396
16630,-0.24221808
16631,-0.21603397
16632,-0.18649292
16633,-0.15948483
16634,-0.13281253
16635,-0.108856164
16636,-0.08270268
16637,-0.06903076
16638,-0.065734915
16639,-0.06271363
16640,-0.049163826
16641,-0.025238054
16642,-0.009613053
16643,-0.0036621103
16644,0.0022582994
16645,0.012268067
16646,0.015991196
16647,0.009979235
16648,0.002227798
16649,0.0010681134
16650,-0.00021363515
16651,0.00091552455
16652,-0.0054321107
16653,-0.021118155
16654,-0.03268434
16655,-0.03240966
16656,-0.033691414
16657,-0.028259281
16658,-0.024108902
16659,-0.017242443
16660,-0.013183594
16661,0.0018920824
16662,0.01058961
16663,0.024200436
16664,0.0322876
16665,0.036987312
16666,0.045227043
16667,0.049224857
16668,0.042083733
16669,0.039642334
16670,0.041412346
16671,0.048583977
16672,0.04443361
16673,0.031890865
16674,0.019012444
16675,-0.0014343224
16676,-0.026947021
16677,-0.045410156
16678,-0.062408447
16679,-0.06881714
16680,-0.07327273
16681,-0.08755493
16682,-0.082611054
16683,-0.066986084
16684,-0.05108642
16685,-0.026733393
16686,-0.011688216
16687,0.00085447915
16688,0.0168152
16689,0.022216797
16690,0.020019509
16691,0.01065062
16692,-0.012908913
16693,-0.02474977
16694,-0.032684334
16695,-0.048156753
16696,-0.046386726
16697,-0.039672844
16698,-0.03607177
16699,-0.019073498
16700,-0.009399418
16701,-0.0054321177
16702,0.0031432845
16703,-9.1575086e-05
16704,-0.009918198
16705,-0.021087643
16706,-0.05029296
16707,-0.06518553
16708,-0.06784056
16709,-0.058258057
16710,-0.037414562
16711,-0.038269043
16712,-0.05075074
16713,-0.049621582
16714,-0.0487976
16715,-0.031646732
16716,-0.008605959
16717,0.009551992
16718,0.028503414
16719,0.042388916
16720,0.041259766
16721,0.056488022
16722,0.05291748
16723,0.04431153
16724,0.047790516
16725,0.056121834
16726,0.06927492
16727,0.07852173
16728,0.07125854
16729,0.0663147
16730,0.06488037
16731,0.06484986
16732,0.08218382
16733,0.08822631
16734,0.08801269
16735,0.089782715
16736,0.07785034
16737,0.0635376
16738,0.056732178
16739,0.026733384
16740,0.009704581
16741,0.0007324312
16742,-0.01565551
16743,-0.024932863
16744,-0.023193361
16745,-0.027801512
16746,-0.029022217
16747,-0.04122924
16748,-0.048370365
16749,-0.046417248
16750,-0.05480957
16751,-0.059265137
16752,-0.06283569
16753,-0.061492927
16754,-0.04922485
16755,-0.05230713
16756,-0.06311035
16757,-0.05969238
16758,-0.07229614
16759,-0.069274895
16760,-0.049530044
16761,-0.03494264
16762,-0.020721436
16763,0.0018310398
16764,0.0082092285
16765,0.028228752
16766,0.04177857
16767,0.04614258
16768,0.0552063
16769,0.0602417
16770,0.05337526
16771,0.045013443
16772,0.029388422
16773,0.008087166
16774,-0.0055542067
16775,-0.021942146
16776,-0.033996582
16777,-0.057159416
16778,-0.07629392
16779,-0.076965325
16780,-0.06240845
16781,-0.05178833
16782,-0.033142105
16783,-0.02175904
16784,0.0016174316
16785,0.022064205
16786,0.027679432
16787,0.018066406
16788,0.025207533
16789,0.02178955
16790,0.031463638
16791,0.046966575
16792,0.05715941
16793,0.06158446
16794,0.060363777
16795,0.050628655
16796,0.05645753
16797,0.06732178
16798,0.07583618
16799,0.08712766
16800,0.09362793
16801,0.09609986
16802,0.0892639
16803,0.07855224
16804,0.0713501
16805,0.06567384
16806,0.044036873
16807,0.04434204
16808,0.044616688
16809,0.043823235
16810,0.03775025
16811,0.037200928
16812,0.0296631
16813,0.035369888
16814,0.031860344
16815,0.022338867
16816,0.021484384
16817,0.010009758
16818,0.007843023
16819,-0.008270286
16820,-0.030212373
16821,-0.04928589
16822,-0.068664536
16823,-0.088897705
16824,-0.08947754
16825,-0.09948729
16826,-0.0926819
16827,-0.080261245
16828,-0.068237305
16829,-0.056549083
16830,-0.044738762
16831,-0.048004135
16832,-0.029785153
16833,-0.013580309
16834,-0.01431274
16835,-0.011932392
16836,-0.019348156
16837,-0.034545895
16838,-0.039306644
16839,-0.049713135
16840,-0.048553474
16841,-0.041992184
16842,-0.059143078
16843,-0.04660035
16844,-0.021545416
16845,0.0054931752
16846,0.035430897
16847,0.052154534
16848,0.05380249
16849,0.07015992
16850,0.05978394
16851,0.05023194
16852,0.043762196
16853,0.025634754
16854,0.004455574
16855,-0.009155259
16856,-0.021820072
16857,-0.007598888
16858,0.015716553
16859,0.02624511
16860,0.043090828
16861,0.0482788
16862,0.049469
16863,0.040252674
16864,0.014190677
16865,0.0046081394
16866,0.0017700195
16867,-0.021850578
16868,-0.023712158
16869,-0.026550291
16870,-0.037872307
16871,-0.04367065
16872,-0.054504387
16873,-0.06121827
16874,-0.053558346
16875,-0.05050659
16876,-0.043640133
16877,-0.026489258
16878,-0.029296871
16879,-0.03277589
16880,-0.04177857
16881,-0.054290768
16882,-0.060272224
16883,-0.06475831
16884,-0.05691529
16885,-0.044525135
16886,-0.06347655
16887,-0.070831284
16888,-0.07199098
16889,-0.07238771
16890,-0.060791016
16891,-0.061462417
16892,-0.0696106
16893,-0.062072754
16894,-0.066955574
16895,-0.07723999
16896,-0.07339477
16897,-0.0814514
16898,-0.08666994
16899,-0.07431029
16900,-0.10333252
16901,-0.21640016
16902,-0.34286505
16903,-0.44595328
16904,-0.46133414
16905,-0.38418585
16906,-0.44195548
16907,-0.6378175
16908,-0.5874022
16909,-0.21685791
16910,0.18063357
16911,0.5624696
16912,0.8388977
16913,0.90615845
16914,0.8502196
16915,0.74075335
16916,0.6420592
16917,0.5420532
16918,0.45220938
16919,0.40136725
16920,0.39788824
16921,0.43078613
16922,0.39816293
16923,0.26687628
16924,0.09832752
16925,-0.031036198
16926,-0.11138898
16927,-0.13134772
16928,-0.30950922
16929,-0.62191784
16930,-0.6637877
16931,-0.37139887
16932,-0.04849249
16933,0.27484143
16934,0.5285644
16935,0.598816
16936,0.54696643
16937,0.41052258
16938,0.26763904
16939,0.110442996
16940,-0.016510129
16941,-0.10696405
16942,-0.122039855
16943,-0.10610962
16944,-0.066345096
16945,-0.01626569
16946,0.04678327
16947,0.08218384
16948,0.06875616
16949,-0.020019472
16950,-0.062683165
16951,-0.033935457
16952,-0.14074713
16953,-0.39190668
16954,-0.61969006
16955,-0.8097534
16956,-0.9247742
16957,-0.9266968
16958,-0.87670904
16959,-0.80300915
16960,-0.74383545
16961,-0.6962281
16962,-0.65438855
16963,-0.6035768
16964,-0.57131976
16965,-0.5375061
16966,-0.538025
16967,-0.60360724
16968,-0.6680908
16969,-0.6932678
16970,-0.63305664
16971,-0.4636842
16972,-0.44366455
16973,-0.57571423
16974,-0.44360346
16975,-0.035247818
16976,0.35592657
16977,0.7324525
16978,1.0150146
16979,1.0935364
16980,1.070282
16981,1.0089114
16982,0.98275745
16983,0.97821045
16984,0.9935912
16985,1.0259705
16986,1.1153564
16987,1.196167
16988,1.2626343
16989,1.3320007
16990,1.3824768
16991,1.3790588
16992,1.3005675
16993,1.1345825
16994,0.9949035
16995,0.930542
16996,0.7565001
16997,0.4424133
16998,0.10760486
16999,-0.19778436
17000,-0.4295045
17001,-0.5508727
17002,-0.61447144
17003,-0.6694032
17004,-0.747528
17005,-0.8180848
17006,-0.8867798
17007,-0.9351196
17008,-0.98150647
17009,-1.0230103
17010,-1.018219
17011,-0.9353332
17012,-0.8038025
17013,-0.6340333
17014,-0.4638978
17015,-0.32009876
17016,-0.08825672
17017,0.19241339
17018,0.32656842
17019,0.2878111
17020,0.22500601
17021,0.14172363
17022,0.074676394
17023,0.078552365
17024,0.13159195
17025,0.22247303
17026,0.3105164
17027,0.38949597
17028,0.44631958
17029,0.45867905
17030,0.43142694
17031,0.35626218
17032,0.29971302
17033,0.29193103
17034,0.29241964
17035,0.24298094
17036,0.15002427
17037,0.024719104
17038,-0.02709964
17039,-0.0025938153
17040,-0.07855232
17041,-0.3044129
17042,-0.5513611
17043,-0.7732545
17044,-0.9248657
17045,-0.9676819
17046,-0.92874134
17047,-0.841797
17048,-0.7445984
17049,-0.61203
17050,-0.47860715
17051,-0.359375
17052,-0.2646484
17053,-0.19766238
17054,-0.1026611
17055,0.045867875
17056,0.19906618
17057,0.35958856
17058,0.48953238
17059,0.58136
17060,0.7541809
17061,0.9784851
17062,1.0599365
17063,0.97622675
17064,0.85464483
17065,0.70245373
17066,0.56112665
17067,0.4862976
17068,0.4556275
17069,0.43878174
17070,0.41625988
17071,0.3879395
17072,0.34039313
17073,0.26095578
17074,0.1530457
17075,0.021240233
17076,-0.06588748
17077,-0.09597781
17078,-0.105010934
17079,-0.1172791
17080,-0.15246584
17081,-0.2211304
17082,-0.18231197
17083,-0.07345565
17084,-0.07513434
17085,-0.22821051
17086,-0.3882141
17087,-0.54168713
17088,-0.6564637
17089,-0.6751709
17090,-0.62408435
17091,-0.5506898
17092,-0.47280884
17093,-0.38827515
17094,-0.32107538
17095,-0.277649
17096,-0.2854614
17097,-0.30868533
17098,-0.3161316
17099,-0.32614142
17100,-0.33157346
17101,-0.3339844
17102,-0.3431396
17103,-0.33255002
17104,-0.2965393
17105,-0.2593689
17106,-0.20861813
17107,-0.16070552
17108,-0.09912102
17109,-0.043457016
17110,-0.005523622
17111,0.020629764
17112,0.053039573
17113,0.08065806
17114,0.123748764
17115,0.16146846
17116,0.1997986
17117,0.23007202
17118,0.2511597
17119,0.25646973
17120,0.27706912
17121,0.28274536
17122,0.28320312
17123,0.27816775
17124,0.2604371
17125,0.23510748
17126,0.22137451
17127,0.19915776
17128,0.19290166
17129,0.17062385
17130,0.16110232
17131,0.14709476
17132,0.12323001
17133,0.10665883
17134,0.095703095
17135,0.061767623
17136,0.041748047
17137,0.013854936
17138,-0.008972112
17139,-0.027252141
17140,-0.060485836
17141,-0.08471679
17142,-0.10668942
17143,-0.14175412
17144,-0.1690369
17145,-0.18908691
17146,-0.21655269
17147,-0.23547363
17148,-0.24935913
17149,-0.2525329
17150,-0.25009155
17151,-0.24282831
17152,-0.22244258
17153,-0.19555663
17154,-0.19534299
17155,-0.1820985
17156,-0.17059329
17157,-0.14639276
17158,-0.11709595
17159,-0.08493045
17160,-0.05935669
17161,-0.012054455
17162,0.0042419285
17163,0.025024416
17164,0.035095215
17165,0.042144775
17166,0.03747558
17167,0.023864746
17168,-0.010284372
17169,-0.022979744
17170,-0.046386763
17171,-0.054565407
17172,-0.058776826
17173,-0.06542961
17174,-0.0648193
17175,-0.051818825
17176,-0.03543088
17177,-0.00070200115
17178,0.02340696
17179,0.052673392
17180,0.081207246
17181,0.09588621
17182,0.13027951
17183,0.17330933
17184,0.19216919
17185,0.21298221
17186,0.22012329
17187,0.23217773
17188,0.25231934
17189,0.26211548
17190,0.26504517
17191,0.26803592
17192,0.25677487
17193,0.2467651
17194,0.23233034
17195,0.21029666
17196,0.2032471
17197,0.18881232
17198,0.16494751
17199,0.14300531
17200,0.11386108
17201,0.095764205
17202,0.07662962
17203,0.04464721
17204,0.03887941
17205,0.047760025
17206,0.0505066
17207,0.054687545
17208,0.045074455
17209,0.037750244
17210,0.028625473
17211,0.006591812
17212,-0.008331291
17213,-0.019104004
17214,-0.02468872
17215,-0.019470222
17216,-0.018249512
17217,-0.021301262
17218,-0.024261486
17219,-0.040588383
17220,-0.04403687
17221,-0.048248276
17222,-0.06045533
17223,-0.0622864
17224,-0.06600953
17225,-0.07067871
17226,-0.07324218
17227,-0.078308105
17228,-0.075866714
17229,-0.07589721
17230,-0.086822495
17231,-0.091217026
17232,-0.09851076
17233,-0.111236565
17234,-0.12091065
17235,-0.13024902
17236,-0.13494873
17237,-0.12799071
17238,-0.12615968
17239,-0.11291503
17240,-0.09289551
17241,-0.06863404
17242,-0.032836936
17243,0.009460449
17244,0.035736084
17245,0.07186891
17246,0.08657835
17247,0.08288576
17248,0.0854492
17249,0.08349609
17250,0.07525637
17251,0.077117935
17252,0.07125854
17253,0.080322266
17254,0.0804138
17255,0.078277595
17256,0.077453636
17257,0.07235718
17258,0.06613158
17259,0.07324219
17260,0.0684204
17261,0.0745239
17262,0.07238768
17263,0.06228636
17264,0.052734368
17265,0.037567146
17266,0.014251709
17267,0.00061033294
17268,-0.024658207
17269,-0.043823242
17270,-0.058593735
17271,-0.07656859
17272,-0.07815552
17273,-0.07861327
17274,-0.085174546
17275,-0.088378906
17276,-0.09445192
17277,-0.10028076
17278,-0.09814454
17279,-0.10229492
17280,-0.094604485
17281,-0.07272338
17282,-0.054077156
17283,-0.027221669
17284,-0.0051879873
17285,0.0030212337
17286,0.023895252
17287,0.041107193
17288,0.048461914
17289,0.048492413
17290,0.0442505
17291,0.03677369
17292,0.016906735
17293,-0.012298591
17294,-0.027526848
17295,-0.035339363
17296,-0.042785645
17297,-0.045013428
17298,-0.047668453
17299,-0.049041755
17300,-0.044555664
17301,-0.03918457
17302,-0.036560066
17303,-0.03970336
17304,-0.053863533
17305,-0.05783081
17306,-0.063079834
17307,-0.057464607
17308,-0.04733276
17309,-0.036224373
17310,-0.022521988
17311,-0.0054015983
17312,0.009643562
17313,0.026428228
17314,0.02798461
17315,0.012115475
17316,0.0036621094
17317,-0.0048828274
17318,-0.006164547
17319,-0.010284431
17320,-0.01373291
17321,-0.013946548
17322,-0.006286636
17323,0.0047912523
17324,0.01583863
17325,0.03225708
17326,0.04891967
17327,0.06655883
17328,0.076629646
17329,0.08111572
17330,0.07971192
17331,0.07580568
17332,0.07373047
17333,0.06692504
17334,0.063995376
17335,0.06619264
17336,0.06518554
17337,0.056182854
17338,0.049865723
17339,0.041381825
17340,0.035491947
17341,0.030426018
17342,0.02374268
17343,0.02047728
17344,0.024932845
17345,0.03616333
17346,0.044647224
17347,0.05038452
17348,0.046905514
17349,0.047210693
17350,0.0421753
17351,0.03906251
17352,0.032714866
17353,0.021209713
17354,0.006317129
17355,-0.0075073233
17356,-0.012268061
17357,-0.0047302255
17358,-0.010864253
17359,-0.02239991
17360,-0.03579712
17361,-0.051818844
17362,-0.06143188
17363,-0.071014404
17364,-0.082214355
17365,-0.08871461
17366,-0.08120728
17367,-0.061798103
17368,-0.04910279
17369,-0.04577638
17370,-0.04617309
17371,-0.049285885
17372,-0.055603035
17373,-0.056030266
17374,-0.057067867
17375,-0.05697633
17376,-0.048919678
17377,-0.04116821
17378,-0.0241699
17379,-0.0045165867
17380,0.010681152
17381,0.011230458
17382,0.005157482
17383,-0.006408684
17384,-0.011993386
17385,-0.014862049
17386,-0.020019542
17387,-0.020935077
17388,-0.015899684
17389,-0.002563484
17390,0.004516598
17391,0.006347645
17392,0.0027465783
17393,-0.0052795634
17394,-0.019012455
17395,-0.03451536
17396,-0.056610085
17397,-0.07699585
17398,-0.094635
17399,-0.11248781
17400,-0.12036131
17401,-0.12182616
17402,-0.117156975
17403,-0.11172485
17404,-0.105712876
17405,-0.09988402
17406,-0.09768675
17407,-0.093231186
17408,-0.08685301
17409,-0.0798645
17410,-0.06738281
17411,-0.059783924
17412,-0.053283684
17413,-0.046844494
17414,-0.039001465
17415,-0.03268432
17416,-0.026702888
17417,-0.022552475
17418,-0.012268044
17419,-0.0053405836
17420,0.0004272759
17421,0.003662087
17422,0.00891114
17423,0.013641357
17424,0.020324692
17425,0.0256958
17426,0.03344728
17427,0.03930667
17428,0.045196563
17429,0.048339874
17430,0.049530044
17431,0.051513672
17432,0.057250977
17433,0.06445314
17434,0.07028198
17435,0.0753784
17436,0.07928467
17437,0.07888794
17438,0.08206175
17439,0.07952879
17440,0.07904052
17441,0.08148191
17442,0.08755494
17443,0.09207153
17444,0.09582521
17445,0.0982971
17446,0.103454605
17447,0.10617064
17448,0.10873415
17449,0.11318971
17450,0.11135867
17451,0.1086426
17452,0.10531617
17453,0.10800171
17454,0.10760498
17455,0.09750368
17456,0.07836914
17457,0.058410633
17458,0.042205803
17459,0.025634766
17460,0.0068969578
17461,-0.018218994
17462,-0.04235839
17463,-0.062469475
17464,-0.08163451
17465,-0.102111824
17466,-0.12521364
17467,-0.15417482
17468,-0.17541505
17469,-0.19033815
17470,-0.18920895
17471,-0.1756897
17472,-0.1625061
17473,-0.15029909
17474,-0.13415527
17475,-0.11547849
17476,-0.10198973
17477,-0.09646606
17478,-0.09414671
17479,-0.08743285
17480,-0.08084105
17481,-0.06384276
17482,-0.040313732
17483,-0.018524172
17484,-0.00021362677
17485,0.020843491
17486,0.04348757
17487,0.06692502
17488,0.07888794
17489,0.079589814
17490,0.079833955
17491,0.08560179
17492,0.09976196
17493,0.122741684
17494,0.1438904
17495,0.16412354
17496,0.18353271
17497,0.19775394
17498,0.2092896
17499,0.21185303
17500,0.2142029
17501,0.21270752
17502,0.2038269
17503,0.19192506
17504,0.18286133
17505,0.1654663
17506,0.15661621
17507,0.14706421
17508,0.13760376
17509,0.13195802
17510,0.11804198
17511,0.10519409
17512,0.09368897
17513,0.081848145
17514,0.075714104
17515,0.06933592
17516,0.058563236
17517,0.048858635
17518,0.0409851
17519,0.028747566
17520,0.017395034
17521,-0.0050048903
17522,-0.030059803
17523,-0.061584454
17524,-0.08932496
17525,-0.10986325
17526,-0.11511231
17527,-0.122924805
17528,-0.12771606
17529,-0.1307373
17530,-0.13381961
17531,-0.1347351
17532,-0.14141846
17533,-0.15289308
17534,-0.1577759
17535,-0.15963747
17536,-0.15484618
17537,-0.1369324
17538,-0.12088014
17539,-0.10028078
17540,-0.07553102
17541,-0.05453492
17542,-0.035827637
17543,-0.02313231
17544,-0.0119018555
17545,-0.0042419583
17546,0.00015259534
17547,0.0037841946
17548,0.018188477
17549,0.033844
17550,0.0614319
17551,0.08871459
17552,0.11398314
17553,0.13995363
17554,0.15924072
17555,0.17425537
17556,0.18884277
17557,0.20993045
17558,0.22497556
17559,0.24334717
17560,0.2642517
17561,0.27920532
17562,0.2901001
17563,0.29171753
17564,0.2765808
17565,0.24508667
17566,0.20538333
17567,0.15423584
17568,0.08724976
17569,0.007598877
17570,-0.064575136
17571,-0.13504034
17572,-0.21420282
17573,-0.3057862
17574,-0.39376825
17575,-0.4725953
17576,-0.53256226
17577,-0.5718689
17578,-0.5838624
17579,-0.5766908
17580,-0.54971313
17581,-0.5043031
17582,-0.44003296
17583,-0.37268072
17584,-0.2940063
17585,-0.21289065
17586,-0.1383972
17587,-0.07980346
17588,-0.019775428
17589,0.036468506
17590,0.08532721
17591,0.11984259
17592,0.14785784
17593,0.19201642
17594,0.22244287
17595,0.25573742
17596,0.28622448
17597,0.32873535
17598,0.36538696
17599,0.39877343
17600,0.42877185
17601,0.43832374
17602,0.42831397
17603,0.388458
17604,0.31170642
17605,0.20635992
17606,0.08883667
17607,-0.018066466
17608,-0.11282347
17609,-0.18884274
17610,-0.24301156
17611,-0.28573608
17612,-0.30346668
17613,-0.30587775
17614,-0.2930603
17615,-0.26040637
17616,-0.2014159
17617,-0.0920409
17618,0.048614264
17619,0.200073
17620,0.3591311
17621,0.50885034
17622,0.6451111
17623,0.7398379
17624,0.79647815
17625,0.82339454
17626,0.8137511
17627,0.74429333
17628,0.63488764
17629,0.5171813
17630,0.36596677
17631,0.18856813
17632,0.0020751655
17633,-0.20468134
17634,-0.4265443
17635,-0.65863043
17636,-0.8883667
17637,-1.0921324
17638,-1.2901
17639,-1.4781189
17640,-1.6338195
17641,-1.7604374
17642,-1.824951
17643,-1.844452
17644,-1.821472
17645,-1.7410583
17646,-1.6134946
17647,-1.4403079
17648,-1.2301941
17649,-0.987732
17650,-0.7239683
17651,-0.44869995
17652,-0.16439821
17653,0.13644409
17654,0.43850717
17655,0.7434693
17656,1.0444031
17657,1.327759
17658,1.5814819
17659,1.8096924
17660,2.0068667
17661,2.1858826
17662,2.334595
17663,2.4444275
17664,2.5039673
17665,2.501709
17666,2.427185
17667,2.263031
17668,2.0224915
17669,1.7036132
17670,1.3189393
17671,0.8984376
17672,0.47711146
17673,0.08950806
17674,-0.2754212
17675,-0.6002196
17676,-0.8811035
17677,-1.1416626
17678,-1.3786926
17679,-1.5776675
17680,-1.7560425
17681,-1.9064634
17682,-2.0253298
17683,-2.1081543
17684,-2.1454773
17685,-2.1512756
17686,-2.116058
17687,-2.0444946
17688,-1.9461975
17689,-1.822815
17690,-1.6627501
17691,-1.4669191
17692,-1.2258302
17693,-0.9600221
17694,-0.6871642
17695,-0.42172235
17696,-0.15585336
17697,0.105163574
17698,0.3428042
17699,0.56274426
17700,0.7693479
17701,0.95935076
17702,1.123718
17703,1.2593995
17704,1.3693542
17705,1.447052
17706,1.4836121
17707,1.4825745
17708,1.4517211
17709,1.3952636
17710,1.3075868
17711,1.2097778
17712,1.0935671
17713,0.96875024
17714,0.8306885
17715,0.70773315
17716,0.59802246
17717,0.4940185
17718,0.4023437
17719,0.3262328
17720,0.26031494
17721,0.19812016
17722,0.1438598
17723,0.099365264
17724,0.056884646
17725,0.0019226074
17726,-0.05505377
17727,-0.122284025
17728,-0.19815063
17729,-0.28097522
17730,-0.3751221
17731,-0.4683532
17732,-0.564148
17733,-0.65499884
17734,-0.7414551
17735,-0.823944
17736,-0.8811034
17737,-0.89788824
17738,-0.8882143
17739,-0.86663806
17740,-0.8236389
17741,-0.7597045
17742,-0.6949157
17743,-0.6227723
17744,-0.54870605
17745,-0.4636231
17746,-0.37567145
17747,-0.2947083
17748,-0.20971699
17749,-0.127594
17750,-0.061798155
17751,-0.004211232
17752,0.042266786
17753,0.0864868
17754,0.12463382
17755,0.16589361
17756,0.19982907
17757,0.23660305
17758,0.27966297
17759,0.33737177
17760,0.3977662
17761,0.44616693
17762,0.49215692
17763,0.52426136
17764,0.54058844
17765,0.5444947
17766,0.54367054
17767,0.5361328
17768,0.5234985
17769,0.4971313
17770,0.46069324
17771,0.40243524
17772,0.31536853
17773,0.21194468
17774,0.10650635
17775,0.007781923
17776,-0.07684326
17777,-0.13476562
17778,-0.16836548
17779,-0.17831405
17780,-0.1579895
17781,-0.11785881
17782,-0.06500243
17783,-0.014038056
17784,0.036438033
17785,0.08135987
17786,0.11337272
17787,0.15054314
17788,0.1893616
17789,0.22116083
17790,0.24996956
17791,0.2777709
17792,0.30224597
17793,0.32107544
17794,0.32723993
17795,0.3264771
17796,0.312561
17797,0.29412842
17798,0.26809692
17799,0.23648071
17800,0.19802845
17801,0.1511537
17802,0.09707637
17803,0.046814054
17804,-0.0072021633
17805,-0.06155397
17806,-0.11746208
17807,-0.17965695
17808,-0.2484742
17809,-0.31994638
17810,-0.3901977
17811,-0.45587164
17812,-0.50704956
17813,-0.54428107
17814,-0.5626526
17815,-0.5643615
17816,-0.56216437
17817,-0.55313104
17818,-0.53570557
17819,-0.5093994
17820,-0.47399902
17821,-0.42745966
17822,-0.3695069
17823,-0.29885858
17824,-0.21334846
17825,-0.12673944
17826,-0.04434204
17827,0.025299028
17828,0.08505252
17829,0.1282959
17830,0.15808101
17831,0.18865962
17832,0.22686766
17833,0.27307123
17834,0.32391363
17835,0.37600705
17836,0.41738883
17837,0.4418335
17838,0.44305408
17839,0.4242859
17840,0.40353394
17841,0.3833618
17842,0.3650818
17843,0.35501105
17844,0.35107422
17845,0.35098267
17846,0.34796143
17847,0.3385316
17848,0.3222656
17849,0.3048706
17850,0.28134158
17851,0.25454712
17852,0.22702019
17853,0.19458005
17854,0.151001
17855,0.09765624
17856,0.042511016
17857,-0.0020752102
17858,-0.03546138
17859,-0.06320189
17860,-0.08261107
17861,-0.09698489
17862,-0.1114807
17863,-0.12832642
17864,-0.14987186
17865,-0.16983032
17866,-0.18066406
17867,-0.18743894
17868,-0.19375609
17869,-0.20397948
17870,-0.2177735
17871,-0.23687744
17872,-0.2538452
17873,-0.27014154
17874,-0.28482056
17875,-0.28833014
17876,-0.2897339
17877,-0.28805545
17878,-0.2779541
17879,-0.2666626
17880,-0.25067136
17881,-0.23614499
17882,-0.21817014
17883,-0.20013428
17884,-0.17935184
17885,-0.15356447
17886,-0.12789917
17887,-0.09640503
17888,-0.0699463
17889,-0.046508793
17890,-0.02285767
17891,-0.0089416485
17892,-0.002105713
17893,-0.0019531325
17894,-0.0054931715
17895,-0.008422859
17896,-0.008087128
17897,-0.0033569206
17898,0.0054626297
17899,0.018310562
17900,0.030731188
17901,0.043090805
17902,0.05487065
17903,0.0655518
17904,0.07421875
17905,0.08221434
17906,0.08752443
17907,0.093749985
17908,0.09884642
17909,0.108581536
17910,0.12109375
17911,0.1388855
17912,0.15783691
17913,0.16934204
17914,0.17453003
17915,0.17086792
17916,0.1608276
17917,0.14883424
17918,0.13876341
17919,0.13168335
17920,0.120849624
17921,0.108612075
17922,0.09127808
17923,0.07141115
17924,0.05227665
17925,0.038360618
17926,0.033172637
17927,0.03826905
17928,0.041870132
17929,0.038909912
17930,0.036590572
17931,0.03488157
17932,0.02999879
17933,0.023529047
17934,0.013793932
17935,-0.004150383
17936,-0.028564453
17937,-0.05929568
17938,-0.08151245
17939,-0.098510735
17940,-0.10659787
17941,-0.10589601
17942,-0.106689446
17943,-0.11621094
17944,-0.13153076
17945,-0.158844
17946,-0.18072502
17947,-0.19226071
17948,-0.18765256
17949,-0.17300417
17950,-0.15426636
17951,-0.13998413
17952,-0.12731935
17953,-0.11398315
17954,-0.100769036
17955,-0.089843765
17956,-0.08319092
17957,-0.08251952
17958,-0.08920289
17959,-0.09759522
17960,-0.1052551
17961,-0.10852049
17962,-0.11001587
17963,-0.10952758
17964,-0.109893784
17965,-0.11090089
17966,-0.114379875
17967,-0.12145994
17968,-0.1269226
17969,-0.13162234
17970,-0.1260681
17971,-0.10870362
17972,-0.084136985
17973,-0.05679319
17974,-0.031707756
17975,-0.008056633
17976,0.0150451735
17977,0.039733857
17978,0.061828613
17979,0.08071903
17980,0.09741213
17981,0.113037094
17982,0.11898805
17983,0.12158204
17984,0.13046262
17985,0.13818362
17986,0.14443973
17987,0.1451416
17988,0.13299564
17989,0.10964968
17990,0.084289536
17991,0.059204116
17992,0.039794937
17993,0.022338882
17994,0.008300774
17995,-0.0022277758
17996,-0.009857196
17997,-0.017181378
17998,-0.022338867
17999,-0.030670173
18000,-0.040954575
18001,-0.04348755
18002,-0.038177505
18003,-0.028564453
18004,-0.01657102
18005,-0.0026245043
18006,0.0072631855
18007,0.016357413
18008,0.020324737
18009,0.019775383
18010,0.015838612
18011,0.010772701
18012,0.007293701
18013,0.007537842
18014,0.018676743
18015,0.033874534
18016,0.050598122
18017,0.062805176
18018,0.06851198
18019,0.06909178
18020,0.06939698
18021,0.06384275
18022,0.048736557
18023,0.029327393
18024,0.0159607
18025,0.0066833496
18026,-0.0059203953
18027,-0.019073486
18028,-0.027008072
18029,-0.029144287
18030,-0.024841294
18031,-0.020263672
18032,-0.015777584
18033,-0.017303452
18034,-0.026275635
18035,-0.044860855
18036,-0.057067856
18037,-0.06433105
18038,-0.06442263
18039,-0.051757805
18040,-0.041381817
18041,-0.034820564
18042,-0.029876728
18043,-0.026702907
18044,-0.026245117
18045,-0.012359619
18046,0.008331299
18047,0.030761719
18048,0.049255386
18049,0.06314086
18050,0.07513426
18051,0.07907104
18052,0.07650759
18053,0.07473755
18054,0.072967514
18055,0.07949829
18056,0.08724975
18057,0.08984375
18058,0.08773804
18059,0.07763675
18060,0.06149292
18061,0.043792725
18062,0.023040768
18063,0.0010070801
18064,-0.020629864
18065,-0.044952393
18066,-0.07046508
18067,-0.09588622
18068,-0.1109314
18069,-0.11953735
18070,-0.122589104
18071,-0.12203981
18072,-0.11883543
18073,-0.11370851
18074,-0.10314943
18075,-0.094238274
18076,-0.07901001
18077,-0.059051514
18078,-0.04342652
18079,-0.02999879
18080,-0.018890377
18081,-0.008697495
18082,0.0025939941
18083,0.013336161
18084,0.024108902
18085,0.034179676
18086,0.039764374
18087,0.04031372
18088,0.039672844
18089,0.03768918
18090,0.038085926
18091,0.034881603
18092,0.036193848
18093,0.03909301
18094,0.044067398
18095,0.050323468
18096,0.05603028
18097,0.0583191
18098,0.056060784
18099,0.051513676
18100,0.046722412
18101,0.04040527
18102,0.03729248
18103,0.027618397
18104,0.016265877
18105,0.0043640137
18106,-0.011016846
18107,-0.025817871
18108,-0.044219967
18109,-0.059967056
18110,-0.074035645
18111,-0.08163452
18112,-0.08364869
18113,-0.07897949
18114,-0.06625366
18115,-0.0531006
18116,-0.040771466
18117,-0.033966064
18118,-0.029693618
18119,-0.024414048
18120,-0.014770496
18121,0.0047912747
18122,0.026031489
18123,0.04626464
18124,0.056335468
18125,0.059295654
18126,0.059356697
18127,0.0580139
18128,0.06356813
18129,0.06887819
18130,0.068634026
18131,0.06863404
18132,0.067810066
18133,0.059661858
18134,0.04565429
18135,0.028259277
18136,0.0112915
18137,-0.0072021466
18138,-0.028533924
18139,-0.047790535
18140,-0.060943615
18141,-0.07031251
18142,-0.07141112
18143,-0.070648216
18144,-0.06661986
18145,-0.06436156
18146,-0.06600953
18147,-0.080841064
18148,-0.13635257
18149,-0.24859627
18150,-0.38705453
18151,-0.4345703
18152,-0.40371695
18153,-0.2806702
18154,-0.2473145
18155,-0.45303342
18156,-0.53222644
18157,-0.25750726
18158,0.17330933
18159,0.5352479
18160,0.8601686
18161,0.91741943
18162,0.80514514
18163,0.6020202
18164,0.4003297
18165,0.2676391
18166,0.17166132
18167,0.115417495
18168,0.11486818
18169,0.1368409
18170,0.11721808
18171,0.026885927
18172,-0.10620117
18173,-0.16735846
18174,-0.16766351
18175,-0.09567264
18176,-0.1377869
18177,-0.41732782
18178,-0.57495105
18179,-0.36569208
18180,0.008361816
18181,0.32760632
18182,0.6348878
18183,0.69589233
18184,0.59924304
18185,0.4071654
18186,0.20230114
18187,0.06124878
18188,-0.045196563
18189,-0.10458368
18190,-0.100372255
18191,-0.04385361
18192,0.021118343
18193,0.09063721
18194,0.15304565
18195,0.17785645
18196,0.17285153
18197,0.11682141
18198,0.1027222
18199,0.18405151
18200,0.19204704
18201,0.0036010742
18202,-0.28204346
18203,-0.5108033
18204,-0.7084961
18205,-0.7477417
18206,-0.6781006
18207,-0.59072876
18208,-0.52481073
18209,-0.5021667
18210,-0.50067127
18211,-0.5012817
18212,-0.5314941
18213,-0.5945129
18214,-0.65667725
18215,-0.71426404
18216,-0.76989764
18217,-0.730194
18218,-0.6037291
18219,-0.3718872
18220,-0.2296142
18221,-0.32397455
18222,-0.30102533
18223,0.054840118
18224,0.5274352
18225,0.91235363
18226,1.2365112
18227,1.2934265
18228,1.230499
18229,1.0890198
18230,0.94311523
18231,0.86190784
18232,0.7970579
18233,0.76022345
18234,0.7548218
18235,0.77102673
18236,0.8144531
18237,0.8959047
18238,0.96078503
18239,0.9493102
18240,0.8831786
18241,0.73931885
18242,0.610901
18243,0.59539795
18244,0.5050963
18245,0.2528991
18246,-0.04586798
18247,-0.28143308
18248,-0.45819104
18249,-0.47302234
18250,-0.41693127
18251,-0.32394388
18252,-0.25952157
18253,-0.24551392
18254,-0.2595826
18255,-0.29064924
18256,-0.3388061
18257,-0.38339216
18258,-0.4194947
18259,-0.43777454
18260,-0.4411927
18261,-0.486145
18262,-0.52142334
18263,-0.55300885
18264,-0.51956177
18265,-0.35568234
18266,-0.23306268
18267,-0.30963132
18268,-0.5119629
18269,-0.68646246
18270,-0.8601075
18271,-0.915985
18272,-0.855072
18273,-0.74954224
18274,-0.6346437
18275,-0.53829956
18276,-0.46081543
18277,-0.38656616
18278,-0.3557741
18279,-0.35229492
18280,-0.30294812
18281,-0.1762389
18282,-0.021911442
18283,0.08309929
18284,0.14685051
18285,0.1753845
18286,0.24755867
18287,0.42950445
18288,0.54257196
18289,0.50140375
18290,0.3818664
18291,0.27810672
18292,0.20086658
18293,0.25030518
18294,0.35726923
18295,0.5068971
18296,0.6548461
18297,0.7592468
18298,0.8313904
18299,0.86511236
18300,0.85971075
18301,0.8277587
18302,0.78805536
18303,0.74743664
18304,0.7142334
18305,0.6326599
18306,0.51846313
18307,0.36871338
18308,0.2857055
18309,0.32794186
18310,0.3092956
18311,0.14285277
18312,-0.093261644
18313,-0.32165533
18314,-0.52917486
18315,-0.6099547
18316,-0.62060547
18317,-0.5838317
18318,-0.51394665
18319,-0.46118164
18320,-0.42739868
18321,-0.4097901
18322,-0.4158327
18323,-0.41949463
18324,-0.4081422
18325,-0.37408435
18326,-0.31738263
18327,-0.30502328
18328,-0.31741342
18329,-0.35696408
18330,-0.33804327
18331,-0.18994138
18332,-0.096343935
18333,-0.18338011
18334,-0.34994507
18335,-0.47515875
18336,-0.5892334
18337,-0.5866394
18338,-0.5036315
18339,-0.36972046
18340,-0.25488287
18341,-0.16189575
18342,-0.053405687
18343,0.012756284
18344,0.037231408
18345,0.059936404
18346,0.07418821
18347,0.060089044
18348,0.04928595
18349,0.07830811
18350,0.10485843
18351,0.10684201
18352,0.11810296
18353,0.12185666
18354,0.121643074
18355,0.14910892
18356,0.18856819
18357,0.19754022
18358,0.19720463
18359,0.17736812
18360,0.13986212
18361,0.12051387
18362,0.104095444
18363,0.11483763
18364,0.14605716
18365,0.15527336
18366,0.150238
18367,0.16613764
18368,0.19198611
18369,0.1755981
18370,0.1549073
18371,0.15557861
18372,0.15270998
18373,0.12719724
18374,0.09115596
18375,0.06347655
18376,0.04776001
18377,0.026275668
18378,0.0074768662
18379,-0.009216338
18380,-0.018920848
18381,-0.03790287
18382,-0.07791132
18383,-0.10769659
18384,-0.10971064
18385,-0.12570187
18386,-0.13977045
18387,-0.14492802
18388,-0.13787843
18389,-0.12130743
18390,-0.11846919
18391,-0.121978864
18392,-0.1165466
18393,-0.11114499
18394,-0.11123653
18395,-0.10220337
18396,-0.10623175
18397,-0.11489871
18398,-0.11679076
18399,-0.13571164
18400,-0.15438838
18401,-0.16403201
18402,-0.15890497
18403,-0.16119389
18404,-0.16619869
18405,-0.15383914
18406,-0.17199703
18407,-0.17755127
18408,-0.13354486
18409,-0.11499025
18410,-0.12606812
18411,-0.11135868
18412,-0.05703732
18413,-0.026764028
18414,0.0020447075
18415,0.06680301
18416,0.12500003
18417,0.14819334
18418,0.16900633
18419,0.19750974
18420,0.21374507
18421,0.21768188
18422,0.23999026
18423,0.26245117
18424,0.2529602
18425,0.24020383
18426,0.231781
18427,0.23471066
18428,0.22830202
18429,0.21099855
18430,0.20114137
18431,0.19390869
18432,0.17453009
18433,0.1590881
18434,0.15676883
18435,0.14404291
18436,0.12921143
18437,0.11907962
18438,0.11193851
18439,0.11444089
18440,0.09170532
18441,0.07183834
18442,0.117309526
18443,0.09930419
18444,0.07556153
18445,0.05895997
18446,0.048583977
18447,0.038085938
18448,0.011993397
18449,-0.0036926419
18450,0.007354729
18451,0.0012512356
18452,-0.02395631
18453,-0.039855964
18454,-0.039886482
18455,-0.052520745
18456,-0.06668091
18457,-0.063385
18458,-0.049926765
18459,-0.054443367
18460,-0.07165529
18461,-0.06488037
18462,-0.07369993
18463,-0.07937622
18464,-0.03668212
18465,-0.041229248
18466,-0.0345459
18467,-0.02032471
18468,-0.013000481
18469,-0.003906235
18470,0.0064697117
18471,0.016540527
18472,0.014007572
18473,0.009521488
18474,0.016906742
18475,0.026916504
18476,0.028472902
18477,0.030151363
18478,0.03570556
18479,0.039794914
18480,0.040527344
18481,0.04086304
18482,0.043884277
18483,0.041137688
18484,0.056518547
18485,0.07562255
18486,0.06277465
18487,0.06820677
18488,0.07977295
18489,0.0913086
18490,0.08840942
18491,0.091674805
18492,0.09042358
18493,0.08386229
18494,0.093841545
18495,0.095245376
18496,0.07159423
18497,0.059936516
18498,0.0661621
18499,0.056823734
18500,0.035522476
18501,0.025299083
18502,0.019714342
18503,0.00082397275
18504,-0.02490235
18505,-0.031036373
18506,-0.040710434
18507,-0.052124027
18508,-0.014801017
18509,-0.014007572
18510,-0.010620129
18511,-0.007202152
18512,-0.007598872
18513,-0.0018920917
18514,0.0024719322
18515,-0.0043029822
18516,0.0042114323
18517,0.009857176
18518,-0.00509643
18519,-0.008239755
18520,0.0068969727
18521,0.009124754
18522,-0.007354728
18523,-0.006500234
18524,-6.519258e-09
18525,-0.008544922
18526,-0.021972658
18527,-0.03283691
18528,-0.025024412
18529,-0.019683838
