0,0.07141113
1,0.07211304
2,0.06237793
3,0.051513676
4,0.044647224
5,0.034606926
6,0.0256958
7,0.015808117
8,0.0062561007
9,-0.0031738225
10,-0.014007565
11,-0.018768307
12,-0.02557373
13,-0.028503418
14,-0.03262329
15,-0.0314331
16,-0.028289799
17,-0.034362786
18,-0.053131096
19,-0.049133293
20,-0.046417244
21,-0.039978024
22,-0.035491943
23,-0.033813477
24,-0.03637695
25,-0.040130615
26,-0.041290283
27,-0.045074463
28,-0.051055912
29,-0.058837883
30,-0.065856926
31,-0.07321166
32,-0.07653809
33,-0.082580574
34,-0.08999632
35,-0.09753418
36,-0.10546875
37,-0.115753174
38,-0.11651611
39,-0.12554932
40,-0.119903564
41,-0.10684204
42,-0.1116028
43,-0.11300659
44,-0.11791992
45,-0.11437989
46,-0.11462402
47,-0.11193848
48,-0.108520515
49,-0.10479736
50,-0.10110474
51,-0.090911865
52,-0.07846069
53,-0.06323243
54,-0.04919434
55,-0.037139885
56,-0.023712164
57,-0.01770019
58,-0.0046386747
59,0.004425049
60,0.013519285
61,0.023895262
62,0.035400387
63,0.044921875
64,0.05325318
65,0.05987549
66,0.068298355
67,0.07489014
68,0.07992554
69,0.085357666
70,0.08834839
71,0.09301758
72,0.095458984
73,0.100494385
74,0.10733032
75,0.11016846
76,0.11883545
77,0.12307739
78,0.12689209
79,0.12521362
80,0.12207031
81,0.11727905
82,0.11437987
83,0.11123657
84,0.10913087
85,0.10446168
86,0.10232544
87,0.10046387
88,0.10025023
89,0.09970093
90,0.09884644
91,0.09683229
92,0.092010505
93,0.08697511
94,0.08389282
95,0.08004759
96,0.07470703
97,0.06784056
98,0.060516357
99,0.053009037
100,0.045288093
101,0.037261963
102,0.030364998
103,0.022216797
104,0.016296389
105,0.011901863
106,0.0060729966
107,0.006805422
108,0.0024719285
109,0.0029296875
110,0.0006408682
111,-0.006378174
112,-0.0113220215
113,-0.017974854
114,-0.021942146
115,-0.025604252
116,-0.023406984
117,-0.021392819
118,-0.018157959
119,-0.02053833
120,-0.021179209
121,-0.02612304
122,-0.03103638
123,-0.032836918
124,-0.03860473
125,-0.038879387
126,-0.038604733
127,-0.042846683
128,-0.043701172
129,-0.04776001
130,-0.047821034
131,-0.05206298
132,-0.05633545
133,-0.06155396
134,-0.0705261
135,-0.0779724
136,-0.084472656
137,-0.09072876
138,-0.09890747
139,-0.104644775
140,-0.11053467
141,-0.11166382
142,-0.11349487
143,-0.11361693
144,-0.11325073
145,-0.106170654
146,-0.10601807
147,-0.12887573
148,-0.12661743
149,-0.117858894
150,-0.10858154
151,-0.09790038
152,-0.09283447
153,-0.08633422
154,-0.079711914
155,-0.06640626
156,-0.05810547
157,-0.046508793
158,-0.039245605
159,-0.029632574
160,-0.023651125
161,-0.016723637
162,-0.007904051
163,-0.00085449405
164,0.009735111
165,0.013244631
166,0.024383543
167,0.027160639
168,0.03390503
169,0.03845215
170,0.04248047
171,0.048431396
172,0.050689697
173,0.05517578
174,0.05734253
175,0.062164307
176,0.06863403
177,0.07482911
178,0.07803344
179,0.08099365
180,0.08065795
181,0.0803833
182,0.08111572
183,0.08242797
184,0.082458496
185,0.08065796
186,0.07992553
187,0.075408936
188,0.07321168
189,0.07092285
190,0.069091804
191,0.06655885
192,0.0661316
193,0.064025894
194,0.060791004
195,0.055664062
196,0.051330574
197,0.04705811
198,0.043670654
199,0.043212887
200,0.036499023
201,0.030975346
202,0.02703857
203,0.020721436
204,0.015136715
205,0.014312747
206,0.008758549
207,0.0033569336
208,-0.002502434
209,-0.0055847317
210,-0.009887684
211,-0.010009758
212,-0.015075676
213,-0.016571052
214,-0.02163696
215,-0.02447509
216,-0.029052734
217,-0.033599854
218,-0.034606926
219,-0.036254875
220,-0.037384044
221,-0.03625488
222,-0.037200917
223,-0.03637696
224,-0.036529526
225,-0.034515373
226,-0.033325184
227,-0.029418943
228,-0.03268433
229,-0.041107178
230,-0.03927613
231,-0.032257073
232,-0.028930662
233,-0.02468872
234,-0.022888178
235,-0.022399899
236,-0.022766117
237,-0.02160644
238,-0.019470219
239,-0.018066408
240,-0.014129631
241,-0.012542728
242,-0.009338376
243,-0.008392334
244,-0.010009773
245,-0.012786863
246,-0.01998901
247,-0.022766117
248,-0.028411862
249,-0.027740497
250,-0.029571533
251,-0.031097412
252,-0.03237914
253,-0.03576661
254,-0.03662108
255,-0.03857422
256,-0.04107666
257,-0.041137688
258,-0.042327885
259,-0.039978027
260,-0.036987305
261,-0.034973145
262,-0.030944828
263,-0.029693607
264,-0.02200317
265,-0.016632076
266,-0.015502924
267,-0.009307861
268,-0.0057067834
269,-0.0020751916
270,0.0043029785
271,0.009948734
272,0.014862068
273,0.023773178
274,0.038299546
275,0.048553452
276,0.058563232
277,0.06491089
278,0.075653076
279,0.07720948
280,0.08389283
281,0.0860901
282,0.08676149
283,0.08865357
284,0.09048462
285,0.092071526
286,0.091583245
287,0.092254646
288,0.08840944
289,0.08850099
290,0.08868407
291,0.087676995
292,0.08987427
293,0.08740236
294,0.08715821
295,0.08578491
296,0.08200072
297,0.08172609
298,0.07785036
299,0.07281496
300,0.07269287
301,0.06878662
302,0.06402588
303,0.057830825
304,0.050018325
305,0.046142563
306,0.042297356
307,0.039550792
308,0.03744506
309,0.032318123
310,0.029205322
311,0.020904541
312,0.011932373
313,0.0068969745
314,0.0025939946
315,0.0028381334
316,-9.15546e-05
317,-0.004058838
318,-0.008972179
319,-0.017547611
320,-0.030517586
321,-0.036712646
322,-0.04147338
323,-0.048950184
324,-0.053680412
325,-0.057464615
326,-0.059661873
327,-0.0635681
328,-0.068237305
329,-0.0743103
330,-0.07577516
331,-0.084442124
332,-0.075714126
333,-0.07055667
334,-0.07269287
335,-0.076538086
336,-0.08074951
337,-0.08004763
338,-0.08557129
339,-0.08444214
340,-0.08432007
341,-0.08154297
342,-0.07955931
343,-0.07751465
344,-0.06991577
345,-0.067443855
346,-0.058502186
347,-0.054626472
348,-0.050659176
349,-0.05197142
350,-0.05142211
351,-0.049652107
352,-0.053192146
353,-0.050842293
354,-0.0545044
355,-0.055541996
356,-0.05087281
357,-0.0532837
358,-0.05068969
359,-0.050262447
360,-0.05200195
361,-0.0550232
362,-0.05526732
363,-0.058532726
364,-0.061004635
365,-0.063964844
366,-0.06570434
367,-0.07611084
368,-0.083557114
369,-0.08865356
370,-0.09127808
371,-0.095855705
372,-0.10003662
373,-0.093078606
374,-0.085388176
375,-0.080963135
376,-0.08044433
377,-0.0821228
378,-0.08395386
379,-0.08203124
380,-0.08322144
381,-0.08609009
382,-0.08471681
383,-0.07717896
384,-0.063903816
385,-0.045593265
386,-0.027130125
387,-0.0061035203
388,0.0115356445
389,0.024444586
390,0.036987297
391,0.041809093
392,0.040161137
393,0.034881607
394,0.032196037
395,0.027557366
396,0.032287598
397,0.03619384
398,0.03686524
399,0.029724121
400,0.021606455
401,0.013977052
402,0.009490959
403,0.011810299
404,0.011627197
405,0.009704586
406,0.004608156
407,3.7252903e-09
408,-0.0017089806
409,0.00036620907
410,0.010589601
411,0.024963383
412,0.041870132
413,0.06954955
414,0.09402466
415,0.12823485
416,0.16281128
417,0.19342038
418,0.21078493
419,0.2224731
420,0.2259216
421,0.21887198
422,0.21505737
423,0.20187378
424,0.193573
425,0.18014526
426,0.17321777
427,0.16238403
428,0.15362549
429,0.150116
430,0.14291382
431,0.12817383
432,0.11428834
433,0.0999756
434,0.08935546
435,0.08929443
436,0.09381105
437,0.09750368
438,0.10183717
439,0.110504165
440,0.12643434
441,0.13668822
442,0.14266968
443,0.14187624
444,0.13232423
445,0.10165406
446,0.093048096
447,0.075622566
448,0.0053710975
449,-0.047088612
450,-0.09667969
451,-0.14575195
452,-0.18267822
453,-0.19982904
454,-0.21783441
455,-0.29647833
456,-0.2908935
457,-0.21383676
458,-0.19555664
459,-0.18667603
460,-0.1486206
461,-0.11236571
462,-0.08319092
463,-0.07040404
464,-0.051666245
465,-0.0021972624
466,0.05709839
467,0.112396225
468,0.1520386
469,0.17581177
470,0.19070435
471,0.1968689
472,0.18173218
473,0.13934326
474,0.08471678
475,0.03961181
476,0.009216312
477,-0.0048522986
478,-0.0018005334
479,0.009216312
480,0.028442375
481,0.053283706
482,0.08300781
483,0.11135864
484,0.13314821
485,0.1495972
486,0.15722656
487,0.15328977
488,0.14288327
489,0.12231445
490,0.092926025
491,0.056518555
492,0.012207031
493,-0.028533937
494,-0.08007812
495,-0.12930298
496,-0.17800903
497,-0.22821039
498,-0.2702636
499,-0.30780023
500,-0.3321228
501,-0.34942627
502,-0.35839844
503,-0.3582154
504,-0.35305777
505,-0.3446045
506,-0.32290643
507,-0.29205322
508,-0.2629394
509,-0.22567753
510,-0.18316652
511,-0.13607791
512,-0.09103395
513,-0.047607437
514,-0.006561294
515,0.026977539
516,0.047943123
517,0.06723023
518,0.07955932
519,0.08786012
520,0.09262086
521,0.08804321
522,0.07516478
523,0.059265137
524,0.04281615
525,0.02316284
526,0.0045471205
527,-0.014312743
528,-0.026062023
529,-0.031677246
530,-0.03112793
531,-0.02877808
532,-0.023406984
533,-0.018859863
534,-0.012573248
535,-0.0070495605
536,-0.0021362305
537,0.004852291
538,0.013549801
539,0.0234375
540,0.034301743
541,0.04400634
542,0.055175778
543,0.06405638
544,0.06759642
545,0.06918335
546,0.07397461
547,0.07846071
548,0.08123778
549,0.08294678
550,0.08062745
551,0.077026375
552,0.06869507
553,0.05734252
554,0.0453186
555,0.030303955
556,0.01968383
557,0.008972177
558,-0.0020446796
559,-0.012939456
560,-0.020629887
561,-0.02508545
562,-0.025787352
563,-0.02459717
564,-0.018707275
565,-0.009552006
566,-0.0010681227
567,0.011657715
568,0.021972641
569,0.033905033
570,0.042236347
571,0.05160523
572,0.06094362
573,0.069091804
574,0.074462906
575,0.0791626
576,0.08425905
577,0.090209976
578,0.09323119
579,0.10125734
580,0.10290527
581,0.10855101
582,0.113800064
583,0.12069702
584,0.12747194
585,0.13333131
586,0.1355591
587,0.138031
588,0.13949585
589,0.14035034
590,0.14312743
591,0.1427307
592,0.14312746
593,0.1355896
594,0.1282959
595,0.11911011
596,0.104553215
597,0.092864975
598,0.07873535
599,0.06488036
600,0.056701656
601,0.040771466
602,0.028411873
603,0.013244614
604,0.0030212477
605,-0.009338394
606,-0.023376472
607,-0.034973152
608,-0.053161625
609,-0.06497192
610,-0.08175659
611,-0.091552734
612,-0.107482895
613,-0.1187744
614,-0.1326294
615,-0.14505005
616,-0.15258789
617,-0.16574095
618,-0.17355345
619,-0.18441772
620,-0.19274904
621,-0.20016478
622,-0.20852661
623,-0.21075438
624,-0.21398924
625,-0.2137146
626,-0.21206667
627,-0.2129822
628,-0.20761107
629,-0.20196535
630,-0.19421388
631,-0.189209
632,-0.18188478
633,-0.17312622
634,-0.16644287
635,-0.15792848
636,-0.1489868
637,-0.13790895
638,-0.13058473
639,-0.12075804
640,-0.117492676
641,-0.10333253
642,-0.094055176
643,-0.077606216
644,-0.063018814
645,-0.05044554
646,-0.03466797
647,-0.019622818
648,-0.00048828125
649,0.015319817
650,0.030242935
651,0.044281017
652,0.054565426
653,0.06176757
654,0.068359375
655,0.0730896
656,0.07421875
657,0.07485962
658,0.07476807
659,0.074523926
660,0.072601326
661,0.06945801
662,0.06347656
663,0.063568115
664,0.05990601
665,0.060394295
666,0.058532715
667,0.057006843
668,0.055389404
669,0.05014039
670,0.05340576
671,0.053375244
672,0.05847168
673,0.065002434
674,0.06954957
675,0.07180786
676,0.07507324
677,0.07949829
678,0.08081055
679,0.08743286
680,0.08572386
681,0.09118654
682,0.09527589
683,0.09829711
684,0.10086059
685,0.1005249
686,0.10003661
687,0.100372314
688,0.10299683
689,0.10394286
690,0.10839844
691,0.11422731
692,0.12704468
693,0.12579347
694,0.125
695,0.12307739
696,0.12579344
697,0.12976074
698,0.13537598
699,0.14059448
700,0.14706421
701,0.1550293
702,0.15469359
703,0.14739989
704,0.120330796
705,0.09906006
706,0.079620354
707,0.07696532
708,0.07904052
709,0.08154297
710,0.08255005
711,0.07757568
712,0.06454467
713,0.039184578
714,0.007476799
715,-0.03213501
716,-0.058685288
717,-0.07681276
718,-0.08770753
719,-0.0923462
720,-0.09411622
721,-0.09027101
722,-0.08258056
723,-0.072143555
724,-0.065338135
725,-0.064819336
726,-0.066833496
727,-0.07507324
728,-0.08169556
729,-0.08911133
730,-0.10101319
731,-0.10992432
732,-0.122070305
733,-0.13351437
734,-0.14434819
735,-0.15396115
736,-0.15994266
737,-0.15661624
738,-0.14620972
739,-0.12545776
740,-0.10202026
741,-0.07638551
742,-0.053771976
743,-0.035919193
744,-0.020416267
745,-0.003753662
746,0.002960207
747,0.0042724647
748,0.0037231483
749,0.0050353967
750,0.0032653846
751,0.00021362305
752,-0.0033264123
753,-0.010528567
754,-0.015777584
755,-0.019714365
756,-0.029388428
757,-0.040039055
758,-0.05026245
759,-0.059753418
760,-0.07254028
761,-0.08023071
762,-0.08911132
763,-0.09423828
764,-0.09555054
765,-0.09295656
766,-0.08816528
767,-0.07299805
768,-0.06701661
769,-0.056915276
770,-0.045318604
771,-0.035949707
772,-0.024139397
773,-0.009002691
774,0.017700195
775,0.0387268
776,0.05541993
777,0.060913086
778,0.07937622
779,0.09893799
780,0.11569215
781,0.10745238
782,0.07791137
783,0.055786133
784,0.060974106
785,0.039001472
786,0.0037536733
787,-0.014404295
788,-0.027893072
789,-0.029693611
790,-0.03103638
791,-0.04882812
792,-0.07229614
793,-0.096862786
794,-0.117126465
795,-0.13619994
796,-0.14483643
797,-0.14285278
798,-0.12594604
799,-0.103210464
800,-0.0803528
801,-0.06524658
802,-0.053649902
803,-0.04980468
804,-0.048339847
805,-0.05249023
806,-0.055633552
807,-0.06274414
808,-0.06939697
809,-0.07327271
810,-0.075531006
811,-0.07409665
812,-0.06436159
813,-0.048675545
814,-0.01998901
815,0.0070495596
816,0.03900146
817,0.07043457
818,0.10256958
819,0.13922119
820,0.16577148
821,0.19824222
822,0.22445676
823,0.25009152
824,0.27322388
825,0.28323364
826,0.29397583
827,0.29534906
828,0.29440314
829,0.28833008
830,0.2825317
831,0.2723694
832,0.25814822
833,0.24475096
834,0.23422243
835,0.22711185
836,0.21426393
837,0.19946289
838,0.17962646
839,0.15863037
840,0.13546753
841,0.10897827
842,0.0817566
843,0.045623776
844,0.0138244685
845,-0.016448975
846,-0.04147339
847,-0.06524658
848,-0.08602905
849,-0.099975586
850,-0.114074714
851,-0.12384032
852,-0.1302185
853,-0.1322937
854,-0.13214111
855,-0.13156128
856,-0.13287354
857,-0.13070679
858,-0.13800049
859,-0.13955688
860,-0.1296997
861,-0.124298096
862,-0.121215835
863,-0.11648558
864,-0.11239624
865,-0.11999513
866,-0.11734009
867,-0.10116576
868,-0.076110855
869,-0.04595947
870,-0.0184021
871,0.0015869197
872,0.003082281
873,-0.015533447
874,-0.035522435
875,-0.048645027
876,-0.053955063
877,-0.04461669
878,-0.017181404
879,0.018920898
880,0.048828114
881,0.07495117
882,0.10119631
883,0.1213684
884,0.14385986
885,0.15234374
886,0.14578249
887,0.13903809
888,0.11807252
889,0.094146736
890,0.05630493
891,0.016113281
892,-0.025024414
893,-0.061950676
894,-0.08380131
895,-0.09448245
896,-0.10128784
897,-0.114593536
898,-0.12557988
899,-0.13406372
900,-0.13287355
901,-0.12683105
902,-0.10708618
903,-0.08798218
904,-0.06195069
905,-0.040802
906,-0.024291996
907,-0.01974487
908,-0.019744875
909,-0.026336664
910,-0.038085938
911,-0.055236816
912,-0.07489014
913,-0.096984856
914,-0.11914063
915,-0.14266968
916,-0.15631104
917,-0.16058348
918,-0.16918942
919,-0.17376712
920,-0.168396
921,-0.15530396
922,-0.14294435
923,-0.123016365
924,-0.09811401
925,-0.07238771
926,-0.07302856
927,-0.0489502
928,-0.005828848
929,0.00045776367
930,0.010681152
931,0.010681137
932,0.028839123
933,0.0440979
934,0.05078125
935,0.045654304
936,0.0395813
937,0.052886963
938,0.07550049
939,0.08694458
940,0.09918216
941,0.1200867
942,0.14633177
943,0.16174315
944,0.16357423
945,0.1503906
946,0.1105957
947,0.060913082
948,0.0102233775
949,-0.038513176
950,-0.08728024
951,-0.118286155
952,-0.14489742
953,-0.16046143
954,-0.16415408
955,-0.15661627
956,-0.15704346
957,-0.14324954
958,-0.12997432
959,-0.10498044
960,-0.07745363
961,-0.041992188
962,0.0012817476
963,0.050598145
964,0.09777832
965,0.13967896
966,0.18347171
967,0.2160645
968,0.24319461
969,0.26748654
970,0.27471927
971,0.2709656
972,0.26757815
973,0.2582092
974,0.23623663
975,0.2185059
976,0.1931763
977,0.16137695
978,0.12854002
979,0.09625244
980,0.06451416
981,0.038726807
982,0.016357418
983,-0.00579834
984,-0.02667236
985,-0.033111565
986,-0.036743164
987,-0.03860473
988,-0.034210198
989,-0.030426037
990,-0.019683838
991,-0.010955812
992,-0.0048217773
993,-0.002960205
994,0.0014038105
995,0.0068054143
996,0.009216314
997,0.011230474
998,0.010192867
999,0.012664798
1000,0.012695316
1001,0.009765622
1002,0.012390142
1003,0.0069274893
1004,0.0058288565
1005,-0.00402832
1006,-0.008789064
1007,-0.014617921
1008,-0.02362061
1009,-0.031219486
1010,-0.036560062
1011,-0.041046146
1012,-0.03869628
1013,-0.041687015
1014,-0.035644528
1015,-0.034301765
1016,-0.027587889
1017,-0.0213623
1018,-0.019134518
1019,-0.01733398
1020,-0.022216804
1021,-0.022094717
1022,-0.022949219
1023,-0.02606201
1024,-0.03204345
1025,-0.037780758
1026,-0.045135505
1027,-0.05343628
1028,-0.059265137
1029,-0.066070564
1030,-0.070983894
1031,-0.07473755
1032,-0.07788086
1033,-0.07418823
1034,-0.07254029
1035,-0.070373535
1036,-0.064239495
1037,-0.06289673
1038,-0.050354004
1039,-0.044433594
1040,-0.036712654
1041,-0.030334473
1042,-0.02731324
1043,-0.020141602
1044,-0.018524162
1045,-0.017272959
1046,-0.016174315
1047,-0.018005362
1048,-0.019226076
1049,-0.018585209
1050,-0.014709467
1051,-0.01483155
1052,-0.020751957
1053,-0.02560424
1054,-0.032135017
1055,-0.03527832
1056,-0.035247806
1057,-0.03024292
1058,-0.02728272
1059,-0.030792229
1060,-0.027862541
1061,-0.035736084
1062,-0.032501217
1063,-0.031616207
1064,-0.031219484
1065,-0.027221683
1066,-0.02243042
1067,-0.023742672
1068,-0.021789543
1069,-0.020629887
1070,-0.028137203
1071,-0.026702872
1072,-0.026031494
1073,-0.017211922
1074,-0.007141117
1075,0.005401615
1076,0.019073484
1077,0.033020012
1078,0.047210686
1079,0.058135986
1080,0.064208984
1081,0.070404045
1082,0.07525635
1083,0.07257081
1084,0.066375725
1085,0.05987549
1086,0.05770874
1087,0.052734375
1088,0.04968261
1089,0.045166023
1090,0.037200917
1091,0.032165527
1092,0.02423095
1093,0.023925774
1094,0.024932865
1095,0.034332268
1096,0.044769283
1097,0.058288574
1098,0.07003786
1099,0.07971192
1100,0.083068855
1101,0.079437256
1102,0.07788087
1103,0.06671141
1104,0.054504406
1105,0.044464108
1106,0.032165524
1107,0.026916504
1108,0.020172123
1109,0.016662598
1110,0.016601555
1111,0.01809693
1112,0.023040779
1113,0.026062014
1114,0.029022213
1115,0.027069094
1116,0.020721434
1117,0.014038082
1118,0.010833744
1119,0.00299073
1120,0.0028076135
1121,-0.001922613
1122,-0.002655035
1123,-0.0031433068
1124,-0.006225597
1125,-0.011260975
1126,-0.014404293
1127,-0.020324696
1128,-0.024108887
1129,-0.021545421
1130,-0.023956314
1131,-0.023284903
1132,-0.021972666
1133,-0.024475096
1134,-0.030029306
1135,-0.038299568
1136,-0.050079346
1137,-0.060729988
1138,-0.07495118
1139,-0.082611084
1140,-0.088653564
1141,-0.090087876
1142,-0.091339126
1143,-0.09970091
1144,-0.10281371
1145,-0.11514281
1146,-0.120391846
1147,-0.12390135
1148,-0.11593628
1149,-0.11004639
1150,-0.09869383
1151,-0.086334236
1152,-0.075042725
1153,-0.06607056
1154,-0.05490112
1155,-0.04061889
1156,-0.03216552
1157,-0.01724244
1158,-0.0061340258
1159,0.0014648512
1160,0.011413582
1161,0.01638794
1162,0.025848374
1163,0.033599835
1164,0.040802017
1165,0.050445564
1166,0.0572815
1167,0.06527709
1168,0.07302856
1169,0.08129883
1170,0.09164428
1171,0.100402825
1172,0.110137954
1173,0.115661636
1174,0.12310791
1175,0.12435912
1176,0.1282959
1177,0.12811276
1178,0.124176025
1179,0.1144104
1180,0.109130874
1181,0.10406493
1182,0.098388664
1183,0.09030151
1184,0.08175659
1185,0.07171632
1186,0.06207277
1187,0.05499269
1188,0.046020508
1189,0.039337147
1190,0.031311028
1191,0.014740005
1192,0.007141117
1193,-0.0055847205
1194,-0.01776123
1195,-0.022857666
1196,-0.025604252
1197,-0.026367195
1198,-0.02856445
1199,-0.031768806
1200,-0.036224358
1201,-0.03973389
1202,-0.03933716
1203,-0.036224373
1204,-0.03408814
1205,-0.034301765
1206,-0.037506104
1207,-0.038024887
1208,-0.040405266
1209,-0.04351808
1210,-0.040313713
1211,-0.03848265
1212,-0.034179673
1213,-0.031158447
1214,-0.028930664
1215,-0.030395508
1216,-0.02764894
1217,-0.02651979
1218,-0.023590073
1219,-0.018463142
1220,-0.01458741
1221,-0.0089721605
1222,-0.007293716
1223,-0.0037841946
1224,-0.005706802
1225,-0.0138549805
1226,-0.02520752
1227,-0.030853271
1228,-0.028442383
1229,-0.013977051
1230,-0.0007018931
1231,0.0073547345
1232,0.005950921
1233,0.0056762733
1234,0.0019226111
1235,0.00015259883
1236,0.003692627
1237,-0.00045775436
1238,-0.0061340425
1239,-0.00894166
1240,-0.013732919
1241,-0.017730713
1242,-0.018188471
1243,-0.020812992
1244,-0.026367193
1245,-0.028808596
1246,-0.034912113
1247,-0.036041252
1248,-0.035888676
1249,-0.037231445
1250,-0.0361023
1251,-0.03164673
1252,-0.028503412
1253,-0.022521976
1254,-0.024749748
1255,-0.019927982
1256,-0.013671882
1257,-0.0071411096
1258,0.003662102
1259,0.013214115
1260,0.016296387
1261,0.01260376
1262,0.0017395057
1263,-0.006561283
1264,-0.008483884
1265,-0.0052490234
1266,0.0014038105
1267,0.00027466053
1268,0.011230467
1269,0.017242434
1270,0.023101807
1271,0.025787361
1272,0.01882935
1273,0.017700195
1274,0.014801025
1275,0.014862061
1276,0.013519276
1277,0.010009766
1278,0.009429917
1279,0.0014953539
1280,-0.0031738132
1281,-0.009399429
1282,-0.013671875
1283,-0.010162346
1284,-0.0052185133
1285,0.0052490085
1286,0.011047371
1287,0.01919555
1288,0.030303948
1289,0.049224865
1290,0.06765748
1291,0.08471679
1292,0.09579467
1293,0.09713744
1294,0.09509279
1295,0.08428954
1296,0.07073973
1297,0.054321297
1298,0.036010746
1299,0.018829351
1300,0.0053100623
1301,-0.0048523024
1302,-0.012847897
1303,-0.0132751465
1304,-0.017791748
1305,-0.014251709
1306,-0.017730713
1307,-0.018402101
1308,-0.022094732
1309,-0.027771002
1310,-0.03778076
1311,-0.042938232
1312,-0.028045647
1313,-0.030883797
1314,-0.027893059
1315,-0.031585686
1316,-0.034210198
1317,-0.041229244
1318,-0.041168217
1319,-0.05014038
1320,-0.06262208
1321,-0.07788086
1322,-0.08963013
1323,-0.09417725
1324,-0.0901184
1325,-0.088470474
1326,-0.080200195
1327,-0.06530761
1328,-0.05075073
1329,-0.029510498
1330,-0.004302975
1331,0.0044250507
1332,0.008178713
1333,0.04208374
1334,0.064788826
1335,0.07891846
1336,0.10028076
1337,0.102630615
1338,0.082580574
1339,0.07171631
1340,0.05886841
1341,0.046020508
1342,0.029174797
1343,0.020690914
1344,0.009033199
1345,0.010314938
1346,0.012573244
1347,0.03024292
1348,0.047698975
1349,0.047119163
1350,0.0488892
1351,0.028442368
1352,0.0034790114
1353,-0.009918202
1354,-0.0063781627
1355,-0.006469721
1356,-0.017089844
1357,-0.02661135
1358,-0.044860855
1359,-0.06869507
1360,-0.0987854
1361,-0.13244629
1362,-0.16912842
1363,-0.19702151
1364,-0.21923825
1365,-0.23696902
1366,-0.24453731
1367,-0.24581909
1368,-0.2325745
1369,-0.20803834
1370,-0.17849728
1371,-0.14233403
1372,-0.10244751
1373,-0.05706787
1374,-0.013549807
1375,0.025604254
1376,0.063201904
1377,0.09710693
1378,0.12738042
1379,0.15426631
1380,0.17449953
1381,0.19052127
1382,0.19610599
1383,0.19659424
1384,0.18902588
1385,0.1787415
1386,0.16021733
1387,0.1409607
1388,0.11703493
1389,0.08908081
1390,0.06375122
1391,0.042236328
1392,0.023651112
1393,0.0126953125
1394,0.0073242188
1395,0.002349861
1396,0.002716057
1397,0.0050354004
1398,0.007415779
1399,0.0119323805
1400,0.016357426
1401,0.017608635
1402,0.021942131
1403,0.024597164
1404,0.020935062
1405,0.022796642
1406,0.019470215
1407,0.018859863
1408,0.014556879
1409,0.0075073186
1410,-0.00021362584
1411,-0.005493166
1412,-0.013519282
1413,-0.019348143
1414,-0.019103998
1415,-0.0139160175
1416,-0.009643558
1417,-0.007568367
1418,-0.0099487305
1419,-0.013153069
1420,-0.019592278
1421,-0.028289802
1422,-0.030883782
1423,-0.032073975
1424,-0.031982414
1425,-0.04650879
1426,-0.056213364
1427,-0.05902098
1428,-0.06567383
1429,-0.060516346
1430,-0.06250001
1431,-0.056884777
1432,-0.047454845
1433,-0.040588386
1434,-0.028930664
1435,-0.01504517
1436,-0.0046997033
1437,0.006561281
1438,0.015808111
1439,0.021697992
1440,0.024536137
1441,0.026977535
1442,0.030059818
1443,0.03237915
1444,0.036956787
1445,0.037475586
1446,0.043396004
1447,0.04937744
1448,0.05706787
1449,0.06265259
1450,0.06552125
1451,0.07052612
1452,0.074768074
1453,0.0791626
1454,0.08178711
1455,0.08087159
1456,0.08288575
1457,0.090911865
1458,0.08477782
1459,0.082458496
1460,0.07571411
1461,0.07070923
1462,0.06826782
1463,0.06536865
1464,0.067077644
1465,0.06311034
1466,0.062957756
1467,0.05807496
1468,0.054809567
1469,0.053863533
1470,0.049194343
1471,0.04696656
1472,0.043884266
1473,0.04159545
1474,0.03903199
1475,0.032897953
1476,0.024139408
1477,0.013916021
1478,0.0006103441
1479,-0.013977051
1480,-0.026824953
1481,-0.044708245
1482,-0.060913086
1483,-0.079833984
1484,-0.09484863
1485,-0.10757446
1486,-0.123474106
1487,-0.12823486
1488,-0.13845825
1489,-0.13882445
1490,-0.14556885
1491,-0.14889526
1492,-0.15298462
1493,-0.15881348
1494,-0.16046143
1495,-0.16262817
1496,-0.16262814
1497,-0.16488647
1498,-0.15823361
1499,-0.14865112
1500,-0.13305663
1501,-0.12112427
1502,-0.10751344
1503,-0.08892825
1504,-0.076354995
1505,-0.06268312
1506,-0.054382335
1507,-0.04718019
1508,-0.039337136
1509,-0.029357918
1510,-0.02124023
1511,-0.010223389
1512,-0.0025634747
1513,0.010192867
1514,0.018035874
1515,0.026672356
1516,0.028289791
1517,0.0335083
1518,0.03448486
1519,0.03494262
1520,0.037658684
1521,0.043121353
1522,0.051605225
1523,0.063598625
1524,0.07809448
1525,0.09008789
1526,0.10202026
1527,0.10931395
1528,0.11968994
1529,0.12765504
1530,0.13580322
1531,0.13815308
1532,0.14419556
1533,0.14874269
1534,0.15423584
1535,0.15972903
1536,0.15957642
1537,0.1625061
1538,0.17047119
1539,0.1678772
1540,0.15966797
1541,0.14520264
1542,0.13366699
1543,0.11798096
1544,0.106719986
1545,0.09274292
1546,0.076171875
1547,0.064453125
1548,0.04284668
1549,0.02725219
1550,0.012084955
1551,0.0015869047
1552,-0.003875738
1553,-0.009979248
1554,-0.017822266
1555,-0.015533444
1556,-0.015655521
1557,-0.017242434
1558,-0.015991202
1559,-0.014678959
1560,-0.012359615
1561,-0.011627195
1562,-0.009857189
1563,-0.0074157696
1564,-0.006164551
1565,-0.0053405743
1566,-0.0062866267
1567,-0.010681149
1568,-0.012695305
1569,-0.017974846
1570,-0.019317634
1571,-0.0256958
1572,-0.030059814
1573,-0.03060913
1574,-0.032073975
1575,-0.038787846
1576,-0.035461433
1577,-0.032440193
1578,-0.034606934
1579,-0.035400383
1580,-0.04019165
1581,-0.041290283
1582,-0.03628541
1583,-0.032104492
1584,-0.02825928
1585,-0.027954107
1586,-0.030120851
1587,-0.038085938
1588,-0.047668457
1589,-0.050537117
1590,-0.044769287
1591,-0.030395512
1592,-0.018249514
1593,-0.0111084
1594,-0.0022888202
1595,-0.000701908
1596,-0.012573242
1597,-0.037078854
1598,-0.070739746
1599,-0.10473633
1600,-0.13018799
1601,-0.15093994
1602,-0.15808105
1603,-0.1625061
1604,-0.14938356
1605,-0.13003539
1606,-0.10656738
1607,-0.07928466
1608,-0.05996704
1609,-0.037078865
1610,-0.022582997
1611,-0.013214096
1612,-0.017578132
1613,-0.03274536
1614,-0.06231689
1615,-0.097961426
1616,-0.13613892
1617,-0.16659546
1618,-0.18289182
1619,-0.17843628
1620,-0.15832517
1621,-0.12313843
1622,-0.0791626
1623,-0.031982422
1624,0.01559449
1625,0.0552063
1626,0.0897522
1627,0.11654663
1628,0.13897705
1629,0.15698242
1630,0.16470337
1631,0.17025758
1632,0.16751099
1633,0.16189575
1634,0.15219116
1635,0.14038086
1636,0.12005615
1637,0.09820557
1638,0.0675354
1639,0.038146984
1640,0.008148186
1641,-0.025878914
1642,-0.0529175
1643,-0.07968141
1644,-0.09692381
1645,-0.11407469
1646,-0.12332152
1647,-0.12118535
1648,-0.115112305
1649,-0.09957886
1650,-0.079467766
1651,-0.06451416
1652,-0.057189938
1653,-0.02813721
1654,0.0043334793
1655,0.026306149
1656,0.039001465
1657,0.046356194
1658,0.06393431
1659,0.073059075
1660,0.07586669
1661,0.06503295
1662,0.07827758
1663,0.083221436
1664,0.06204223
1665,0.056396488
1666,0.05709839
1667,0.051605217
1668,0.04956054
1669,0.053436287
1670,0.072540276
1671,0.073059075
1672,0.05218506
1673,0.020477299
1674,-0.020843495
1675,-0.063262984
1676,-0.094177276
1677,-0.10681148
1678,-0.10458371
1679,-0.08242796
1680,-0.05126951
1681,-0.014343262
1682,0.0115051195
1683,0.02139282
1684,0.015228277
1685,-0.005187978
1686,-0.037139893
1687,-0.07580571
1688,-0.11749266
1689,-0.15206909
1690,-0.17416383
1691,-0.17639157
1692,-0.1583252
1693,-0.12487793
1694,-0.075653054
1695,-0.022949224
1696,0.034973137
1697,0.090667725
1698,0.13949586
1699,0.18292236
1700,0.21829228
1701,0.25286868
1702,0.2831726
1703,0.31323248
1704,0.33508295
1705,0.35162354
1706,0.35604855
1707,0.35437015
1708,0.34606937
1709,0.32485965
1710,0.29913333
1711,0.2695007
1712,0.23944086
1713,0.20428462
1714,0.17001347
1715,0.13497928
1716,0.10452272
1717,0.075653076
1718,0.046478275
1719,0.014892567
1720,-0.013977043
1721,-0.043914795
1722,-0.073150635
1723,-0.105529785
1724,-0.13000488
1725,-0.15368652
1726,-0.17166139
1727,-0.19458005
1728,-0.21319579
1729,-0.22387695
1730,-0.23406981
1731,-0.23635858
1732,-0.23245235
1733,-0.23101807
1734,-0.22116086
1735,-0.21200562
1736,-0.19863886
1737,-0.18450925
1738,-0.16400146
1739,-0.1484375
1740,-0.13516235
1741,-0.12194824
1742,-0.108459465
1743,-0.100036636
1744,-0.09390259
1745,-0.09127809
1746,-0.0910034
1747,-0.089630134
1748,-0.08779906
1749,-0.08691406
1750,-0.08850098
1751,-0.08981325
1752,-0.09197997
1753,-0.089141846
1754,-0.087890625
1755,-0.07974244
1756,-0.072143555
1757,-0.06378174
1758,-0.05493164
1759,-0.045104984
1760,-0.03967286
1761,-0.03134156
1762,-0.027313229
1763,-0.019683836
1764,-0.020019533
1765,-0.017547604
1766,-0.01538085
1767,-0.012420664
1768,-0.009796143
1769,-0.009277345
1770,-0.0031127902
1771,0.0024719257
1772,0.0057373084
1773,0.013977051
1774,0.021575933
1775,0.029418942
1776,0.038970947
1777,0.041076653
1778,0.0517273
1779,0.058837883
1780,0.06655882
1781,0.07418824
1782,0.076049805
1783,0.082977295
1784,0.08676146
1785,0.09054565
1786,0.08630371
1787,0.08621214
1788,0.0854187
1789,0.090484604
1790,0.091278076
1791,0.09280394
1792,0.0909729
1793,0.0843811
1794,0.07669066
1795,0.06735231
1796,0.0686035
1797,0.06832886
1798,0.06857299
1799,0.064208984
1800,0.05920411
1801,0.056274407
1802,0.05496216
1803,0.04916381
1804,0.04989624
1805,0.04281615
1806,0.039184574
1807,0.034027096
1808,0.028564451
1809,0.02215577
1810,0.015167235
1811,0.0050354055
1812,-0.006958019
1813,-0.014404308
1814,-0.02359008
1815,-0.028472904
1816,-0.031249993
1817,-0.034973156
1818,-0.031921394
1819,-0.03433229
1820,-0.029510498
1821,-0.032928474
1822,-0.03030394
1823,-0.02709961
1824,-0.022155762
1825,-0.016143814
1826,-0.010559082
1827,-0.004699722
1828,0.0026550293
1829,0.006591797
1830,0.017822266
1831,0.024047837
1832,0.025421143
1833,-0.005798325
1834,0.009002686
1835,0.035430923
1836,0.0018615723
1837,-0.0012207106
1838,0.020050049
1839,-0.0047912747
1840,-0.007873531
1841,-0.0016784761
1842,-0.014160149
1843,-0.0105896
1844,-0.003723143
1845,-0.004730217
1846,0.009368891
1847,0.009826668
1848,0.01849365
1849,0.031097412
1850,0.03552246
1851,0.03747558
1852,0.050689694
1853,0.05822754
1854,0.06008912
1855,0.06762697
1856,0.071258545
1857,0.07272339
1858,0.08474732
1859,0.07788086
1860,0.07757568
1861,0.07498169
1862,0.0687561
1863,0.06906128
1864,0.06707764
1865,0.06271362
1866,0.053894043
1867,0.044403076
1868,0.04342651
1869,0.033660885
1870,0.0206604
1871,0.012878419
1872,0.005615227
1873,-0.0032348633
1874,-0.010742187
1875,-0.028564453
1876,-0.049255367
1877,-0.057647713
1878,-0.080291755
1879,-0.08731079
1880,-0.07681274
1881,-0.06774902
1882,-0.06790161
1883,-0.08709717
1884,-0.1100769
1885,-0.12417601
1886,-0.15005495
1887,-0.1633606
1888,-0.16244508
1889,-0.15216063
1890,-0.11825561
1891,-0.08084107
1892,-0.044403084
1893,-0.024139404
1894,-0.004272446
1895,0.0028686672
1896,0.006134033
1897,0.00033569336
1898,-0.007385254
1899,-0.011627197
1900,-0.013885487
1901,-0.033020027
1902,-0.063385
1903,-0.08895874
1904,-0.10507202
1905,-0.11038208
1906,-0.11691286
1907,-0.121582046
1908,-0.12612915
1909,-0.12997438
1910,-0.13751222
1911,-0.14187622
1912,-0.14434813
1913,-0.13265991
1914,-0.10961914
1915,-0.0817871
1916,-0.05181884
1917,-0.027221676
1918,0.0031433068
1919,0.02923584
1920,0.05804442
1921,0.07345581
1922,0.084869385
1923,0.08023071
1924,0.08129884
1925,0.076904304
1926,0.054626457
1927,0.038391113
1928,0.017608646
1929,0.011779789
1930,0.008636482
1931,0.010437003
1932,0.012359619
1933,0.00912476
1934,0.011322025
1935,0.0153808575
1936,0.026824944
1937,0.037109382
1938,0.053131104
1939,0.07006835
1940,0.09671022
1941,0.12902834
1942,0.17044069
1943,0.21136475
1944,0.25228885
1945,0.29101562
1946,0.3242798
1947,0.34271237
1948,0.34683228
1949,0.3306885
1950,0.30325317
1951,0.2664185
1952,0.21881108
1953,0.17117311
1954,0.11761472
1955,0.06710814
1956,0.038024932
1957,-0.04119873
1958,-0.107543945
1959,-0.14923087
1960,-0.18157965
1961,-0.20349121
1962,-0.24035653
1963,-0.25463858
1964,-0.21212766
1965,-0.15710449
1966,-0.097351074
1967,-0.09606932
1968,-0.06362914
1969,-0.013427734
1970,0.005004883
1971,0.022644028
1972,0.023162857
1973,0.026275635
1974,0.055358887
1975,0.10687259
1976,0.1621094
1977,0.20150757
1978,0.22634894
1979,0.23156738
1980,0.21194448
1981,0.17092904
1982,0.10971075
1983,0.045410156
1984,-0.01184085
1985,-0.0526428
1986,-0.077636756
1987,-0.082733154
1988,-0.06979369
1989,-0.045043934
1990,-0.005584702
1991,0.035675034
1992,0.086883545
1993,0.12820438
1994,0.16369629
1995,0.18499748
1996,0.17755127
1997,0.1682739
1998,0.13949585
1999,0.101745605
2000,0.05023194
2001,-0.004028311
2002,-0.06732176
2003,-0.13919067
2004,-0.20550528
2005,-0.2788086
2006,-0.34005746
2007,-0.38800058
2008,-0.42929068
2009,-0.459076
2010,-0.47802743
2011,-0.5022888
2012,-0.4531556
2013,-0.44781497
2014,-0.4234923
2015,-0.3901061
2016,-0.3575135
2017,-0.30706793
2018,-0.26712042
2019,-0.21252434
2020,-0.1758728
2021,-0.13595584
2022,-0.10079956
2023,-0.063384995
2024,-0.032897953
2025,-0.004241945
2026,0.024017343
2027,0.051300053
2028,0.077606216
2029,0.08923338
2030,0.10452271
2031,0.11578369
2032,0.12390136
2033,0.12475586
2034,0.12631229
2035,0.12176517
2036,0.120300286
2037,0.115722656
2038,0.11468503
2039,0.109008774
2040,0.10595706
2041,0.099212624
2042,0.09756469
2043,0.09634398
2044,0.10018922
2045,0.100585945
2046,0.09713744
2047,0.09515382
2048,0.08804321
2049,0.08349611
2050,0.07913207
2051,0.07171629
2052,0.06643677
2053,0.061309826
2054,0.059539806
2055,0.05612183
2056,0.04840088
2057,0.037200928
2058,0.027496342
2059,0.016937258
2060,0.008300774
2061,-0.011230463
2062,-0.022735598
2063,-0.03753662
2064,-0.05410766
2065,-0.07260131
2066,-0.08605957
2067,-0.09875488
2068,-0.10806273
2069,-0.10537719
2070,-0.098266594
2071,-0.092681885
2072,-0.08737182
2073,-0.0734253
2074,-0.06573487
2075,-0.060729977
2076,-0.053405754
2077,-0.044311523
2078,-0.03430176
2079,-0.02355957
2080,-0.014587395
2081,-0.0024719164
2082,0.0112304725
2083,0.03094484
2084,0.046936035
2085,0.06536865
2086,0.08560179
2087,0.099121094
2088,0.11828615
2089,0.14050294
2090,0.15637207
2091,0.16268921
2092,0.17544556
2093,0.18286133
2094,0.17605591
2095,0.184906
2096,0.20748901
2097,0.21984863
2098,0.23730467
2099,0.24630737
2100,0.24639893
2101,0.24191284
2102,0.23254395
2103,0.21343994
2104,0.1930237
2105,0.16970827
2106,0.15835568
2107,0.14227295
2108,0.12805176
2109,0.11395263
2110,0.10882568
2111,0.09414674
2112,0.08151245
2113,0.06448365
2114,0.046447754
2115,0.032287586
2116,0.009704597
2117,-0.0053710938
2118,-0.02139283
2119,-0.023529053
2120,-0.032836907
2121,-0.04455567
2122,-0.05200194
2123,-0.059539776
2124,-0.072357185
2125,-0.07781984
2126,-0.0857849
2127,-0.08953858
2128,-0.091339126
2129,-0.09872437
2130,-0.10107422
2131,-0.109191895
2132,-0.118988045
2133,-0.118652344
2134,-0.11993408
2135,-0.11730958
2136,-0.11138915
2137,-0.11431886
2138,-0.12289429
2139,-0.14572144
2140,-0.1619873
2141,-0.16595457
2142,-0.15655518
2143,-0.14239502
2144,-0.1321106
2145,-0.11758424
2146,-0.10269165
2147,-0.09390257
2148,-0.09432983
2149,-0.10485841
2150,-0.10528565
2151,-0.099517815
2152,-0.09826659
2153,-0.0948181
2154,-0.09753419
2155,-0.1015625
2156,-0.10433961
2157,-0.09530641
2158,-0.08508301
2159,-0.064788826
2160,-0.036132816
2161,-0.019897457
2162,-0.0011596717
2163,0.011688229
2164,0.024627695
2165,0.030303964
2166,0.03466797
2167,0.03982545
2168,0.04199218
2169,0.037963875
2170,0.020507816
2171,-9.15546e-05
2172,-0.028320309
2173,-0.056915283
2174,-0.08480835
2175,-0.10803227
2176,-0.12112428
2177,-0.13198851
2178,-0.13430783
2179,-0.13055414
2180,-0.12234495
2181,-0.10958862
2182,-0.0940857
2183,-0.0777588
2184,-0.05725099
2185,-0.028137213
2186,-0.0028686412
2187,0.025939938
2188,0.049102783
2189,0.07037353
2190,0.086761475
2191,0.10144043
2192,0.11187744
2193,0.11566162
2194,0.11328125
2195,0.102539055
2196,0.08999632
2197,0.07330323
2198,0.054840088
2199,0.03793335
2200,0.017089851
2201,0.01953125
2202,0.023529053
2203,0.030456528
2204,0.05249025
2205,0.05905151
2206,0.074798584
2207,0.089904785
2208,0.099273674
2209,0.11419676
2210,0.12277223
2211,0.1494751
2212,0.15124513
2213,0.13760377
2214,0.120910645
2215,0.11709595
2216,0.11343385
2217,0.103271484
2218,0.10916138
2219,0.124420166
2220,0.14071655
2221,0.14224245
2222,0.12573242
2223,0.10244751
2224,0.071014404
2225,0.043945305
2226,0.017334
2227,-0.0025940016
2228,-0.012207016
2229,-0.0065307617
2230,-0.00015258789
2231,0.005767837
2232,0.004455559
2233,-0.014495857
2234,-0.031921387
2235,-0.053863514
2236,-0.075439416
2237,-0.10125733
2238,-0.12161259
2239,-0.14096071
2240,-0.15518187
2241,-0.15689091
2242,-0.15185547
2243,-0.12841795
2244,-0.09927372
2245,-0.06011963
2246,-0.031433105
2247,-0.00738525
2248,0.011840818
2249,0.026336666
2250,0.0406189
2251,0.056426954
2252,0.07827756
2253,0.097198546
2254,0.11422728
2255,0.12963869
2256,0.13900757
2257,0.13894656
2258,0.13958737
2259,0.13265988
2260,0.121154726
2261,0.10687262
2262,0.08154297
2263,0.0552063
2264,0.027465805
2265,6.1020255e-05
2266,-0.023162857
2267,-0.043060288
2268,-0.055419907
2269,-0.06558227
2270,-0.07595824
2271,-0.08349609
2272,-0.088958725
2273,-0.09292603
2274,-0.09069823
2275,-0.087402344
2276,-0.08352661
2277,-0.0769348
2278,-0.079009995
2279,-0.078796394
2280,-0.07592773
2281,-0.069458015
2282,-0.06048584
2283,-0.05798341
2284,-0.04632568
2285,-0.04223632
2286,-0.03445435
2287,-0.029052733
2288,-0.02035522
2289,-0.0148010235
2290,-0.010070797
2291,-0.008453373
2292,-0.012847901
2293,-0.01480102
2294,-0.015716556
2295,-0.018768316
2296,-0.015747067
2297,-0.014801025
2298,-0.012145992
2299,-0.005126953
2300,-0.0014343411
2301,0.007568363
2302,0.017547607
2303,0.021545405
2304,0.030517582
2305,0.03717041
2306,0.044219982
2307,0.047027595
2308,0.051635742
2309,0.051788323
2310,0.056793217
2311,0.060150146
2312,0.06393434
2313,0.06372072
2314,0.06674193
2315,0.06988526
2316,0.06887819
2317,0.070678726
2318,0.061096195
2319,0.056945816
2320,0.048767086
2321,0.043304432
2322,0.034667976
2323,0.028900163
2324,0.020416256
2325,0.009460453
2326,0.00082398206
2327,0.0017395057
2328,-0.008850098
2329,-0.012359619
2330,-0.009979248
2331,-0.011230465
2332,-0.010192875
2333,-0.021423332
2334,-0.03808593
2335,-0.033020012
2336,-0.031066902
2337,-0.021057125
2338,-0.021209717
2339,-0.022949219
2340,-0.030364987
2341,-0.03173828
2342,-0.035980225
2343,-0.042999268
2344,-0.04666138
2345,-0.043975823
2346,-0.05621337
2347,-0.061950676
2348,-0.0722046
2349,-0.07830811
2350,-0.0852661
2351,-0.090911865
2352,-0.092437744
2353,-0.10412598
2354,-0.10232544
2355,-0.10800171
2356,-0.10458374
2357,-0.09024048
2358,-0.09191896
2359,-0.094940186
2360,-0.10391235
2361,-0.09701539
2362,-0.10006714
2363,-0.1000061
2364,-0.09307862
2365,-0.08892822
2366,-0.09118652
2367,-0.08029175
2368,-0.07531738
2369,-0.05578614
2370,-0.04797364
2371,-0.036895745
2372,-0.021240236
2373,-0.015930172
2374,-0.007537842
2375,0.00079345703
2376,0.009857174
2377,0.022033688
2378,0.031738274
2379,0.046295166
2380,0.060394295
2381,0.0657959
2382,0.07846071
2383,0.091796875
2384,0.09902954
2385,0.106536865
2386,0.11706543
2387,0.117614746
2388,0.118621826
2389,0.11312866
2390,0.11425781
2391,0.11465454
2392,0.123687744
2393,0.12664795
2394,0.12765503
2395,0.12774658
2396,0.121673584
2397,0.11212158
2398,0.1069641
2399,0.09365845
2400,0.079925545
2401,0.06866456
2402,0.05932616
2403,0.054016113
2404,0.041931145
2405,0.033538822
2406,0.024108894
2407,0.019073486
2408,0.013061512
2409,0.0077209547
2410,-0.0043335035
2411,-0.008605957
2412,-0.010009773
2413,-0.015197754
2414,-0.015716564
2415,-0.01956176
2416,-0.02615356
2417,-0.025970466
2418,-0.021697983
2419,-0.022827148
2420,-0.019744877
2421,-0.017059319
2422,-0.010223383
2423,-0.01535034
2424,-0.0147399865
2425,-0.013031007
2426,-0.009643555
2427,-0.0018615732
2428,0.008850101
2429,0.025115974
2430,0.030944813
2431,0.040191647
2432,0.041656483
2433,0.04138183
2434,0.04144287
2435,0.036193836
2436,0.03732299
2437,0.03659059
2438,0.036956772
2439,0.031372055
2440,0.025268562
2441,0.024810806
2442,0.016723633
2443,0.0045471042
2444,-0.00064086914
2445,-0.017517082
2446,-0.026031494
2447,-0.03778076
2448,-0.052917488
2449,-0.062896736
2450,-0.06753539
2451,-0.08547973
2452,-0.09692383
2453,-0.11413574
2454,-0.12698364
2455,-0.1394043
2456,-0.14865114
2457,-0.14727783
2458,-0.1506958
2459,-0.15341184
2460,-0.14450073
2461,-0.13458252
2462,-0.13180542
2463,-0.15045166
2464,-0.14242554
2465,-0.13821411
2466,-0.12750246
2467,-0.1194763
2468,-0.1227722
2469,-0.120971665
2470,-0.120697014
2471,-0.117828384
2472,-0.10980223
2473,-0.10665894
2474,-0.0993042
2475,-0.08721924
2476,-0.076293945
2477,-0.061767578
2478,-0.046661373
2479,-0.031494133
2480,-0.011474613
2481,-0.0072937086
2482,0.005187981
2483,0.011657715
2484,0.018707275
2485,0.032012947
2486,0.04241944
2487,0.052459724
2488,0.05410766
2489,0.063446045
2490,0.07199097
2491,0.07583618
2492,0.08547974
2493,0.09384156
2494,0.09817504
2495,0.11325073
2496,0.11474608
2497,0.116516106
2498,0.11465454
2499,0.11758421
2500,0.11474609
2501,0.10705567
2502,0.10681151
2503,0.094940186
2504,0.08804323
2505,0.08065797
2506,0.075500496
2507,0.069763176
2508,0.067321785
2509,0.062438957
2510,0.06369018
2511,0.06271362
2512,0.057403564
2513,0.05557252
2514,0.049774177
2515,0.0501709
2516,0.044525146
2517,0.03897096
2518,0.03744507
2519,0.030670166
2520,0.024169918
2521,0.029144289
2522,0.035156254
2523,0.037780758
2524,0.032073982
2525,0.04006958
2526,0.038696297
2527,0.04064941
2528,0.043518066
2529,0.035064697
2530,0.034576423
2531,0.03656006
2532,0.042816162
2533,0.037628174
2534,0.035156243
2535,0.038970947
2536,0.04281617
2537,0.049163815
2538,0.048675537
2539,0.045104988
2540,0.0395813
2541,0.03491211
2542,0.029327394
2543,0.029388418
2544,0.022033695
2545,0.00656128
2546,-0.00756835
2547,-0.016448978
2548,-0.021881102
2549,-0.016906738
2550,-0.015533445
2551,-0.013702385
2552,-0.008789064
2553,-0.007171623
2554,-0.005523686
2555,0.0014343243
2556,0.0048828195
2557,0.007873532
2558,0.009033206
2559,0.013000486
2560,0.011199942
2561,0.011016848
2562,0.007843021
2563,0.0077819936
2564,0.0074768066
2565,0.017700184
2566,0.020690918
2567,0.02572633
2568,0.027435303
2569,0.025146477
2570,0.026123062
2571,0.023254395
2572,0.017181387
2573,0.005157468
2574,-0.006683343
2575,-0.014892576
2576,-0.020843506
2577,-0.02645874
2578,-0.02322388
2579,-0.024902347
2580,-0.022460934
2581,-0.016143795
2582,-0.012359604
2583,-0.0041198656
2584,0.0032653883
2585,0.0075988695
2586,0.0029907376
2587,-0.013183594
2588,-0.0385437
2589,-0.056671143
2590,-0.069610596
2591,-0.078125
2592,-0.09225464
2593,-0.10562133
2594,-0.112518325
2595,-0.11627198
2596,-0.11019898
2597,-0.10116578
2598,-0.08395386
2599,-0.06207276
2600,-0.02871703
2601,0.0022888035
2602,0.024078377
2603,0.036071762
2604,0.0452881
2605,0.048187256
2606,0.04296875
2607,0.034942627
2608,0.017547593
2609,-0.0040283203
2610,-0.02789307
2611,-0.04827881
2612,-0.06750488
2613,-0.074157715
2614,-0.07980347
2615,-0.081207275
2616,-0.08114625
2617,-0.07662963
2618,-0.07546997
2619,-0.0718689
2620,-0.069122314
2621,-0.06491089
2622,-0.062072746
2623,-0.06002808
2624,-0.05926514
2625,-0.05975341
2626,-0.057617165
2627,-0.063201904
2628,-0.06555176
2629,-0.067291245
2630,-0.069000244
2631,-0.07293703
2632,-0.07525635
2633,-0.08203124
2634,-0.08590697
2635,-0.09265137
2636,-0.10055542
2637,-0.10205078
2638,-0.10208131
2639,-0.10308841
2640,-0.100982666
2641,-0.09799194
2642,-0.09341431
2643,-0.08636472
2644,-0.08154297
2645,-0.068878174
2646,-0.05822754
2647,-0.050476074
2648,-0.02871707
2649,-0.0057983547
2650,0.014251694
2651,0.030670166
2652,0.050628662
2653,0.07189943
2654,0.08532716
2655,0.099609375
2656,0.10708618
2657,0.11383056
2658,0.12234496
2659,0.12765504
2660,0.14212036
2661,0.15316772
2662,0.1663208
2663,0.1758728
2664,0.1836853
2665,0.19042969
2666,0.19015503
2667,0.19836426
2668,0.1958313
2669,0.19677734
2670,0.1968689
2671,0.1946411
2672,0.19570923
2673,0.19464111
2674,0.19488527
2675,0.19573975
2676,0.19387811
2677,0.18920904
2678,0.18676761
2679,0.17745963
2680,0.17425537
2681,0.16983034
2682,0.1572876
2683,0.14941406
2684,0.14218143
2685,0.13235475
2686,0.12020875
2687,0.10687255
2688,0.091400154
2689,0.07177735
2690,0.05621338
2691,0.035705566
2692,0.02758789
2693,0.013336182
2694,0.003601076
2695,-0.0058898944
2696,-0.019714354
2697,-0.0281067
2698,-0.03619384
2699,-0.040313702
2700,-0.052337646
2701,-0.06610106
2702,-0.08602906
2703,-0.10211181
2704,-0.11886597
2705,-0.13150026
2706,-0.13790895
2707,-0.14041139
2708,-0.13824461
2709,-0.13656616
2710,-0.13079834
2711,-0.12997437
2712,-0.12347413
2713,-0.120758064
2714,-0.11697388
2715,-0.112091064
2716,-0.10641479
2717,-0.101806656
2718,-0.09805299
2719,-0.09603881
2720,-0.09124757
2721,-0.082672134
2722,-0.07217407
2723,-0.061645508
2724,-0.053070053
2725,-0.05218506
2726,-0.050567634
2727,-0.051910385
2728,-0.058380134
2729,-0.066009514
2730,-0.0791626
2731,-0.09213256
2732,-0.10226439
2733,-0.114135735
2734,-0.123901375
2735,-0.13287352
2736,-0.13238527
2737,-0.12911984
2738,-0.12088014
2739,-0.11441039
2740,-0.11169433
2741,-0.10739135
2742,-0.102081314
2743,-0.09536743
2744,-0.09762573
2745,-0.09146119
2746,-0.08483886
2747,-0.07720947
2748,-0.06527709
2749,-0.058502197
2750,-0.047515858
2751,-0.04421998
2752,-0.038787846
2753,-0.03555298
2754,-0.033508305
2755,-0.028656011
2756,-0.029113771
2757,-0.02520753
2758,-0.02331543
2759,-0.01837159
2760,-0.0069885403
2761,0.012817368
2762,0.023406994
2763,0.03591919
2764,0.07330322
2765,0.09844969
2766,0.119598374
2767,0.13726807
2768,0.15084837
2769,0.15521237
2770,0.15493773
2771,0.18771362
2772,0.18243405
2773,0.1384888
2774,0.12738039
2775,0.12002564
2776,0.098022446
2777,0.07775879
2778,0.057312
2779,0.04898071
2780,0.032165527
2781,0.0031127948
2782,-0.033721924
2783,-0.06253052
2784,-0.08190918
2785,-0.09326172
2786,-0.101165764
2787,-0.1080017
2788,-0.10443115
2789,-0.085632324
2790,-0.061645508
2791,-0.0404663
2792,-0.0284729
2793,-0.024475098
2794,-0.026855461
2795,-0.034179688
2796,-0.048980713
2797,-0.06539917
2798,-0.08181763
2799,-0.09588623
2800,-0.10705568
2801,-0.11758423
2802,-0.11343385
2803,-0.110443115
2804,-0.100128174
2805,-0.086334236
2806,-0.06875611
2807,-0.045074463
2808,-0.020507805
2809,0.0073242113
2810,0.03201294
2811,0.06082152
2812,0.09347535
2813,0.12625119
2814,0.153656
2815,0.17584226
2816,0.19406128
2817,0.20297241
2818,0.20767212
2819,0.20700073
2820,0.21051022
2821,0.20889282
2822,0.19686888
2823,0.1729126
2824,0.14514157
2825,0.12042238
2826,0.09963988
2827,0.08654785
2828,0.07470703
2829,0.07034302
2830,0.0546875
2831,0.053771965
2832,0.03161622
2833,0.010467527
2834,-0.0043335017
2835,-0.015808104
2836,-0.014770515
2837,-0.016601566
2838,-0.012573239
2839,-0.0032043457
2840,0.0052795447
2841,0.012878418
2842,0.01989746
2843,0.022491455
2844,0.028259281
2845,0.028656006
2846,0.024078373
2847,0.020019535
2848,0.013610829
2849,0.007934567
2850,0.0016479418
2851,-0.0027770922
2852,-0.0067749135
2853,-0.007904049
2854,-0.011047363
2855,-0.009948716
2856,-0.010620125
2857,-0.009429939
2858,-0.004608147
2859,-0.0026855543
2860,0.0026550218
2861,0.0058593825
2862,0.014892582
2863,0.018554688
2864,0.027679447
2865,0.035858132
2866,0.043701164
2867,0.044097908
2868,0.048553478
2869,0.041656487
2870,0.038574215
2871,0.030853271
2872,0.017242424
2873,0.006530769
2874,-0.011016848
2875,-0.028961182
2876,-0.048156746
2877,-0.06393432
2878,-0.07635499
2879,-0.08865355
2880,-0.09729005
2881,-0.09924318
2882,-0.107391365
2883,-0.107543945
2884,-0.108459465
2885,-0.1060791
2886,-0.102325425
2887,-0.097656265
2888,-0.089385994
2889,-0.08200073
2890,-0.07437133
2891,-0.06384276
2892,-0.056518566
2893,-0.046783455
2894,-0.03732299
2895,-0.028228749
2896,-0.025634758
2897,-0.01974487
2898,-0.020965561
2899,-0.020385738
2900,-0.021392826
2901,-0.01934814
2902,-0.022583012
2903,-0.024230964
2904,-0.027282722
2905,-0.02947998
2906,-0.027923578
2907,-0.028930658
2908,-0.029327394
2909,-0.030242914
2910,-0.033843987
2911,-0.03399657
2912,-0.037963863
2913,-0.040588375
2914,-0.04492188
2915,-0.047821037
2916,-0.04693604
2917,-0.049865726
2918,-0.052581795
2919,-0.05316162
2920,-0.054016106
2921,-0.05267335
2922,-0.048492428
2923,-0.059112553
2924,-0.06460572
2925,-0.06576537
2926,-0.06915283
2927,-0.06542969
2928,-0.067626946
2929,-0.06423949
2930,-0.063293464
2931,-0.06539917
2932,-0.06546022
2933,-0.07147217
2934,-0.07330323
2935,-0.07324219
2936,-0.075164795
2937,-0.071136475
2938,-0.0687256
2939,-0.062255863
2940,-0.055053715
2941,-0.046081543
2942,-0.038452145
2943,-0.02825928
2944,-0.016784672
2945,-0.0051574707
2946,0.0028076284
2947,0.014739988
2948,0.021392837
2949,0.036560055
2950,0.04476928
2951,0.05517578
2952,0.06808471
2953,0.07913208
2954,0.0916748
2955,0.10125732
2956,0.11340331
2957,0.11773683
2958,0.12512207
2959,0.13153078
2960,0.13583376
2961,0.14132692
2962,0.1401367
2963,0.14385985
2964,0.14404297
2965,0.14328004
2966,0.13989256
2967,0.13742065
2968,0.1366577
2969,0.13418579
2970,0.13327026
2971,0.13153075
2972,0.12811281
2973,0.12393189
2974,0.115570076
2975,0.1142273
2976,0.10424805
2977,0.10049439
2978,0.09371948
2979,0.089111336
2980,0.08264162
2981,0.07592774
2982,0.06863403
2983,0.06094361
2984,0.05389404
2985,0.04394532
2986,0.038116455
2987,0.033477783
2988,0.033111572
2989,0.030609123
2990,0.029907236
2991,0.028289802
2992,0.027282719
2993,0.025939949
2994,0.024017334
2995,0.024291974
2996,0.021606438
2997,0.018463135
2998,0.016235352
2999,0.013336182
3000,0.008483872
3001,0.0019531362
3002,-0.003936775
3003,-0.009063721
3004,-0.014923088
3005,-0.018188484
3006,-0.023101822
3007,-0.019866958
3008,-0.01626588
3009,-0.019073494
3010,-0.023101818
3011,-0.02859497
3012,-0.025726318
3013,-0.02554322
3014,-0.019226093
3015,-0.013732925
3016,-0.0065002292
3017,0.002319336
3018,0.007873543
3019,0.0055236705
3020,-0.011962887
3021,-0.029815674
3022,-0.038208015
3023,-0.03427124
3024,-0.021911614
3025,-0.01086426
3026,-0.004211422
3027,-0.00018311478
3028,-0.009094236
3029,-0.028167725
3030,-0.055145264
3031,-0.08709717
3032,-0.11053467
3033,-0.11975098
3034,-0.12139894
3035,-0.11639404
3036,-0.11108398
3037,-0.1031494
3038,-0.09194946
3039,-0.077301025
3040,-0.062164318
3041,-0.050720226
3042,-0.047332756
3043,-0.042938225
3044,-0.045745842
3045,-0.04855346
3046,-0.0539856
3047,-0.065002434
3048,-0.07269287
3049,-0.085449204
3050,-0.09246831
3051,-0.10235596
3052,-0.10614017
3053,-0.10638431
3054,-0.099304184
3055,-0.08258057
3056,-0.05718995
3057,-0.030487074
3058,-0.008087158
3059,0.009002691
3060,0.022399904
3061,0.03277588
3062,0.033721928
3063,0.037750248
3064,0.0350647
3065,0.03271484
3066,0.029357914
3067,0.027191162
3068,0.016693117
3069,0.01269531
3070,0.003814701
3071,-0.0075378534
3072,-0.017913818
3073,-0.024810784
3074,-0.034088135
3075,-0.03994751
3076,-0.04269409
3077,-0.05050659
3078,-0.05432127
3079,-0.057250977
3080,-0.060943604
3081,-0.05776977
3082,-0.04959107
3083,-0.04244995
3084,-0.032440193
3085,-0.025726315
3086,-0.013000488
3087,-0.00030517206
3088,0.0098571805
3089,0.021759028
3090,0.039611816
3091,0.056152336
3092,0.06713868
3093,0.073638916
3094,0.085235596
3095,0.10861206
3096,0.11697389
3097,0.10751341
3098,0.07760619
3099,0.059631348
3100,0.06573485
3101,0.05087281
3102,0.015045175
3103,-0.0027770996
3104,-0.0107116755
3105,-0.012786868
3106,-0.015197758
3107,-0.032684326
3108,-0.059295654
3109,-0.08340453
3110,-0.10308838
3111,-0.11898803
3112,-0.1265564
3113,-0.12789917
3114,-0.12145996
3115,-0.104095474
3116,-0.08697511
3117,-0.07354736
3118,-0.061309814
3119,-0.056396477
3120,-0.05322266
3121,-0.05374145
3122,-0.057891853
3123,-0.064575195
3124,-0.074035645
3125,-0.07989503
3126,-0.08480835
3127,-0.08847043
3128,-0.083679214
3129,-0.071594246
3130,-0.043762203
3131,-0.0138549805
3132,0.018402098
3133,0.055999756
3134,0.0892334
3135,0.12432861
3136,0.15408325
3137,0.18280032
3138,0.21096799
3139,0.2385559
3140,0.25756836
3141,0.27560425
3142,0.28637695
3143,0.2910766
3144,0.28747565
3145,0.2809143
3146,0.26763913
3147,0.25616458
3148,0.24133304
3149,0.2245178
3150,0.20840456
3151,0.1891785
3152,0.17193604
3153,0.1578064
3154,0.138031
3155,0.12350464
3156,0.107055664
3157,0.09017944
3158,0.069854744
3159,0.04293823
3160,0.01693726
3161,-0.012542723
3162,-0.041809082
3163,-0.06738281
3164,-0.08703612
3165,-0.09844972
3166,-0.11346437
3167,-0.11505127
3168,-0.11990355
3169,-0.12152098
3170,-0.12246702
3171,-0.118255615
3172,-0.11486817
3173,-0.10684204
3174,-0.09454346
3175,-0.08337402
3176,-0.07025148
3177,-0.06100464
3178,-0.051818855
3179,-0.05108642
3180,-0.05105591
3181,-0.05184937
3182,-0.06085205
3183,-0.054260246
3184,-0.040130615
3185,-0.023834225
3186,-0.010803222
3187,-0.0061950623
3188,-0.014953608
3189,-0.042510975
3190,-0.071319565
3191,-0.08682252
3192,-0.100189194
3193,-0.093902595
3194,-0.06579589
3195,-0.031799324
3196,0.0022583017
3197,0.028747566
3198,0.04934694
3199,0.069091804
3200,0.08193971
3201,0.09579468
3202,0.09552002
3203,0.092285156
3204,0.075653076
3205,0.053466793
3206,0.021331782
3207,-0.01785279
3208,-0.053802494
3209,-0.08792115
3210,-0.10180666
3211,-0.11389162
3212,-0.121429466
3213,-0.12640384
3214,-0.13177495
3215,-0.13534547
3216,-0.13549806
3217,-0.1239624
3218,-0.10632324
3219,-0.080963135
3220,-0.05227662
3221,-0.028900145
3222,-0.009613041
3223,-9.154715e-05
3224,0.007507324
3225,0.0009460505
3226,-0.008758545
3227,-0.027191162
3228,-0.04876709
3229,-0.07086181
3230,-0.09310914
3231,-0.115692146
3232,-0.13131714
3233,-0.13388062
3234,-0.1314697
3235,-0.14892581
3236,-0.13345337
3237,-0.1088562
3238,-0.11453247
3239,-0.08584595
3240,-0.06915283
3241,-0.048431396
3242,-0.05618286
3243,-0.03790284
3244,0.0081787165
3245,0.02593994
3246,0.043182366
3247,0.044891357
3248,0.06317139
3249,0.07910156
3250,0.086242676
3251,0.079406746
3252,0.07952881
3253,0.08761597
3254,0.10510254
3255,0.11941528
3256,0.13558963
3257,0.14620975
3258,0.163208
3259,0.17788695
3260,0.17349245
3261,0.15151975
3262,0.11105346
3263,0.058197018
3264,-0.004943855
3265,-0.06503297
3266,-0.11544798
3267,-0.15621951
3268,-0.17782588
3269,-0.19018556
3270,-0.19427493
3271,-0.1872559
3272,-0.17843626
3273,-0.16180421
3274,-0.14862056
3275,-0.11871335
3276,-0.091094986
3277,-0.04827881
3278,-0.009674061
3279,0.038482666
3280,0.0914917
3281,0.1385498
3282,0.18807986
3283,0.22027592
3284,0.24813846
3285,0.26577756
3286,0.2751465
3287,0.27883914
3288,0.26727298
3289,0.25064084
3290,0.22653206
3291,0.1950379
3292,0.1634827
3293,0.12612914
3294,0.09936521
3295,0.06469727
3296,0.035980225
3297,0.012725823
3298,-0.014617924
3299,-0.029571533
3300,-0.048553456
3301,-0.05862425
3302,-0.06625367
3303,-0.07031249
3304,-0.066864006
3305,-0.06658937
3306,-0.061614983
3307,-0.06231689
3308,-0.055572502
3309,-0.060058586
3310,-0.057708748
3311,-0.052948013
3312,-0.049377434
3313,-0.03970336
3314,-0.03518678
3315,-0.030303948
3316,-0.026428219
3317,-0.026367191
3318,-0.022735588
3319,-0.030670173
3320,-0.031616203
3321,-0.040374763
3322,-0.05026245
3323,-0.05505372
3324,-0.05816651
3325,-0.060729977
3326,-0.06604004
3327,-0.06851196
3328,-0.069061264
3329,-0.06704712
3330,-0.06240845
3331,-0.053924557
3332,-0.04647828
3333,-0.045166012
3334,-0.03802489
3335,-0.0359497
3336,-0.029266367
3337,-0.026397696
3338,-0.023529053
3339,-0.014373776
3340,-0.0115661565
3341,-0.009796143
3342,-0.0065002553
3343,-0.0064392015
3344,-0.008087151
3345,-0.013702385
3346,-0.0117798
3347,-0.011383064
3348,-0.0111694485
3349,-0.0014343411
3350,0.0006408617
3351,0.006347671
3352,0.016784683
3353,0.02319336
3354,0.03271486
3355,0.036224365
3356,0.040527344
3357,0.040740967
3358,0.047088623
3359,0.05197142
3360,0.05340577
3361,0.056152344
3362,0.059722885
3363,0.05676271
3364,0.05218506
3365,0.048858643
3366,0.047088623
3367,0.042694077
3368,0.034301765
3369,0.024169922
3370,0.01889038
3371,0.013061523
3372,0.0087890625
3373,0.004852295
3374,0.005340576
3375,-0.0003356859
3376,0.0019836426
3377,-0.0052795447
3378,-0.0046081506
3379,-0.0076599102
3380,-0.008819582
3381,-0.010772709
3382,-0.012817385
3383,-0.017913815
3384,-0.01416015
3385,-0.011077877
3386,-0.009094242
3387,-0.005493164
3388,-0.0095214695
3389,-0.0042724684
3390,-0.008728012
3391,-0.007293701
3392,-0.008636482
3393,-0.006072998
3394,-0.00964357
3395,-0.011413567
3396,-0.011169434
3397,-0.014099129
3398,-0.013153061
3399,-0.016174309
3400,-0.013488777
3401,-0.012176499
3402,-0.00799562
3403,-0.0057678074
3404,-0.005554199
3405,-0.0026550442
3406,-0.0020752028
3407,0.0019225925
3408,0.004699707
3409,-0.00085448474
3410,0.0011291578
3411,-0.0068359375
3412,-0.010467529
3413,-0.0134887695
3414,-0.01629639
3415,-0.011779781
3416,-0.01202392
3417,-0.008239739
3418,-0.0013427809
3419,0.008026123
3420,0.015167238
3421,0.02850342
3422,0.037750237
3423,0.046722405
3424,0.055786148
3425,0.057983406
3426,0.05972288
3427,0.061737075
3428,0.0631714
3429,0.06274413
3430,0.06750489
3431,0.07379152
3432,0.07360841
3433,0.078796394
3434,0.07867433
3435,0.07760619
3436,0.07855225
3437,0.07598877
3438,0.08459472
3439,0.084960945
3440,0.092559814
3441,0.09277342
3442,0.08892823
3443,0.08627318
3444,0.07135011
3445,0.05953979
3446,0.036590576
3447,0.021301277
3448,0.010131838
3449,-0.008453367
3450,-0.029571535
3451,-0.024810797
3452,-0.0046081524
3453,0.014404295
3454,0.015045175
3455,0.00015258975
3456,-0.018157952
3457,-0.03637696
3458,-0.055053696
3459,-0.07009889
3460,-0.07458497
3461,-0.061065666
3462,-0.030944817
3463,-0.0023498572
3464,0.01837158
3465,0.036224358
3466,0.05041504
3467,0.0508423
3468,0.043365493
3469,0.020263687
3470,0.005065933
3471,-0.019561756
3472,-0.053161614
3473,-0.08123779
3474,-0.106506355
3475,-0.12780762
3476,-0.14151002
3477,-0.15509033
3478,-0.16375734
3479,-0.17489624
3480,-0.18005373
3481,-0.18762207
3482,-0.20068361
3483,-0.20794675
3484,-0.20904543
3485,-0.20230103
3486,-0.18380737
3487,-0.16342162
3488,-0.13433838
3489,-0.110565186
3490,-0.08502197
3491,-0.063415535
3492,-0.055816643
3493,-0.057373047
3494,-0.071624756
3495,-0.09350586
3496,-0.111419685
3497,-0.12515259
3498,-0.13485718
3499,-0.1392212
3500,-0.13864137
3501,-0.131073
3502,-0.116821274
3503,-0.09118652
3504,-0.05810547
3505,-0.02294923
3506,0.013854995
3507,0.046813972
3508,0.08264159
3509,0.10998535
3510,0.13143924
3511,0.15548706
3512,0.17398071
3513,0.19171143
3514,0.19869995
3515,0.19851685
3516,0.19613649
3517,0.18862915
3518,0.1791687
3519,0.15930174
3520,0.13482666
3521,0.10739136
3522,0.079010025
3523,0.04687501
3524,0.013824463
3525,-0.020690903
3526,-0.043762207
3527,-0.060058594
3528,-0.06613159
3529,-0.05935669
3530,-0.049987763
3531,-0.05038452
3532,-0.048797607
3533,-0.019348145
3534,-0.014862075
3535,-0.013244614
3536,0.0010986328
3537,0.003112793
3538,0.002166748
3539,0.040344246
3540,0.10467529
3541,0.15789793
3542,0.16989136
3543,0.15597533
3544,0.174469
3545,0.19384766
3546,0.19573975
3547,0.16009521
3548,0.107879624
3549,0.075805664
3550,0.07751464
3551,0.09866335
3552,0.13534546
3553,0.17742923
3554,0.20925897
3555,0.21887198
3556,0.19818106
3557,0.15924072
3558,0.10733033
3559,0.065093994
3560,0.02371215
3561,-0.0011596698
3562,-0.017608646
3563,-0.0060424795
3564,0.026885994
3565,0.07223511
3566,0.14324954
3567,0.21621706
3568,0.29159552
3569,0.3512879
3570,0.38040155
3571,0.38571173
3572,0.36694342
3573,0.32272345
3574,0.2526856
3575,0.17248535
3576,0.085266106
3577,-0.018096931
3578,-0.12866211
3579,-0.2263488
3580,-0.3078308
3581,-0.37902838
3582,-0.42880255
3583,-0.47467047
3584,-0.5019226
3585,-0.5191039
3586,-0.53234863
3587,-0.5336
3588,-0.521515
3589,-0.50842273
3590,-0.49047858
3591,-0.44778433
3592,-0.41409296
3593,-0.36990362
3594,-0.32778925
3595,-0.28796384
3596,-0.24749756
3597,-0.20858765
3598,-0.16744994
3599,-0.1262207
3600,-0.08291627
3601,-0.037872307
3602,0.0016174167
3603,0.040130615
3604,0.07696532
3605,0.11520386
3606,0.15106201
3607,0.18435669
3608,0.20602417
3609,0.21722412
3610,0.21704105
3611,0.20599362
3612,0.18661499
3613,0.1637268
3614,0.13284302
3615,0.09960937
3616,0.0691223
3617,0.041656494
3618,0.022735596
3619,0.010131825
3620,-0.005828861
3621,-0.0128479
3622,-0.02331543
3623,-0.023406982
3624,-0.027801517
3625,-0.027648931
3626,-0.02722168
3627,-0.024414064
3628,0.001159668
3629,0.003021239
3630,0.011138931
3631,0.012145993
3632,0.017822262
3633,0.011932373
3634,0.016296392
3635,0.0068359487
3636,-0.010559078
3637,-0.02960204
3638,-0.051513664
3639,-0.059753414
3640,-0.06817626
3641,-0.06985475
3642,-0.06768799
3643,-0.05902099
3644,-0.041748043
3645,-0.02029419
3646,0.014129644
3647,0.028167728
3648,0.041290283
3649,0.086090095
3650,0.1143799
3651,0.14447021
3652,0.17895506
3653,0.18704224
3654,0.17416382
3655,0.16891481
3656,0.15667726
3657,0.14471437
3658,0.1291809
3659,0.11993408
3660,0.11065674
3661,0.11264038
3662,0.11737059
3663,0.13278198
3664,0.15066527
3665,0.1560669
3666,0.15646367
3667,0.14282225
3668,0.119873054
3669,0.11407471
3670,0.123077385
3671,0.12588502
3672,0.119781494
3673,0.11523436
3674,0.09719849
3675,0.07662963
3676,0.041778564
3677,0.009674057
3678,-0.032928452
3679,-0.06768802
3680,-0.09887692
3681,-0.13073733
3682,-0.14755245
3683,-0.1589966
3684,-0.1593323
3685,-0.15283203
3686,-0.13623044
3687,-0.1173096
3688,-0.093688965
3689,-0.06567383
3690,-0.03305054
3691,-0.008026123
3692,0.020996101
3693,0.04437255
3694,0.06478887
3695,0.08352656
3696,0.09756471
3697,0.10952762
3698,0.10858159
3699,0.10687256
3700,0.099365234
3701,0.086883605
3702,0.068359405
3703,0.04821779
3704,0.026397705
3705,0.002380386
3706,-0.023986802
3707,-0.039245613
3708,-0.053710952
3709,-0.06454469
3710,-0.06216429
3711,-0.06082152
3712,-0.054534905
3713,-0.05126953
3714,-0.046539307
3715,-0.03930664
3716,-0.03460692
3717,-0.028778076
3718,-0.026336685
3719,-0.025024422
3720,-0.0303955
3721,-0.03213501
3722,-0.037200913
3723,-0.04324341
3724,-0.053131096
3725,-0.06521606
3726,-0.077178955
3727,-0.089080825
3728,-0.10079956
3729,-0.1114502
3730,-0.11489867
3731,-0.11325072
3732,-0.11203002
3733,-0.115173325
3734,-0.11737059
3735,-0.121185295
3736,-0.12591553
3737,-0.13348389
3738,-0.14144896
3739,-0.14187622
3740,-0.14788818
3741,-0.16003418
3742,-0.16775513
3743,-0.16989136
3744,-0.16949464
3745,-0.15844728
3746,-0.14953612
3747,-0.13397218
3748,-0.11996459
3749,-0.105712876
3750,-0.09222415
3751,-0.07299805
3752,-0.058654785
3753,-0.042388905
3754,-0.02575683
3755,-0.010009773
3756,0.001495366
3757,0.01431274
3758,0.026184086
3759,0.032257076
3760,0.046081543
3761,0.05844115
3762,0.073699966
3763,0.090240486
3764,0.10269166
3765,0.11618041
3766,0.12496948
3767,0.13204958
3768,0.13800049
3769,0.14291382
3770,0.14758301
3771,0.14709473
3772,0.1510315
3773,0.15930176
3774,0.15716553
3775,0.15261841
3776,0.14593506
3777,0.1385498
3778,0.13000488
3779,0.12387085
3780,0.1184082
3781,0.115264885
3782,0.10702514
3783,0.10028077
3784,0.09094239
3785,0.081390366
3786,0.07135009
3787,0.06506348
3788,0.058624282
3789,0.054565422
3790,0.054473877
3791,0.045715336
3792,0.04013061
3793,0.03015137
3794,0.020721432
3795,0.008728027
3796,-0.0026855618
3797,-0.014831543
3798,-0.027343757
3799,-0.04034423
3800,-0.048492424
3801,-0.05645752
3802,-0.06365967
3803,-0.071105964
3804,-0.0757141
3805,-0.078125
3806,-0.08477785
3807,-0.084472656
3808,-0.08465576
3809,-0.0882263
3810,-0.09011841
3811,-0.08959961
3812,-0.094268784
3813,-0.09899902
3814,-0.10275267
3815,-0.09793091
3816,-0.09442138
3817,-0.085235596
3818,-0.072906494
3819,-0.060760513
3820,-0.046417244
3821,-0.03833008
3822,-0.026977543
3823,-0.025146492
3824,-0.015258783
3825,-0.009338382
3826,-0.005432127
3827,0.0019531231
3828,0.003601076
3829,0.015075678
3830,0.019622788
3831,0.022735588
3832,0.023529049
3833,0.019561771
3834,0.015472401
3835,0.008758534
3836,0.0065918006
3837,0.004119888
3838,0.008605961
3839,0.013305649
3840,0.023040783
3841,0.03152466
3842,0.041259766
3843,0.04992675
3844,0.055419933
3845,0.062530525
3846,0.06991576
3847,0.075164795
3848,0.08224487
3849,0.089202896
3850,0.0975952
3851,0.10498047
3852,0.11141968
3853,0.11312867
3854,0.124359116
3855,0.12359619
3856,0.11386108
3857,0.10556031
3858,0.099456795
3859,0.092224106
3860,0.080505386
3861,0.07583618
3862,0.0625
3863,0.051208496
3864,0.035003662
3865,0.023071282
3866,0.007476803
3867,-0.0026550293
3868,-0.0067749023
3869,-0.012969971
3870,-0.019165032
3871,-0.021759022
3872,-0.025695812
3873,-0.02767944
3874,-0.028717022
3875,-0.029937739
3876,-0.029602055
3877,-0.024291983
3878,-0.029510507
3879,-0.028625479
3880,-0.03652954
3881,-0.038787834
3882,-0.04626465
3883,-0.052398685
3884,-0.05764769
3885,-0.059051506
3886,-0.06256105
3887,-0.06472778
3888,-0.060913086
3889,-0.057373047
3890,-0.05563355
3891,-0.05221558
3892,-0.04595948
3893,-0.03097535
3894,-0.028655998
3895,-0.021636948
3896,-0.014495853
3897,-0.004058823
3898,0.006011948
3899,0.01187133
3900,0.02056884
3901,0.01821898
3902,0.018005371
3903,0.0072631985
3904,-0.0017089844
3905,-0.009735115
3906,0.004638672
3907,0.014312744
3908,0.030517563
3909,0.03866577
3910,0.046905503
3911,0.0534973
3912,0.04220581
3913,0.01782228
3914,-0.020721443
3915,-0.052947987
3916,-0.07403565
3917,-0.08569336
3918,-0.09857178
3919,-0.09436036
3920,-0.08114624
3921,-0.055511475
3922,-0.031463623
3923,-0.007354729
3924,0.01361084
3925,0.03326416
3926,0.047760006
3927,0.050628662
3928,0.04641723
3929,0.024383552
3930,-0.012084965
3931,-0.050445564
3932,-0.09719848
3933,-0.13305664
3934,-0.16275021
3935,-0.16952515
3936,-0.15325925
3937,-0.12701416
3938,-0.09103395
3939,-0.053100575
3940,-0.013549808
3941,0.02032471
3942,0.04513549
3943,0.06692504
3944,0.08163453
3945,0.09124757
3946,0.09252929
3947,0.09100342
3948,0.08267213
3949,0.07507326
3950,0.05987548
3951,0.04943846
3952,0.029876702
3953,-0.000732407
3954,-0.034240738
3955,-0.065765366
3956,-0.085998535
3957,-0.110839844
3958,-0.12878418
3959,-0.14990237
3960,-0.15917966
3961,-0.17318724
3962,-0.17242432
3963,-0.16586308
3964,-0.15283203
3965,-0.12872314
3966,-0.10375976
3967,-0.08340454
3968,-0.06741332
3969,-0.028839117
3970,0.010436995
3971,0.03625488
3972,0.05218506
3973,0.059692375
3974,0.079009995
3975,0.096252434
3976,0.098266594
3977,0.09179687
3978,0.10888671
3979,0.12069702
3980,0.104553215
3981,0.10803222
3982,0.11184691
3983,0.11315919
3984,0.114532456
3985,0.118957534
3986,0.13946532
3987,0.14263916
3988,0.1269226
3989,0.09375
3990,0.05245971
3991,0.0053710565
3992,-0.02883913
3993,-0.050598092
3994,-0.05102537
3995,-0.03005981
3996,-0.003936734
3997,0.031280514
3998,0.05682372
3999,0.059173573
4000,0.049377438
4001,0.026977547
4002,-0.0071411133
4003,-0.052917525
4004,-0.097900376
4005,-0.13269043
4006,-0.16357423
4007,-0.17871091
4008,-0.16638184
4009,-0.14212036
4010,-0.09765623
4011,-0.05108643
4012,0.007476803
4013,0.056640625
4014,0.10113527
4015,0.13220216
4016,0.16986088
4017,0.20275882
4018,0.23059082
4019,0.2637635
4020,0.283966
4021,0.29470828
4022,0.30413815
4023,0.29928592
4024,0.29028323
4025,0.27447513
4026,0.25244144
4027,0.23437497
4028,0.21218866
4029,0.18957515
4030,0.1603394
4031,0.13577273
4032,0.1093445
4033,0.0881958
4034,0.059295654
4035,0.033752434
4036,0.0043335017
4037,-0.023254395
4038,-0.04870605
4039,-0.077178955
4040,-0.0953064
4041,-0.11151123
4042,-0.12579347
4043,-0.14108273
4044,-0.15756223
4045,-0.17437746
4046,-0.18292233
4047,-0.18756099
4048,-0.19454953
4049,-0.1946106
4050,-0.19085689
4051,-0.18475343
4052,-0.17205806
4053,-0.16357419
4054,-0.14733887
4055,-0.13549803
4056,-0.11468506
4057,-0.101165764
4058,-0.09085083
4059,-0.0843811
4060,-0.076995865
4061,-0.07485962
4062,-0.08139037
4063,-0.08236694
4064,-0.08810425
4065,-0.092834465
4066,-0.08810425
4067,-0.08203125
4068,-0.08334349
4069,-0.08084106
4070,-0.073516846
4071,-0.06713868
4072,-0.06533815
4073,-0.06167602
4074,-0.057617195
4075,-0.046752926
4076,-0.03753663
4077,-0.031616222
4078,-0.03555298
4079,-0.02960205
4080,-0.022430414
4081,-0.02050781
4082,-0.018890373
4083,-0.0159607
4084,-0.010070802
4085,-0.005493166
4086,0.0015564002
4087,-0.0026245117
4088,-0.009887692
4089,-0.0052795336
4090,-0.009094244
4091,-0.007385256
4092,-0.007141106
4093,-0.0120849535
4094,-0.004028324
4095,0.00018311664
4096,0.0057678185
4097,0.010131825
4098,0.013153076
4099,0.016387932
4100,0.019897461
4101,0.023956317
4102,0.02606202
4103,0.022155762
4104,0.02276612
4105,0.023864746
4106,0.018981948
4107,0.0065002367
4108,-0.0038146898
4109,-0.0103454515
4110,-0.02169799
4111,-0.027496349
4112,-0.031311028
4113,-0.031250004
4114,-0.03375244
4115,-0.027862549
4116,-0.019958511
4117,-0.010406479
4118,-0.0041503906
4119,-0.00024414062
4120,0.004547119
4121,0.0024414137
4122,0.002960194
4123,0.0028381348
4124,0.00030516833
4125,0.0063476637
4126,0.007995604
4127,0.009918217
4128,0.013977045
4129,0.01626587
4130,0.021423347
4131,0.020568859
4132,0.028289795
4133,0.032562256
4134,0.036956795
4135,0.043426502
4136,0.04486083
4137,0.04763794
4138,0.054046623
4139,0.05972291
4140,0.0694275
4141,0.07797242
4142,0.08154298
4143,0.081512436
4144,0.08178712
4145,0.07852176
4146,0.08120726
4147,0.08251953
4148,0.08984375
4149,0.06411743
4150,0.07971193
4151,0.112182625
4152,0.08041383
4153,0.08081055
4154,0.106903076
4155,0.08187867
4156,0.06271363
4157,0.048034664
4158,0.013854984
4159,-0.0033264162
4160,-0.015991211
4161,-0.036956776
4162,-0.038970955
4163,-0.05432128
4164,-0.05224611
4165,-0.04315186
4166,-0.035858147
4167,-0.021362301
4168,0.008056633
4169,0.03451539
4170,0.053649906
4171,0.07714844
4172,0.09426881
4173,0.105499275
4174,0.12847902
4175,0.12353514
4176,0.1291809
4177,0.12176512
4178,0.1081543
4179,0.10217286
4180,0.094421394
4181,0.08932495
4182,0.08148194
4183,0.07357788
4184,0.072692856
4185,0.06640626
4186,0.050140377
4187,0.038238533
4188,0.021789543
4189,0.0053405752
4190,-0.002288818
4191,-0.014160156
4192,-0.026641838
4193,-0.04150391
4194,-0.055419922
4195,-0.06301879
4196,-0.09561157
4197,-0.11431885
4198,-0.1281433
4199,-0.13934325
4200,-0.14166258
4201,-0.13684082
4202,-0.13702393
4203,-0.13458252
4204,-0.128479
4205,-0.13812257
4206,-0.15304565
4207,-0.1751709
4208,-0.19470215
4209,-0.21112064
4210,-0.21896362
4211,-0.22851561
4212,-0.23571779
4213,-0.24136353
4214,-0.232666
4215,-0.2135315
4216,-0.19018555
4217,-0.18725586
4218,-0.18960571
4219,-0.17193604
4220,-0.14428714
4221,-0.10031128
4222,-0.064880386
4223,-0.027526857
4224,0.008148184
4225,0.035980225
4226,0.062499993
4227,0.08093263
4228,0.104003906
4229,0.12332154
4230,0.14831543
4231,0.15802002
4232,0.16064453
4233,0.14501952
4234,0.1300354
4235,0.11608887
4236,0.106170684
4237,0.1005249
4238,0.09945679
4239,0.108551115
4240,0.12722783
4241,0.13732901
4242,0.13546756
4243,0.1457214
4244,0.15438837
4245,0.16625983
4246,0.1758728
4247,0.18185425
4248,0.18139648
4249,0.1763916
4250,0.17172241
4251,0.15945435
4252,0.1456604
4253,0.12524414
4254,0.111541755
4255,0.10113525
4256,0.09161378
4257,0.08215332
4258,0.07537842
4259,0.07015993
4260,0.0692139
4261,0.06881714
4262,0.0730591
4263,0.08282468
4264,0.09307858
4265,0.1077881
4266,0.12185668
4267,0.13665777
4268,0.13903813
4269,0.1398926
4270,0.13650511
4271,0.12307736
4272,0.0968018
4273,0.09387207
4274,0.08401489
4275,0.054931596
4276,0.016662657
4277,-0.015014648
4278,-0.023956269
4279,-0.039123565
4280,-0.07244873
4281,-0.10589599
4282,-0.13015746
4283,-0.13769531
4284,-0.15777588
4285,-0.18856812
4286,-0.21008301
4287,-0.22283936
4288,-0.23065186
4289,-0.23388669
4290,-0.24456787
4291,-0.27111816
4292,-0.2909241
4293,-0.315094
4294,-0.33047488
4295,-0.33486938
4296,-0.33047485
4297,-0.31710818
4298,-0.2905274
4299,-0.25927734
4300,-0.2250977
4301,-0.1957397
4302,-0.1791077
4303,-0.16363525
4304,-0.15475464
4305,-0.14541626
4306,-0.14187622
4307,-0.14126588
4308,-0.1427002
4309,-0.13781738
4310,-0.13287354
4311,-0.12609859
4312,-0.11279297
4313,-0.095031746
4314,-0.06546021
4315,-0.036193844
4316,-0.0016784761
4317,0.03863526
4318,0.07727053
4319,0.11227417
4320,0.15170285
4321,0.19021606
4322,0.22817996
4323,0.25320438
4324,0.27352902
4325,0.2833863
4326,0.28359988
4327,0.26367188
4328,0.2968445
4329,0.27337646
4330,0.25555417
4331,0.23608395
4332,0.20956427
4333,0.19793706
4334,0.1707764
4335,0.16128536
4336,0.13372803
4337,0.11450194
4338,0.08947755
4339,0.07348632
4340,0.052459706
4341,0.03567504
4342,0.020050053
4343,0.0059509315
4344,-0.011688247
4345,-0.037658703
4346,-0.056243904
4347,-0.07751465
4348,-0.09179688
4349,-0.10574341
4350,-0.11233521
4351,-0.12084961
4352,-0.12271119
4353,-0.12042236
4354,-0.11395264
4355,-0.108612046
4356,-0.10513306
4357,-0.100158684
4358,-0.09243775
4359,-0.08035278
4360,-0.06423951
4361,-0.052551262
4362,-0.043090813
4363,-0.032989502
4364,-0.028289795
4365,-0.018280033
4366,-0.0113220215
4367,-0.0054016113
4368,0.0012512393
4369,0.0021667555
4370,0.013305664
4371,0.018920906
4372,0.020751972
4373,0.025512714
4374,0.027313244
4375,0.03359986
4376,0.037658695
4377,0.033050552
4378,0.03198243
4379,0.026062004
4380,0.017608643
4381,0.006988529
4382,0.0010070689
4383,-0.005126953
4384,-0.0140380785
4385,-0.01461792
4386,-0.018493637
4387,-0.021698007
4388,-0.026275638
4389,-0.02694702
4390,-0.03060914
4391,-0.043701164
4392,-0.04928588
4393,-0.054229736
4394,-0.05545044
4395,-0.054077156
4396,-0.05303955
4397,-0.05541993
4398,-0.048645027
4399,-0.039093018
4400,-0.031311035
4401,-0.016937261
4402,-0.008514402
4403,0.0018920898
4404,0.009307861
4405,0.020721443
4406,0.021423351
4407,0.017700203
4408,0.021759033
4409,0.018188491
4410,0.012878403
4411,0.023254406
4412,0.042938225
4413,0.05477906
4414,0.06985474
4415,0.077362046
4416,0.07327269
4417,0.070892334
4418,0.06884766
4419,0.058105476
4420,0.047088638
4421,0.039398205
4422,0.03854368
4423,0.03713988
4424,0.03878785
4425,0.04244995
4426,0.0494995
4427,0.055999763
4428,0.060150146
4429,0.061645515
4430,0.06253052
4431,0.060699463
4432,0.063446045
4433,0.06524659
4434,0.06478881
4435,0.069000244
4436,0.0731201
4437,0.06838989
4438,0.07092285
4439,0.06970215
4440,0.06613161
4441,0.06414795
4442,0.06072998
4443,0.06262207
4444,0.058746345
4445,0.055206306
4446,0.051208504
4447,0.04666137
4448,0.03799437
4449,0.03808593
4450,0.036743164
4451,0.032592773
4452,0.03063965
4453,0.022888187
4454,0.002471935
4455,-0.0275879
4456,-0.05059813
4457,-0.062469482
4458,-0.057952896
4459,-0.0513916
4460,-0.04071045
4461,-0.031097416
4462,-0.018310547
4463,-0.013763424
4464,-0.021698007
4465,-0.035888672
4466,-0.041534428
4467,-0.046875007
4468,-0.03839111
4469,-0.041687004
4470,-0.038085938
4471,-0.0454712
4472,-0.04992675
4473,-0.0383606
4474,-0.023681644
4475,-0.0056762826
4476,0.009429939
4477,0.022583004
4478,0.030761715
4479,0.035461426
4480,0.043487556
4481,0.04141236
4482,0.044921875
4483,0.04800416
4484,0.047943108
4485,0.04583741
4486,0.02664185
4487,0.004486081
4488,-0.021820063
4489,-0.04574585
4490,-0.06997681
4491,-0.09252934
4492,-0.101928726
4493,-0.106994614
4494,-0.10086058
4495,-0.09674068
4496,-0.08389279
4497,-0.07192993
4498,-0.057861328
4499,-0.04620361
4500,-0.03274537
4501,-0.01965331
4502,-0.00045777112
4503,0.016448963
4504,0.031066883
4505,0.039306626
4506,0.04415895
4507,0.04223632
4508,0.038085923
4509,0.03002929
4510,0.014007561
4511,-0.006866455
4512,-0.03149414
4513,-0.05523681
4514,-0.07852171
4515,-0.101257324
4516,-0.1257019
4517,-0.12786865
4518,-0.1274414
4519,-0.12414552
4520,-0.10272217
4521,-0.098022476
4522,-0.084381096
4523,-0.067352295
4524,-0.055664062
4525,-0.036560055
4526,-0.021759033
4527,0.0027771145
4528,0.010345455
4529,-0.0013732836
4530,-0.008087158
4531,-0.007873537
4532,-0.00042724982
4533,-0.002075198
4534,0.00946046
4535,0.03515625
4536,0.05773925
4537,0.067840576
4538,0.05895997
4539,0.042175304
4540,0.014739983
4541,-0.0034484938
4542,-0.028289802
4543,-0.038085945
4544,-0.042480476
4545,-0.031097412
4546,-0.015289292
4547,-0.0050964206
4548,0.00048829615
4549,-0.010345474
4550,-0.029174812
4551,-0.04571534
4552,-0.065521225
4553,-0.08847047
4554,-0.106475875
4555,-0.12319951
4556,-0.13479611
4557,-0.13418582
4558,-0.12207033
4559,-0.097198464
4560,-0.06155399
4561,-0.026458744
4562,0.0075683556
4563,0.029418956
4564,0.048034664
4565,0.06610107
4566,0.087463394
4567,0.11065669
4568,0.13732907
4569,0.158783
4570,0.18505858
4571,0.20095825
4572,0.21115112
4573,0.21954349
4574,0.22100827
4575,0.2221374
4576,0.21676631
4577,0.20504765
4578,0.18585204
4579,0.1614685
4580,0.1333313
4581,0.109802246
4582,0.087127686
4583,0.07028198
4584,0.056549072
4585,0.04629516
4586,0.0357666
4587,0.026733406
4588,0.0178833
4589,0.0126342755
4590,0.009124752
4591,0.0077209435
4592,0.006744379
4593,0.0013732854
4594,-0.0022277832
4595,-0.009460457
4596,-0.008087153
4597,-0.012298579
4598,-0.010314934
4599,-0.007568366
4600,-0.009704586
4601,-0.007812502
4602,-0.011901858
4603,-0.01669311
4604,-0.019470211
4605,-0.022094727
4606,-0.02337646
4607,-0.025970463
4608,-0.029937746
4609,-0.033081047
4610,-0.04275513
4611,-0.048248295
4612,-0.04949951
4613,-0.05319214
4614,-0.050445557
4615,-0.057617195
4616,-0.056304935
4617,-0.06030274
4618,-0.05529784
4619,-0.0498352
4620,-0.04290772
4621,-0.037261963
4622,-0.029968265
4623,-0.024230955
4624,-0.016723638
4625,-0.0061340313
4626,0.0026550274
4627,0.0067749117
4628,0.013214116
4629,0.015991218
4630,0.021789543
4631,0.02120973
4632,0.0076599075
4633,-0.002838131
4634,0.0024108887
4635,0.0046081506
4636,0.007110603
4637,0.0057067834
4638,0.0045776423
4639,-0.0010375865
4640,-0.0043029785
4641,-0.008087158
4642,-0.012939438
4643,-0.015045159
4644,-0.015533455
4645,-0.017150879
4646,-0.016082764
4647,-0.01461792
4648,-0.0063781794
4649,-0.0071716253
4650,-0.023498528
4651,-0.01995849
4652,-0.018066414
4653,-0.0116882315
4654,-0.011169435
4655,-0.0072021475
4656,-0.009735105
4657,-0.015106196
4658,-0.01904296
4659,-0.017303478
4660,-0.015533444
4661,-0.021026608
4662,-0.018981934
4663,-0.029083248
4664,-0.036621105
4665,-0.04702758
4666,-0.060729973
4667,-0.07107544
4668,-0.08441161
4669,-0.087097146
4670,-0.09823608
4671,-0.09310915
4672,-0.11380006
4673,-0.1435852
4674,-0.14123535
4675,-0.13183592
4676,-0.1185913
4677,-0.116302505
4678,-0.09240723
4679,-0.08370972
4680,-0.06384279
4681,-0.048156735
4682,-0.029113755
4683,-0.01742555
4684,-0.011230484
4685,-0.009674069
4686,-0.0068969727
4687,-0.0062866146
4688,-0.009460458
4689,-0.003997799
4690,-0.0017395001
4691,-0.0025329702
4692,0.005187992
4693,0.0053405836
4694,0.01257325
4695,0.014740001
4696,0.021026596
4697,0.028533932
4698,0.036102306
4699,0.039855964
4700,0.044036865
4701,0.053771973
4702,0.05902098
4703,0.06561279
4704,0.074218765
4705,0.08822631
4706,0.09902954
4707,0.11102294
4708,0.11563109
4709,0.12069702
4710,0.12466431
4711,0.12420654
4712,0.12692259
4713,0.12942506
4714,0.12402341
4715,0.13082887
4716,0.12728882
4717,0.12750246
4718,0.1251831
4719,0.12060546
4720,0.12271118
4721,0.11920166
4722,0.1196289
4723,0.11813353
4724,0.1213684
4725,0.11737062
4726,0.120452866
4727,0.11801146
4728,0.115234375
4729,0.116058365
4730,0.11172487
4731,0.10641478
4732,0.102447495
4733,0.087310776
4734,0.07904051
4735,0.071960434
4736,0.06732177
4737,0.0609131
4738,0.04974363
4739,0.040618893
4740,0.026275638
4741,0.01828003
4742,0.0008544922
4743,-0.013702389
4744,-0.034240726
4745,-0.05004883
4746,-0.067230225
4747,-0.08035278
4748,-0.0949402
4749,-0.10797121
4750,-0.12084961
4751,-0.13024902
4752,-0.13635254
4753,-0.14160156
4754,-0.1489868
4755,-0.14932252
4756,-0.14898682
4757,-0.14968875
4758,-0.14831541
4759,-0.14779663
4760,-0.14764403
4761,-0.14855957
4762,-0.14984131
4763,-0.15222168
4764,-0.14678955
4765,-0.15087894
4766,-0.14950562
4767,-0.14108276
4768,-0.13406372
4769,-0.12322998
4770,-0.11721802
4771,-0.10644531
4772,-0.09899902
4773,-0.09548951
4774,-0.09298707
4775,-0.0871277
4776,-0.08609009
4777,-0.093048096
4778,-0.08416748
4779,-0.027954096
4780,-0.020141602
4781,-0.014007568
4782,-0.017669681
4783,-0.017150864
4784,-0.004821781
4785,0.0041809045
4786,0.017334007
4787,0.026977524
4788,0.038330067
4789,0.047790535
4790,0.057586685
4791,0.06130981
4792,0.06964112
4793,0.073028564
4794,0.07595827
4795,0.07495118
4796,0.073761
4797,0.07434081
4798,0.07498169
4799,0.075317375
4800,0.07107545
4801,0.06796265
4802,0.060028058
4803,0.061340347
4804,0.059021004
4805,0.052734382
4806,0.04501342
4807,0.037200928
4808,0.037323013
4809,0.03439331
4810,0.03146363
4811,0.023040777
4812,0.016906746
4813,0.013061538
4814,0.012451164
4815,0.0031738281
4816,0.0034484975
4817,-0.0040588304
4818,-0.0057983547
4819,-0.007049568
4820,-0.006713867
4821,-0.0059814565
4822,-0.00088502094
4823,0.0009155348
4824,0.0036621056
4825,0.004730221
4826,0.0045166016
4827,0.004547119
4828,0.014312729
4829,0.01950071
4830,0.028259292
4831,0.031890858
4832,0.039337143
4833,0.045928963
4834,0.055847168
4835,0.062957756
4836,0.06890868
4837,0.06915285
4838,0.06759642
4839,0.07333374
4840,0.07284546
4841,0.06774903
4842,0.06375123
4843,0.061065666
4844,0.062347412
4845,0.06375122
4846,0.059478763
4847,0.054840088
4848,0.04736328
4849,0.042633057
4850,0.04174804
4851,0.03479004
4852,0.028320316
4853,0.020050045
4854,0.0096130315
4855,0.0034179764
4856,-0.00073242094
4857,-0.005767825
4858,-0.009368894
4859,-0.016937261
4860,-0.019500729
4861,-0.014892578
4862,-0.01501464
4863,-0.020538334
4864,-0.023254395
4865,-0.03292848
4866,-0.033782963
4867,-0.039367676
4868,-0.045166016
4869,-0.04870606
4870,-0.055175778
4871,-0.057403557
4872,-0.058441162
4873,-0.060516372
4874,-0.057891846
4875,-0.051330566
4876,-0.05447387
4877,-0.054443352
4878,-0.056976333
4879,-0.05856324
4880,-0.06271361
4881,-0.05987549
4882,-0.059631355
4883,-0.055206295
4884,-0.05142212
4885,-0.044189453
4886,-0.0402832
4887,-0.03747558
4888,-0.03149414
4889,-0.023925785
4890,-0.023590082
4891,-0.02053833
4892,-0.021697994
4893,-0.025543217
4894,-0.022216799
4895,-0.0227356
4896,-0.023132317
4897,-0.023254398
4898,-0.026184086
4899,-0.024322499
4900,-0.022766124
4901,-0.027404785
4902,-0.028350823
4903,-0.027801525
4904,-0.022369388
4905,-0.020233136
4906,-0.012786869
4907,-0.010833733
4908,-0.008544922
4909,-0.0007934794
4910,0.0040893704
4911,0.006317146
4912,0.002044689
4913,0.0039367564
4914,-0.009185795
4915,-0.029022247
4916,-0.045623768
4917,-0.063079834
4918,-0.07513428
4919,-0.08840941
4920,-0.0916443
4921,-0.093688965
4922,-0.08816528
4923,-0.087402344
4924,-0.08163452
4925,-0.07324217
4926,-0.06268311
4927,-0.05279541
4928,-0.04470826
4929,-0.037841808
4930,-0.03344727
4931,-0.036804195
4932,-0.04147338
4933,-0.044006344
4934,-0.046783447
4935,-0.04660034
4936,-0.045776367
4937,-0.038848877
4938,-0.032196037
4939,-0.024932863
4940,-0.010955799
4941,-0.0023498572
4942,0.018402103
4943,0.030273417
4944,0.04476929
4945,0.06201171
4946,0.0788269
4947,0.0953064
4948,0.11334227
4949,0.12554932
4950,0.14367674
4951,0.15640259
4952,0.17385864
4953,0.18826294
4954,0.20568848
4955,0.21765135
4956,0.23245238
4957,0.24136351
4958,0.24731447
4959,0.25628662
4960,0.262146
4961,0.26617432
4962,0.2685852
4963,0.2775879
4964,0.25915527
4965,0.23754883
4966,0.221405
4967,0.20980833
4968,0.19302368
4969,0.18106079
4970,0.17242432
4971,0.1595459
4972,0.1446533
4973,0.122405976
4974,0.10049439
4975,0.075531006
4976,0.04885865
4977,0.016876232
4978,-0.0062255897
4979,-0.02822876
4980,-0.049469
4981,-0.06372071
4982,-0.0848999
4983,-0.100280754
4984,-0.118926995
4985,-0.14031982
4986,-0.14837646
4987,-0.15673827
4988,-0.1654663
4989,-0.16729736
4990,-0.17364505
4991,-0.18484496
4992,-0.18920894
4993,-0.19638065
4994,-0.19998173
4995,-0.20068355
4996,-0.19537355
4997,-0.19464111
4998,-0.18737791
4999,-0.18029787
5000,-0.17175293
5001,-0.1661377
5002,-0.16635132
5003,-0.16223145
5004,-0.16192627
5005,-0.16271974
5006,-0.16256715
5007,-0.1540527
5008,-0.14611818
5009,-0.1278992
5010,-0.114044204
5011,-0.09829711
5012,-0.08425903
5013,-0.07028199
5014,-0.05038452
5015,-0.03390501
5016,-0.018249504
5017,-0.014709488
5018,-0.0039672926
5019,0.00039672852
5020,0.007659916
5021,0.013854988
5022,0.026000984
5023,0.037078857
5024,0.04977417
5025,0.061798103
5026,0.07080078
5027,0.08007814
5028,0.08346557
5029,0.086608894
5030,0.08963013
5031,0.09420778
5032,0.10122681
5033,0.09954835
5034,0.10519409
5035,0.10147095
5036,0.098419204
5037,0.10302734
5038,0.1048584
5039,0.10467529
5040,0.10461426
5041,0.100860596
5042,0.0907898
5043,0.079559326
5044,0.06253051
5045,0.04507447
5046,0.027832024
5047,0.0073852623
5048,-0.013336186
5049,-0.032867424
5050,-0.041839615
5051,-0.050994847
5052,-0.06188965
5053,-0.07028193
5054,-0.06726074
5055,-0.07174684
5056,-0.08026122
5057,-0.096099846
5058,-0.09460448
5059,-0.08514406
5060,-0.058868386
5061,-0.051239014
5062,-0.047546387
5063,-0.0470581
5064,-0.059448246
5065,-0.059692375
5066,-0.06961058
5067,-0.07366943
5068,-0.07983398
5069,-0.078308105
5070,-0.06542969
5071,-0.049407966
5072,-0.035797123
5073,-0.020263672
5074,-0.011779774
5075,-0.006317161
5076,-0.004821785
5077,0.0039367527
5078,0.007537838
5079,0.00891111
5080,0.03729248
5081,0.057586666
5082,0.07592774
5083,0.09133911
5084,0.08972167
5085,0.08163449
5086,0.07540893
5087,0.104705825
5088,0.09313962
5089,0.050933868
5090,0.02896119
5091,0.014129624
5092,-0.02426149
5093,-0.047302254
5094,-0.06521605
5095,-0.06402588
5096,-0.05459595
5097,-0.052581776
5098,-0.048217766
5099,-0.043487534
5100,-0.02764894
5101,-0.014251694
5102,0.0023498535
5103,0.011108369
5104,0.026550323
5105,0.04458618
5106,0.06097412
5107,0.06713867
5108,0.063659646
5109,0.05981446
5110,0.050323486
5111,0.039733887
5112,0.02514647
5113,0.009796143
5114,-0.008117691
5115,-0.024810806
5116,-0.041900635
5117,-0.051513687
5118,-0.06036377
5119,-0.06060791
5120,-0.056518555
5121,-0.04373169
5122,-0.026733413
5123,-0.0024109036
5124,0.03012085
5125,0.06423952
5126,0.10177612
5127,0.1304932
5128,0.15499878
5129,0.1682739
5130,0.16653441
5131,0.16537476
5132,0.16946411
5133,0.13900757
5134,0.13061523
5135,0.12152101
5136,0.1070251
5137,0.08792114
5138,0.05044554
5139,0.017181396
5140,-0.013427734
5141,-0.062286362
5142,-0.16162103
5143,-0.16278073
5144,-0.103302
5145,-0.113220185
5146,-0.14785764
5147,-0.17565922
5148,-0.17987052
5149,-0.18237305
5150,-0.20153806
5151,-0.20755005
5152,-0.19006348
5153,-0.15542603
5154,-0.1105957
5155,-0.055969235
5156,0.00088501535
5157,0.064758316
5158,0.12786868
5159,0.17007443
5160,0.1986084
5161,0.21221916
5162,0.22647104
5163,0.23574825
5164,0.24014288
5165,0.23175044
5166,0.22619636
5167,0.22418204
5168,0.22158815
5169,0.21246333
5170,0.20126346
5171,0.18362434
5172,0.1530151
5173,0.122039795
5174,0.08090209
5175,0.03771974
5176,-0.007263181
5177,-0.058868404
5178,-0.093994126
5179,-0.1277771
5180,-0.15414432
5181,-0.17337033
5182,-0.1892395
5183,-0.21102908
5184,-0.21789557
5185,-0.2311706
5186,-0.24023443
5187,-0.24291986
5188,-0.24273688
5189,-0.2348328
5190,-0.2268982
5191,-0.20886235
5192,-0.18933098
5193,-0.16567993
5194,-0.13607788
5195,-0.10684204
5196,-0.075286865
5197,-0.042572033
5198,-0.013092034
5199,0.016510021
5200,0.045074463
5201,0.07177735
5202,0.094177246
5203,0.10882566
5204,0.11642457
5205,0.12365722
5206,0.12133789
5207,0.114349365
5208,0.09741211
5209,0.07180786
5210,0.049926765
5211,0.019836431
5212,-0.005004883
5213,-0.027191164
5214,-0.04495238
5215,-0.060882557
5216,-0.06799317
5217,-0.07406618
5218,-0.07400513
5219,-0.07000734
5220,-0.06585693
5221,-0.060668934
5222,-0.05242919
5223,-0.042785645
5224,-0.036102295
5225,-0.028472897
5226,-0.019714355
5227,-0.013153061
5228,-0.0014953502
5229,0.0055847093
5230,0.012847893
5231,0.021179214
5232,0.02752684
5233,0.03411866
5234,0.033996567
5235,0.034973145
5236,0.033294685
5237,0.02999878
5238,0.024017334
5239,0.016876213
5240,0.016265847
5241,0.0071411207
5242,0.0042114183
5243,0.0003967248
5244,-0.003936775
5245,-0.007202126
5246,-0.011322014
5247,-0.012390135
5248,-0.012603754
5249,-0.0093994085
5250,-0.010101321
5251,-0.011505134
5252,-0.013793938
5253,-0.01785279
5254,-0.023681652
5255,-0.02410888
5256,-0.030334476
5257,-0.030090332
5258,-0.036407463
5259,-0.040313724
5260,-0.044738773
5261,-0.04525756
5262,-0.04067993
5263,-0.038238518
5264,-0.0340271
5265,-0.03179933
5266,-0.02319336
5267,-0.013214119
5268,0.004516598
5269,0.01675415
5270,0.031463638
5271,0.0430603
5272,0.06033326
5273,0.067657456
5274,0.07968141
5275,0.09313965
5276,0.105896
5277,0.12322998
5278,0.13659668
5279,0.14920045
5280,0.16156007
5281,0.17221071
5282,0.17556763
5283,0.1859436
5284,0.18658449
5285,0.18356322
5286,0.17807007
5287,0.16934206
5288,0.15795898
5289,0.14642334
5290,0.13616943
5291,0.12915039
5292,0.117065445
5293,0.105407715
5294,0.09616089
5295,0.082092285
5296,0.07220459
5297,0.056335457
5298,0.044952393
5299,0.027740482
5300,0.015777592
5301,0.0029907227
5302,-0.009368882
5303,-0.014740005
5304,-0.02456665
5305,-0.031158455
5306,-0.04061889
5307,-0.04476928
5308,-0.05187989
5309,-0.05419921
5310,-0.05718994
5311,-0.055755615
5312,-0.057952866
5313,-0.059082046
5314,-0.058624268
5315,-0.05886837
5316,-0.057281494
5317,-0.053283677
5318,-0.049713142
5319,-0.04534912
5320,-0.04193116
5321,-0.039764397
5322,-0.038909897
5323,-0.032348633
5324,-0.021728523
5325,-0.015624985
5326,-0.014068596
5327,-0.0109252855
5328,-0.009551987
5329,-0.009429932
5330,-0.005950935
5331,-0.0014648438
5332,0.009033203
5333,0.015747078
5334,0.014129646
5335,0.006317146
5336,-0.020111077
5337,-0.0421753
5338,-0.056274425
5339,-0.05819702
5340,-0.04763794
5341,-0.043853763
5342,-0.037689216
5343,-0.041687023
5344,-0.051727295
5345,-0.07046509
5346,-0.099975586
5347,-0.12841797
5348,-0.15722656
5349,-0.1640625
5350,-0.16491699
5351,-0.15924072
5352,-0.15426636
5353,-0.14178467
5354,-0.13632202
5355,-0.12194824
5356,-0.107421875
5357,-0.09112549
5358,-0.08337403
5359,-0.0770874
5360,-0.0710144
5361,-0.070922844
5362,-0.07400514
5363,-0.08114625
5364,-0.088409424
5365,-0.09570311
5366,-0.09329228
5367,-0.08847045
5368,-0.08129884
5369,-0.07287599
5370,-0.057769775
5371,-0.035125732
5372,-0.0039978027
5373,0.025512695
5374,0.05493164
5375,0.07955934
5376,0.094512925
5377,0.11099242
5378,0.11669923
5379,0.120025635
5380,0.12216188
5381,0.12228392
5382,0.116760254
5383,0.11230469
5384,0.093139626
5385,0.08673097
5386,0.07427979
5387,0.058898933
5388,0.045074463
5389,0.022949208
5390,0.007659914
5391,-0.01156616
5392,-0.023406982
5393,-0.03488159
5394,-0.044311505
5395,-0.052825928
5396,-0.057006836
5397,-0.05679321
5398,-0.05340576
5399,-0.05316162
5400,-0.052734382
5401,-0.053863525
5402,-0.044433594
5403,-0.03009033
5404,-0.016235348
5405,0.008361816
5406,0.040069584
5407,0.070312485
5408,0.093688965
5409,0.11196899
5410,0.13635252
5411,0.16983032
5412,0.18731691
5413,0.18862915
5414,0.16647339
5415,0.15823364
5416,0.1677246
5417,0.15670776
5418,0.1255188
5419,0.11230468
5420,0.10922243
5421,0.10662843
5422,0.1083069
5423,0.08709715
5424,0.057556167
5425,0.024810782
5426,-0.003112793
5427,-0.031372048
5428,-0.052917466
5429,-0.0630188
5430,-0.070617676
5431,-0.06777954
5432,-0.06610109
5433,-0.067871094
5434,-0.07739258
5435,-0.083374016
5436,-0.09863281
5437,-0.11383057
5438,-0.13476561
5439,-0.1567383
5440,-0.17752075
5441,-0.1940918
5442,-0.20773317
5443,-0.2097473
5444,-0.21047974
5445,-0.20639038
5446,-0.18847658
5447,-0.1675415
5448,-0.14846802
5449,-0.12521362
5450,-0.10366821
5451,-0.076812774
5452,-0.051208496
5453,-0.033355683
5454,-0.0062256195
5455,0.009918194
5456,0.023132319
5457,0.03472901
5458,0.04144288
5459,0.04977411
5460,0.046081603
5461,0.046813965
5462,0.042541444
5463,0.03729251
5464,0.034027115
5465,0.032806396
5466,0.027038574
5467,0.024383588
5468,0.020385742
5469,0.016815186
5470,0.015655532
5471,0.01327513
5472,0.013366684
5473,0.0039978176
5474,-0.000610359
5475,-0.0034790002
5476,-0.0078735165
5477,-0.013397213
5478,-0.025024407
5479,-0.020965561
5480,-0.028900143
5481,-0.032165527
5482,-0.033172607
5483,-0.036102302
5484,-0.039550774
5485,-0.04177857
5486,-0.037994362
5487,-0.036346424
5488,-0.020568851
5489,-0.0046996847
5490,0.015960693
5491,0.034942646
5492,0.03799437
5493,0.046325684
5494,0.056793228
5495,0.07211304
5496,0.08563232
5497,0.10769654
5498,0.12927249
5499,0.123229966
5500,0.099395745
5501,0.06884766
5502,0.03796386
5503,0.028381355
5504,0.046142574
5505,0.100738525
5506,0.15649413
5507,0.19555664
5508,0.21643062
5509,0.20272827
5510,0.15261838
5511,0.09271241
5512,0.0321045
5513,-0.016693119
5514,-0.05618286
5515,-0.09939575
5516,-0.13897707
5517,-0.1620178
5518,-0.16711426
5519,-0.16229248
5520,-0.13653564
5521,-0.09844971
5522,-0.04452516
5523,0.023223862
5524,0.080383316
5525,0.1390686
5526,0.16860972
5527,0.1747132
5528,0.17160037
5529,0.16784674
5530,0.16992193
5531,0.1654968
5532,0.15664677
5533,0.12554932
5534,0.09112549
5535,0.041046143
5536,-0.0021667406
5537,-0.046508785
5538,-0.07196045
5539,-0.08377076
5540,-0.08355713
5541,-0.06420899
5542,-0.03591919
5543,-0.0013732864
5544,0.04241945
5545,0.08963012
5546,0.12249759
5547,0.15298462
5548,0.16674805
5549,0.18270874
5550,0.18048087
5551,0.18759161
5552,0.1592102
5553,0.122924775
5554,0.10598755
5555,0.059478775
5556,0.018615723
5557,-0.021148685
5558,-0.00338744
5559,-0.03945923
5560,-0.1130066
5561,-0.12826538
5562,-0.124023445
5563,-0.11853027
5564,-0.12802124
5565,-0.14581299
5566,-0.14498901
5567,-0.12301636
5568,-0.107666016
5569,-0.12362671
5570,-0.16186523
5571,-0.18630981
5572,-0.212616
5573,-0.24874884
5574,-0.28720087
5575,-0.31967157
5576,-0.3158875
5577,-0.27688593
5578,-0.19342041
5579,-0.082794204
5580,0.037353527
5581,0.15371704
5582,0.25250238
5583,0.32659918
5584,0.38598627
5585,0.41406256
5586,0.42333993
5587,0.42459112
5588,0.42346185
5589,0.40466315
5590,0.37698358
5591,0.3342895
5592,0.28414923
5593,0.21676636
5594,0.13549805
5595,0.046447754
5596,-0.055816635
5597,-0.14758304
5598,-0.24789435
5599,-0.33282477
5600,-0.40274057
5601,-0.46005246
5602,-0.48864755
5603,-0.5054322
5604,-0.5036317
5605,-0.48849478
5606,-0.45108038
5607,-0.398346
5608,-0.34161386
5609,-0.27575684
5610,-0.20812984
5611,-0.13531494
5612,-0.06765747
5613,-0.002014136
5614,0.05404663
5615,0.10580446
5616,0.14794923
5617,0.17266846
5618,0.18585205
5619,0.19296262
5620,0.19107057
5621,0.18679813
5622,0.18106079
5623,0.18029785
5624,0.17535399
5625,0.16622926
5626,0.16180418
5627,0.14810182
5628,0.14288329
5629,0.12536621
5630,0.105957046
5631,0.08676147
5632,0.06707764
5633,0.05734252
5634,0.047302257
5635,0.03741455
5636,0.030029295
5637,0.024932865
5638,0.01812744
5639,0.009887693
5640,0.009277336
5641,0.003295891
5642,0.00082396716
5643,-0.011444101
5644,-0.023284914
5645,-0.03472901
5646,-0.053222656
5647,-0.06259155
5648,-0.080291755
5649,-0.094299324
5650,-0.103820816
5651,-0.11148073
5652,-0.113342285
5653,-0.119506836
5654,-0.119079605
5655,-0.109497055
5656,-0.102508545
5657,-0.089538574
5658,-0.119903564
5659,-0.10317994
5660,-0.035461437
5661,-0.024658203
5662,0.00015259162
5663,0.0022582933
5664,0.008880623
5665,0.00970459
5666,0.012420662
5667,0.007904051
5668,0.008666978
5669,0.0034485008
5670,-0.0039978176
5671,-0.010040285
5672,-0.022766113
5673,-0.024200438
5674,-0.027740493
5675,-0.033203136
5676,-0.03021241
5677,-0.032501213
5678,-0.033111595
5679,-0.033172622
5680,-0.029907241
5681,-0.026794434
5682,-0.023284905
5683,-0.013885483
5684,0.010345459
5685,0.026947018
5686,0.044128403
5687,0.05499267
5688,0.06146241
5689,0.06423948
5690,0.070617676
5691,0.07144164
5692,0.07528688
5693,0.07556155
5694,0.072906494
5695,0.06481934
5696,0.057189934
5697,0.04956056
5698,0.04809569
5699,0.04187013
5700,0.038146965
5701,0.029571548
5702,0.023742666
5703,0.02108765
5704,0.0051574754
5705,0.0004577753
5706,-0.009429926
5707,-0.023559563
5708,-0.030883787
5709,-0.04104615
5710,-0.04830932
5711,-0.05728148
5712,-0.060546868
5713,-0.06039428
5714,-0.05636597
5715,-0.047119148
5716,-0.03234862
5717,-0.020568833
5718,-0.013916008
5719,0.0005798191
5720,0.006286636
5721,0.017486595
5722,0.02468872
5723,0.03283693
5724,0.043579116
5725,0.046142593
5726,0.045440674
5727,0.038879406
5728,0.033416748
5729,0.025970485
5730,0.014129631
5731,0.01171875
5732,0.0051574484
5733,-0.00018309802
5734,0.0005187951
5735,0.0013427678
5736,0.0022888202
5737,0.007873532
5738,0.008453369
5739,0.0074768094
5740,0.012359617
5741,0.0075073093
5742,0.004516609
5743,0.0017089806
5744,0.0003662072
5745,0.00033571944
5746,-0.0010986403
5747,-0.0029296912
5748,-0.008544907
5749,-0.008728035
5750,-0.007873543
5751,-0.0068969876
5752,-0.0041809306
5753,-0.00076292455
5754,0.0050048977
5755,0.014953606
5756,0.023376472
5757,0.028137196
5758,0.03756712
5759,0.04248046
5760,0.048400868
5761,0.058807377
5762,0.05633546
5763,0.052917473
5764,0.038024917
5765,0.030578624
5766,0.035156257
5767,0.03918458
5768,0.040283203
5769,0.033264164
5770,0.036315918
5771,0.043395996
5772,0.05410766
5773,0.06637573
5774,0.075653076
5775,0.08224487
5776,0.08303832
5777,0.080352776
5778,0.07461547
5779,0.06527709
5780,0.054443363
5781,0.04058837
5782,0.030364983
5783,0.018157959
5784,0.015167251
5785,0.011444084
5786,0.000732407
5787,-0.0046691895
5788,-0.014068589
5789,-0.019256592
5790,-0.023834221
5791,-0.027801517
5792,-0.030883789
5793,-0.02526857
5794,-0.030975329
5795,-0.032958977
5796,-0.043975838
5797,-0.05505372
5798,-0.06542967
5799,-0.08306885
5800,-0.09329224
5801,-0.11004639
5802,-0.12713623
5803,-0.14669801
5804,-0.16952515
5805,-0.1885071
5806,-0.20162964
5807,-0.20132448
5808,-0.18978882
5809,-0.17077634
5810,-0.14935301
5811,-0.1241455
5812,-0.108123794
5813,-0.088256836
5814,-0.07711791
5815,-0.07284546
5816,-0.0706787
5817,-0.073883064
5818,-0.080932625
5819,-0.09143066
5820,-0.104827896
5821,-0.11044311
5822,-0.12133788
5823,-0.12744142
5824,-0.13198853
5825,-0.13769531
5826,-0.119262695
5827,-0.10824585
5828,-0.093688965
5829,-0.08251953
5830,-0.065460205
5831,-0.034637447
5832,-0.007293716
5833,0.016113278
5834,0.039123528
5835,0.048095696
5836,0.07101439
5837,0.0899353
5838,0.114929214
5839,0.1331482
5840,0.14315796
5841,0.15182497
5842,0.15322876
5843,0.16125488
5844,0.16323853
5845,0.15939328
5846,0.16156006
5847,0.16699219
5848,0.17944336
5849,0.17541504
5850,0.18273926
5851,0.18832399
5852,0.1828308
5853,0.18322752
5854,0.18771362
5855,0.1765747
5856,0.15667725
5857,0.14132692
5858,0.15701292
5859,0.17471313
5860,0.17282104
5861,0.16253662
5862,0.14434814
5863,0.14962769
5864,0.17190543
5865,0.18182378
5866,0.17919931
5867,0.16723625
5868,0.13900754
5869,0.10809329
5870,0.07189947
5871,0.053100616
5872,0.045593232
5873,0.042724594
5874,0.048553467
5875,0.04812622
5876,0.051269546
5877,0.040588386
5878,0.028655984
5879,0.0072021633
5880,-0.028747573
5881,-0.066253655
5882,-0.118957534
5883,-0.17126465
5884,-0.2165833
5885,-0.25881964
5886,-0.28561398
5887,-0.2974549
5888,-0.2929077
5889,-0.27651983
5890,-0.2593384
5891,-0.22924805
5892,-0.18865967
5893,-0.16372685
5894,-0.14413445
5895,-0.11706552
5896,-0.091308534
5897,-0.053466856
5898,-0.015777469
5899,0.011474609
5900,0.039123565
5901,0.057556093
5902,0.072784394
5903,0.07778934
5904,0.07040405
5905,0.06008908
5906,0.061767578
5907,0.04931636
5908,0.040130585
5909,0.026184112
5910,0.016448945
5911,0.004363999
5912,-0.009887688
5913,-0.019165024
5914,-0.014709465
5915,-0.011505112
5916,-0.005401604
5917,0.005645735
5918,0.006896984
5919,0.005554203
5920,0.0034179762
5921,0.00430296
5922,0.014862042
5923,0.027343757
5924,0.039276116
5925,0.04397583
5926,0.04849242
5927,0.04531862
5928,0.037353523
5929,0.023681656
5930,0.010467529
5931,0.004211433
5932,0.0029601976
5933,0.0071411207
5934,0.008972153
5935,0.010559097
5936,0.012451179
5937,0.0146789625
5938,0.013671875
5939,0.01416016
5940,0.017089829
5941,0.008728024
5942,0.009674074
5943,-0.013397218
5944,-0.06103517
5945,-0.07235718
5946,-0.06777954
5947,-0.049316417
5948,-0.046295177
5949,-0.035278328
5950,-0.032287598
5951,-0.037597638
5952,-0.04147339
5953,-0.05133055
5954,-0.056823716
5955,-0.0656128
5956,-0.06796263
5957,-0.07186891
5958,-0.07546997
5959,-0.07699584
5960,-0.07324218
5961,-0.059661876
5962,-0.046966545
5963,-0.037322998
5964,-0.032043464
5965,-0.004333485
5966,0.007751465
5967,0.01904298
5968,0.04278566
5969,0.047790535
5970,0.030975351
5971,0.026214592
5972,0.017150883
5973,0.012634259
5974,0.0053100735
5975,0.0004272461
5976,-0.0028381422
5977,0.0023498535
5978,0.0058593787
5979,0.021789556
5980,0.04129028
5981,0.04660036
5982,0.04064944
5983,0.021026613
5984,0.0014648514
5985,-0.028594973
5986,-0.072784424
5987,-0.08016969
5988,-0.083099365
5989,-0.09036254
5990,-0.10095216
5991,-0.12176514
5992,-0.15237428
5993,-0.19345093
5994,-0.23040771
5995,-0.26516724
5996,-0.29336548
5997,-0.3109436
5998,-0.32171628
5999,-0.32034302
6000,-0.30847174
6001,-0.28826907
6002,-0.25350946
6003,-0.21676639
6004,-0.16085814
6005,-0.11083984
6006,-0.051971443
6007,0.0090027
6008,0.07507324
6009,0.13690187
6010,0.18695071
6011,0.23370358
6012,0.27261353
6013,0.3091126
6014,0.3343506
6015,0.34469604
6016,0.33599854
6017,0.31646731
6018,0.29269415
6019,0.2541504
6020,0.21630861
6021,0.17752074
6022,0.15100099
6023,0.12048341
6024,0.09820554
6025,0.08590698
6026,0.07141113
6027,0.06399536
6028,0.062652595
6029,0.06466676
6030,0.07485962
6031,0.08389282
6032,0.09857181
6033,0.11898803
6034,0.13095093
6035,0.1395874
6036,0.14697263
6037,0.1477356
6038,0.14279173
6039,0.13641357
6040,0.12237547
6041,0.11029053
6042,0.08694457
6043,0.06417847
6044,0.034118652
6045,0.015014652
6046,-0.0074462816
6047,-0.0322876
6048,-0.048675552
6049,-0.06484987
6050,-0.07891846
6051,-0.09323121
6052,-0.09732056
6053,-0.097412124
6054,-0.10079957
6055,-0.09857176
6056,-0.10675051
6057,-0.11099242
6058,-0.109863274
6059,-0.08850099
6060,-0.07629393
6061,-0.051422104
6062,-0.037811287
6063,-0.03390502
6064,-0.025176998
6065,-0.018554688
6066,-0.014160164
6067,0.0046386756
6068,0.02139283
6069,0.038970944
6070,0.05133057
6071,0.06011961
6072,0.07296752
6073,0.085601814
6074,0.101928726
6075,0.1149292
6076,0.13256834
6077,0.1499939
6078,0.1678772
6079,0.18466188
6080,0.19473267
6081,0.2029419
6082,0.2084961
6083,0.20733643
6084,0.2032471
6085,0.1890564
6086,0.17080687
6087,0.14901735
6088,0.126709
6089,0.11318968
6090,0.08071898
6091,0.0524292
6092,0.016540525
6093,-0.014678951
6094,-0.03637696
6095,-0.05807494
6096,-0.07171631
6097,-0.09127807
6098,-0.101745605
6099,-0.110290535
6100,-0.12020873
6101,-0.123107895
6102,-0.12628174
6103,-0.123291016
6104,-0.12210084
6105,-0.117492676
6106,-0.111145005
6107,-0.10345459
6108,-0.10192872
6109,-0.10516359
6110,-0.11154174
6111,-0.12048338
6112,-0.12161256
6113,-0.12780762
6114,-0.13690184
6115,-0.1440735
6116,-0.14999388
6117,-0.16235353
6118,-0.1851196
6119,-0.18978883
6120,-0.16311646
6121,-0.15771484
6122,-0.18167113
6123,-0.19900511
6124,-0.21356201
6125,-0.21783447
6126,-0.20681761
6127,-0.17956543
6128,-0.14300539
6129,-0.099761955
6130,-0.06152345
6131,-0.033142082
6132,-0.017669685
6133,-0.014862062
6134,-0.013732899
6135,-0.02453614
6136,-0.029174816
6137,-0.03656006
6138,-0.03668212
6139,-0.033447262
6140,-0.027191155
6141,-0.02447509
6142,-0.019134518
6143,-0.013427721
6144,-0.01217651
6145,-0.009460451
6146,-0.005859376
6147,0.009399416
6148,0.025451666
6149,0.045166016
6150,0.06259155
6151,0.07775878
6152,0.09301756
6153,0.101745605
6154,0.09829712
6155,0.08798217
6156,0.073028564
6157,0.05352784
6158,0.045074455
6159,0.02960205
6160,0.015533455
6161,0.003753677
6162,-0.0061035156
6163,-0.013183575
6164,-0.011077873
6165,-0.014282215
6166,-0.01843261
6167,-0.024963364
6168,-0.0345764
6169,-0.043212906
6170,-0.069641106
6171,-0.073242195
6172,-0.07159424
6173,-0.057830825
6174,-0.045715325
6175,-0.022338856
6176,-0.010070801
6177,0.006164558
6178,0.022674553
6179,0.04272461
6180,0.055145264
6181,0.06463622
6182,0.072631836
6183,0.071502686
6184,0.06954956
6185,0.06185913
6186,0.05529784
6187,0.047332764
6188,0.039489742
6189,0.040649407
6190,0.03594971
6191,0.041809067
6192,0.036590584
6193,0.041381847
6194,0.05197142
6195,0.053771976
6196,0.06332397
6197,0.067382805
6198,0.077301025
6199,0.08648683
6200,0.09387206
6201,0.096252434
6202,0.10113526
6203,0.09951782
6204,0.09271241
6205,0.09136962
6206,0.090270996
6207,0.08276368
6208,0.07980347
6209,0.0758972
6210,0.06622313
6211,0.056427002
6212,0.05447387
6213,0.047851562
6214,0.049377434
6215,0.050933853
6216,0.048736557
6217,0.044555664
6218,0.03585817
6219,0.025054934
6220,0.013610825
6221,0.013214104
6222,0.013336183
6223,0.023986816
6224,0.02941893
6225,0.034454346
6226,0.040130615
6227,0.036163334
6228,0.030975359
6229,0.0068664625
6230,-0.012237532
6231,-0.033538833
6232,-0.04696656
6233,-0.048736587
6234,-0.042633064
6235,-0.02853393
6236,-0.008758553
6237,0.012603746
6238,0.038238525
6239,0.05624389
6240,0.06961061
6241,0.07922364
6242,0.087768555
6243,0.090576164
6244,0.08590698
6245,0.059112556
6246,0.019836422
6247,-0.03198243
6248,-0.085784905
6249,-0.1322937
6250,-0.16577145
6251,-0.1837158
6252,-0.18673702
6253,-0.1786499
6254,-0.16244507
6255,-0.14352416
6256,-0.12524414
6257,-0.109069824
6258,-0.09808348
6259,-0.089080825
6260,-0.09124756
6261,-0.08215332
6262,-0.08688355
6263,-0.08810425
6264,-0.090423584
6265,-0.093811005
6266,-0.08737182
6267,-0.08767701
6268,-0.08834839
6269,-0.08935548
6270,-0.08877562
6271,-0.0834961
6272,-0.08541869
6273,-0.079711914
6274,-0.07684328
6275,-0.07070924
6276,-0.057373047
6277,-0.04525756
6278,-0.029266357
6279,-0.005035445
6280,0.023895264
6281,0.059387203
6282,0.09625244
6283,0.13232422
6284,0.15344238
6285,0.20196533
6286,0.23803711
6287,0.26232913
6288,0.26489258
6289,0.26766968
6290,0.27505493
6291,0.27209473
6292,0.26309204
6293,0.23168942
6294,0.22885129
6295,0.20181276
6296,0.1654358
6297,0.13500977
6298,0.111206055
6299,0.08343506
6300,0.056762695
6301,0.03274536
6302,0.02322387
6303,0.0038452074
6304,-0.03924562
6305,-0.09374997
6306,-0.15505981
6307,-0.20825198
6308,-0.25466925
6309,-0.27087396
6310,-0.27502438
6311,-0.25750732
6312,-0.22424316
6313,-0.19467163
6314,-0.16952513
6315,-0.16235352
6316,-0.16351318
6317,-0.17861938
6318,-0.20245361
6319,-0.23324591
6320,-0.26397702
6321,-0.29364014
6322,-0.31085205
6323,-0.3132324
6324,-0.2987976
6325,-0.2696228
6326,-0.22061154
6327,-0.16812135
6328,-0.11160277
6329,-0.054656982
6330,-0.0028076041
6331,0.049163833
6332,0.09329227
6333,0.1362915
6334,0.17919922
6335,0.2136231
6336,0.23925775
6337,0.26074222
6338,0.2637634
6339,0.27084354
6340,0.26467898
6341,0.26068118
6342,0.2490845
6343,0.23190305
6344,0.21612543
6345,0.18930049
6346,0.16458134
6347,0.14114383
6348,0.11758424
6349,0.09844972
6350,0.07733154
6351,0.059631348
6352,0.039306637
6353,0.022949211
6354,0.00244141
6355,-0.01660157
6356,-0.035369888
6357,-0.044372573
6358,-0.059631392
6359,-0.07086179
6360,-0.0780334
6361,-0.07843019
6362,-0.083679155
6363,-0.0813293
6364,-0.073730424
6365,-0.065704346
6366,-0.054382294
6367,-0.04373169
6368,-0.03396602
6369,-0.018310515
6370,0.0053405687
6371,0.022705086
6372,0.040161103
6373,0.054992676
6374,0.06945799
6375,0.07833863
6376,0.08248902
6377,0.083435066
6378,0.08685301
6379,0.08364867
6380,0.084777825
6381,0.08331297
6382,0.07687377
6383,0.07321169
6384,0.06896973
6385,0.067962654
6386,0.06054686
6387,0.059478767
6388,0.061370835
6389,0.064422615
6390,0.065979004
6391,0.06643677
6392,0.06326294
6393,0.056976326
6394,0.060180668
6395,0.050537113
6396,0.038269043
6397,0.029968264
6398,0.023956304
6399,0.02117919
6400,0.010070801
6401,0.0005493169
6402,-0.011810303
6403,-0.020599365
6404,-0.030975338
6405,-0.043823235
6406,-0.048309334
6407,-0.05316163
6408,-0.05895996
6409,-0.05929566
6410,-0.065155044
6411,-0.07199095
6412,-0.07128906
6413,-0.0736084
6414,-0.076171875
6415,-0.08306884
6416,-0.08825682
6417,-0.09283448
6418,-0.096588135
6419,-0.10150146
6420,-0.10574341
6421,-0.11206055
6422,-0.11450195
6423,-0.11361694
6424,-0.11203003
6425,-0.10317994
6426,-0.09927368
6427,-0.09921264
6428,-0.09585572
6429,-0.10403444
6430,-0.11087035
6431,-0.11822509
6432,-0.11993408
6433,-0.11941528
6434,-0.117004395
6435,-0.111511216
6436,-0.09875488
6437,-0.085113525
6438,-0.07208253
6439,-0.05734253
6440,-0.04306032
6441,-0.027465807
6442,-0.009277351
6443,-0.004882805
6444,0.0065612867
6445,0.013427742
6446,0.027252208
6447,0.038208015
6448,0.049957283
6449,0.059997566
6450,0.07073975
6451,0.07821655
6452,0.08682251
6453,0.09570314
6454,0.101257324
6455,0.10083008
6456,0.102813736
6457,0.098083496
6458,0.10293579
6459,0.10632324
6460,0.11138916
6461,0.10913087
6462,0.10876464
6463,0.09753418
6464,0.08865355
6465,0.038726818
6466,0.028778084
6467,0.041015618
6468,-0.01867676
6469,-0.043670647
6470,-0.04605103
6471,-0.08706666
6472,-0.10055543
6473,-0.09539795
6474,-0.10974122
6475,-0.109069824
6476,-0.10238649
6477,-0.104614265
6478,-0.08831788
6479,-0.08410645
6480,-0.07110594
6481,-0.058319077
6482,-0.057189934
6483,-0.05429078
6484,-0.047485344
6485,-0.039794922
6486,-0.03921508
6487,-0.029266352
6488,-0.020385744
6489,-0.012420647
6490,0.008880604
6491,0.015167242
6492,0.03359986
6493,0.04891968
6494,0.056854248
6495,0.068115234
6496,0.072021484
6497,0.07409667
6498,0.06933593
6499,0.061157238
6500,0.056701653
6501,0.057434067
6502,0.046813957
6503,0.042755127
6504,0.03829956
6505,0.030120857
6506,0.0375061
6507,0.048065197
6508,0.060333237
6509,0.067169204
6510,0.0793152
6511,0.08233641
6512,0.07202147
6513,0.053405765
6514,0.04837036
6515,0.04208374
6516,0.043731686
6517,0.04937744
6518,0.044372566
6519,0.04306029
6520,0.040893562
6521,0.028778084
6522,0.004577622
6523,-0.012390155
6524,-0.028961193
6525,-0.02676393
6526,-0.02734375
6527,-0.021392832
6528,-0.004974358
6529,0.019897476
6530,0.03659057
6531,0.044372566
6532,0.04257201
6533,0.08578492
6534,0.14364624
6535,0.17211914
6536,0.17956544
6537,0.17556761
6538,0.18045045
6539,0.18545532
6540,0.18811035
6541,0.19952396
6542,0.21426392
6543,0.22528073
6544,0.22473143
6545,0.20663454
6546,0.17343141
6547,0.13650513
6548,0.107086174
6549,0.0895386
6550,0.0701294
6551,0.05111693
6552,0.024353012
6553,0.005279541
6554,-0.023590103
6555,-0.054046676
6556,-0.09924318
6557,-0.12512204
6558,-0.12377931
6559,-0.11904903
6560,-0.12011716
6561,-0.1398316
6562,-0.15411377
6563,-0.16992188
6564,-0.17614745
6565,-0.1746521
6566,-0.16540529
6567,-0.14852904
6568,-0.13412476
6569,-0.12362671
6570,-0.11758423
6571,-0.12322995
6572,-0.13568117
6573,-0.16305543
6574,-0.19934082
6575,-0.24554442
6576,-0.29394537
6577,-0.34207153
6578,-0.38003546
6579,-0.4112548
6580,-0.4228515
6581,-0.4233094
6582,-0.40740967
6583,-0.3771363
6584,-0.34310922
6585,-0.29937744
6586,-0.24642938
6587,-0.19793695
6588,-0.15628059
6589,-0.07992554
6590,-0.019348174
6591,0.02627559
6592,0.060821578
6593,0.09667969
6594,0.14480595
6595,0.18005365
6596,0.18832396
6597,0.19622803
6598,0.19515993
6599,0.21447752
6600,0.21197507
6601,0.1906128
6602,0.17974854
6603,0.16912842
6604,0.17095947
6605,0.1720581
6606,0.1612854
6607,0.14660645
6608,0.13168329
6609,0.11810303
6610,0.117248476
6611,0.11816412
6612,0.12918101
6613,0.15304556
6614,0.18453974
6615,0.21542361
6616,0.23504646
6617,0.24197376
6618,0.22775275
6619,0.20315552
6620,0.17602539
6621,0.13699341
6622,0.09790039
6623,0.052856445
6624,0.012725816
6625,-0.024139391
6626,-0.05230713
6627,-0.08181759
6628,-0.09289551
6629,-0.09985353
6630,-0.0866089
6631,-0.066436775
6632,-0.037597667
6633,-0.005645752
6634,0.033599846
6635,0.07070925
6636,0.09878539
6637,0.1326294
6638,0.15493774
6639,0.1712952
6640,0.17779538
6641,0.18222052
6642,0.1883545
6643,0.20507812
6644,0.10415653
6645,0.10101318
6646,0.10354611
6647,0.08294675
6648,0.09594731
6649,0.06814577
6650,0.0585022
6651,0.025909394
6652,0.020935073
6653,0.004028339
6654,0.00405885
6655,-0.005615238
6656,-0.018920902
6657,-0.030822752
6658,-0.042602547
6659,-0.05236817
6660,-0.060028076
6661,-0.061676025
6662,-0.06994628
6663,-0.08166504
6664,-0.09365845
6665,-0.10107423
6666,-0.10803223
6667,-0.11276245
6668,-0.12039186
6669,-0.11941528
6670,-0.124206536
6671,-0.12481687
6672,-0.1302185
6673,-0.12414549
6674,-0.11691286
6675,-0.11105347
6676,-0.09954834
6677,-0.087036125
6678,-0.08016968
6679,-0.06997681
6680,-0.061645508
6681,-0.06112671
6682,-0.057312004
6683,-0.066467285
6684,-0.069519036
6685,-0.07308961
6686,-0.07461547
6687,-0.07836913
6688,-0.07797241
6689,-0.07272339
6690,-0.07849121
6691,-0.081207275
6692,-0.093048126
6693,-0.09698488
6694,-0.10836792
6695,-0.11987306
6696,-0.12841794
6697,-0.12307741
6698,-0.11758421
6699,-0.11529541
6700,-0.10632326
6701,-0.117492676
6702,-0.1225891
6703,-0.12118532
6704,-0.12994385
6705,-0.13122559
6706,-0.12704468
6707,-0.1083374
6708,-0.10305786
6709,-0.10186769
6710,-0.10632324
6711,-0.10632325
6712,-0.0979004
6713,-0.08465577
6714,-0.07263184
6715,-0.0635376
6716,-0.050323486
6717,-0.04428101
6718,-0.029235832
6719,-0.007934572
6720,0.0067749023
6721,0.021697994
6722,0.029937744
6723,0.0491333
6724,0.07046509
6725,0.09109498
6726,0.13412476
6727,0.12646483
6728,0.11157226
6729,0.098052986
6730,0.080078125
6731,0.07229616
6732,0.06604005
6733,0.07611084
6734,0.081787124
6735,0.1159668
6736,0.15213013
6737,0.16659546
6738,0.1665039
6739,0.17309572
6740,0.17837524
6741,0.18200684
6742,0.17944336
6743,0.18011475
6744,0.18362425
6745,0.1950989
6746,0.20599365
6747,0.2154236
6748,0.2237854
6749,0.21963504
6750,0.21633911
6751,0.19723512
6752,0.17782593
6753,0.15765382
6754,0.13882448
6755,0.117431626
6756,0.09750367
6757,0.079071045
6758,0.061920173
6759,0.0461731
6760,0.032745354
6761,0.021453863
6762,0.013061524
6763,0.010650635
6764,0.0017395001
6765,0.0010986328
6766,-0.0042114183
6767,-0.008819584
6768,-0.0134887695
6769,-0.026397701
6770,-0.04815675
6771,-0.083679184
6772,-0.10955812
6773,-0.12503052
6774,-0.118316635
6775,-0.10849001
6776,-0.09323119
6777,-0.071319595
6778,-0.051452637
6779,-0.04202272
6780,-0.047790542
6781,-0.050659183
6782,-0.057586685
6783,-0.05618287
6784,-0.054534905
6785,-0.05108641
6786,-0.048614495
6787,-0.05477906
6788,-0.054931656
6789,-0.05093383
6790,-0.036224388
6791,-0.023620613
6792,-0.008117676
6793,0.004425045
6794,0.0064086877
6795,0.016326904
6796,0.019195566
6797,0.016387943
6798,0.015258787
6799,0.0064087026
6800,0.00018309988
6801,-0.018371575
6802,-0.04498291
6803,-0.075469956
6804,-0.10421752
6805,-0.11993408
6806,-0.13974002
6807,-0.1485291
6808,-0.15982057
6809,-0.16696164
6810,-0.17651367
6811,-0.17282099
6812,-0.16986081
6813,-0.1560974
6814,-0.14398193
6815,-0.12536621
6816,-0.09899902
6817,-0.07629395
6818,-0.04272461
6819,-0.015502911
6820,0.008453377
6821,0.027770989
6822,0.043609608
6823,0.056640632
6824,0.068237305
6825,0.06869507
6826,0.06802368
6827,0.05941774
6828,0.048278812
6829,0.029235836
6830,0.019592296
6831,-0.007843019
6832,-0.005889898
6833,-0.0072631873
6834,-0.013275154
6835,0.005950922
6836,0.025207518
6837,0.03656005
6838,0.04736329
6839,0.06527709
6840,0.07348633
6841,0.093933105
6842,0.09744261
6843,0.125885
6844,0.12094115
6845,0.100677475
6846,0.0843811
6847,0.072509766
6848,0.07247925
6849,0.066101074
6850,0.067108154
6851,0.08068849
6852,0.08987425
6853,0.08532714
6854,0.060668945
6855,0.028594982
6856,-0.009551996
6857,-0.046020508
6858,-0.07278442
6859,-0.09820557
6860,-0.10507202
6861,-0.10339354
6862,-0.09158324
6863,-0.08929443
6864,-0.08621216
6865,-0.09954834
6866,-0.11462402
6867,-0.12973022
6868,-0.14181516
6869,-0.1583252
6870,-0.17709355
6871,-0.18655398
6872,-0.18853758
6873,-0.18328862
6874,-0.16534424
6875,-0.13479613
6876,-0.09643559
6877,-0.052612305
6878,-0.0130615225
6879,0.014770506
6880,0.04071044
6881,0.060852047
6882,0.08181764
6883,0.105590776
6884,0.13363644
6885,0.1620789
6886,0.1863098
6887,0.20715332
6888,0.21252441
6889,0.21972659
6890,0.2160339
6891,0.21685787
6892,0.20941158
6893,0.20025639
6894,0.17767332
6895,0.15298462
6896,0.12835693
6897,0.10369873
6898,0.08404541
6899,0.06347656
6900,0.047790527
6901,0.031982414
6902,0.020660397
6903,0.004516609
6904,-0.0073242164
6905,-0.017517094
6906,-0.021545414
6907,-0.025482181
6908,-0.019744877
6909,-0.022491459
6910,-0.020111084
6911,-0.026397713
6912,-0.029968254
6913,-0.031951897
6914,-0.031951897
6915,-0.027374275
6916,-0.024261469
6917,-0.022064213
6918,-0.02166748
6919,-0.02496338
6920,-0.031036375
6921,-0.035949703
6922,-0.038330074
6923,-0.040100098
6924,-0.039978035
6925,-0.03845214
6926,-0.041503906
6927,-0.04470826
6928,-0.05300903
6929,-0.05670166
6930,-0.058746338
6931,-0.05856324
6932,-0.050567627
6933,-0.044616707
6934,-0.03674316
6935,-0.027282711
6936,-0.018463127
6937,-0.007568352
6938,0.0007018931
6939,0.011871338
6940,0.023590088
6941,0.034973152
6942,0.04257202
6943,0.05313112
6944,0.05599975
6945,0.06289673
6946,0.06506346
6947,0.0628052
6948,0.070404045
6949,0.072723374
6950,0.06933593
6951,0.062438976
6952,0.054779053
6953,0.04641724
6954,0.038085923
6955,0.03155517
6956,0.027618408
6957,0.02685548
6958,0.025268542
6959,0.021636957
6960,0.01806642
6961,0.016510021
6962,0.01007081
6963,0.009429924
6964,0.009277344
6965,0.0015564002
6966,-0.014160146
6967,-0.017242437
6968,-0.015899654
6969,-0.010528563
6970,-0.010284426
6971,-0.012084959
6972,-0.012634272
6973,-0.023132322
6974,-0.028747562
6975,-0.022857668
6976,-0.02850342
6977,-0.029113758
6978,-0.03482054
6979,-0.04248046
6980,-0.044830333
6981,-0.051605225
6982,-0.05447387
6983,-0.064208984
6984,-0.06729126
6985,-0.070434585
6986,-0.07272338
6987,-0.086456284
6988,-0.07922363
6989,-0.07196044
6990,-0.08267213
6991,-0.09423829
6992,-0.10101319
6993,-0.10705565
6994,-0.115814194
6995,-0.11447144
6996,-0.120635994
6997,-0.12637329
6998,-0.13412476
6999,-0.13372803
7000,-0.12673947
7001,-0.1199341
7002,-0.10855101
7003,-0.09252931
7004,-0.08062744
7005,-0.06661987
7006,-0.05325316
7007,-0.03997802
7008,-0.029998776
7009,-0.019683845
7010,-0.004974369
7011,0.0027160551
7012,0.010131834
7013,0.02270509
7014,0.033203125
7015,0.033721913
7016,0.041412346
7017,0.039031997
7018,0.04156494
7019,0.046112053
7020,0.049743637
7021,0.048858657
7022,0.044647224
7023,0.04675293
7024,0.041625988
7025,0.039520267
7026,0.034454346
7027,0.028076153
7028,0.02267455
7029,0.016571045
7030,0.016235355
7031,0.023132324
7032,0.031005863
7033,0.040039055
7034,0.04745484
7035,0.05654906
7036,0.06756592
7037,0.069946274
7038,0.08239746
7039,0.0836792
7040,0.08880615
7041,0.09561157
7042,0.09945679
7043,0.101684585
7044,0.09936525
7045,0.10079956
7046,0.09869385
7047,0.10140991
7048,0.10101319
7049,0.101287834
7050,0.094055176
7051,0.087432854
7052,0.07861328
7053,0.068725586
7054,0.061523438
7055,0.04833985
7056,0.03945923
7057,0.0319519
7058,0.02151489
7059,0.01483154
7060,0.0018615695
7061,-0.012359625
7062,-0.023986824
7063,-0.03497315
7064,-0.04199218
7065,-0.050231926
7066,-0.06137085
7067,-0.07034302
7068,-0.08065797
7069,-0.08981323
7070,-0.09500122
7071,-0.1055603
7072,-0.107666016
7073,-0.10946656
7074,-0.11080935
7075,-0.109344475
7076,-0.10943604
7077,-0.10290527
7078,-0.10018921
7079,-0.09338378
7080,-0.08673094
7081,-0.07720949
7082,-0.06665039
7083,-0.05285646
7084,-0.040771496
7085,-0.023620607
7086,-0.005615251
7087,0.01287842
7088,0.030273424
7089,0.047668457
7090,0.058929443
7091,0.07699585
7092,0.08468628
7093,0.1038208
7094,0.11114502
7095,0.09539795
7096,0.10247803
7097,0.11428833
7098,0.124816895
7099,0.12847897
7100,0.1251831
7101,0.11627196
7102,0.109375
7103,0.10876468
7104,0.10238648
7105,0.09649659
7106,0.087890625
7107,0.0768738
7108,0.06283569
7109,0.047088634
7110,0.034210198
7111,0.018310536
7112,-3.7252903e-09
7113,-0.008941654
7114,-0.016174316
7115,-0.016296376
7116,-0.019042969
7117,-0.023101801
7118,-0.029357895
7119,-0.03872682
7120,-0.04598999
7121,-0.05737306
7122,-0.06506346
7123,-0.062805176
7124,-0.063629165
7125,-0.06134034
7126,-0.059539787
7127,-0.06826784
7128,-0.072570786
7129,-0.07659912
7130,-0.077606186
7131,-0.08212281
7132,-0.08273316
7133,-0.0836487
7134,-0.085266106
7135,-0.087768555
7136,-0.08666993
7137,-0.0842285
7138,-0.080596924
7139,-0.079772964
7140,-0.077911384
7141,-0.07440187
7142,-0.07495116
7143,-0.07373046
7144,-0.07534789
7145,-0.07208251
7146,-0.070343025
7147,-0.067260735
7148,-0.06576538
7149,-0.06460572
7150,-0.05859375
7151,-0.051513664
7152,-0.045532215
7153,-0.03927613
7154,-0.03570555
7155,-0.025939932
7156,-0.023101816
7157,-0.014221184
7158,-0.0032348651
7159,0.003631588
7160,0.013854977
7161,0.0223999
7162,0.030731207
7163,0.035949707
7164,0.038635254
7165,0.046142578
7166,0.04852294
7167,0.048309326
7168,0.044097904
7169,0.042572014
7170,0.04617311
7171,0.04849243
7172,0.05319214
7173,0.05300904
7174,0.055419907
7175,0.05026245
7176,0.055694595
7177,0.06646727
7178,0.07397463
7179,0.07711792
7180,0.07940673
7181,0.080291755
7182,0.076232925
7183,0.0751648
7184,0.072601326
7185,0.07391357
7186,0.07226563
7187,0.07312011
7188,0.065490715
7189,0.06097413
7190,0.056671143
7191,0.05020142
7192,0.04690552
7193,0.043548584
7194,0.043151848
7195,0.044921875
7196,0.04589843
7197,0.046173096
7198,0.050842293
7199,0.052093513
7200,0.058258057
7201,0.055938706
7202,0.06060791
7203,0.054626472
7204,0.055999763
7205,0.057739258
7206,0.056610107
7207,0.053833008
7208,0.049194332
7209,0.04522706
7210,0.037780765
7211,0.028747566
7212,0.02319335
7213,0.012237547
7214,0.0006408673
7215,-0.003204355
7216,-0.018371582
7217,-0.024749756
7218,-0.025360119
7219,-0.014953598
7220,-0.006958008
7221,-0.0026245192
7222,-0.0060729906
7223,-0.009735104
7224,-0.0092773475
7225,-0.0067138635
7226,-0.012786876
7227,-0.01840211
7228,-0.028015148
7229,-0.0409851
7230,-0.055297866
7231,-0.070770256
7232,-0.08706665
7233,-0.09881592
7234,-0.105529785
7235,-0.11679077
7236,-0.11407471
7237,-0.11642456
7238,-0.110076904
7239,-0.103332505
7240,-0.09472656
7241,-0.08181763
7242,-0.067047134
7243,-0.05529785
7244,-0.048065186
7245,-0.03643799
7246,-0.03439331
7247,-0.03186035
7248,-0.03140258
7249,-0.03250122
7250,-0.034698483
7251,-0.031402588
7252,-0.03427124
7253,-0.03262329
7254,-0.03735351
7255,-0.034820564
7256,-0.039550766
7257,-0.039917
7258,-0.040832527
7259,-0.036102295
7260,-0.022155762
7261,-0.014038088
7262,-0.00500488
7263,-0.0027770954
7264,0.0039367722
7265,0.007843012
7266,0.013671879
7267,0.026519775
7268,0.03274536
7269,0.041259766
7270,0.053894036
7271,0.058898926
7272,0.066192634
7273,0.06408692
7274,0.06536866
7275,0.06622313
7276,0.069732666
7277,0.07019042
7278,0.06948851
7279,0.059631333
7280,0.061370865
7281,0.07028198
7282,0.07015993
7283,0.07098387
7284,0.06765747
7285,0.06372071
7286,0.047851574
7287,0.03213502
7288,0.017059326
7289,0.006744375
7290,-0.0026855655
7291,-0.00891114
7292,-0.0070495643
7293,-0.01565551
7294,-0.015197758
7295,-0.016052235
7296,-0.022155756
7297,-0.023956297
7298,-0.031250007
7299,-0.03756714
7300,-0.042114265
7301,-0.044189453
7302,-0.044952396
7303,-0.05029297
7304,-0.054504402
7305,-0.060729973
7306,-0.0664673
7307,-0.06600951
7308,-0.07235715
7309,-0.06723023
7310,-0.068481445
7311,-0.06533809
7312,-0.06436156
7313,-0.055572513
7314,-0.053955093
7315,-0.043304443
7316,-0.029205322
7317,-0.017730717
7318,-3.0510128e-05
7319,0.01596068
7320,0.034027077
7321,0.048736583
7322,0.061004657
7323,0.07513428
7324,0.09274292
7325,0.10430908
7326,0.11483766
7327,0.119689934
7328,0.12930298
7329,0.12805177
7330,0.13259888
7331,0.135437
7332,0.12918091
7333,0.118377686
7334,0.104217544
7335,0.08953858
7336,0.07116699
7337,0.055603027
7338,0.04077149
7339,0.026885986
7340,0.023040773
7341,0.014862068
7342,0.010192869
7343,0.0020141695
7344,-0.006164562
7345,-0.0073242188
7346,-0.01596069
7347,-0.0138549805
7348,-0.016601566
7349,-0.01486207
7350,-0.016235344
7351,-0.017608639
7352,-0.015777584
7353,-0.01837157
7354,-0.0107116625
7355,-0.0106811635
7356,-0.010162365
7357,-0.019500725
7358,-0.024932869
7359,-0.028961193
7360,-0.035491943
7361,-0.044982918
7362,-0.05944823
7363,-0.08139038
7364,-0.09680175
7365,-0.11868285
7366,-0.12994385
7367,-0.13699338
7368,-0.13558958
7369,-0.123046845
7370,-0.11727906
7371,-0.109161384
7372,-0.10015869
7373,-0.085174546
7374,-0.08398439
7375,-0.07659912
7376,-0.09036256
7377,-0.08694458
7378,-0.08947752
7379,-0.082336426
7380,-0.06726074
7381,-0.05682373
7382,-0.043792732
7383,-0.0416565
7384,-0.036193848
7385,-0.037597664
7386,-0.044799812
7387,-0.058380127
7388,-0.070007324
7389,-0.07916259
7390,-0.083984375
7391,-0.07672121
7392,-0.06829833
7393,-0.041229255
7394,-0.03060913
7395,-0.011688244
7396,0.03186036
7397,0.0642395
7398,0.096069336
7399,0.12197877
7400,0.1473389
7401,0.15908812
7402,0.17172241
7403,0.21292117
7404,0.21762085
7405,0.17938237
7406,0.17645264
7407,0.17703247
7408,0.16424562
7409,0.15048216
7410,0.13616942
7411,0.12786865
7412,0.10815429
7413,0.06549071
7414,0.017761216
7415,-0.026123041
7416,-0.066589355
7417,-0.08889769
7418,-0.11294557
7419,-0.1291809
7420,-0.13195801
7421,-0.115936294
7422,-0.08547974
7423,-0.061584465
7424,-0.03775024
7425,-0.031799324
7426,-0.028106704
7427,-0.03823854
7428,-0.04901123
7429,-0.06845093
7430,-0.08752443
7431,-0.10620117
7432,-0.12506105
7433,-0.1352234
7434,-0.14379883
7435,-0.14816284
7436,-0.14779663
7437,-0.14459229
7438,-0.13894653
7439,-0.12945557
7440,-0.11621094
7441,-0.101135254
7442,-0.08767702
7443,-0.06271363
7444,-0.034912124
7445,0.008056609
7446,0.049255356
7447,0.08404539
7448,0.10946655
7449,0.14083862
7450,0.15460205
7451,0.15774539
7452,0.1686401
7453,0.17913818
7454,0.18267822
7455,0.17425537
7456,0.15814207
7457,0.15386964
7458,0.18023679
7459,0.16784666
7460,0.1295776
7461,0.12469482
7462,0.13436887
7463,0.12643436
7464,0.105468705
7465,0.078857444
7466,0.067810066
7467,0.06747435
7468,0.059112556
7469,0.050964355
7470,0.0371399
7471,0.021087658
7472,-0.0025634728
7473,-0.02301025
7474,-0.048553478
7475,-0.06655883
7476,-0.07501219
7477,-0.082397416
7478,-0.09732059
7479,-0.112274155
7480,-0.12640384
7481,-0.13681029
7482,-0.14865117
7483,-0.15759274
7484,-0.1619873
7485,-0.168457
7486,-0.16949463
7487,-0.16787723
7488,-0.15560913
7489,-0.14050291
7490,-0.11953735
7491,-0.09515381
7492,-0.06387329
7493,-0.029937744
7494,0.0016479567
7495,0.034423843
7496,0.06512452
7497,0.09381099
7498,0.115081795
7499,0.1372376
7500,0.15386969
7501,0.16723627
7502,0.1765137
7503,0.18005368
7504,0.179657
7505,0.17187503
7506,0.16390991
7507,0.14797977
7508,0.13189694
7509,0.1166382
7510,0.10543825
7511,0.09005736
7512,0.081512466
7513,0.07147217
7514,0.06253052
7515,0.053222664
7516,0.040893547
7517,0.03317261
7518,0.022094721
7519,0.014892582
7520,0.010589592
7521,0.005767826
7522,0.002960205
7523,0.0072631873
7524,0.0061340444
7525,0.012298591
7526,0.015350349
7527,0.022033699
7528,0.025512692
7529,0.029693604
7530,0.030517556
7531,0.026550293
7532,0.023681652
7533,0.015533425
7534,0.007232651
7535,-0.0054016113
7536,-0.013916045
7537,-0.026123062
7538,-0.035705574
7539,-0.041809063
7540,-0.047332786
7541,-0.04711914
7542,-0.04977414
7543,-0.051757812
7544,-0.055023193
7545,-0.057586662
7546,-0.05697632
7547,-0.055023186
7548,-0.058410645
7549,-0.055450447
7550,-0.053771973
7551,-0.053344727
7552,-0.054107662
7553,-0.05264282
7554,-0.0605774
7555,-0.055480935
7556,-0.052673355
7557,-0.04537964
7558,-0.042205814
7559,-0.03848267
7560,-0.035522453
7561,-0.03646852
7562,-0.038299568
7563,-0.041442852
7564,-0.043121334
7565,-0.04571534
7566,-0.052062996
7567,-0.053405777
7568,-0.054656982
7569,-0.058380123
7570,-0.060394302
7571,-0.065979004
7572,-0.06842041
7573,-0.06991577
7574,-0.07156371
7575,-0.069610596
7576,-0.06921387
7577,-0.06655883
7578,-0.061584473
7579,-0.058227535
7580,-0.05014038
7581,-0.041564956
7582,-0.033996582
7583,-0.030426031
7584,-0.027435306
7585,-0.02474976
7586,-0.015533445
7587,-0.01101685
7588,0.0035400512
7589,0.0064087026
7590,0.012023928
7591,0.012725828
7592,0.010650627
7593,0.008392334
7594,0.005310051
7595,0.0023193397
7596,0.00064085796
7597,-0.0031433254
7598,-0.009521481
7599,-0.011688225
7600,-0.015930176
7601,-0.01461792
7602,-0.01748658
7603,-0.016662605
7604,-0.016540527
7605,-0.011505142
7606,-0.008422852
7607,-0.00683593
7608,0.0007934682
7609,0.0062255897
7610,0.012237553
7611,0.017242432
7612,0.02191162
7613,0.030700693
7614,0.03845215
7615,0.050598152
7616,0.06152343
7617,0.06604005
7618,0.07345581
7619,0.07510376
7620,0.082977295
7621,0.084777825
7622,0.0914917
7623,0.09683228
7624,0.103240974
7625,0.105621345
7626,0.10913087
7627,0.116149895
7628,0.11569213
7629,0.11721803
7630,0.11651611
7631,0.113830574
7632,0.11389162
7633,0.10897827
7634,0.10397338
7635,0.09484862
7636,0.08773803
7637,0.07830811
7638,0.07003784
7639,0.066467285
7640,0.063781746
7641,0.055999756
7642,0.05130005
7643,0.037689216
7644,0.031707767
7645,0.025207527
7646,0.020812985
7647,0.018035894
7648,0.011657723
7649,0.00933837
7650,0.0028991643
7651,-0.0089416355
7652,-0.03176879
7653,-0.05355835
7654,-0.06918334
7655,-0.06796263
7656,-0.06274414
7657,-0.055938717
7658,-0.052337654
7659,-0.051910397
7660,-0.058654793
7661,-0.0770874
7662,-0.099487305
7663,-0.124420166
7664,-0.13937378
7665,-0.14251709
7666,-0.13970947
7667,-0.13067627
7668,-0.11987305
7669,-0.1133728
7670,-0.106414795
7671,-0.0949707
7672,-0.08508301
7673,-0.077178955
7674,-0.071350105
7675,-0.067993164
7676,-0.070373535
7677,-0.07589722
7678,-0.08288574
7679,-0.09161377
7680,-0.10116576
7681,-0.10733029
7682,-0.11325079
7683,-0.116516106
7684,-0.11389163
7685,-0.11642459
7686,-0.099975586
7687,-0.08233643
7688,-0.055664062
7689,-0.025054935
7690,-0.00067139044
7691,0.02200317
7692,0.034240715
7693,0.042144753
7694,0.04589842
7695,0.048675556
7696,0.0493164
7697,0.054351803
7698,0.05850219
7699,0.062316895
7700,0.061004642
7701,0.057434075
7702,0.051300056
7703,0.037414536
7704,0.025390618
7705,0.020019539
7706,0.010437008
7707,0.004150398
7708,0.0011291504
7709,-0.0057067946
7710,-0.008087143
7711,-0.012817375
7712,-0.01687622
7713,-0.009521481
7714,-0.009490959
7715,-0.005126953
7716,-0.0044250563
7717,-0.0064086877
7718,0.00082397833
7719,0.0057983436
7720,0.008666994
7721,0.024383537
7722,0.037902832
7723,0.06228637
7724,0.07321167
7725,0.08184814
7726,0.0913391
7727,0.105011
7728,0.10482791
7729,0.08819578
7730,0.047363285
7731,0.028198235
7732,0.033386216
7733,0.023010248
7734,-0.007232666
7735,-0.022796612
7736,-0.030395506
7737,-0.025817877
7738,-0.028320314
7739,-0.039642334
7740,-0.058959965
7741,-0.07135009
7742,-0.08291625
7743,-0.092803955
7744,-0.09338379
7745,-0.08865358
7746,-0.0753479
7747,-0.05657959
7748,-0.04370117
7749,-0.028564434
7750,-0.018890377
7751,-0.019744879
7752,-0.018432606
7753,-0.027832028
7754,-0.03634644
7755,-0.04736328
7756,-0.06311036
7757,-0.066925064
7758,-0.071014404
7759,-0.06344601
7760,-0.056365974
7761,-0.036834717
7762,-0.009216303
7763,0.016998291
7764,0.046966553
7765,0.080200195
7766,0.11154175
7767,0.14172363
7768,0.17056276
7769,0.19580081
7770,0.21917722
7771,0.23498534
7772,0.24804688
7773,0.26025394
7774,0.26794437
7775,0.26733392
7776,0.26055914
7777,0.24554443
7778,0.22933957
7779,0.21658328
7780,0.19860841
7781,0.18951413
7782,0.16918948
7783,0.15591434
7784,0.13867188
7785,0.12652586
7786,0.109344475
7787,0.0914917
7788,0.07235718
7789,0.050476074
7790,0.030181881
7791,0.010681153
7792,-0.007995609
7793,-0.024993889
7794,-0.036315918
7795,-0.055908203
7796,-0.06494141
7797,-0.07437133
7798,-0.08364868
7799,-0.08172607
7800,-0.08197021
7801,-0.082611084
7802,-0.08609007
7803,-0.087677
7804,-0.09063722
7805,-0.0921936
7806,-0.09112549
7807,-0.08535767
7808,-0.08206178
7809,-0.07659912
7810,-0.07135011
7811,-0.07373046
7812,-0.07299805
7813,-0.07461548
7814,-0.07922364
7815,-0.07452391
7816,-0.06314087
7817,-0.05352783
7818,-0.042327866
7819,-0.047698975
7820,-0.069244385
7821,-0.09994505
7822,-0.1267395
7823,-0.1510315
7824,-0.15823361
7825,-0.15036012
7826,-0.11883542
7827,-0.084625244
7828,-0.05029296
7829,-0.018859861
7830,0.009490967
7831,0.035308853
7832,0.053436294
7833,0.06707764
7834,0.07180786
7835,0.07476807
7836,0.06964111
7837,0.05886841
7838,0.03863526
7839,0.0043335035
7840,-0.026733411
7841,-0.057983406
7842,-0.07620241
7843,-0.08639528
7844,-0.08990483
7845,-0.090972915
7846,-0.08853154
7847,-0.08731076
7848,-0.083496094
7849,-0.064209
7850,-0.04583741
7851,-0.012512201
7852,0.015411375
7853,0.04092406
7854,0.058715817
7855,0.06503297
7856,0.06439209
7857,0.056365967
7858,0.040954582
7859,0.021514889
7860,-0.005096445
7861,-0.032867428
7862,-0.05642701
7863,-0.08651734
7864,-0.10443115
7865,-0.117126465
7866,-0.12182614
7867,-0.13369754
7868,-0.1335144
7869,-0.13787842
7870,-0.12661745
7871,-0.12094116
7872,-0.10934448
7873,-0.107727036
7874,-0.11877441
7875,-0.1133728
7876,-0.07696534
7877,-0.06484984
7878,-0.071197495
7879,-0.06613158
7880,-0.061065692
7881,-0.04354858
7882,-0.03808596
7883,-0.039337147
7884,-0.03710936
7885,-0.023040757
7886,0.0002746731
7887,0.020599347
7888,0.044860847
7889,0.06759646
7890,0.09466551
7891,0.1215515
7892,0.12786867
7893,0.1165466
7894,0.08395386
7895,0.044891365
7896,-0.009918229
7897,-0.055328384
7898,-0.093383774
7899,-0.1283875
7900,-0.14715573
7901,-0.15139773
7902,-0.14846806
7903,-0.14254765
7904,-0.13388062
7905,-0.12548828
7906,-0.104736276
7907,-0.082153305
7908,-0.049346946
7909,-0.016510027
7910,0.020538328
7911,0.065612786
7912,0.10903931
7913,0.16235352
7914,0.21768191
7915,0.25830084
7916,0.30264288
7917,0.33551022
7918,0.3537598
7919,0.37469485
7920,0.36758426
7921,0.3616943
7922,0.34295654
7923,0.3138428
7924,0.28289798
7925,0.2459717
7926,0.21240231
7927,0.17114258
7928,0.13040161
7929,0.09136964
7930,0.05636596
7931,0.023345947
7932,-0.00244141
7933,-0.031158455
7934,-0.05380249
7935,-0.07080077
7936,-0.08197022
7937,-0.0878601
7938,-0.092681885
7939,-0.10137939
7940,-0.103820786
7941,-0.100189224
7942,-0.099548325
7943,-0.09225463
7944,-0.08428955
7945,-0.06253052
7946,-0.04934692
7947,-0.029571535
7948,-0.016540535
7949,-0.011627194
7950,-0.004943857
7951,-0.004516598
7952,0.004302975
7953,0.0051879953
7954,0.0119934045
7955,0.018798828
7956,0.024841305
7957,0.028442388
7958,0.027984621
7959,0.03277587
7960,0.033233635
7961,0.036865234
7962,0.04077148
7963,0.04025269
7964,0.047729485
7965,0.042083755
7966,0.045898445
7967,0.042694084
7968,0.036987305
7969,0.03744506
7970,0.02471923
7971,0.018768301
7972,0.008361816
7973,-0.0030212533
7974,0.010559093
7975,-0.0030212514
7976,-0.042541496
7977,-0.0574646
7978,-0.07922362
7979,-0.09405517
7980,-0.09820557
7981,-0.10461426
7982,-0.10498048
7983,-0.1010437
7984,-0.10189819
7985,-0.09265137
7986,-0.09817505
7987,-0.09451294
7988,-0.088409446
7989,-0.086181656
7990,-0.08129886
7991,-0.076446526
7992,-0.07293701
7993,-0.067108154
7994,-0.066436775
7995,-0.063171394
7996,-0.062194813
7997,-0.063232414
7998,-0.0626526
7999,-0.066528305
8000,-0.07150268
8001,-0.07897951
8002,-0.08758546
8003,-0.08923338
8004,-0.09140015
8005,-0.09344481
8006,-0.09384155
8007,-0.08450316
8008,-0.0836792
8009,-0.06890869
8010,-0.058593743
8011,-0.041107178
8012,-0.031433105
8013,-0.019409183
8014,-0.013244629
8015,-0.004516598
8016,0.0019226111
8017,0.01440431
8018,0.026306145
8019,0.039031982
8020,0.050567634
8021,0.05358886
8022,0.056976326
8023,0.0578308
8024,0.057647713
8025,0.0635376
8026,0.060485825
8027,0.06671143
8028,0.068878174
8029,0.06582641
8030,0.06710816
8031,0.0647583
8032,0.06820677
8033,0.07122803
8034,0.07333374
8035,0.077697754
8036,0.07632445
8037,0.077301025
8038,0.08407592
8039,0.09075928
8040,0.09118652
8041,0.09078981
8042,0.0920105
8043,0.085449204
8044,0.07955932
8045,0.07098389
8046,0.061889656
8047,0.05352784
8048,0.044097893
8049,0.034790047
8050,0.029876702
8051,0.024627687
8052,0.023834227
8053,0.020568836
8054,0.020812996
8055,0.020477293
8056,0.0146789625
8057,0.013061523
8058,0.0066528413
8059,0.0028686468
8060,-0.0026855469
8061,-0.00592041
8062,-0.010589603
8063,-0.011810305
8064,-0.009552
8065,-0.006652834
8066,-0.006408695
8067,-0.0061950525
8068,-0.004882816
8069,-0.0050354023
8070,6.1029103e-05
8071,0.0055236816
8072,0.0028686617
8073,0.0014343318
8074,-0.0077209584
8075,-0.012237545
8076,-0.017852776
8077,-0.019683853
8078,-0.018646248
8079,-0.012939438
8080,-0.007049553
8081,0.0010375865
8082,0.010864243
8083,0.005340591
8084,-0.011077881
8085,-0.030822746
8086,-0.03588866
8087,-0.0315857
8088,-0.018524185
8089,-0.005493164
8090,0.0005187988
8091,0.0041808933
8092,-0.002380386
8093,-0.019073501
8094,-0.043334983
8095,-0.07098389
8096,-0.09310914
8097,-0.11660766
8098,-0.13833618
8099,-0.15264893
8100,-0.15530394
8101,-0.15771484
8102,-0.14831544
8103,-0.13708496
8104,-0.12426758
8105,-0.10736083
8106,-0.09497071
8107,-0.08041382
8108,-0.070068344
8109,-0.054107673
8110,-0.039276116
8111,-0.023376469
8112,-0.011077883
8113,-0.0009155143
8114,0.013458267
8115,0.022186277
8116,0.029815681
8117,0.03125
8118,0.030090328
8119,0.0248108
8120,0.014373779
8121,0.0009765532
8122,-0.014587406
8123,-0.022552492
8124,-0.034759514
8125,-0.0368042
8126,-0.033233643
8127,-0.028900158
8128,-0.019409187
8129,-0.00729369
8130,0.0048828125
8131,0.019256607
8132,0.027740479
8133,0.0379944
8134,0.043090805
8135,0.041412346
8136,0.036407486
8137,0.028503425
8138,0.017120376
8139,0.018310547
8140,0.009277329
8141,0.010284409
8142,-0.0039367825
8143,-0.007904038
8144,-0.008697495
8145,-0.007537842
8146,-0.005554214
8147,-0.0012207031
8148,0.0057067573
8149,0.019592293
8150,0.038452163
8151,0.065582275
8152,0.09637453
8153,0.12673952
8154,0.15594484
8155,0.18099974
8156,0.2107849
8157,0.24148561
8158,0.27044678
8159,0.29083252
8160,0.29925537
8161,0.30038452
8162,0.28848267
8163,0.27954102
8164,0.26452637
8165,0.23751833
8166,0.22186281
8167,0.21002197
8168,0.18688962
8169,0.16500853
8170,0.14111328
8171,0.089416504
8172,0.027313232
8173,-0.029388439
8174,-0.055908203
8175,-0.07165526
8176,-0.11157226
8177,-0.15011597
8178,-0.19021608
8179,-0.20086671
8180,-0.19253537
8181,-0.19412231
8182,-0.2046509
8183,-0.22714232
8184,-0.2398681
8185,-0.2615967
8186,-0.27267462
8187,-0.27468872
8188,-0.26077265
8189,-0.23309323
8190,-0.19711304
8191,-0.15859985
8192,-0.12429809
8193,-0.093200676
8194,-0.07412718
8195,-0.06927492
8196,-0.0704956
8197,-0.08572388
8198,-0.106994644
8199,-0.12878421
8200,-0.1542969
8201,-0.16909796
8202,-0.17315674
8203,-0.16308598
8204,-0.132782
8205,-0.0905457
8206,-0.047149673
8207,0.009826656
8208,0.073333755
8209,0.11883547
8210,0.15393063
8211,0.18823239
8212,0.21936029
8213,0.25204474
8214,0.2743225
8215,0.2888794
8216,0.30136108
8217,0.30255127
8218,0.294281
8219,0.28164673
8220,0.24777223
8221,0.21060173
8222,0.18020631
8223,0.13555904
8224,0.092010446
8225,0.050293
8226,0.011352502
8227,-0.0223694
8228,-0.055358898
8229,-0.09555053
8230,-0.12973021
8231,-0.14312744
8232,-0.15109254
8233,-0.15716553
8234,-0.16067505
8235,-0.169281
8236,-0.19366454
8237,-0.21377563
8238,-0.23059082
8239,-0.24987791
8240,-0.25985718
8241,-0.25491333
8242,-0.23129271
8243,-0.19665524
8244,-0.16836546
8245,-0.13705447
8246,-0.1104126
8247,-0.09210205
8248,-0.080322236
8249,-0.08001709
8250,-0.08377074
8251,-0.08508301
8252,-0.074340805
8253,-0.07678222
8254,-0.0935974
8255,-0.1194458
8256,-0.15219116
8257,-0.17169191
8258,-0.17559814
8259,-0.1447754
8260,-0.07427979
8261,-0.0046691876
8262,0.07543945
8263,0.15109253
8264,0.22167978
8265,0.2775268
8266,0.3007813
8267,0.29547113
8268,0.2720643
8269,0.23754889
8270,0.20977789
8271,0.17907715
8272,0.15509032
8273,0.12530513
8274,0.09686278
8275,0.07717895
8276,0.05444336
8277,0.031494156
8278,0.013610851
8279,-0.021881092
8280,-0.039154038
8281,-0.020965565
8282,0.01074218
8283,0.047088623
8284,0.104797356
8285,0.14111327
8286,0.16329956
8287,0.1977539
8288,0.22219852
8289,0.24826047
8290,0.25442508
8291,0.2616272
8292,0.26516718
8293,0.25122073
8294,0.19949342
8295,0.17358397
8296,0.15209964
8297,0.105224624
8298,0.045410186
8299,-0.030456513
8300,-0.121520996
8301,-0.17614743
8302,-0.17422493
8303,-0.22030644
8304,-0.2748109
8305,-0.25912482
8306,-0.21820061
8307,-0.23712167
8308,-0.2553405
8309,-0.2060852
8310,-0.18786621
8311,-0.21960452
8312,-0.27139276
8313,-0.3225403
8314,-0.32763666
8315,-0.2832336
8316,-0.21444702
8317,-0.13711548
8318,-0.053070053
8319,0.0069274306
8320,0.04080201
8321,0.05316162
8322,0.050476074
8323,0.051177986
8324,0.06640625
8325,0.110534675
8326,0.17352295
8327,0.25146478
8328,0.33709717
8329,0.40817267
8330,0.4666749
8331,0.5154419
8332,0.5457764
8333,0.5502626
8334,0.52883923
8335,0.47735587
8336,0.40624994
8337,0.32638556
8338,0.23629768
8339,0.14660645
8340,0.0472412
8341,-0.048339836
8342,-0.13745119
8343,-0.2257385
8344,-0.31124872
8345,-0.39276123
8346,-0.45227042
8347,-0.5051576
8348,-0.53753674
8349,-0.5630187
8350,-0.5660094
8351,-0.5550232
8352,-0.5324403
8353,-0.49432382
8354,-0.44396982
8355,-0.3894348
8356,-0.316742
8357,-0.24908453
8358,-0.17495729
8359,-0.101501465
8360,-0.030029297
8361,0.04467775
8362,0.10781859
8363,0.16503906
8364,0.1987915
8365,0.22802734
8366,0.25344846
8367,0.2765502
8368,0.2800293
8369,0.27337652
8370,0.2554626
8371,0.23001094
8372,0.20748895
8373,0.20275879
8374,0.18682857
8375,0.15457162
8376,0.14401254
8377,0.11785886
8378,0.10824585
8379,0.10140992
8380,0.09072878
8381,0.079986565
8382,0.0776062
8383,0.060058605
8384,0.05178833
8385,0.035430904
8386,0.027893059
8387,0.013671879
8388,0.0019836463
8389,-0.013275158
8390,-0.02713012
8391,-0.03829956
8392,-0.054626465
8393,-0.060729977
8394,-0.07363894
8395,-0.067871094
8396,-0.073638916
8397,-0.07083131
8398,-0.0718689
8399,-0.06826781
8400,-0.064270034
8401,-0.055023182
8402,-0.04354857
8403,-0.027709957
8404,-0.020355225
8405,-0.02600097
8406,-0.0069580227
8407,0.012451172
8408,0.03497316
8409,0.049896225
8410,0.057861358
8411,0.061706543
8412,0.063385
8413,0.06997681
8414,0.071258575
8415,0.068420395
8416,0.0680542
8417,0.055236824
8418,0.050628662
8419,0.037353523
8420,0.021148697
8421,0.008392349
8422,-0.003967285
8423,-0.015869156
8424,-0.022216804
8425,-0.025390614
8426,-0.030487038
8427,-0.030914303
8428,-0.03750609
8429,-0.03634642
8430,-0.037719727
8431,-0.033935536
8432,-0.032257073
8433,-0.026672356
8434,-0.0142517015
8435,-0.014739983
8436,-0.031433098
8437,-0.03585817
8438,-0.021087661
8439,-0.0122680515
8440,-0.0018310621
8441,0.005310081
8442,0.0070800707
8443,-0.005126953
8444,-0.018890373
8445,-0.038177487
8446,-0.051635727
8447,-0.06277468
8448,-0.058471665
8449,-0.052581772
8450,-0.044342052
8451,-0.036071777
8452,-0.025054932
8453,-0.019287102
8454,-0.013763428
8455,-0.008667007
8456,-0.01083374
8457,-0.009094238
8458,-0.0168152
8459,-0.020111099
8460,-0.026367217
8461,-0.029388413
8462,-0.034851044
8463,-0.039855987
8464,-0.05178824
8465,-0.06503293
8466,-0.078063905
8467,-0.095031664
8468,-0.10916129
8469,-0.122222856
8470,-0.12054445
8471,-0.11859125
8472,-0.114227355
8473,-0.11315909
8474,-0.10702515
8475,-0.10940552
8476,-0.10107422
8477,-0.0942993
8478,-0.08609009
8479,-0.07482909
8480,-0.06802367
8481,-0.06402588
8482,-0.057495132
8483,-0.047699004
8484,-0.038726777
8485,-0.027984597
8486,-0.01275634
8487,0.0030212235
8488,0.009277359
8489,0.020141618
8490,0.019592293
8491,0.023651138
8492,0.026092544
8493,0.032135002
8494,0.035827637
8495,0.03765869
8496,0.048614517
8497,0.057861328
8498,0.06793214
8499,0.08062744
8500,0.09033204
8501,0.10510253
8502,0.11978148
8503,0.13323975
8504,0.14743042
8505,0.15075684
8506,0.15917969
8507,0.15734863
8508,0.16018678
8509,0.16116333
8510,0.1569519
8511,0.15350339
8512,0.1463013
8513,0.13696289
8514,0.1272583
8515,0.11730957
8516,0.10687257
8517,0.09362793
8518,0.07043458
8519,0.05917359
8520,0.045074478
8521,0.027618393
8522,0.0077819824
8523,0.0014648438
8524,-0.016021743
8525,-0.03939821
8526,-0.044708267
8527,-0.05407715
8528,-0.066223145
8529,-0.08279419
8530,-0.10668944
8531,-0.12716676
8532,-0.1387024
8533,-0.14743045
8534,-0.1496582
8535,-0.14108278
8536,-0.12860106
8537,-0.13043213
8538,-0.14892575
8539,-0.17550659
8540,-0.19534302
8541,-0.20837402
8542,-0.21633911
8543,-0.2135315
8544,-0.18856812
8545,-0.13217165
8546,-0.06283569
8547,0.0069885254
8548,0.05831909
8549,0.09561157
8550,0.114868164
8551,0.115875244
8552,0.09854126
8553,0.06335448
8554,0.0182495
8555,-0.015716547
8556,-0.045135498
8557,-0.068420425
8558,-0.09698487
8559,-0.10519411
8560,-0.09533692
8561,-0.0505066
8562,0.020935057
8563,0.106628425
8564,0.19616699
8565,0.26965335
8566,0.31805414
8567,0.3274231
8568,0.29742426
8569,0.23980716
8570,0.17346191
8571,0.09820555
8572,0.035003677
8573,-0.028411882
8574,-0.074157715
8575,-0.10443115
8576,-0.12820435
8577,-0.13381958
8578,-0.13314822
8579,-0.11798096
8580,-0.09539798
8581,-0.08004762
8582,-0.055633537
8583,-0.029052742
8584,-0.00036619976
8585,0.04034424
8586,0.085083015
8587,0.1231079
8588,0.1550293
8589,0.18920898
8590,0.2144776
8591,0.23599249
8592,0.24618523
8593,0.25140375
8594,0.2417907
8595,0.21469122
8596,0.16989133
8597,0.11822508
8598,0.060363762
8599,0.009155303
8600,-0.02023317
8601,-0.094024666
8602,-0.16802979
8603,-0.20928955
8604,-0.23110965
8605,-0.24136353
8606,-0.25753784
8607,-0.2597961
8608,-0.24197388
8609,-0.19433594
8610,-0.20013425
8611,-0.18911743
8612,-0.13250734
8613,-0.09414672
8614,-0.070892334
8615,-0.04248047
8616,-0.013153085
8617,0.0056152344
8618,-0.008911134
8619,0.004547127
8620,0.05804444
8621,0.13516235
8622,0.2230835
8623,0.32147223
8624,0.38482672
8625,0.4176635
8626,0.40869135
8627,0.3664245
8628,0.29721066
8629,0.22006226
8630,0.16693117
8631,0.13595583
8632,0.14511108
8633,0.17477417
8634,0.23278809
8635,0.3017884
8636,0.37203974
8637,0.42477417
8638,0.46093753
8639,0.46826163
8640,0.4293213
8641,0.3695984
8642,0.27346796
8643,0.16366579
8644,0.047882084
8645,-0.06488037
8646,-0.1627503
8647,-0.25698858
8648,-0.34802252
8649,-0.43090826
8650,-0.5081177
8651,-0.56741345
8652,-0.61816394
8653,-0.6455995
8654,-0.66122425
8655,-0.6614076
8656,-0.6548768
8657,-0.62557995
8658,-0.58737195
8659,-0.54251087
8660,-0.49078357
8661,-0.44165033
8662,-0.39163214
8663,-0.3361512
8664,-0.28256232
8665,-0.22763063
8666,-0.17132567
8667,-0.12664793
8668,-0.07165529
8669,-0.021759022
8670,0.027252212
8671,0.06668089
8672,0.1104126
8673,0.14630128
8674,0.18649296
8675,0.21710196
8676,0.24609369
8677,0.26770023
8678,0.2803039
8679,0.28686517
8680,0.2803344
8681,0.2746582
8682,0.25335687
8683,0.23193365
8684,0.20251459
8685,0.17370598
8686,0.14871216
8687,0.11282349
8688,0.0805664
8689,0.05014039
8690,0.021026619
8691,0.0018920787
8692,-0.02075196
8693,-0.031616207
8694,-0.040527344
8695,-0.039794922
8696,-0.032196037
8697,-0.023590095
8698,-0.013000499
8699,-0.007904038
8700,-0.0035095215
8701,0.0076294094
8702,0.018768322
8703,0.028686523
8704,0.041351333
8705,0.053222638
8706,0.06307985
8707,0.06707762
8708,0.06826782
8709,0.06802369
8710,0.07138063
8711,0.066955574
8712,0.075378425
8713,0.07577513
8714,0.083282486
8715,0.08755494
8716,0.08453369
8717,0.08837889
8718,0.08981323
8719,0.07742308
8720,0.086120605
8721,0.08221436
8722,0.07824707
8723,0.07315064
8724,0.056640618
8725,0.05422975
8726,0.041595474
8727,0.018066399
8728,0.008300789
8729,-0.012756353
8730,-0.021148687
8731,-0.029418945
8732,-0.047302246
8733,-0.052307125
8734,-0.058898926
8735,-0.053955067
8736,-0.047637932
8737,-0.047088612
8738,-0.043090813
8739,-0.037872322
8740,-0.029541008
8741,-0.022918701
8742,-0.017608628
8743,-0.012023918
8744,-0.008453377
8745,-0.00024413317
8746,-0.0006408617
8747,-0.0010986477
8748,-0.0014648587
8749,-0.0061645657
8750,-0.012542717
8751,-0.017517082
8752,-0.021179207
8753,-0.032348633
8754,-0.04711914
8755,-0.055053726
8756,-0.067413315
8757,-0.07601929
8758,-0.08435059
8759,-0.08786009
8760,-0.09313964
8761,-0.1036377
8762,-0.106597915
8763,-0.116180435
8764,-0.11041259
8765,-0.1081543
8766,-0.11016846
8767,-0.1095276
8768,-0.109069824
8769,-0.0949707
8770,-0.09448244
8771,-0.08602904
8772,-0.08587649
8773,-0.09399413
8774,-0.093749985
8775,-0.09417724
8776,-0.10150146
8777,-0.094451874
8778,-0.09085084
8779,-0.08731079
8780,-0.07992555
8781,-0.004364006
8782,-0.0086364895
8783,-0.04534912
8784,0.04962159
8785,0.0832825
8786,0.05444335
8787,0.118072525
8788,0.14486693
8789,0.15032959
8790,0.19274904
8791,0.20526123
8792,0.21481323
8793,0.23434445
8794,0.22360232
8795,0.23654173
8796,0.2163086
8797,0.19561768
8798,0.17468262
8799,0.16082765
8800,0.11077882
8801,0.080017105
8802,0.047973618
8803,0.011749275
8804,-0.01950074
8805,-0.04113771
8806,-0.079254165
8807,-0.08786009
8808,-0.10531618
8809,-0.13278198
8810,-0.13412474
8811,-0.14926146
8812,-0.15655518
8813,-0.16281128
8814,-0.1535034
8815,-0.1413269
8816,-0.13967896
8817,-0.13409424
8818,-0.11029052
8819,-0.10183716
8820,-0.07363892
8821,-0.053497333
8822,-0.04534912
8823,-0.026916526
8824,-0.009277349
8825,0.015808105
8826,0.041442864
8827,0.055694588
8828,0.059478745
8829,0.06848143
8830,0.070709206
8831,0.09436035
8832,0.11434938
8833,0.1255188
8834,0.15270998
8835,0.1697998
8836,0.17108154
8837,0.17193602
8838,0.16958618
8839,0.15542603
8840,0.13916016
8841,0.12966919
8842,0.12756349
8843,0.12142944
8844,0.10934448
8845,0.092071526
8846,0.089599594
8847,0.09323119
8848,0.095703125
8849,0.07366943
8850,0.043060303
8851,0.026031494
8852,0.01766967
8853,0.015350346
8854,0.007720951
8855,-0.006561272
8856,-0.020477291
8857,-0.03472902
8858,-0.05862426
8859,-0.079406716
8860,-0.09643554
8861,-0.1090088
8862,-0.11953735
8863,-0.13378906
8864,-0.15405273
8865,-0.19244385
8866,-0.22296143
8867,-0.247406
8868,-0.25863647
8869,-0.26013184
8870,-0.2496643
8871,-0.23239139
8872,-0.19833377
8873,-0.16735837
8874,-0.13748172
8875,-0.10784909
8876,-0.07946774
8877,-0.05349736
8878,-0.03326416
8879,-0.023223892
8880,-0.03140258
8881,-0.03234863
8882,-0.041015618
8883,-0.04104615
8884,-0.051177986
8885,-0.04980468
8886,-0.05914306
8887,-0.060363762
8888,-0.051055916
8889,-0.046722412
8890,-0.02801513
8891,-0.0070190467
8892,0.02038578
8893,0.054473903
8894,0.083221465
8895,0.1214294
8896,0.15191649
8897,0.19345097
8898,0.22671509
8899,0.25030524
8900,0.26196292
8901,0.2625122
8902,0.2536316
8903,0.23794553
8904,0.20849614
8905,0.19805908
8906,0.17712402
8907,0.14132684
8908,0.102508605
8909,0.07809448
8910,0.081512496
8911,0.08584592
8912,0.06658934
8913,0.046569817
8914,0.018035874
8915,0.014923073
8916,-0.014587402
8917,-0.05795288
8918,-0.08029173
8919,-0.1017456
8920,-0.11526491
8921,-0.13137817
8922,-0.15560913
8923,-0.19268797
8924,-0.22070315
8925,-0.24136354
8926,-0.25720215
8927,-0.26934814
8928,-0.27026367
8929,-0.2552185
8930,-0.2358704
8931,-0.21801761
8932,-0.19558722
8933,-0.17944331
8934,-0.16076663
8935,-0.16061401
8936,-0.16143799
8937,-0.15609741
8938,-0.16433716
8939,-0.16168211
8940,-0.159729
8941,-0.14987183
8942,-0.13900758
8943,-0.12619013
8944,-0.095459
8945,-0.066528305
8946,-0.027191157
8947,0.018096939
8948,0.071868904
8949,0.1257019
8950,0.17520142
8951,0.2272339
8952,0.2756042
8953,0.31539917
8954,0.3551331
8955,0.39266968
8956,0.41403192
8957,0.42111212
8958,0.42337042
8959,0.40200806
8960,0.43075567
8961,0.40844727
8962,0.38262936
8963,0.36264038
8964,0.31835943
8965,0.29183963
8966,0.2570801
8967,0.23623651
8968,0.19985962
8969,0.17639162
8970,0.14337158
8971,0.11361692
8972,0.09481812
8973,0.062957756
8974,0.0335083
8975,0.0079956055
8976,-0.02444458
8977,-0.055053696
8978,-0.083618164
8979,-0.10528566
8980,-0.12472534
8981,-0.14636233
8982,-0.16265872
8983,-0.17407227
8984,-0.17459108
8985,-0.1800842
8986,-0.18380737
8987,-0.19079588
8988,-0.19458008
8989,-0.202301
8990,-0.204895
8991,-0.20706174
8992,-0.20587158
8993,-0.20596313
8994,-0.20196533
8995,-0.19781496
8996,-0.18832399
8997,-0.17425537
8998,-0.15948486
8999,-0.14401245
9000,-0.12973022
9001,-0.11318971
9002,-0.097503655
9003,-0.08532716
9004,-0.078308105
9005,-0.06741332
9006,-0.05682376
9007,-0.0435486
9008,-0.028961197
9009,-0.005065933
9010,0.017059341
9011,0.036285415
9012,0.054229736
9013,0.057159454
9014,0.06774902
9015,0.07168579
9016,0.069732666
9017,0.07421875
9018,0.068420425
9019,0.056488037
9020,0.047729507
9021,0.030670151
9022,0.017608643
9023,-0.002532974
9024,-0.0065307617
9025,-0.013336167
9026,-0.013549805
9027,-0.0105896145
9028,-0.012634285
9029,-0.0095825195
9030,-0.017028814
9031,-0.017425537
9032,-0.01794433
9033,-0.019378658
9034,-0.020874009
9035,-0.023406968
9036,-0.027374268
9037,-0.028076172
9038,-0.025207534
9039,-0.013488784
9040,-0.014465347
9041,-0.014404282
9042,-0.024871826
9043,-0.01254271
9044,0.0052490085
9045,0.017761216
9046,0.03347777
9047,0.040435776
9048,0.048522964
9049,0.045806885
9050,0.043334976
9051,0.02468872
9052,0.007171616
9053,0.0052490383
9054,0.011749268
9055,0.008544937
9056,0.012542754
9057,0.008667007
9058,0.008178711
9059,0.01083377
9060,0.009094238
9061,0.010986328
9062,0.0088806
9063,0.00491333
9064,0.0049743652
9065,0.008605972
9066,0.0050353855
9067,0.015014648
9068,0.023010246
9069,0.032501243
9070,0.036193825
9071,0.044982925
9072,0.052185047
9073,0.06243898
9074,0.071289055
9075,0.072052
9076,0.08062745
9077,0.07785035
9078,0.07296752
9079,0.062072754
9080,0.05340576
9081,0.047180183
9082,0.056915283
9083,0.06347656
9084,0.075378425
9085,0.09445192
9086,0.088775635
9087,0.07727049
9088,0.06881713
9089,0.0680542
9090,0.07177731
9091,0.0831604
9092,0.08953858
9093,0.09402466
9094,0.0881653
9095,0.07101442
9096,0.039947502
9097,0.0026245117
9098,-0.029083237
9099,-0.04531858
9100,-0.065582275
9101,-0.074615456
9102,-0.09649659
9103,-0.10528563
9104,-0.11157223
9105,-0.119079575
9106,-0.107910156
9107,-0.09887696
9108,-0.08850096
9109,-0.0831909
9110,-0.07962036
9111,-0.07855223
9112,-0.07873537
9113,-0.075012214
9114,-0.06600952
9115,-0.053497322
9116,-0.035217278
9117,-0.030212406
9118,-0.022827152
9119,-0.03189088
9120,-0.03900146
9121,-0.052886955
9122,-0.06359862
9123,-0.072601356
9124,-0.075408936
9125,-0.06665036
9126,-0.059692357
9127,-0.037536576
9128,-0.018493623
9129,0.0057678223
9130,0.028961176
9131,0.056793224
9132,0.082061775
9133,0.10394287
9134,0.123626724
9135,0.13946533
9136,0.14739989
9137,0.14520262
9138,0.1444397
9139,0.1302185
9140,0.11456301
9141,0.09729004
9142,0.073547356
9143,0.04800417
9144,0.01812746
9145,-0.0055236965
9146,-0.036254898
9147,-0.059326172
9148,-0.08416749
9149,-0.08642578
9150,-0.08432007
9151,-0.0776062
9152,-0.061096206
9153,-0.05374144
9154,-0.039428726
9155,-0.025543217
9156,-0.0153198205
9157,-0.004547097
9158,0.0082702525
9159,0.038360596
9160,0.047760017
9161,0.037048332
9162,0.032135017
9163,0.029754648
9164,0.038330074
9165,0.040252686
9166,0.059509296
9167,0.0883789
9168,0.1095581
9169,0.1246948
9170,0.12048338
9171,0.108612075
9172,0.10205078
9173,0.085296646
9174,0.06954956
9175,0.045898452
9176,0.02435303
9177,0.004119875
9178,-0.011230468
9179,-0.03002929
9180,-0.051086433
9181,-0.07348633
9182,-0.10034181
9183,-0.13781738
9184,-0.18444821
9185,-0.21932983
9186,-0.24066168
9187,-0.25106815
9188,-0.2460022
9189,-0.22708136
9190,-0.20452881
9191,-0.17697144
9192,-0.15667728
9193,-0.12979126
9194,-0.098297104
9195,-0.053314198
9196,-0.0042419285
9197,0.042114273
9198,0.07897951
9199,0.103454545
9200,0.11087033
9201,0.10839851
9202,0.096588135
9203,0.07754515
9204,0.061218247
9205,0.03585817
9206,0.005218461
9207,-0.032135054
9208,-0.06643678
9209,-0.10165404
9210,-0.121978745
9211,-0.13546753
9212,-0.13955687
9213,-0.144104
9214,-0.14428712
9215,-0.14767459
9216,-0.14730835
9217,-0.14706421
9218,-0.1425171
9219,-0.13317871
9220,-0.12335205
9221,-0.10601808
9222,-0.09832764
9223,-0.083526604
9224,-0.07040407
9225,-0.04986573
9226,-0.027648918
9227,-0.002136223
9228,0.018676758
9229,0.036621083
9230,0.04483033
9231,0.053253178
9232,0.05566406
9233,0.058319084
9234,0.0583191
9235,0.057037354
9236,0.04650878
9237,0.043609634
9238,0.033203125
9239,0.026092514
9240,0.022338852
9241,0.025238045
9242,0.032196037
9243,0.0366211
9244,0.04263307
9245,0.048278823
9246,0.05007933
9247,0.042724602
9248,0.04660035
9249,0.048614495
9250,0.051025406
9251,0.051422134
9252,0.056427002
9253,0.056793198
9254,0.065582275
9255,0.07067871
9256,0.07748413
9257,0.08175661
9258,0.07836913
9259,0.079345725
9260,0.07122803
9261,0.07244873
9262,0.06262207
9263,0.053497314
9264,0.028594956
9265,0.0076294094
9266,-0.047302246
9267,-0.043762222
9268,-0.034851067
9269,-0.031585697
9270,-0.028198252
9271,-0.026123047
9272,-0.02291871
9273,-0.017913822
9274,-0.0072326697
9275,-0.0080261305
9276,0.0002136156
9277,0.0055236705
9278,0.0055847093
9279,0.008148193
9280,0.01037598
9281,0.010528553
9282,-0.0054626465
9283,-0.007629387
9284,-0.00271607
9285,-0.0025634738
9286,0.005279539
9287,0.009613039
9288,0.016662601
9289,0.015502934
9290,0.022338884
9291,0.027038563
9292,0.04107666
9293,0.046966564
9294,0.06002807
9295,0.06692504
9296,0.07473754
9297,0.07757567
9298,0.0807495
9299,0.084930435
9300,0.09219358
9301,0.11148073
9302,0.11578369
9303,0.13848877
9304,0.12979127
9305,0.11187745
9306,0.12011719
9307,0.13354494
9308,0.14910889
9309,0.14865111
9310,0.16012573
9311,0.16238403
9312,0.16555783
9313,0.17144775
9314,0.17532352
9315,0.16903687
9316,0.15789792
9317,0.13229372
9318,0.11474611
9319,0.092681885
9320,0.06924439
9321,0.055419914
9322,0.033996567
9323,0.0127563365
9324,-0.0020751897
9325,-0.020233149
9326,-0.03536986
9327,-0.050292965
9328,-0.06430055
9329,-0.07150269
9330,-0.078948975
9331,-0.08740234
9332,-0.091979995
9333,-0.092346214
9334,-0.099792495
9335,-0.10192869
9336,-0.10479735
9337,-0.10165404
9338,-0.10339357
9339,-0.099090576
9340,-0.10504153
9341,-0.10284427
9342,-0.10534668
9343,-0.10110471
9344,-0.09680177
9345,-0.09237671
9346,-0.09262085
9347,-0.089660645
9348,-0.08966063
9349,-0.08831787
9350,-0.090332046
9351,-0.09350586
9352,-0.08752441
9353,-0.08706665
9354,-0.08349612
9355,-0.08248902
9356,-0.07855224
9357,-0.077056885
9358,-0.06625366
9359,-0.060729973
9360,-0.053253166
9361,-0.044128418
9362,-0.038726807
9363,-0.028869644
9364,-0.02157592
9365,-0.018188462
9366,-0.0137024075
9367,-0.0047607496
9368,0.004913315
9369,0.014343247
9370,0.018859863
9371,0.026733395
9372,0.023986802
9373,0.022888176
9374,0.020324707
9375,0.01977539
9376,0.016510004
9377,0.014373779
9378,0.014831558
9379,0.015747081
9380,0.016784675
9381,0.014129631
9382,0.012695305
9383,0.01828003
9384,0.026000999
9385,0.035064675
9386,0.04150392
9387,0.05154419
9388,0.057769775
9389,0.05496213
9390,0.05645752
9391,0.058013923
9392,0.0553589
9393,0.060699463
9394,0.056732163
9395,0.05511476
9396,0.05902101
9397,0.053436287
9398,0.05035399
9399,0.048309334
9400,0.04336548
9401,0.043121353
9402,0.03878784
9403,0.03219606
9404,0.026336685
9405,0.009490974
9406,0.0025329664
9407,-0.008972198
9408,-0.024353035
9409,-0.04824828
9410,-0.055389397
9411,-0.016571037
9412,-0.021942137
9413,-0.030822746
9414,-0.04281618
9415,-0.04885864
9416,-0.043182362
9417,-0.03781127
9418,-0.030426014
9419,-0.028564457
9420,-0.023315439
9421,-0.02261353
9422,-0.01400757
9423,-0.01229859
9424,-0.003997811
9425,-0.00024414994
9426,0.0015258752
9427,0.0033874512
9428,0.00027466752
9429,0.0059814565
9430,0.007354744
9431,0.009429937
9432,0.014373776
9433,0.013885492
9434,0.012115471
9435,0.012084976
9436,0.011322029
9437,0.009094246
9438,0.01000976
9439,0.010711668
9440,0.0052185208
9441,0.004760742
9442,-0.0026855543
9443,-0.0058288686
9444,-0.011413574
9445,-0.011688229
9446,-0.010131847
9447,-0.01309203
9448,-0.007568352
9449,-0.00784301
9450,-0.0053405724
9451,-0.002807621
9452,-6.1035156e-05
9453,0.0032043345
9454,0.008483879
9455,0.01461792
9456,0.019500727
9457,0.02749634
9458,0.02813721
9459,0.031921387
9460,0.041473374
9461,0.04464721
9462,0.051788345
9463,0.0550537
9464,0.062225327
9465,0.06576539
9466,0.06628418
9467,0.06924438
9468,0.07092284
9469,0.06683351
9470,0.06472777
9471,0.06295776
9472,0.059753418
9473,0.051605232
9474,0.04757691
9475,0.03952026
9476,0.036743164
9477,0.03567505
9478,0.023956303
9479,0.02130127
9480,0.010253906
9481,0.008605957
9482,0.005584713
9483,-0.0030517578
9484,-0.012481689
9485,-0.022705074
9486,-0.03393556
9487,-0.044067368
9488,-0.04714967
9489,-0.05447389
9490,-0.055908196
9491,-0.05731201
9492,-0.060485844
9493,-0.05319213
9494,-0.05630494
9495,-0.05993654
9496,-0.057739258
9497,-0.062164314
9498,-0.06210329
9499,-0.06573488
9500,-0.066467285
9501,-0.06542969
9502,-0.0644226
9503,-0.06567382
9504,-0.06167603
9505,-0.058685314
9506,-0.047515873
9507,-0.03869629
9508,-0.035034172
9509,-0.028228752
9510,-0.02267456
9511,-0.019165039
9512,-0.017181389
9513,-0.015533429
9514,-0.011688244
9515,-0.013183605
9516,-0.006927505
9517,-0.0025634617
9518,0.0044860803
9519,0.009307867
9520,0.012512201
9521,0.017730705
9522,0.01495362
9523,0.015930176
9524,0.018798832
9525,0.022155762
9526,0.015258787
9527,0.013641355
9528,0.009277353
9529,0.0008849949
9530,-0.0052185208
9531,-0.011169435
9532,-0.016448986
9533,-0.021911621
9534,-0.022796625
9535,-0.01660156
9536,-0.0071411133
9537,-0.0066528283
9538,-0.00012205914
9539,0.0023498721
9540,0.0055542104
9541,0.010498036
9542,0.011749286
9543,0.012176514
9544,0.0050353967
9545,0.00030516647
9546,-0.012451176
9547,-0.020782486
9548,-0.0354309
9549,-0.04745482
9550,-0.059661865
9551,-0.06533813
9552,-0.07260133
9553,-0.07678223
9554,-0.06869507
9555,-0.05947876
9556,-0.04675293
9557,-0.031005861
9558,-0.01577759
9559,-0.0049438477
9560,0.008056648
9561,0.017669655
9562,0.020538326
9563,0.020507803
9564,0.02133179
9565,0.021881096
9566,0.017120354
9567,0.013000477
9568,0.010772698
9569,0.005371105
9570,0.0057678223
9571,0.007476803
9572,0.01171875
9573,0.017211903
9574,0.02993774
9575,0.037139893
9576,0.04147338
9577,0.04318237
9578,0.0513916
9579,0.05490113
9580,0.056945805
9581,0.055267327
9582,0.058990482
9583,0.060394287
9584,0.06185913
9585,0.069366455
9586,0.07641601
9587,0.08178711
9588,0.08514404
9589,0.09164429
9590,0.097778335
9591,0.09918213
9592,0.099853516
9593,0.097930916
9594,0.09558107
9595,0.100830086
9596,0.084808335
9597,0.063507095
9598,0.05752561
9599,0.04727174
9600,0.033691406
9601,0.026184075
9602,0.024597168
9603,0.012268059
9604,0.004791271
9605,-0.004516609
9606,-0.016143799
9607,-0.015502948
9608,-0.02398681
9609,-0.03497314
9610,-0.044769295
9611,-0.056243896
9612,-0.06912232
9613,-0.07806397
9614,-0.08609009
9615,-0.08810424
9616,-0.08999633
9617,-0.089050286
9618,-0.08239746
9619,-0.08279418
9620,-0.086822495
9621,-0.08618164
9622,-0.09164429
9623,-0.09375
9624,-0.09561154
9625,-0.08782963
9626,-0.08175663
9627,-0.072845414
9628,-0.067932144
9629,-0.063079834
9630,-0.0583496
9631,-0.050262462
9632,-0.04000857
9633,-0.034759548
9634,-0.027862534
9635,-0.020935059
9636,-0.0087280385
9637,-0.012146004
9638,-0.016265873
9639,-0.016052246
9640,-0.0120849535
9641,-0.005462654
9642,-0.0018920843
9643,0.0080871545
9644,0.010650623
9645,0.021026604
9646,0.029785164
9647,0.0411377
9648,0.039093018
9649,0.039276123
9650,0.035095222
9651,0.035339348
9652,0.028045656
9653,0.025482178
9654,0.020812996
9655,0.021759033
9656,0.024230942
9657,0.028320305
9658,0.028320305
9659,0.030944835
9660,0.03137207
9661,0.031311046
9662,0.0309143
9663,0.03347779
9664,0.03997804
9665,0.0421753
9666,0.04638672
9667,0.04666137
9668,0.050964355
9669,0.05368042
9670,0.057128903
9671,0.062561035
9672,0.07095337
9673,0.07406616
9674,0.07495119
9675,0.068359375
9676,0.06558227
9677,0.053070076
9678,0.0409851
9679,0.025817875
9680,0.00939941
9681,0.0061035203
9682,0.0004272433
9683,0.007934602
9684,0.015380867
9685,0.020690972
9686,0.02536012
9687,0.03265381
9688,0.049072266
9689,0.05856324
9690,0.07138062
9691,0.0717163
9692,0.07498169
9693,0.068603516
9694,0.07037353
9695,0.07348633
9696,0.08041382
9697,0.08380126
9698,0.080718994
9699,0.07498168
9700,0.059661854
9701,0.042510986
9702,0.018005364
9703,-0.009490969
9704,-0.038970947
9705,-0.06817626
9706,-0.08874512
9707,-0.10272218
9708,-0.110229485
9709,-0.10256958
9710,-0.104400635
9711,-0.10525512
9712,-0.069854744
9713,-0.049102776
9714,-0.030548083
9715,-0.0105896
9716,0.0027770996
9717,0.011413537
9718,0.021667458
9719,0.05471804
9720,0.048980683
9721,0.013763472
9722,0.0026855618
9723,0.008941643
9724,-0.008331291
9725,-0.023010254
9726,-0.035949703
9727,-0.0463562
9728,-0.05902098
9729,-0.09344481
9730,-0.12826538
9731,-0.16363525
9732,-0.19577028
9733,-0.21670532
9734,-0.23388672
9735,-0.24142456
9736,-0.23348999
9737,-0.20803833
9738,-0.16851807
9739,-0.12805176
9740,-0.10028077
9741,-0.08160401
9742,-0.07662963
9743,-0.078063965
9744,-0.078948975
9745,-0.08236694
9746,-0.08917236
9747,-0.08917236
9748,-0.08834841
9749,-0.08679199
9750,-0.08786009
9751,-0.08306885
9752,-0.07940674
9753,-0.07199096
9754,-0.06781006
9755,-0.056213394
9756,-0.043701187
9757,-0.027801506
9758,-0.008300781
9759,0.010986336
9760,0.044372562
9761,0.07635494
9762,0.11874387
9763,0.1500549
9764,0.17382814
9765,0.20437622
9766,0.22042847
9767,0.22686768
9768,0.23785397
9769,0.24642944
9770,0.24731442
9771,0.23339845
9772,0.20675656
9773,0.20010379
9774,0.22454832
9775,0.21243286
9776,0.17572023
9777,0.1671753
9778,0.16888423
9779,0.15682983
9780,0.12753293
9781,0.09140015
9782,0.07678221
9783,0.067840576
9784,0.053619377
9785,0.031738274
9786,0.015991213
9787,-0.00198365
9788,-0.02600097
9789,-0.050659187
9790,-0.08078003
9791,-0.101165764
9792,-0.11071777
9793,-0.12982173
9794,-0.14099124
9795,-0.16354369
9796,-0.17071536
9797,-0.18606567
9798,-0.19305423
9799,-0.19897458
9800,-0.20254517
9801,-0.20352167
9802,-0.20254517
9803,-0.19497687
9804,-0.1796875
9805,-0.15789792
9806,-0.13116455
9807,-0.098541245
9808,-0.064147934
9809,-0.028930675
9810,0.0032958835
9811,0.035247803
9812,0.06411745
9813,0.08758544
9814,0.10821534
9815,0.12808229
9816,0.14617924
9817,0.15780634
9818,0.16223149
9819,0.16156003
9820,0.15548706
9821,0.14276125
9822,0.12829591
9823,0.1077881
9824,0.08703609
9825,0.062805176
9826,0.04208375
9827,0.025512688
9828,0.010284439
9829,-0.005157467
9830,-0.018402085
9831,-0.029541017
9832,-0.042236317
9833,-0.051513683
9834,-0.056182876
9835,-0.061737064
9836,-0.0697937
9837,-0.07626343
9838,-0.08547975
9839,-0.090972915
9840,-0.088714615
9841,-0.09069824
9842,-0.08682252
9843,-0.08288576
9844,-0.07684328
9845,-0.074951164
9846,-0.070556656
9847,-0.070220955
9848,-0.07217407
9849,-0.07611083
9850,-0.08047484
9851,-0.07937622
9852,-0.08248899
9853,-0.07885742
9854,-0.07983397
9855,-0.07458497
9856,-0.06710815
9857,-0.05682373
9858,-0.044281013
9859,-0.033905026
9860,-0.014465332
9861,-0.0030212402
9862,0.0137024075
9863,0.029113777
9864,0.043762207
9865,0.05047608
9866,0.06799318
9867,0.081787094
9868,0.097778305
9869,0.111694336
9870,0.12893677
9871,0.14401244
9872,0.16064455
9873,0.16775511
9874,0.17468262
9875,0.18060303
9876,0.1847534
9877,0.18911742
9878,0.18801881
9879,0.18936157
9880,0.18145752
9881,0.17767332
9882,0.1668396
9883,0.15350343
9884,0.13934326
9885,0.12582397
9886,0.1116333
9887,0.09194947
9888,0.077697754
9889,0.057250984
9890,0.03875734
9891,0.022674553
9892,0.003662102
9893,-0.007781986
9894,-0.02084351
9895,-0.03277588
9896,-0.04263306
9897,-0.058868416
9898,-0.06512451
9899,-0.06997681
9900,-0.06835937
9901,-0.066131584
9902,-0.06542967
9903,-0.06356812
9904,-0.062194847
9905,-0.06317139
9906,-0.06597901
9907,-0.06765744
9908,-0.06927491
9909,-0.06585693
9910,-0.06701658
9911,-0.067810066
9912,-0.07369995
9913,-0.072631836
9914,-0.06857301
9915,-0.07055664
9916,-0.065185554
9917,-0.06387328
9918,-0.06015014
9919,-0.057037354
9920,-0.050048828
9921,-0.046752945
9922,-0.039367706
9923,-0.030639634
9924,-0.026306167
9925,-0.019866936
9926,-0.014770493
9927,-0.01361084
9928,-0.009124748
9929,-0.010955818
9930,-0.009796128
9931,-0.011383057
9932,-0.0119018555
9933,-0.009124756
9934,-0.011047356
9935,-0.009674057
9936,-0.016815186
9937,-0.017669678
9938,-0.02139283
9939,-0.022918701
9940,-0.028503425
9941,-0.028594978
9942,-0.033599857
9943,-0.041503906
9944,-0.037384026
9945,-0.037414566
9946,-0.034820586
9947,-0.03173828
9948,-0.028655976
9949,-0.025421157
9950,-0.02346801
9951,-0.020965591
9952,-0.018188484
9953,-0.011413582
9954,-0.008972153
9955,-0.01821898
9956,-0.02841185
9957,-0.029693604
9958,-0.023864739
9959,-0.01861573
9960,-0.023590088
9961,-0.021667488
9962,-0.028533928
9963,-0.030487075
9964,-0.043365464
9965,-0.054748535
9966,-0.060638428
9967,-0.04931639
9968,-0.013092045
9969,0.021698
9970,0.03802491
9971,0.029449457
9972,0.0100402925
9973,-0.017211912
9974,-0.034393303
9975,-0.04623413
9976,-0.037689205
9977,-0.0146484375
9978,0.024749741
9979,0.07626343
9980,0.10974121
9981,0.12005615
9982,0.1156311
9983,0.10479736
9984,0.091430664
9985,0.077697754
9986,0.0574646
9987,0.04034424
9988,0.020935073
9989,0.013916001
9990,0.014068611
9991,0.028503418
9992,0.043701172
9993,0.061157227
9994,0.08602904
9995,0.106048584
9996,0.1276245
9997,0.14709467
9998,0.15829475
9999,0.16583246
10000,0.15866092
10001,0.14413458
10002,0.11590575
10003,0.07476807
10004,0.018493637
10005,-0.039520267
10006,-0.0899353
10007,-0.13244627
10008,-0.16195677
10009,-0.18682861
10010,-0.19570921
10011,-0.18963625
10012,-0.18121336
10013,-0.17251585
10014,-0.16085814
10015,-0.14184572
10016,-0.12622072
10017,-0.102050774
10018,-0.07788088
10019,-0.05496215
10020,-0.022674562
10021,0.00582885
10022,0.042846683
10023,0.0680542
10024,0.09423829
10025,0.117340095
10026,0.13903809
10027,0.15509033
10028,0.16375732
10029,0.16452026
10030,0.16052246
10031,0.14758301
10032,0.14782718
10033,0.13934326
10034,0.12744139
10035,0.11456297
10036,0.10855101
10037,0.08352661
10038,0.046417236
10039,0.0032348707
10040,-0.018249527
10041,-0.030578613
10042,-0.054870605
10043,-0.09237671
10044,-0.11059575
10045,-0.09024042
10046,-0.03466797
10047,-0.004486084
10048,-0.02740477
10049,-0.005004883
10050,0.05722046
10051,0.08148192
10052,0.09750367
10053,0.08432008
10054,0.07852174
10055,0.10107421
10056,0.13403322
10057,0.16870114
10058,0.18688963
10059,0.209137
10060,0.21441652
10061,0.20706177
10062,0.17596434
10063,0.13201904
10064,0.08502196
10065,0.048797596
10066,0.023406986
10067,0.013305657
10068,0.014801033
10069,0.025909431
10070,0.041381866
10071,0.058471665
10072,0.08227539
10073,0.09713745
10074,0.10778807
10075,0.111144975
10076,0.103759795
10077,0.07952882
10078,0.03372191
10079,-0.011749268
10080,-0.06298827
10081,-0.11883545
10082,-0.1734619
10083,-0.23144534
10084,-0.28308108
10085,-0.33731085
10086,-0.38790888
10087,-0.43005365
10088,-0.4689026
10089,-0.4910279
10090,-0.5078736
10091,-0.5067443
10092,-0.50344855
10093,-0.4883423
10094,-0.4678344
10095,-0.44699103
10096,-0.41580203
10097,-0.394226
10098,-0.36611944
10099,-0.34249884
10100,-0.31661987
10101,-0.28994748
10102,-0.2583313
10103,-0.22637936
10104,-0.19039918
10105,-0.14819336
10106,-0.104400635
10107,-0.05349731
10108,-0.005615242
10109,0.03781128
10110,0.07611084
10111,0.11547851
10112,0.14059448
10113,0.1628418
10114,0.18249515
10115,0.19384763
10116,0.19854736
10117,0.20449829
10118,0.20010374
10119,0.19851685
10120,0.19555663
10121,0.18832397
10122,0.18728638
10123,0.18435669
10124,0.16677858
10125,0.15457153
10126,0.14672852
10127,0.14324948
10128,0.14205934
10129,0.15371707
10130,0.16467285
10131,0.14721678
10132,0.12023927
10133,0.08535766
10134,0.055999745
10135,0.04467773
10136,0.06378174
10137,0.113922104
10138,0.1695251
10139,0.20492555
10140,0.22244258
10141,0.21136475
10142,0.15380858
10143,0.08767701
10144,0.0253296
10145,-0.02902222
10146,-0.08068849
10147,-0.12692262
10148,-0.17013551
10149,-0.19750977
10150,-0.20358276
10151,-0.19897461
10152,-0.1784668
10153,-0.14575195
10154,-0.090545654
10155,-0.02651976
10156,0.042022705
10157,0.09765625
10158,0.1312562
10159,0.1462403
10160,0.15399171
10161,0.16519174
10162,0.18164071
10163,0.18240355
10164,0.17367558
10165,0.14801025
10166,0.10668945
10167,0.06311035
10168,0.0105590895
10169,-0.030303951
10170,-0.064331055
10171,-0.07559205
10172,-0.07321167
10173,-0.056701668
10174,-0.024871826
10175,0.015197756
10176,0.06155397
10177,0.11260985
10178,0.1669617
10179,0.20947266
10180,0.24758911
10181,0.27920532
10182,0.29638666
10183,0.324524
10184,0.3090515
10185,0.28710938
10186,0.27886963
10187,0.24023439
10188,0.20138548
10189,0.16995241
10190,0.1828003
10191,0.14801027
10192,0.07098388
10193,0.053710938
10194,0.048004158
10195,0.043457046
10196,0.021423325
10197,-0.008117691
10198,-0.01620482
10199,-0.0020752177
10200,0.0026244968
10201,-0.020568848
10202,-0.066284165
10203,-0.10162354
10204,-0.13458256
10205,-0.18170172
10206,-0.23492427
10207,-0.28128046
10208,-0.29373175
10209,-0.27575678
10210,-0.2078247
10211,-0.11779787
10212,-0.013946528
10213,0.08721922
10214,0.17422481
10215,0.24414068
10216,0.2837829
10217,0.3085633
10218,0.31396493
10219,0.3063355
10220,0.29760736
10221,0.27423102
10222,0.24902338
10223,0.19891351
10224,0.14208992
10225,0.06863405
10226,-0.013427749
10227,-0.10852049
10228,-0.21249388
10229,-0.30355835
10230,-0.39636236
10231,-0.47256476
10232,-0.5331422
10233,-0.5835876
10234,-0.6094666
10235,-0.6201173
10236,-0.6088258
10237,-0.58386225
10238,-0.53906256
10239,-0.48852545
10240,-0.4283753
10241,-0.35443115
10242,-0.2825317
10243,-0.2025757
10244,-0.12777708
10245,-0.060333237
10246,-0.0026855357
10247,0.055114746
10248,0.10083008
10249,0.13638304
10250,0.16033936
10251,0.17639157
10252,0.17932129
10253,0.18048099
10254,0.16888428
10255,0.16833496
10256,0.15866087
10257,0.15643312
10258,0.14718626
10259,0.12902834
10260,0.11584471
10261,0.09210204
10262,0.077362075
10263,0.060699455
10264,0.048004154
10265,0.039459225
10266,0.028839115
10267,0.029266357
10268,0.023254395
10269,0.023498539
10270,0.025268558
10271,0.023010258
10272,0.016326917
10273,0.015441883
10274,0.015075676
10275,0.014648441
10276,0.010345448
10277,0.009307861
10278,-0.002899155
10279,-0.007904053
10280,-0.022583
10281,-0.027404808
10282,-0.03366091
10283,-0.03768921
10284,-0.037811264
10285,-0.040191665
10286,-0.034698486
10287,-0.03552246
10288,-0.026336677
10289,-0.020141594
10290,0.017150894
10291,0.030853279
10292,0.023834221
10293,0.042968754
10294,0.048309337
10295,0.060760483
10296,0.06723024
10297,0.07528685
10298,0.0762024
10299,0.072448745
10300,0.075622536
10301,0.06619263
10302,0.06359863
10303,0.056915298
10304,0.051757827
10305,0.048309326
10306,0.04660034
10307,0.039367676
10308,0.03829955
10309,0.03506471
10310,0.035552975
10311,0.043853737
10312,0.05142212
10313,0.053222664
10314,0.051605225
10315,0.05551148
10316,0.06555175
10317,0.074096665
10318,0.08343506
10319,0.08462523
10320,0.084564224
10321,0.08187865
10322,0.07489013
10323,0.06903075
10324,0.068023674
10325,0.06311037
10326,0.053833008
10327,0.039001457
10328,0.030914318
10329,0.012359612
10330,0.0042419285
10331,-0.005706787
10332,-0.018310562
10333,-0.03302002
10334,-0.042724602
10335,-0.051879875
10336,-0.06506348
10337,-0.07989499
10338,-0.094085686
10339,-0.10852051
10340,-0.119964585
10341,-0.13412479
10342,-0.14147946
10343,-0.14697264
10344,-0.14791867
10345,-0.14611813
10346,-0.148407
10347,-0.14315797
10348,-0.13742064
10349,-0.13256833
10350,-0.13192749
10351,-0.12646484
10352,-0.12078856
10353,-0.11230469
10354,-0.10873412
10355,-0.10781859
10356,-0.098968506
10357,-0.09222411
10358,-0.085235596
10359,-0.08319092
10360,-0.080932625
10361,-0.07852171
10362,-0.07397461
10363,-0.06915285
10364,-0.06347658
10365,-0.0520935
10366,-0.04473878
10367,-0.031494133
10368,-0.011779785
10369,0.0012512235
10370,0.01733398
10371,0.027984625
10372,0.04223632
10373,0.051147446
10374,0.062225346
10375,0.066589326
10376,0.07238768
10377,0.07748414
10378,0.07958984
10379,0.083313
10380,0.08529664
10381,0.092041016
10382,0.095306374
10383,0.0982666
10384,0.09280395
10385,0.09191896
10386,0.078521736
10387,0.07327269
10388,0.06961061
10389,0.06414795
10390,0.060394257
10391,0.053405754
10392,0.05108642
10393,0.04486085
10394,0.049285904
10395,0.05361937
10396,0.06005861
10397,0.07052614
10398,0.08419801
10399,0.07885743
10400,0.06655884
10401,0.056610107
10402,0.060791016
10403,0.07287598
10404,0.08950806
10405,0.10272217
10406,0.113861084
10407,0.12869263
10408,0.12625122
10409,0.11898804
10410,0.09518432
10411,0.07366942
10412,0.049255356
10413,0.035919208
10414,0.018127436
10415,0.006011959
10416,0.0028076284
10417,0.002319336
10418,0.005035389
10419,0.004364006
10420,0.011688225
10421,0.012115456
10422,0.014801025
10423,0.016632058
10424,0.01855468
10425,0.020965561
10426,0.025634773
10427,0.030456558
10428,0.033966076
10429,0.036987305
10430,0.04531861
10431,0.048736565
10432,0.048858657
10433,0.04223634
10434,0.024688732
10435,0.008697508
10436,-0.017852785
10437,-0.037109382
10438,-0.064758316
10439,-0.08682251
10440,-0.10269165
10441,-0.11489867
10442,-0.11709594
10443,-0.10955811
10444,-0.10491944
10445,-0.10342407
10446,-0.10195922
10447,-0.10195923
10448,-0.09988403
10449,-0.102264404
10450,-0.10046387
10451,-0.10269164
10452,-0.10806274
10453,-0.11505126
10454,-0.12377929
10455,-0.1354065
10456,-0.13839722
10457,-0.14535524
10458,-0.14154053
10459,-0.14916992
10460,-0.14978027
10461,-0.15237427
10462,-0.14535522
10463,-0.13452148
10464,-0.12164308
10465,-0.10162353
10466,-0.084228516
10467,-0.066253655
10468,-0.04992675
10469,-0.023590084
10470,0.0022277907
10471,0.030853294
10472,0.062377937
10473,0.09051515
10474,0.10711671
10475,0.120727554
10476,0.12539673
10477,0.13018797
10478,0.13284302
10479,0.14175415
10480,0.14962769
10481,0.13140869
10482,0.13241577
10483,0.1222229
10484,0.11135864
10485,0.10147093
10486,0.0965271
10487,0.07064821
10488,0.03756714
10489,0.010803225
10490,0.009002691
10491,0.013854983
10492,-0.004089346
10493,-0.031280503
10494,-0.050415047
10495,-0.049804673
10496,-0.03341671
10497,-0.026031524
10498,-0.037384056
10499,-0.05410763
10500,-0.09063717
10501,-0.1112671
10502,-0.13150027
10503,-0.14111324
10504,-0.13030997
10505,-0.11068725
10506,-0.08294679
10507,-0.06155394
10508,-0.036590576
10509,-0.022796646
10510,-0.007293701
10511,-0.007110607
10512,-0.018035907
10513,-0.030242912
10514,-0.05892945
10515,-0.088134766
10516,-0.11218265
10517,-0.13906866
10518,-0.14752196
10519,-0.13662724
10520,-0.111267105
10521,-0.075347945
10522,-0.028198272
10523,0.018432617
10524,0.078552246
10525,0.12625124
10526,0.15979
10527,0.19235227
10528,0.22970575
10529,0.27520758
10530,0.3041687
10531,0.33547974
10532,0.34631348
10533,0.36279297
10534,0.3675232
10535,0.35525516
10536,0.33300784
10537,0.30984494
10538,0.29107666
10539,0.25686643
10540,0.2375793
10541,0.21252444
10542,0.18338013
10543,0.15002438
10544,0.1166687
10545,0.093688965
10546,0.07800293
10547,0.056091316
10548,0.036590584
10549,0.024108887
10550,0.007873552
10551,-0.007232666
10552,-0.01239012
10553,-0.013916027
10554,-0.00042725913
10555,0.011322016
10556,0.01983644
10557,0.0138854785
10558,-0.011840848
10559,-0.03973387
10560,-0.07003785
10561,-0.107940674
10562,-0.13897707
10563,-0.15124512
10564,-0.15237427
10565,-0.14355469
10566,-0.12515259
10567,-0.109436035
10568,-0.095581055
10569,-0.086120605
10570,-0.061553955
10571,-0.036682133
10572,-0.009552002
10573,0.008850105
10574,0.019042969
10575,0.0036315843
10576,-0.067596436
10577,-0.0991516
10578,-0.12982178
10579,-0.14489748
10580,-0.16897586
10581,-0.1838989
10582,-0.19836426
10583,-0.19744872
10584,-0.1891785
10585,-0.17727663
10586,-0.17208868
10587,-0.1722107
10588,-0.17303467
10589,-0.16995238
10590,-0.15847778
10591,-0.15875244
10592,-0.13534546
10593,-0.108581565
10594,-0.07446289
10595,-0.05694581
10596,-0.040710457
10597,-0.016845698
10598,-0.015350342
10599,-0.025787357
10600,-0.02099608
10601,-0.03567504
10602,-0.07400513
10603,-0.1032715
10604,-0.12295535
10605,-0.1377258
10606,-0.15298462
10607,-0.15933228
10608,-0.16403194
10609,-0.13613892
10610,-0.09347536
10611,-0.04138184
10612,0.0122070275
10613,0.061279316
10614,0.10263064
10615,0.14614868
10616,0.18115237
10617,0.19354245
10618,0.16333012
10619,0.18554688
10620,0.22103885
10621,0.19891362
10622,0.16165158
10623,0.13247685
10624,0.10134885
10625,0.01940919
10626,-0.044219963
10627,-0.0846558
10628,-0.11254879
10629,-0.12139895
10630,-0.14343259
10631,-0.1694336
10632,-0.19430546
10633,-0.20697023
10634,-0.20779416
10635,-0.18661503
10636,-0.14633179
10637,-0.09854126
10638,-0.039520264
10639,0.019683838
10640,0.06594849
10641,0.09140016
10642,0.08901981
10643,0.071289025
10644,0.04110722
10645,0.011932395
10646,-0.015350344
10647,-0.034698486
10648,-0.05233769
10649,-0.06304929
10650,-0.06259155
10651,-0.048797563
10652,-0.022674546
10653,0.004302945
10654,0.03918454
10655,0.07272338
10656,0.10949707
10657,0.15243532
10658,0.18014526
10659,0.21197508
10660,0.23632812
10661,0.25671387
10662,0.27154538
10663,0.27789313
10664,0.2753601
10665,0.26855466
10666,0.2510986
10667,0.23654175
10668,0.2263489
10669,0.20861821
10670,0.1905823
10671,0.17727661
10672,0.16464236
10673,0.15988162
10674,0.15536502
10675,0.14880373
10676,0.1340332
10677,0.118560776
10678,0.09802247
10679,0.07394408
10680,0.055786148
10681,0.040252704
10682,0.025207527
10683,0.0071106404
10684,-0.010833755
10685,-0.028472945
10686,-0.043273896
10687,-0.04418944
10688,-0.055175766
10689,-0.06988524
10690,-0.08059693
10691,-0.08886723
10692,-0.10263064
10693,-0.11303711
10694,-0.12265016
10695,-0.13800049
10696,-0.14108276
10697,-0.13891603
10698,-0.14459227
10699,-0.14062503
10700,-0.13864134
10701,-0.13293459
10702,-0.13497925
10703,-0.1262207
10704,-0.116394036
10705,-0.10491945
10706,-0.09533693
10707,-0.09359741
10708,-0.09390259
10709,-0.102569565
10710,-0.1133728
10711,-0.13095094
10712,-0.14175415
10713,-0.15679932
10714,-0.1640625
10715,-0.16732788
10716,-0.16717531
10717,-0.16607665
10718,-0.16256714
10719,-0.15414429
10720,-0.13928223
10721,-0.112701416
10722,-0.10015869
10723,-0.0857849
10724,-0.07681277
10725,-0.06124877
10726,-0.052185073
10727,-0.042480484
10728,-0.03668213
10729,-0.033203136
10730,-0.031829827
10731,-0.032745365
10732,-0.0361328
10733,-0.034393318
10734,-0.039184585
10735,-0.042846687
10736,-0.04751587
10737,-0.055786125
10738,-0.06375122
10739,-0.060729995
10740,-0.05856324
10741,-0.05331421
10742,-0.03845215
10743,-0.02642823
10744,-0.012420632
10745,0.010528572
10746,0.033508286
10747,0.063018784
10748,0.08337402
10749,0.106353775
10750,0.13076782
10751,0.13961792
10752,0.14096071
10753,0.14138791
10754,0.16256714
10755,0.17825317
10756,0.1899719
10757,0.19995116
10758,0.20410158
10759,0.20828247
10760,0.20843503
10761,0.21176147
10762,0.20050049
10763,0.18460083
10764,0.16619872
10765,0.14901733
10766,0.13208006
10767,0.11169435
10768,0.09579469
10769,0.08581544
10770,0.077880874
10771,0.07821657
10772,0.073394775
10773,0.06927492
10774,0.067413345
10775,0.060546886
10776,0.059417743
10777,0.049072266
10778,0.049194336
10779,0.046386726
10780,0.054229688
10781,0.0620422
10782,0.07446289
10783,0.085510224
10784,0.09518428
10785,0.09823606
10786,0.085449204
10787,0.0746765
10788,0.05368045
10789,0.04083246
10790,0.02746582
10791,0.018676773
10792,0.011993401
10793,-0.0010070801
10794,-0.010375991
10795,-0.02017209
10796,-0.023895264
10797,-0.029327393
10798,-0.03552246
10799,-0.048431426
10800,-0.05987549
10801,-0.06982422
10802,-0.0982666
10803,-0.10968019
10804,-0.11001587
10805,-0.10665895
10806,-0.10372925
10807,-0.098114
10808,-0.095123306
10809,-0.09118653
10810,-0.07870483
10811,-0.07009889
10812,-0.058135998
10813,-0.050262447
10814,-0.040191654
10815,-0.042236328
10816,-0.051666275
10817,-0.062988274
10818,-0.07751465
10819,-0.096008316
10820,-0.11221314
10821,-0.122070335
10822,-0.13250734
10823,-0.13424683
10824,-0.13763426
10825,-0.14407349
10826,-0.14453124
10827,-0.14779663
10828,-0.14547731
10829,-0.14190674
10830,-0.1377869
10831,-0.12905884
10832,-0.11981203
10833,-0.109893814
10834,-0.09747313
10835,-0.08428956
10836,-0.07751465
10837,-0.060180675
10838,-0.045227066
10839,-0.037078872
10840,-0.023895249
10841,-0.012847899
10842,-0.0028686523
10843,0.0034179837
10844,0.01846312
10845,0.02725219
10846,0.04318237
10847,0.05712892
10848,0.06271362
10849,0.06835939
10850,0.07135012
10851,0.074249275
10852,0.07510373
10853,0.08334351
10854,0.09542846
10855,0.11251832
10856,0.12271118
10857,0.13265991
10858,0.13778687
10859,0.13894655
10860,0.13204956
10861,0.11053466
10862,0.0873108
10863,0.062377907
10864,0.039733894
10865,0.033172607
10866,0.035217267
10867,0.041625988
10868,0.05395508
10869,0.071044914
10870,0.0961609
10871,0.109252915
10872,0.114990234
10873,0.12530519
10874,0.13446045
10875,0.14108276
10876,0.13665773
10877,0.11199952
10878,0.07897949
10879,0.028625496
10880,-0.016784668
10881,-0.05911255
10882,-0.08450313
10883,-0.09582518
10884,-0.09167476
10885,-0.07504274
10886,-0.05184935
10887,-0.026580796
10888,-0.009582534
10889,0.011047363
10890,0.022796646
10891,0.028045647
10892,0.030181885
10893,0.02841185
10894,0.024505638
10895,0.014587395
10896,0.0008239858
10897,-0.011199959
10898,-0.020935059
10899,-0.036376968
10900,-0.050445557
10901,-0.06558229
10902,-0.07998656
10903,-0.09277345
10904,-0.10974121
10905,-0.1184082
10906,-0.12820435
10907,-0.13204956
10908,-0.12963867
10909,-0.11856078
10910,-0.104736336
10911,-0.085052535
10912,-0.055511475
10913,-0.023498528
10914,0.014221191
10915,0.04779052
10916,0.0730591
10917,0.11892702
10918,0.15853883
10919,0.18045042
10920,0.18930055
10921,0.19259645
10922,0.19427493
10923,0.1925659
10924,0.17715454
10925,0.14770505
10926,0.1458435
10927,0.12994386
10928,0.09371947
10929,0.06762695
10930,0.044281002
10931,0.019775402
10932,-0.00784301
10933,-0.032012947
10934,-0.03765869
10935,-0.05569458
10936,-0.096405044
10937,-0.14425658
10938,-0.19769289
10939,-0.24871829
10940,-0.28726202
10941,-0.3053283
10942,-0.305603
10943,-0.28881836
10944,-0.25238037
10945,-0.21948242
10946,-0.19470215
10947,-0.17779544
10948,-0.18283081
10949,-0.19610597
10950,-0.2182007
10951,-0.24816902
10952,-0.2762451
10953,-0.3024292
10954,-0.31652832
10955,-0.3147888
10956,-0.29742432
10957,-0.26385498
10958,-0.21331784
10959,-0.15008548
10960,-0.08688354
10961,-0.021392826
10962,0.0324402
10963,0.09246828
10964,0.1433411
10965,0.19018555
10966,0.23703004
10967,0.26992804
10968,0.29278558
10969,0.31204227
10970,0.31701657
10971,0.322876
10972,0.31961063
10973,0.31137088
10974,0.3015137
10975,0.27981564
10976,0.26370233
10977,0.2313537
10978,0.20620733
10979,0.17681889
10980,0.14801028
10981,0.12640381
10982,0.10021973
10983,0.08255004
10984,0.058532715
10985,0.04379272
10986,0.02963256
10987,0.013397206
10988,-0.0080566555
10989,-0.018127453
10990,-0.043212928
10991,-0.05343625
10992,-0.061248727
10993,-0.062072765
10994,-0.06576534
10995,-0.06579587
10996,-0.057311967
10997,-0.053009033
10998,-0.041992158
10999,-0.030822769
11000,-0.018676715
11001,-0.0003356561
11002,0.016052239
11003,0.035003662
11004,0.052185036
11005,0.06781006
11006,0.07861327
11007,0.0888672
11008,0.09799196
11009,0.09948731
11010,0.110168435
11011,0.10980224
11012,0.113647446
11013,0.113281235
11014,0.10235596
11015,0.09985353
11016,0.09454345
11017,0.08883667
11018,0.07827757
11019,0.07180787
11020,0.07275389
11021,0.066314705
11022,0.06060791
11023,0.05581665
11024,0.05215454
11025,0.040374763
11026,0.03842164
11027,0.026855474
11028,0.009002682
11029,0.00042724796
11030,-0.015960699
11031,-0.024139406
11032,-0.03393554
11033,-0.044464104
11034,-0.05557251
11035,-0.0566101
11036,-0.06796265
11037,-0.07919311
11038,-0.0845337
11039,-0.09082032
11040,-0.09222412
11041,-0.086486824
11042,-0.09106447
11043,-0.085571274
11044,-0.08187866
11045,-0.07922363
11046,-0.08029175
11047,-0.09140014
11048,-0.092620835
11049,-0.10101319
11050,-0.098358154
11051,-0.098632805
11052,-0.103027344
11053,-0.10513306
11054,-0.11038208
11055,-0.11331177
11056,-0.118255615
11057,-0.1097107
11058,-0.107971184
11059,-0.102386475
11060,-0.10375976
11061,-0.11102296
11062,-0.11636351
11063,-0.12634277
11064,-0.12496949
11065,-0.1267395
11066,-0.12139891
11067,-0.11227417
11068,-0.10009764
11069,-0.08224487
11070,-0.06588744
11071,-0.05065918
11072,-0.035919182
11073,-0.013397215
11074,0.0065612867
11075,0.01678466
11076,0.03448486
11077,0.04650879
11078,0.069549575
11079,0.085235596
11080,0.098327644
11081,0.10845947
11082,0.116607666
11083,0.124938965
11084,0.12786865
11085,0.13217165
11086,0.13128662
11087,0.13305664
11088,0.13146974
11089,0.13360596
11090,0.13320923
11091,0.14056396
11092,0.14578247
11093,0.1453247
11094,0.14233398
11095,0.13534546
11096,0.12652586
11097,0.07363893
11098,0.06332398
11099,0.069183335
11100,0.002746584
11101,-0.02841186
11102,-0.03555298
11103,-0.08096315
11104,-0.09976197
11105,-0.10107421
11106,-0.114959724
11107,-0.11608887
11108,-0.11962892
11109,-0.12783813
11110,-0.12017823
11111,-0.12673952
11112,-0.11795044
11113,-0.11492918
11114,-0.11563111
11115,-0.11785889
11116,-0.10684204
11117,-0.10317994
11118,-0.0923767
11119,-0.08282471
11120,-0.07232666
11121,-0.062377922
11122,-0.04721071
11123,-0.034851074
11124,-0.024566645
11125,0.0028991755
11126,0.013549799
11127,0.02844238
11128,0.03295898
11129,0.037323
11130,0.030975334
11131,0.022552483
11132,0.019531254
11133,0.019439686
11134,0.011016844
11135,0.01113892
11136,0.0045471266
11137,0.0035400465
11138,0.005645748
11139,0.010803232
11140,0.02102661
11141,0.021575928
11142,0.033020027
11143,0.03372191
11144,0.027160656
11145,0.014556885
11146,0.0144958515
11147,0.014892567
11148,0.020324707
11149,0.028656
11150,0.029205332
11151,0.030456558
11152,0.032562256
11153,0.029022213
11154,0.009918191
11155,-0.0026855469
11156,-0.008056633
11157,-0.0055541843
11158,-0.003540039
11159,0.0055236686
11160,0.023925804
11161,0.054534927
11162,0.0756836
11163,0.07977296
11164,0.07693481
11165,0.11715699
11166,0.16821289
11167,0.19741821
11168,0.20718385
11169,0.1963501
11170,0.19869998
11171,0.19851685
11172,0.1984253
11173,0.20623782
11174,0.21685791
11175,0.22454831
11176,0.21887207
11177,0.19769287
11178,0.16967773
11179,0.13500977
11180,0.111816406
11181,0.10574342
11182,0.08786011
11183,0.07623291
11184,0.048797607
11185,0.026977539
11186,-0.0006408822
11187,-0.033905074
11188,-0.0808716
11189,-0.11196895
11190,-0.12191774
11191,-0.1233215
11192,-0.13018796
11193,-0.14852911
11194,-0.16564941
11195,-0.17813107
11196,-0.17706299
11197,-0.17361452
11198,-0.15664674
11199,-0.145874
11200,-0.12451171
11201,-0.11581421
11202,-0.10006715
11203,-0.10128783
11204,-0.11569214
11205,-0.1390076
11206,-0.18319704
11207,-0.2230835
11208,-0.27532965
11209,-0.32785034
11210,-0.37271124
11211,-0.40646353
11212,-0.42330927
11213,-0.43176275
11214,-0.41937256
11215,-0.3912049
11216,-0.34750375
11217,-0.30236816
11218,-0.24725336
11219,-0.18658441
11220,-0.13693245
11221,-0.059661865
11222,0.007659884
11223,0.057739213
11224,0.10223392
11225,0.1387024
11226,0.18249516
11227,0.21841425
11228,0.2274475
11229,0.2296753
11230,0.2220154
11231,0.23822023
11232,0.23187253
11233,0.21505739
11234,0.20736694
11235,0.20358276
11236,0.21176147
11237,0.21542358
11238,0.19989014
11239,0.18157959
11240,0.15777585
11241,0.14068604
11242,0.12686153
11243,0.121856734
11244,0.12899792
11245,0.14514151
11246,0.170166
11247,0.19396976
11248,0.20285039
11249,0.20452873
11250,0.18997198
11251,0.17053226
11252,0.14416504
11253,0.10198975
11254,0.060882553
11255,0.017944336
11256,-0.03128052
11257,-0.07681275
11258,-0.115203865
11259,-0.14495847
11260,-0.16375732
11261,-0.17208862
11262,-0.16552733
11263,-0.14660646
11264,-0.11929323
11265,-0.09585571
11266,-0.06393433
11267,-0.030212406
11268,0.000396695
11269,0.037811257
11270,0.059875514
11271,0.07141118
11272,0.08526608
11273,0.10122685
11274,0.102203384
11275,0.13046265
11276,0.034881637
11277,0.042602554
11278,0.044708207
11279,0.034973115
11280,0.051025435
11281,0.030090347
11282,0.034149174
11283,0.008544892
11284,0.017303482
11285,0.008483889
11286,0.015838632
11287,0.016113298
11288,0.005554203
11289,0.00894165
11290,0.005126938
11291,-0.005828865
11292,-0.008514404
11293,0.0012512133
11294,0.0033569336
11295,0.002746597
11296,0.0032653809
11297,0.015136734
11298,0.019897468
11299,0.025421128
11300,0.020324722
11301,0.027374268
11302,0.03289795
11303,0.04513551
11304,0.051513657
11305,0.06549072
11306,0.07315065
11307,0.077941895
11308,0.08068846
11309,0.08837889
11310,0.09384155
11311,0.09561157
11312,0.09649658
11313,0.08502196
11314,0.07159424
11315,0.055572513
11316,0.039642323
11317,0.021575928
11318,0.0030212328
11319,-0.01473999
11320,-0.028320305
11321,-0.041137703
11322,-0.057098396
11323,-0.07183838
11324,-0.09167482
11325,-0.106506355
11326,-0.12338257
11327,-0.13995364
11328,-0.1521301
11329,-0.1494751
11330,-0.15774536
11331,-0.15838622
11332,-0.15649417
11333,-0.16537476
11334,-0.16897583
11335,-0.16534425
11336,-0.16329956
11337,-0.15774536
11338,-0.15084837
11339,-0.12796022
11340,-0.122528076
11341,-0.11367801
11342,-0.10601806
11343,-0.10562132
11344,-0.09475709
11345,-0.08621217
11346,-0.072235115
11347,-0.064208984
11348,-0.05410767
11349,-0.046112057
11350,-0.03616333
11351,-0.022857666
11352,-0.009613037
11353,-0.0018920973
11354,0.0040893406
11355,0.012969971
11356,0.025268555
11357,0.040161133
11358,0.07299805
11359,0.066833496
11360,0.043701187
11361,0.025817856
11362,0.002166748
11363,-0.011474609
11364,-0.014556885
11365,-0.009033218
11366,-0.0018921047
11367,0.02917479
11368,0.061279282
11369,0.07290648
11370,0.0680542
11371,0.06970215
11372,0.065826446
11373,0.06341553
11374,0.056426987
11375,0.053497285
11376,0.051300034
11377,0.055480927
11378,0.05859375
11379,0.06277466
11380,0.06832886
11381,0.062438935
11382,0.06454469
11383,0.044586197
11384,0.029510513
11385,0.017944336
11386,0.0047912598
11387,-0.007568389
11388,-0.016113289
11389,-0.031219482
11390,-0.034729015
11391,-0.039733883
11392,-0.049468994
11393,-0.04574585
11394,-0.04421997
11395,-0.03652954
11396,-0.020385746
11397,-0.022491453
11398,-0.03253173
11399,-0.044921886
11400,-0.06552123
11401,-0.08251953
11402,-0.06741333
11403,-0.031402573
11404,-0.013305679
11405,-0.0105896
11406,-0.026458725
11407,-0.053710952
11408,-0.074157715
11409,-0.092193596
11410,-0.09979247
11411,-0.0876465
11412,-0.052520752
11413,-0.0006713867
11414,0.03555298
11415,0.055847168
11416,0.07183835
11417,0.083953835
11418,0.102722175
11419,0.11773682
11420,0.1269226
11421,0.124816895
11422,0.107421875
11423,0.08010866
11424,0.050567627
11425,0.031249985
11426,0.014953598
11427,0.004577635
11428,-0.004760731
11429,-0.012664789
11430,-0.01995851
11431,-0.034637447
11432,-0.04620362
11433,-0.0401001
11434,-0.02117918
11435,0.015808098
11436,0.05236815
11437,0.087646484
11438,0.12371825
11439,0.15774544
11440,0.17864995
11441,0.18951413
11442,0.18612665
11443,0.17312612
11444,0.1593017
11445,0.1324768
11446,0.10568237
11447,0.07208252
11448,0.035369888
11449,-0.0058288537
11450,-0.0386963
11451,-0.07476805
11452,-0.09603882
11453,-0.117370576
11454,-0.13287354
11455,-0.13858032
11456,-0.13363647
11457,-0.12197874
11458,-0.09307861
11459,-0.058288574
11460,-0.017578132
11461,0.02239991
11462,0.06225587
11463,0.10299684
11464,0.14526367
11465,0.14968874
11466,0.14620972
11467,0.13534547
11468,0.0923462
11469,0.07873535
11470,0.038940437
11471,0.0071411133
11472,-0.017608639
11473,-0.05059816
11474,-0.076690674
11475,-0.1352234
11476,-0.1513672
11477,-0.12902835
11478,-0.10986328
11479,-0.11352539
11480,-0.117675796
11481,-0.12097167
11482,-0.15325929
11483,-0.20898436
11484,-0.2561035
11485,-0.28125
11486,-0.26724243
11487,-0.2442322
11488,-0.20602416
11489,-0.17370605
11490,-0.13433838
11491,-0.09674072
11492,-0.07589723
11493,-0.068481445
11494,-0.061859127
11495,-0.050262466
11496,-0.026092522
11497,0.019165054
11498,0.06381227
11499,0.127594
11500,0.19641107
11501,0.26013184
11502,0.30618292
11503,0.3406373
11504,0.3549499
11505,0.3479615
11506,0.3234558
11507,0.28161615
11508,0.23443611
11509,0.17214966
11510,0.11126709
11511,0.045196533
11512,-0.02017212
11513,-0.08248901
11514,-0.13351442
11515,-0.17706291
11516,-0.20407099
11517,-0.22412117
11518,-0.23181148
11519,-0.23052979
11520,-0.22433472
11521,-0.20849615
11522,-0.17880243
11523,-0.14181513
11524,-0.0939025
11525,-0.049102873
11526,-0.004333481
11527,0.03527835
11528,0.06607056
11529,0.09658812
11530,0.12094118
11531,0.1416321
11532,0.15664671
11533,0.16961668
11534,0.17663576
11535,0.1802063
11536,0.17886351
11537,0.1704712
11538,0.16461182
11539,0.14938354
11540,0.13879396
11541,0.12005615
11542,0.10473631
11543,0.0859375
11544,0.06088257
11545,0.04202272
11546,0.023590088
11547,0.015808113
11548,0.0054016076
11549,0.0010070764
11550,-0.0019226074
11551,-0.0028381422
11552,-0.0058593787
11553,-0.0045471266
11554,-0.0030517615
11555,0.0030212477
11556,0.0063171536
11557,0.007476799
11558,0.010223396
11559,0.0074157566
11560,-0.00296022
11561,-0.012146011
11562,-0.021514893
11563,-0.025756828
11564,-0.03570556
11565,-0.046142578
11566,-0.06259155
11567,-0.06997681
11568,-0.08639525
11569,-0.09655762
11570,-0.11074828
11571,-0.12039185
11572,-0.12951662
11573,-0.13760376
11574,-0.14474489
11575,-0.14624025
11576,-0.15014648
11577,-0.14901733
11578,-0.14730833
11579,-0.14233398
11580,-0.12850952
11581,-0.11853027
11582,-0.08364868
11583,-0.077240005
11584,-0.07818604
11585,-0.07287596
11586,-0.06613159
11587,-0.057891864
11588,-0.049591057
11589,-0.040802006
11590,-0.03317262
11591,-0.029602055
11592,-0.018188462
11593,-0.013854969
11594,-0.008666985
11595,-0.0069274986
11596,-0.0064697247
11597,0.008880614
11598,0.05078125
11599,0.05059813
11600,0.050415054
11601,0.04248046
11602,0.041534428
11603,0.041442875
11604,0.048370358
11605,0.055419922
11606,0.05798339
11607,0.0673523
11608,0.06884766
11609,0.07189941
11610,0.08016966
11611,0.084228516
11612,0.08908082
11613,0.09066774
11614,0.09860228
11615,0.099151604
11616,0.102539055
11617,0.107543945
11618,0.1048889
11619,0.09790038
11620,0.096160874
11621,0.08288572
11622,0.07479859
11623,0.06292724
11624,0.057464615
11625,0.05142213
11626,0.04266356
11627,0.038421653
11628,0.021728523
11629,0.0140686
11630,0.005035389
11631,-0.003265392
11632,-0.009399407
11633,-0.018585213
11634,-0.02020264
11635,-0.021057125
11636,-0.021331783
11637,-0.015930172
11638,-0.014801027
11639,-0.009429928
11640,-0.008270258
11641,-0.008697513
11642,-0.007659912
11643,-0.011230474
11644,-0.014038084
11645,-0.013000477
11646,-0.018554702
11647,-0.028717041
11648,-0.033355728
11649,-0.045135472
11650,-0.049713124
11651,-0.05456543
11652,-0.057708748
11653,-0.06314087
11654,-0.071990974
11655,-0.07928466
11656,-0.092681885
11657,-0.09954834
11658,-0.105133094
11659,-0.107666045
11660,-0.106170654
11661,-0.10034178
11662,-0.096527085
11663,-0.08724976
11664,-0.07299804
11665,-0.06225589
11666,-0.04916382
11667,-0.042938244
11668,-0.032592773
11669,-0.02459719
11670,-0.0132751465
11671,-0.004028335
11672,0.004791267
11673,0.016723614
11674,0.021118164
11675,0.030578606
11676,0.03060912
11677,0.03952027
11678,0.044006355
11679,0.050964355
11680,0.058044426
11681,0.061676033
11682,0.05920411
11683,0.05834961
11684,0.050201423
11685,0.043609608
11686,0.0361023
11687,0.02944947
11688,0.02444458
11689,0.015563963
11690,0.008911133
11691,0.004852293
11692,-0.0013427772
11693,-0.011474616
11694,-0.016784674
11695,-0.024383549
11696,-0.031707756
11697,-0.03933716
11698,-0.046539307
11699,-0.050109863
11700,-0.05722046
11701,-0.0635376
11702,-0.06829834
11703,-0.07360839
11704,-0.07333375
11705,-0.0758667
11706,-0.074829146
11707,-0.067016594
11708,-0.06558229
11709,-0.05407715
11710,-0.05096434
11711,-0.036743164
11712,-0.027343743
11713,-0.011596687
11714,6.1035156e-05
11715,0.019439682
11716,0.036071766
11717,0.058959953
11718,0.07968139
11719,0.10092162
11720,0.11853027
11721,0.13131712
11722,0.14263916
11723,0.15213013
11724,0.15979004
11725,0.16574098
11726,0.17492676
11727,0.1800537
11728,0.1821289
11729,0.184021
11730,0.18084717
11731,0.1757507
11732,0.17208862
11733,0.16629027
11734,0.15655518
11735,0.14608768
11736,0.12982178
11737,0.11883545
11738,0.10592651
11739,0.0878296
11740,0.07186889
11741,0.056457523
11742,0.040893544
11743,0.027740479
11744,0.0072936974
11745,-0.0003356859
11746,-0.019256584
11747,-0.027526844
11748,-0.03472901
11749,-0.044860832
11750,-0.052886948
11751,-0.06448366
11752,-0.068359375
11753,-0.07894898
11754,-0.086303696
11755,-0.0892334
11756,-0.096771255
11757,-0.10107423
11758,-0.09832762
11759,-0.10510255
11760,-0.104339585
11761,-0.10128784
11762,-0.1026306
11763,-0.10275269
11764,-0.10476686
11765,-0.09863283
11766,-0.100158684
11767,-0.09207153
11768,-0.08892823
11769,-0.088592514
11770,-0.09063721
11771,-0.09295656
11772,-0.09701539
11773,-0.10025026
11774,-0.10189818
11775,-0.10382079
11776,-0.10583496
11777,-0.103759766
11778,-0.10372926
11779,-0.10833739
11780,-0.10705566
11781,-0.10644533
11782,-0.10375976
11783,-0.09704589
11784,-0.09005736
11785,-0.088592544
11786,-0.08691406
11787,-0.08016968
11788,-0.07150269
11789,-0.06848143
11790,-0.05801393
11791,-0.051116947
11792,-0.041381843
11793,-0.029846188
11794,-0.015808111
11795,-0.007751465
11796,0.003265379
11797,0.020965576
11798,0.030822745
11799,0.039733887
11800,0.04602051
11801,0.048126213
11802,0.0605774
11803,0.07009888
11804,0.07867432
11805,0.08374024
11806,0.08786009
11807,0.08547974
11808,0.09500123
11809,0.106048584
11810,0.11010744
11811,0.110870376
11812,0.107330315
11813,0.103851326
11814,0.095642105
11815,0.09576416
11816,0.08950807
11817,0.08337401
11818,0.07653809
11819,0.07025146
11820,0.058502186
11821,0.0550232
11822,0.046203606
11823,0.03781128
11824,0.039123543
11825,0.035125725
11826,0.032409653
11827,0.030609127
11828,0.032531735
11829,0.02960206
11830,0.025238045
11831,0.024017341
11832,0.020874027
11833,0.019073486
11834,0.017028797
11835,0.017974854
11836,0.022949234
11837,0.030151363
11838,0.043548584
11839,0.044433594
11840,0.04562377
11841,0.042907722
11842,0.03671265
11843,0.03411866
11844,0.026733385
11845,0.020172115
11846,0.015594473
11847,0.008209217
11848,-0.0048828144
11849,-0.007263191
11850,-0.008392334
11851,-0.002258297
11852,0.008605959
11853,0.0139770545
11854,0.0065002516
11855,0.0028686598
11856,0.0039367713
11857,0.0047302274
11858,-0.0006408673
11859,-0.0015258864
11860,-0.011260994
11861,-0.02276611
11862,-0.029602058
11863,-0.04153441
11864,-0.05929565
11865,-0.079315186
11866,-0.0904541
11867,-0.102386475
11868,-0.104370125
11869,-0.11077881
11870,-0.11450195
11871,-0.11230468
11872,-0.107177734
11873,-0.097839355
11874,-0.0890503
11875,-0.0819397
11876,-0.07507324
11877,-0.07385254
11878,-0.07440186
11879,-0.06939697
11880,-0.0690918
11881,-0.068115234
11882,-0.059112545
11883,-0.055603027
11884,-0.048553467
11885,-0.046844482
11886,-0.047729485
11887,-0.044708256
11888,-0.046386704
11889,-0.041748054
11890,-0.04421998
11891,-0.034851074
11892,-0.024291992
11893,-0.020294193
11894,-0.017242432
11895,-0.018188471
11896,-0.016937248
11897,-0.0066223163
11898,0.00079347007
11899,0.014404299
11900,0.032226562
11901,0.041168213
11902,0.045867912
11903,0.057556152
11904,0.057342537
11905,0.05816651
11906,0.058227547
11907,0.056091294
11908,0.061065674
11909,0.061676018
11910,0.05926512
11911,0.056091294
11912,0.044158954
11913,0.04031372
11914,0.03976442
11915,0.038116444
11916,0.039398193
11917,0.030181894
11918,0.02716065
11919,0.01916505
11920,0.015319825
11921,0.0102539025
11922,0.0039062314
11923,-0.0021362347
11924,-0.012146003
11925,-0.014862055
11926,-0.027069096
11927,-0.028961174
11928,-0.032470703
11929,-0.031829838
11930,-0.026245119
11931,-0.029632568
11932,-0.02368164
11933,-0.023132322
11934,-0.024291996
11935,-0.023193363
11936,-0.028472904
11937,-0.029846188
11938,-0.034759548
11939,-0.033752434
11940,-0.032287583
11941,-0.028778091
11942,-0.026672393
11943,-0.025604218
11944,-0.023651097
11945,-0.021545421
11946,-0.016052257
11947,-0.0036010668
11948,0.0033264048
11949,0.01629638
11950,0.027618408
11951,0.04125977
11952,0.053161625
11953,0.064575195
11954,0.069549575
11955,0.0803833
11956,0.09066772
11957,0.1008606
11958,0.112457275
11959,0.115142815
11960,0.12908936
11961,0.13314821
11962,0.13839722
11963,0.1312866
11964,0.12677002
11965,0.117767334
11966,0.11053467
11967,0.10113526
11968,0.09207153
11969,0.08621216
11970,0.07467652
11971,0.06832886
11972,0.06692505
11973,0.066467285
11974,0.064300545
11975,0.063201904
11976,0.055664062
11977,0.048553474
11978,0.0444641
11979,0.04452514
11980,0.044433575
11981,0.0496521
11982,0.047607433
11983,0.048278816
11984,0.04370117
11985,0.036438003
11986,0.03323365
11987,0.027801504
11988,0.024230946
11989,0.01837159
11990,0.012237556
11991,-0.003692639
11992,-0.01327515
11993,-0.032226566
11994,-0.04516601
11995,-0.06384278
11996,-0.083831795
11997,-0.10223389
11998,-0.11468506
11999,-0.12347409
12000,-0.12686156
12001,-0.11517328
12002,-0.1158142
12003,-0.10348509
12004,-0.09976196
12005,-0.08590699
12006,-0.084777825
12007,-0.083801255
12008,-0.09536745
12009,-0.100921646
12010,-0.105468735
12011,-0.09597779
12012,-0.08554077
12013,-0.07333375
12014,-0.05783082
12015,-0.05557251
12016,-0.050323494
12017,-0.052581795
12018,-0.059448246
12019,-0.07354736
12020,-0.09109497
12021,-0.10650633
12022,-0.116119385
12023,-0.11868286
12024,-0.109863274
12025,-0.09194947
12026,-0.0848999
12027,-0.071228035
12028,-0.03363037
12029,-0.0014953539
12030,0.02758789
12031,0.059051514
12032,0.088592544
12033,0.10656737
12034,0.123291
12035,0.17123416
12036,0.17028807
12037,0.13598636
12038,0.13195801
12039,0.13507082
12040,0.13015749
12041,0.118530266
12042,0.1105652
12043,0.10305785
12044,0.088592514
12045,0.05081176
12046,0.00796508
12047,-0.033142086
12048,-0.064025894
12049,-0.083282456
12050,-0.0966797
12051,-0.1041565
12052,-0.099243164
12053,-0.079315186
12054,-0.04843139
12055,-0.02081298
12056,0.0013427744
12057,0.011138915
12058,0.011901844
12059,0.0058593675
12060,-0.008331291
12061,-0.025268562
12062,-0.047424316
12063,-0.06893922
12064,-0.08456421
12065,-0.0937195
12066,-0.106445305
12067,-0.11001587
12068,-0.11401367
12069,-0.114379875
12070,-0.10906982
12071,-0.10369873
12072,-0.09225463
12073,-0.085235596
12074,-0.07037355
12075,-0.050842293
12076,-0.031860366
12077,-0.0026855785
12078,0.025573716
12079,0.050659157
12080,0.06680298
12081,0.09332275
12082,0.1079712
12083,0.11495975
12084,0.11840817
12085,0.12762451
12086,0.13092041
12087,0.13696288
12088,0.1394348
12089,0.14358523
12090,0.16055296
12091,0.12371824
12092,0.057952866
12093,0.029144283
12094,0.018371582
12095,0.0015259162
12096,0.0002746135
12097,-0.0075378343
12098,-0.0023193434
12099,-0.0037231613
12100,-0.01828003
12101,-0.028106682
12102,-0.041381836
12103,-0.05767823
12104,-0.06896972
12105,-0.07907105
12106,-0.08956909
12107,-0.0906372
12108,-0.08929443
12109,-0.08120723
12110,-0.080169715
12111,-0.07345579
12112,-0.07574466
12113,-0.06640623
12114,-0.06164556
12115,-0.059143037
12116,-0.053894043
12117,-0.05120848
12118,-0.0484619
12119,-0.046264693
12120,-0.042999238
12121,-0.03692627
12122,-0.02923584
12123,-0.02044677
12124,-0.00085448846
12125,0.019226074
12126,0.033416748
12127,0.04333496
12128,0.050445568
12129,0.0540161
12130,0.058715805
12131,0.06826784
12132,0.07449345
12133,0.0868835
12134,0.10192874
12135,0.12097165
12136,0.13711551
12137,0.15167238
12138,0.16134644
12139,0.17428592
12140,0.17663571
12141,0.17660522
12142,0.17193604
12143,0.15945435
12144,0.14141846
12145,0.11886598
12146,0.098876946
12147,0.072998054
12148,0.046112053
12149,0.021057133
12150,-0.0036315992
12151,-0.024078367
12152,-0.037994392
12153,-0.052551284
12154,-0.05911257
12155,-0.05895996
12156,-0.058258057
12157,-0.05160522
12158,-0.046173096
12159,-0.040740978
12160,-0.03192138
12161,-0.02743531
12162,-0.025756858
12163,-0.02618409
12164,-0.03265379
12165,-0.0397644
12166,-0.045013443
12167,-0.055419922
12168,-0.06381226
12169,-0.0775757
12170,-0.0904541
12171,-0.10351562
12172,-0.11306764
12173,-0.119323745
12174,-0.12527466
12175,-0.13296509
12176,-0.13757324
12177,-0.14093016
12178,-0.14282227
12179,-0.1435852
12180,-0.15133666
12181,-0.14425659
12182,-0.14547731
12183,-0.13983153
12184,-0.1395874
12185,-0.13250731
12186,-0.12747192
12187,-0.11163328
12188,-0.09820557
12189,-0.083557144
12190,-0.06851198
12191,-0.059204124
12192,-0.03881838
12193,-0.023986805
12194,-0.0048522837
12195,0.012725838
12196,0.029754639
12197,0.04641722
12198,0.06176757
12199,0.079223625
12200,0.099792495
12201,0.112579346
12202,0.1307373
12203,0.14328001
12204,0.15545654
12205,0.1666565
12206,0.17684937
12207,0.18441775
12208,0.19036865
12209,0.18939209
12210,0.18939209
12211,0.18811035
12212,0.18597412
12213,0.18063356
12214,0.17526245
12215,0.16482545
12216,0.14926147
12217,0.13113405
12218,0.11752319
12219,0.10311889
12220,0.09533692
12221,0.08255005
12222,0.07064819
12223,0.053466797
12224,0.03607177
12225,0.01626586
12226,0.00039673224
12227,-0.018981935
12228,-0.032806404
12229,-0.050964355
12230,-0.06356812
12231,-0.07269287
12232,-0.080291755
12233,-0.0854492
12234,-0.08804322
12235,-0.09158326
12236,-0.09127809
12237,-0.08963013
12238,-0.08535766
12239,-0.08560182
12240,-0.079498306
12241,-0.0709839
12242,-0.06375122
12243,-0.05700685
12244,-0.05340578
12245,-0.046112068
12246,-0.03927613
12247,-0.026733406
12248,-0.016784668
12249,-0.0026550367
12250,0.003601063
12251,0.009918202
12252,0.011322014
12253,0.012786869
12254,0.015258782
12255,0.021606434
12256,0.02948
12257,0.0315857
12258,0.040954597
12259,0.045166027
12260,0.049224865
12261,0.04949952
12262,0.048309326
12263,0.04409791
12264,0.045593254
12265,0.04473877
12266,0.04244995
12267,0.03692627
12268,0.029266357
12269,0.019561782
12270,0.0110168345
12271,0.011718735
12272,0.0053710863
12273,0.007659897
12274,0.0011596605
12275,0.00039672852
12276,-0.0003967248
12277,-0.0013122298
12278,-0.006195057
12279,-0.010925278
12280,-0.015319817
12281,-0.018676773
12282,-0.023376469
12283,-0.034851074
12284,-0.04891967
12285,-0.06967163
12286,-0.07690429
12287,-0.07388304
12288,-0.06271362
12289,-0.045593258
12290,-0.03323365
12291,-0.023162838
12292,-0.020263672
12293,-0.026672374
12294,-0.038207993
12295,-0.054595962
12296,-0.064910874
12297,-0.06335451
12298,-0.059570312
12299,-0.05148314
12300,-0.043121353
12301,-0.03448488
12302,-0.025177002
12303,-0.017852783
12304,-0.011047378
12305,-0.007110581
12306,-0.0090027
12307,-0.013732918
12308,-0.023101814
12309,-0.03469848
12310,-0.04739379
12311,-0.06375123
12312,-0.075866684
12313,-0.08502194
12314,-0.09124761
12315,-0.09118649
12316,-0.084472686
12317,-0.07562259
12318,-0.058013923
12319,-0.0374756
12320,-0.009399407
12321,0.018829357
12322,0.041534428
12323,0.063659646
12324,0.07260132
12325,0.08172608
12326,0.08868407
12327,0.085235596
12328,0.08502195
12329,0.08093262
12330,0.08081053
12331,0.0741272
12332,0.069427505
12333,0.058502182
12334,0.046844482
12335,0.03201294
12336,0.01687622
12337,0.0037536556
12338,-0.014678955
12339,-0.029357912
12340,-0.043792732
12341,-0.054687496
12342,-0.06719969
12343,-0.07678223
12344,-0.08294678
12345,-0.08343507
12346,-0.08621216
12347,-0.08789063
12348,-0.090759285
12349,-0.09194947
12350,-0.089050286
12351,-0.08462524
12352,-0.08370972
12353,-0.067230225
12354,-0.04745484
12355,-0.022125244
12356,-0.0057067946
12357,0.00497438
12358,0.020690903
12359,0.042602547
12360,0.048950225
12361,0.04174801
12362,0.021118179
12363,0.01623534
12364,0.03933716
12365,0.041168198
12366,0.020812983
12367,0.01339723
12368,0.012207039
12369,0.02859497
12370,0.033966064
12371,0.029388428
12372,0.016815182
12373,0.007965092
12374,0.0022583008
12375,-0.00054932386
12376,-0.00021362677
12377,0.0041198656
12378,0.018829346
12379,0.036529552
12380,0.054046646
12381,0.06866456
12382,0.07711792
12383,0.07333374
12384,0.06567382
12385,0.051757786
12386,0.035003662
12387,0.01779176
12388,-0.0056457445
12389,-0.026000977
12390,-0.0388794
12391,-0.043243397
12392,-0.04678345
12393,-0.037811294
12394,-0.025329592
12395,-0.010925295
12396,0.0041198693
12397,0.024627686
12398,0.043884277
12399,0.061553966
12400,0.08389282
12401,0.105102554
12402,0.12408445
12403,0.13638303
12404,0.14605711
12405,0.15481567
12406,0.15673828
12407,0.15325925
12408,0.14965825
12409,0.13659668
12410,0.12414548
12411,0.11187744
12412,0.09945677
12413,0.09027097
12414,0.07696536
12415,0.063262984
12416,0.053985614
12417,0.043518055
12418,0.03393554
12419,0.02163696
12420,0.0038146973
12421,-0.010986328
12422,-0.024230966
12423,-0.033447266
12424,-0.04434204
12425,-0.050628655
12426,-0.054443352
12427,-0.06365967
12428,-0.06640626
12429,-0.075714104
12430,-0.07757568
12431,-0.081359856
12432,-0.0817871
12433,-0.08502197
12434,-0.08868407
12435,-0.09057617
12436,-0.08856203
12437,-0.0871582
12438,-0.08248901
12439,-0.074646
12440,-0.07501221
12441,-0.06954956
12442,-0.061401375
12443,-0.05908203
12444,-0.05407715
12445,-0.04623413
12446,-0.045776375
12447,-0.04891967
12448,-0.056152344
12449,-0.06454468
12450,-0.0684204
12451,-0.07946777
12452,-0.09069825
12453,-0.09225463
12454,-0.09552003
12455,-0.09732056
12456,-0.09356689
12457,-0.086822525
12458,-0.07916258
12459,-0.07620239
12460,-0.06692504
12461,-0.056121826
12462,-0.045867927
12463,-0.03332518
12464,-0.02359008
12465,-0.013824463
12466,0.0054626474
12467,0.019927977
12468,0.036224373
12469,0.047912594
12470,0.06280518
12471,0.07241821
12472,0.0842285
12473,0.09039306
12474,0.09207154
12475,0.090881355
12476,0.08956909
12477,0.090454094
12478,0.087768555
12479,0.08963014
12480,0.084930435
12481,0.08947753
12482,0.08279419
12483,0.08230592
12484,0.07565308
12485,0.07226561
12486,0.068725586
12487,0.06750488
12488,0.06326294
12489,0.057556145
12490,0.04727172
12491,0.042297363
12492,0.031982414
12493,0.021423338
12494,0.01763916
12495,0.016723633
12496,0.0093994215
12497,-0.011108408
12498,-0.016174324
12499,-0.019287104
12500,-0.02832031
12501,-0.04006958
12502,-0.037078865
12503,-0.045440674
12504,-0.045928955
12505,-0.053741436
12506,-0.061828606
12507,-0.061187748
12508,-0.06512453
12509,-0.05789184
12510,-0.06890869
12511,-0.06457518
12512,-0.07467653
12513,-0.07351684
12514,-0.072326675
12515,-0.072448745
12516,-0.06875609
12517,-0.072509766
12518,-0.07101442
12519,-0.06826782
12520,-0.06341553
12521,-0.058837894
12522,-0.05895995
12523,-0.048034675
12524,-0.03915406
12525,-0.03109741
12526,-0.023651123
12527,-0.017730702
12528,-0.01757812
12529,-0.014190678
12530,-0.0073242113
12531,-0.0056762844
12532,-0.0015258975
12533,0.009155281
12534,0.019653305
12535,0.025268547
12536,0.03366088
12537,0.03744508
12538,0.046661384
12539,0.04943847
12540,0.05718993
12541,0.0552368
12542,0.05822754
12543,0.055541985
12544,0.05770874
12545,0.06707764
12546,0.071136475
12547,0.08340454
12548,0.09057619
12549,0.097106926
12550,0.10098266
12551,0.10839842
12552,0.105896
12553,0.10446167
12554,0.10025023
12555,0.09225464
12556,0.08117674
12557,0.074584976
12558,0.06716919
12559,0.058624268
12560,0.04940796
12561,0.035797127
12562,0.024505608
12563,0.010955818
12564,0.0018310472
12565,-0.014739996
12566,-0.02496338
12567,-0.03759765
12568,-0.043273933
12569,-0.04718016
12570,-0.05557251
12571,-0.06539916
12572,-0.07073974
12573,-0.0687256
12574,-0.07125853
12575,-0.069152825
12576,-0.06741333
12577,-0.057769783
12578,-0.048583977
12579,-0.03982544
12580,-0.03536988
12581,-0.032745354
12582,-0.033355724
12583,-0.026702875
12584,-0.019714357
12585,-0.008422846
12586,0.0024414058
12587,0.012359621
12588,0.018402096
12589,0.026306158
12590,0.02737427
12591,0.035491936
12592,0.03921508
12593,0.04244995
12594,0.044830315
12595,0.041717537
12596,0.043823235
12597,0.03933717
12598,0.037139896
12599,0.032073963
12600,0.029968262
12601,0.027343744
12602,0.024291985
12603,0.017425533
12604,0.014160158
12605,0.007202139
12606,0.023437515
12607,0.018493645
12608,-0.01751708
12609,-0.02392578
12610,-0.03799437
12611,-0.044830315
12612,-0.048095703
12613,-0.053497307
12614,-0.05984497
12615,-0.06097413
12616,-0.07461548
12617,-0.07467651
12618,-0.08901978
12619,-0.093688965
12620,-0.094787605
12621,-0.09588623
12622,-0.0975647
12623,-0.09786987
12624,-0.09967041
12625,-0.09750368
12626,-0.09823608
12627,-0.09338379
12628,-0.08856201
12629,-0.07983399
12630,-0.07598877
12631,-0.07070921
12632,-0.06820678
12633,-0.058258068
12634,-0.054321285
12635,-0.042083733
12636,-0.03491211
12637,-0.029266348
12638,-0.018707272
12639,-0.00537109
12640,0.0015563965
12641,0.020385733
12642,0.027709953
12643,0.044586178
12644,0.05532836
12645,0.065795906
12646,0.07345582
12647,0.08428955
12648,0.09307861
12649,0.10482788
12650,0.1205139
12651,0.12847899
12652,0.1375122
12653,0.13427734
12654,0.1352539
12655,0.13467407
12656,0.13143921
12657,0.12515259
12658,0.11648561
12659,0.110259995
12660,0.103912346
12661,0.096221924
12662,0.0880432
12663,0.08139038
12664,0.07693481
12665,0.07583617
12666,0.071258545
12667,0.0664978
12668,0.05822753
12669,0.051177986
12670,0.048767082
12671,0.04315185
12672,0.036499023
12673,0.027526872
12674,0.016845696
12675,0.00592041
12676,-0.0075073186
12677,-0.02407838
12678,-0.043426514
12679,-0.061523438
12680,-0.07348632
12681,-0.083709724
12682,-0.08987427
12683,-0.092864975
12684,-0.09466554
12685,-0.096740715
12686,-0.0947876
12687,-0.098510735
12688,-0.10494997
12689,-0.10711669
12690,-0.117065415
12691,-0.11734008
12692,-0.1228943
12693,-0.12222291
12694,-0.123077385
12695,-0.12268068
12696,-0.11367799
12697,-0.10491943
12698,-0.097198494
12699,-0.08557128
12700,-0.075561516
12701,-0.06869507
12702,-0.058471676
12703,-0.051544193
12704,-0.049377434
12705,-0.041381825
12706,-0.038146973
12707,-0.03451538
12708,-0.025451668
12709,-0.019958485
12710,-0.0043945163
12711,0.010498039
12712,0.02648925
12713,0.04745483
12714,0.06597901
12715,0.0741272
12716,0.07543945
12717,0.06921387
12718,0.08129883
12719,0.095031746
12720,0.10983276
12721,0.123687744
12722,0.13323975
12723,0.14248656
12724,0.14013673
12725,0.12625122
12726,0.106048584
12727,0.08395387
12728,0.06481935
12729,0.043731682
12730,0.022186272
12731,0.009185791
12732,-0.0038757473
12733,-0.006652862
12734,-0.012268066
12735,-0.009826668
12736,-0.0030517727
12737,0.004303001
12738,0.009582512
12739,0.015106201
12740,0.01773072
12741,0.023590103
12742,0.024108894
12743,0.028533936
12744,0.03292845
12745,0.03936767
12746,0.050994873
12747,0.061035134
12748,0.06729125
12749,0.07171629
12750,0.07183838
12751,0.06564331
12752,0.05514526
12753,0.040496834
12754,0.022583019
12755,0.012207042
12756,-0.00039673597
12757,-0.0008239597
12758,-0.00067137927
12759,0.0049438477
12760,0.012512222
12761,0.025726326
12762,0.037506096
12763,0.05117798
12764,0.06231691
12765,0.068664536
12766,0.07562254
12767,0.065765366
12768,0.058105454
12769,0.04339601
12770,0.02359008
12771,0.011383042
12772,-0.0055236816
12773,-0.017211914
12774,-0.038085938
12775,-0.056121826
12776,-0.07247924
12777,-0.08721924
12778,-0.10031128
12779,-0.110076904
12780,-0.11450197
12781,-0.11990356
12782,-0.11950683
12783,-0.11050413
12784,-0.095947266
12785,-0.07736205
12786,-0.060302734
12787,-0.043762222
12788,-0.030090347
12789,-0.01065065
12790,0.0029907227
12791,0.016876206
12792,0.026092514
12793,0.023284912
12794,0.018554688
12795,0.015045151
12796,0.007324204
12797,-0.006530747
12798,-0.012084961
12799,-0.011261001
12800,-0.020874023
12801,-0.030212402
12802,-0.03356932
12803,-0.06521608
12804,-0.10708617
12805,-0.13815308
12806,-0.14215086
12807,-0.13845825
12808,-0.15844727
12809,-0.18096924
12810,-0.20358278
12811,-0.19799806
12812,-0.17517084
12813,-0.16241455
12814,-0.16537482
12815,-0.17889403
12816,-0.18850705
12817,-0.20611575
12818,-0.2127075
12819,-0.20855708
12820,-0.19125362
12821,-0.16177368
12822,-0.1274414
12823,-0.090026855
12824,-0.055297844
12825,-0.023223862
12826,0.0009765625
12827,0.014221191
12828,0.020050058
12829,0.01174926
12830,-0.0037841722
12831,-0.028411873
12832,-0.054168757
12833,-0.0704346
12834,-0.06677246
12835,-0.063934356
12836,-0.050048858
12837,-0.024780318
12838,-0.0015869383
12839,0.035980232
12840,0.07699586
12841,0.13638307
12842,0.21267694
12843,0.2784729
12844,0.31790155
12845,0.3405152
12846,0.3548584
12847,0.36749268
12848,0.36669922
12849,0.36221313
12850,0.35354614
12851,0.34710693
12852,0.34030157
12853,0.3363952
12854,0.3196411
12855,0.29293823
12856,0.26855463
12857,0.2356873
12858,0.20846556
12859,0.18508908
12860,0.1644287
12861,0.14437866
12862,0.11776733
12863,0.08734131
12864,0.0458069
12865,-0.0019836277
12866,-0.0426941
12867,-0.07373046
12868,-0.10397339
12869,-0.13412476
12870,-0.16809082
12871,-0.1976013
12872,-0.22021484
12873,-0.23724364
12874,-0.24835207
12875,-0.25250244
12876,-0.24298094
12877,-0.22137453
12878,-0.19317627
12879,-0.16690065
12880,-0.13449097
12881,-0.10018921
12882,-0.06488037
12883,-0.036010742
12884,-0.010986328
12885,0.0069885254
12886,0.035827637
12887,0.07333374
12888,0.10650637
12889,0.1388855
12890,0.15536499
12891,0.15771486
12892,0.14947508
12893,0.122406006
12894,0.08068848
12895,0.0357361
12896,0.002075158
12897,-0.01629635
12898,-0.019012466
12899,-0.0046691746
12900,0.028747529
12901,0.06329344
12902,0.09747309
12903,0.11914063
12904,0.13800049
12905,0.15109254
12906,0.16015625
12907,0.16464233
12908,0.15100098
12909,0.12307742
12910,0.07757568
12911,0.056823727
12912,0.030303953
12913,-0.05508424
12914,-0.11648561
12915,-0.16931154
12916,-0.25100708
12917,-0.29403687
12918,-0.29016116
12919,-0.30004883
12920,-0.3067322
12921,-0.30926514
12922,-0.2925415
12923,-0.2855835
12924,-0.27084345
12925,-0.26513672
12926,-0.23937987
12927,-0.24429318
12928,-0.25479126
12929,-0.23110966
12930,-0.1982728
12931,-0.13803099
12932,-0.06680301
12933,-0.00869754
12934,0.021606445
12935,0.05618286
12936,0.09552002
12937,0.107238844
12938,0.115417466
12939,0.16317755
12940,0.22024538
12941,0.25546265
12942,0.30914307
12943,0.38018805
12944,0.45449823
12945,0.51638806
12946,0.5367736
12947,0.5248108
12948,0.48464978
12949,0.4200135
12950,0.3449096
12951,0.26284796
12952,0.18188477
12953,0.11254883
12954,0.040679947
12955,-0.022857679
12956,-0.101928726
12957,-0.18591309
12958,-0.26797494
12959,-0.35073847
12960,-0.42404175
12961,-0.49786383
12962,-0.5464479
12963,-0.58392334
12964,-0.59582525
12965,-0.58374035
12966,-0.54452527
12967,-0.48440546
12968,-0.41964722
12969,-0.3407898
12970,-0.26763922
12971,-0.18896484
12972,-0.105957
12973,-0.028015152
12974,0.052032463
12975,0.12844846
12976,0.19226074
12977,0.25158688
12978,0.29525754
12979,0.32980353
12980,0.35733035
12981,0.3736877
12982,0.38446042
12983,0.37973022
12984,0.36462405
12985,0.34112552
12986,0.30651858
12987,0.26385498
12988,0.22216797
12989,0.1724854
12990,0.13037112
12991,0.08749388
12992,0.05578612
12993,0.02542115
12994,-0.0015564151
12995,-0.018341046
12996,-0.033721928
12997,-0.048706062
12998,-0.06341553
12999,-0.0714111
13000,-0.07537842
13001,-0.06826786
13002,-0.06417842
13003,-0.068847656
13004,-0.056793228
13005,-0.028991714
13006,-0.0027160496
13007,0.011688188
13008,0.038146928
13009,0.04269409
13010,0.065460205
13011,0.08157351
13012,0.0863037
13013,0.09222413
13014,0.08886719
13015,0.07513429
13016,0.06845091
13017,0.048645016
13018,0.034973137
13019,0.015014652
13020,-0.0044555627
13021,-0.027130116
13022,-0.050598145
13023,-0.064270034
13024,-0.08203124
13025,-0.0904541
13026,-0.10360719
13027,-0.11309816
13028,-0.12295534
13029,-0.12771608
13030,-0.13287355
13031,-0.13339233
13032,-0.13623047
13033,-0.1333313
13034,-0.12908936
13035,-0.12432864
13036,-0.13204958
13037,-0.15631105
13038,-0.15222166
13039,-0.1525574
13040,-0.14489746
13041,-0.13757326
13042,-0.13549805
13043,-0.12896729
13044,-0.12826538
13045,-0.118194565
13046,-0.11087036
13047,-0.10003662
13048,-0.083496094
13049,-0.07687379
13050,-0.06295778
13051,-0.057006836
13052,-0.05029297
13053,-0.044158928
13054,-0.04141236
13055,-0.038787846
13056,-0.033966057
13057,-0.025878906
13058,-0.017303444
13059,-0.009399429
13060,-0.0013427809
13061,0.007385254
13062,0.013885513
13063,0.020874023
13064,0.018707283
13065,0.017913803
13066,0.021606445
13067,0.014709473
13068,-0.007110603
13069,-0.019104004
13070,-0.0058288723
13071,0.0010986179
13072,0.014373794
13073,0.02633667
13074,0.035217278
13075,0.037597656
13076,0.037261967
13077,0.038940422
13078,0.035675038
13079,0.033203118
13080,0.031646725
13081,0.035125732
13082,0.036651615
13083,0.038696308
13084,0.04113772
13085,0.048156746
13086,0.057434075
13087,0.069183365
13088,0.07681273
13089,0.08312988
13090,0.09301758
13091,0.09960936
13092,0.107299805
13093,0.11120607
13094,0.11514282
13095,0.11871341
13096,0.12225342
13097,0.12030025
13098,0.11859131
13099,0.11627194
13100,0.10946654
13101,0.10601802
13102,0.10507204
13103,0.09808348
13104,0.0925293
13105,0.08081049
13106,0.06784056
13107,0.05786132
13108,0.04953002
13109,0.045715332
13110,0.034332268
13111,0.033233635
13112,0.022003185
13113,0.010314953
13114,-0.0036010705
13115,-0.014587395
13116,-0.022766113
13117,-0.030700669
13118,-0.036895737
13119,-0.04052736
13120,-0.04129027
13121,-0.041198723
13122,-0.04333496
13123,-0.046966538
13124,-0.045501724
13125,-0.045257587
13126,-0.04357911
13127,-0.043151848
13128,-0.031555183
13129,-0.026672348
13130,-0.015167221
13131,-0.0053100474
13132,0.0052185096
13133,0.019470217
13134,0.032928467
13135,0.047698975
13136,0.055328388
13137,0.05877687
13138,0.0646057
13139,0.06271363
13140,0.06445311
13141,0.060272206
13142,0.062225357
13143,0.057434075
13144,0.050598156
13145,0.04354858
13146,0.04223634
13147,0.0388794
13148,0.035156246
13149,0.030273434
13150,0.021453843
13151,0.018981934
13152,0.010437015
13153,-0.005187977
13154,-0.019683834
13155,-0.025817875
13156,-0.043212876
13157,-0.06353757
13158,-0.06680297
13159,-0.07373047
13160,-0.07824708
13161,-0.08627318
13162,-0.10717772
13163,-0.12072755
13164,-0.12911987
13165,-0.13134766
13166,-0.12808229
13167,-0.111785896
13168,-0.09432981
13169,-0.08831787
13170,-0.10110472
13171,-0.124450676
13172,-0.1423645
13173,-0.15457153
13174,-0.16500854
13175,-0.1666565
13176,-0.14129639
13177,-0.08709718
13178,-0.016967772
13179,0.052001953
13180,0.10281372
13181,0.13613892
13182,0.14987183
13183,0.15231323
13184,0.12902832
13185,0.09384154
13186,0.048583977
13187,0.003753664
13188,-0.034179684
13189,-0.066894546
13190,-0.0942688
13191,-0.10742189
13192,-0.10351563
13193,-0.07073975
13194,-0.006500248
13195,0.07266236
13196,0.15896606
13197,0.23025516
13198,0.27835077
13199,0.28637695
13200,0.25595087
13201,0.1999512
13202,0.13214111
13203,0.058074936
13204,-0.012512198
13205,-0.07235719
13206,-0.11981201
13207,-0.15316772
13208,-0.17642212
13209,-0.18780518
13210,-0.1865845
13211,-0.1803894
13212,-0.15802005
13213,-0.1384888
13214,-0.10751343
13215,-0.07778931
13216,-0.036560055
13217,0.0147399865
13218,0.072784424
13219,0.12524414
13220,0.17108154
13221,0.21536255
13222,0.24960333
13223,0.28100592
13224,0.29168695
13225,0.30575556
13226,0.29986566
13227,0.28176886
13228,0.246582
13229,0.19873047
13230,0.13986205
13231,0.089874275
13232,0.054443344
13233,-0.024078362
13234,-0.100036606
13235,-0.15173338
13236,-0.17929079
13237,-0.19134521
13238,-0.21878049
13239,-0.2339172
13240,-0.23034668
13241,-0.20214842
13242,-0.2220764
13243,-0.22088623
13244,-0.16925049
13245,-0.1477356
13246,-0.12826537
13247,-0.10528565
13248,-0.08590699
13249,-0.07299806
13250,-0.094024666
13251,-0.08032228
13252,-0.028289799
13253,0.053741448
13254,0.1465149
13255,0.24179083
13256,0.31088263
13257,0.34841913
13258,0.34674066
13259,0.30346674
13260,0.24334712
13261,0.1713562
13262,0.12350465
13263,0.106231704
13264,0.11758422
13265,0.15158081
13266,0.20397949
13267,0.27502447
13268,0.34567255
13269,0.40335083
13270,0.4396668
13271,0.44259635
13272,0.40545654
13273,0.3357849
13274,0.23629758
13275,0.12847902
13276,0.008239746
13277,-0.10848999
13278,-0.2105103
13279,-0.30471808
13280,-0.38958746
13281,-0.46496588
13282,-0.5368042
13283,-0.6001283
13284,-0.6435851
13285,-0.67175305
13286,-0.68746936
13287,-0.6880189
13288,-0.6769105
13289,-0.64834607
13290,-0.6107179
13291,-0.5686034
13292,-0.5233153
13293,-0.46499628
13294,-0.40295416
13295,-0.3448182
13296,-0.2879944
13297,-0.24014282
13298,-0.18307495
13299,-0.1305542
13300,-0.069580086
13301,-0.022979748
13302,0.02822876
13303,0.08013916
13304,0.124298096
13305,0.16305542
13306,0.19909672
13307,0.23263541
13308,0.26455683
13309,0.29022223
13310,0.30950922
13311,0.3209533
13312,0.328247
13313,0.32958984
13314,0.32055658
13315,0.30603033
13316,0.28244013
13317,0.24951163
13318,0.21713257
13319,0.18179321
13320,0.14645384
13321,0.12225341
13322,0.10211183
13323,0.08691407
13324,0.07333375
13325,0.07208253
13326,0.07348631
13327,0.075378425
13328,0.075561516
13329,0.07876587
13330,0.08258057
13331,0.08447266
13332,0.095703125
13333,0.09069826
13334,0.082489006
13335,0.0696106
13336,0.054687526
13337,0.04693603
13338,0.04190064
13339,0.03082275
13340,0.023590099
13341,0.022186287
13342,0.028350826
13343,0.027313225
13344,0.03515625
13345,0.03912353
13346,0.048095703
13347,0.04602052
13348,0.04718017
13349,0.04962157
13350,0.04159545
13351,0.042602517
13352,0.045989994
13353,0.03347778
13354,0.030181883
13355,0.02508546
13356,0.012969963
13357,0.014343271
13358,-0.006042475
13359,-0.010772711
13360,-0.022186268
13361,-0.029998781
13362,-0.035308834
13363,-0.041748047
13364,-0.04736328
13365,-0.052886963
13366,-0.059265137
13367,-0.06326294
13368,-0.06439209
13369,-0.067718506
13370,-0.06442261
13371,-0.059295647
13372,-0.052490246
13373,-0.047790524
13374,-0.03588868
13375,-0.022796642
13376,-0.016906723
13377,-0.0125122
13378,-0.0057067797
13379,0.006652832
13380,0.013946548
13381,0.016296372
13382,0.020233154
13383,0.016632065
13384,0.018859863
13385,0.023834229
13386,0.025695808
13387,0.026977539
13388,0.030273452
13389,0.031982407
13390,0.03036499
13391,0.0361023
13392,0.04248047
13393,0.05020143
13394,0.053619377
13395,0.05822753
13396,0.05041503
13397,0.048858646
13398,0.04013062
13399,0.03683472
13400,0.026123049
13401,0.016448975
13402,0.00711058
13403,-0.010772705
13404,-0.027191162
13405,-0.039123535
13406,-0.051696777
13407,-0.056365967
13408,-0.064788826
13409,-0.057495117
13410,-0.065429695
13411,-0.063873306
13412,-0.061370835
13413,0.010314919
13414,-0.00686647
13415,-0.057403587
13416,0.015075676
13417,0.018463142
13418,-0.015594482
13419,0.041564956
13420,0.06100463
13421,0.06771853
13422,0.10269164
13423,0.11029053
13424,0.10733033
13425,0.12405394
13426,0.104644805
13427,0.11361693
13428,0.093292244
13429,0.06799314
13430,0.05056762
13431,0.029296868
13432,-0.015777584
13433,-0.049011238
13434,-0.08181763
13435,-0.1140442
13436,-0.13641357
13437,-0.15390015
13438,-0.18307495
13439,-0.17935179
13440,-0.1842041
13441,-0.19110107
13442,-0.18026733
13443,-0.18136597
13444,-0.1749878
13445,-0.17010498
13446,-0.1581726
13447,-0.14605713
13448,-0.14807127
13449,-0.14001465
13450,-0.120391846
13451,-0.11010742
13452,-0.09234619
13453,-0.07440186
13454,-0.05773924
13455,-0.033752456
13456,-0.0069580153
13457,0.014587405
13458,0.041687004
13459,0.058898933
13460,0.0758972
13461,0.0887451
13462,0.09622191
13463,0.12390138
13464,0.14062499
13465,0.15054321
13466,0.17822266
13467,0.18966675
13468,0.19244386
13469,0.19277954
13470,0.18475343
13471,0.17068483
13472,0.1541748
13473,0.14175417
13474,0.12838745
13475,0.12319946
13476,0.117095955
13477,0.11163331
13478,0.109466545
13479,0.10925293
13480,0.105285645
13481,0.096435554
13482,0.08911133
13483,0.08123779
13484,0.07394409
13485,0.058868416
13486,0.04177858
13487,0.022766113
13488,0.0021057203
13489,-0.020294197
13490,-0.042480454
13491,-0.062133774
13492,-0.0765686
13493,-0.09240724
13494,-0.112579346
13495,-0.13040161
13496,-0.1506958
13497,-0.16824341
13498,-0.1822815
13499,-0.19668579
13500,-0.21063231
13501,-0.21685793
13502,-0.21936035
13503,-0.20678714
13504,-0.1971741
13505,-0.1912536
13506,-0.18023685
13507,-0.17791745
13508,-0.1622009
13509,-0.14810185
13510,-0.13464355
13511,-0.12176514
13512,-0.11013794
13513,-0.092926025
13514,-0.091156006
13515,-0.08850097
13516,-0.097351074
13517,-0.09902954
13518,-0.10369872
13519,-0.10513304
13520,-0.10983278
13521,-0.11282349
13522,-0.1161499
13523,-0.11788941
13524,-0.11822509
13525,-0.1185913
13526,-0.121673584
13527,-0.118621826
13528,-0.11428833
13529,-0.09643555
13530,-0.076660156
13531,-0.05279541
13532,-0.021759043
13533,0.010192862
13534,0.044738777
13535,0.07388306
13536,0.09365845
13537,0.1366272
13538,0.17901611
13539,0.21044916
13540,0.23245242
13541,0.24429323
13542,0.25781253
13543,0.25238034
13544,0.21197508
13545,0.16888428
13546,0.12615965
13547,0.123382546
13548,0.10778808
13549,0.08740233
13550,0.08502197
13551,0.07937623
13552,0.07693482
13553,0.07351684
13554,0.05670166
13555,0.024963377
13556,-0.015289333
13557,-0.042358395
13558,-0.06567387
13559,-0.07510377
13560,-0.074584916
13561,-0.05230716
13562,-0.020324737
13563,0.016723625
13564,0.05728147
13565,0.08395387
13566,0.11511232
13567,0.12158203
13568,0.12341307
13569,0.12014769
13570,0.098144524
13571,0.07489014
13572,0.046417244
13573,0.024475083
13574,-0.0006103441
13575,-0.014831498
13576,-0.014526363
13577,-0.015533417
13578,-0.008789053
13579,-0.002716057
13580,0.012298595
13581,0.033721894
13582,0.050903305
13583,0.08468628
13584,0.11202997
13585,0.1422119
13586,0.17367557
13587,0.20233156
13588,0.22320552
13589,0.23617557
13590,0.2576905
13591,0.269989
13592,0.27120978
13593,0.2631836
13594,0.24578851
13595,0.21905518
13596,0.1851807
13597,0.14825444
13598,0.114990264
13599,0.07989497
13600,0.043640137
13601,0.0150452
13602,-0.018219005
13603,-0.054718032
13604,-0.07418823
13605,-0.10131834
13606,-0.121490486
13607,-0.13061525
13608,-0.14324951
13609,-0.14495848
13610,-0.14840698
13611,-0.14312746
13612,-0.13824461
13613,-0.13504031
13614,-0.12710574
13615,-0.11096192
13616,-0.09072876
13617,-0.07803345
13618,-0.07104491
13619,-0.06982423
13620,-0.06762695
13621,-0.071960434
13622,-0.075408936
13623,-0.08062743
13624,-0.08959962
13625,-0.09957887
13626,-0.110107414
13627,-0.11645509
13628,-0.12197877
13629,-0.124877945
13630,-0.1225586
13631,-0.12158202
13632,-0.122070305
13633,-0.117828384
13634,-0.12023926
13635,-0.12063599
13636,-0.122070335
13637,-0.1138611
13638,-0.10949707
13639,-0.101074226
13640,-0.09194945
13641,-0.069488525
13642,-0.05331421
13643,-0.0328369
13644,-0.009735122
13645,0.007476777
13646,0.027954102
13647,0.04510495
13648,0.057037354
13649,0.06335449
13650,0.06256102
13651,0.061065704
13652,0.059539795
13653,0.047607422
13654,0.044036865
13655,0.037750244
13656,0.04241942
13657,0.0397034
13658,0.044433594
13659,0.049194336
13660,0.05166626
13661,0.05517578
13662,0.04867554
13663,0.040618885
13664,0.035461426
13665,0.02648925
13666,0.015747068
13667,0.0066528246
13668,-0.008667007
13669,-0.024536148
13670,-0.03237915
13671,-0.035278335
13672,-0.0484619
13673,-0.0581055
13674,-0.06417844
13675,-0.066467285
13676,-0.07254028
13677,-0.07156372
13678,-0.072784394
13679,-0.07192993
13680,-0.067596436
13681,-0.064697266
13682,-0.059661865
13683,-0.054016113
13684,-0.048706055
13685,-0.033050537
13686,-0.018920869
13687,-0.009613037
13688,0.0018615574
13689,0.00692752
13690,0.008148223
13691,0.019378662
13692,0.025726333
13693,0.036315918
13694,0.042511
13695,0.050018325
13696,0.05828856
13697,0.06716919
13698,0.070343025
13699,0.07540892
13700,0.0852661
13701,0.092010505
13702,0.09457397
13703,0.095581055
13704,0.09698486
13705,0.097778335
13706,0.09313964
13707,0.08425903
13708,0.08618165
13709,0.084594734
13710,0.08181762
13711,0.08288574
13712,0.07455446
13713,0.07528688
13714,0.08316039
13715,0.0914612
13716,0.10275268
13717,0.118927
13718,0.109069824
13719,0.08999634
13720,0.08242798
13721,0.0803833
13722,0.082336426
13723,0.09017947
13724,0.09762575
13725,0.1013489
13726,0.094940186
13727,0.076629624
13728,0.044219956
13729,0.008148193
13730,-0.023590073
13731,-0.04360962
13732,-0.061462402
13733,-0.07183837
13734,-0.08712769
13735,-0.09085082
13736,-0.090667725
13737,-0.09542847
13738,-0.082336396
13739,-0.07220459
13740,-0.06625365
13741,-0.059478737
13742,-0.061035153
13743,-0.052276604
13744,-0.052856464
13745,-0.04339602
13746,-0.03796386
13747,-0.02761842
13748,-0.01782225
13749,-0.0195923
13750,-0.0222168
13751,-0.039001454
13752,-0.050354
13753,-0.07357789
13754,-0.08880615
13755,-0.10317998
13756,-0.11145021
13757,-0.10995481
13758,-0.10241698
13759,-0.08923334
13760,-0.07397458
13761,-0.056610107
13762,-0.028991692
13763,-0.0010375995
13764,0.02880859
13765,0.051666267
13766,0.06994629
13767,0.083099365
13768,0.09005739
13769,0.09240722
13770,0.0914917
13771,0.09020996
13772,0.0755005
13773,0.06417846
13774,0.04071044
13775,0.018463146
13776,-0.005615215
13777,-0.028228775
13778,-0.049224865
13779,-0.0722046
13780,-0.09136964
13781,-0.09567261
13782,-0.102508545
13783,-0.094055176
13784,-0.08224489
13785,-0.07562255
13786,-0.06359865
13787,-0.052948005
13788,-0.04760742
13789,-0.04101561
13790,-0.03189088
13791,-0.009307876
13792,-0.002380373
13793,-0.021362305
13794,-0.026184084
13795,-0.03201294
13796,-0.023010254
13797,-0.025115963
13798,-0.0009765588
13799,0.027771002
13800,0.053222656
13801,0.071960434
13802,0.072174065
13803,0.06695557
13804,0.059875473
13805,0.0513611
13806,0.0406494
13807,0.024200454
13808,0.013519285
13809,0.001190187
13810,-0.007629394
13811,-0.025451668
13812,-0.043396004
13813,-0.062683105
13814,-0.085937515
13815,-0.12063599
13816,-0.16198727
13817,-0.19360352
13818,-0.21508794
13819,-0.22601321
13820,-0.22088622
13821,-0.20709233
13822,-0.18368529
13823,-0.15539548
13824,-0.13134772
13825,-0.09896849
13826,-0.059814457
13827,-0.0066223294
13828,0.049346924
13829,0.10839845
13830,0.15579224
13831,0.19253536
13832,0.21041867
13833,0.22042853
13834,0.22131348
13835,0.21090697
13836,0.20269775
13837,0.18515016
13838,0.1630859
13839,0.1292419
13840,0.09860225
13841,0.06951909
13842,0.050994873
13843,0.040252686
13844,0.035949722
13845,0.03604126
13846,0.031372055
13847,0.028900133
13848,0.019622795
13849,0.016143812
13850,0.009216294
13851,0.007232666
13852,0.005645752
13853,0.0056152344
13854,0.0020751916
13855,-0.0011291578
13856,-0.00070190616
13857,0.0033874512
13858,0.01245117
13859,0.02441406
13860,0.034484856
13861,0.041717518
13862,0.036987312
13863,0.034759525
13864,0.018676762
13865,0.010101326
13866,-0.0022277893
13867,-0.011413576
13868,-0.026031487
13869,-0.038482666
13870,-0.05050659
13871,-0.06448364
13872,-0.067321785
13873,-0.06958008
13874,-0.06735229
13875,-0.06607056
13876,-0.06793213
13877,-0.06646727
13878,-0.06430054
13879,-0.059020996
13880,-0.055664055
13881,-0.049530033
13882,-0.043457042
13883,-0.035461426
13884,-0.034423824
13885,-0.034790035
13886,-0.037078872
13887,-0.036560066
13888,-0.035278328
13889,-0.034149174
13890,-0.03311157
13891,-0.033843983
13892,-0.03656005
13893,-0.03363038
13894,-0.0369873
13895,-0.032440197
13896,-0.028076176
13897,-0.021453861
13898,0.009735104
13899,0.006042473
13900,0.0105896015
13901,0.008697511
13902,0.009063708
13903,0.009338381
13904,0.009307857
13905,0.01312256
13906,0.018524162
13907,0.015319817
13908,0.018554686
13909,0.020629872
13910,0.013977046
13911,0.014434815
13912,0.013427741
13913,0.009002674
13914,-0.010955812
13915,-0.015014646
13916,-0.012817388
13917,-0.015502924
13918,-0.006347657
13919,-0.0056152362
13920,0.0013732938
13921,-0.0028991704
13922,0.0034179725
13923,0.0041198703
13924,0.008789061
13925,0.0072937068
13926,0.013336185
13927,0.020233147
13928,0.02984619
13929,0.03591917
13930,0.042175286
13931,0.04919435
13932,0.055969223
13933,0.06915283
13934,0.078308105
13935,0.0892029
13936,0.09912111
13937,0.1111145
13938,0.11508179
13939,0.12231445
13940,0.12893677
13941,0.12707518
13942,0.12606813
13943,0.12246704
13944,0.1151123
13945,0.11022949
13946,0.10580446
13947,0.09671022
13948,0.09240721
13949,0.078033455
13950,0.071960464
13951,0.060729973
13952,0.04885865
13953,0.037506096
13954,0.02685546
13955,0.0138549805
13956,0.001495365
13957,-0.009979248
13958,-0.021331783
13959,-0.033020023
13960,-0.048583988
13961,-0.054534912
13962,-0.06460573
13963,-0.07284546
13964,-0.07849121
13965,-0.08297731
13966,-0.093170166
13967,-0.09539794
13968,-0.09973144
13969,-0.10000609
13970,-0.10168457
13971,-0.104156494
13972,-0.108642586
13973,-0.10894776
13974,-0.109802246
13975,-0.10806273
13976,-0.10668947
13977,-0.10433961
13978,-0.102081284
13979,-0.098846436
13980,-0.092346184
13981,-0.08862305
13982,-0.08529663
13983,-0.08297729
13984,-0.07458496
13985,-0.070312485
13986,-0.066162124
13987,-0.06558226
13988,-0.067321755
13989,-0.06716919
13990,-0.057708718
13991,-0.055145264
13992,-0.050994862
13993,-0.048461936
13994,-0.04782106
13995,-0.04333496
13996,-0.03927611
13997,-0.035003647
13998,-0.033569343
13999,-0.028259277
14000,-0.023590088
14001,-0.018035904
14002,-0.014770495
14003,-0.0013427772
14004,0.0034484789
14005,0.008270261
14006,0.015930176
14007,0.014923096
14008,0.017456051
14009,0.01260376
14010,0.016540537
14011,0.017486583
14012,0.027709967
14013,0.035400394
14014,0.043914795
14015,0.053558365
14016,0.059600845
14017,0.065521225
14018,0.06970215
14019,0.07833864
14020,0.07968139
14021,0.078643784
14022,0.08148193
14023,0.08340454
14024,0.083282486
14025,0.091156006
14026,0.09414673
14027,0.09576418
14028,0.10147096
14029,0.10040286
14030,0.094787605
14031,0.092865005
14032,0.08782959
14033,0.08648683
14034,0.08248901
14035,0.07562257
14036,0.07116701
14037,0.05990602
14038,0.057617195
14039,0.052307114
14040,0.04022216
14041,0.032653812
14042,0.022705078
14043,0.014221197
14044,0.0062866244
14045,0.0040588398
14046,0.0014953611
14047,0.002838128
14048,0.0049743657
14049,0.007446292
14050,0.009368893
14051,0.013244638
14052,0.013366694
14053,0.014495848
14054,0.015686031
14055,0.015350338
14056,0.0133972075
14057,0.008666988
14058,0.005249014
14059,0.0008544903
14060,-0.0045776274
14061,-0.0053710826
14062,-0.0059814397
14063,-0.009490963
14064,-0.008605961
14065,-0.013580324
14066,-0.01638794
14067,-0.021514896
14068,-0.023590084
14069,-0.026031496
14070,-0.029052733
14071,-0.02697754
14072,-0.034729004
14073,-0.035064697
14074,-0.042755134
14075,-0.04656983
14076,-0.049713135
14077,-0.05062867
14078,-0.04794312
14079,-0.046569813
14080,-0.04034423
14081,-0.03491211
14082,-0.031494126
14083,-0.027160643
14084,-0.023193367
14085,-0.016754158
14086,-0.0121154785
14087,-0.0036926195
14088,0.002105713
14089,0.010864267
14090,0.010833735
14091,0.012756348
14092,0.016143808
14093,0.015045168
14094,0.018798828
14095,0.021423336
14096,0.021972653
14097,0.022369385
14098,0.016967772
14099,0.01513672
14100,0.013183592
14101,0.007904052
14102,0.00021362491
14103,-0.009674067
14104,-0.013397217
14105,-0.022674572
14106,-0.026214592
14107,-0.031249993
14108,-0.03884887
14109,-0.038116463
14110,-0.04873657
14111,-0.052246086
14112,-0.063934326
14113,-0.06604004
14114,-0.066406235
14115,-0.072540276
14116,-0.076232925
14117,-0.08068846
14118,-0.08401489
14119,-0.086364746
14120,-0.08441162
14121,-0.0831604
14122,-0.0786743
14123,-0.073974594
14124,-0.075134285
14125,-0.07095337
14126,-0.06396486
14127,-0.052185062
14128,-0.041625977
14129,-0.036437985
14130,-0.032196052
14131,-0.031280525
14132,-0.03036499
14133,-0.025421143
14134,-0.019470213
14135,-0.018188477
14136,-0.010284424
14137,-0.005065918
14138,0.00592041
14139,0.00894165
14140,0.012695314
14141,0.014495842
14142,0.0159607
14143,0.016479488
14144,0.015747067
14145,0.0099487305
14146,0.0100402795
14147,0.0038146786
14148,0.004516598
14149,0.003479004
14150,0.0053100586
14151,0.0055847205
14152,0.004638672
14153,0.007781986
14154,0.005889885
14155,0.008087158
14156,0.011230469
14157,0.017364504
14158,0.009307862
14159,0.0075378437
14160,0.0075988793
14161,0.0011596642
14162,-0.0039062556
14163,-0.0088195875
14164,-0.013427734
14165,-0.015869133
14166,-0.0088195875
14167,0.005828865
14168,0.02328492
14169,0.03659056
14170,0.053863518
14171,0.06396484
14172,0.07702637
14173,0.0869751
14174,0.09545899
14175,0.09774781
14176,0.09826661
14177,0.093750015
14178,0.08511354
14179,0.08108522
14180,0.06793213
14181,0.059478767
14182,0.05010985
14183,0.051544204
14184,0.041900642
14185,0.042175308
14186,0.04833983
14187,0.057189934
14188,0.0713501
14189,0.08511353
14190,0.10128785
14191,0.11392212
14192,0.1257019
14193,0.13302612
14194,0.13644409
14195,0.1350708
14196,0.1390686
14197,0.13604736
14198,0.12850952
14199,0.119781494
14200,0.10934449
14201,0.0993042
14202,0.09259032
14203,0.08792116
14204,0.08261107
14205,0.077301025
14206,0.069305405
14207,0.063018814
14208,0.053680412
14209,0.04592895
14210,0.042663574
14211,0.041412357
14212,0.035247803
14213,0.028015131
14214,0.019195545
14215,0.009674069
14216,-0.007049568
14217,-0.015686035
14218,-0.02523803
14219,-0.037200905
14220,-0.04693602
14221,-0.053527832
14222,-0.05810546
14223,-0.06808472
14224,-0.07821655
14225,-0.09350585
14226,-0.102508545
14227,-0.113281235
14228,-0.117553726
14229,-0.12677003
14230,-0.13720703
14231,-0.15066527
14232,-0.16491699
14233,-0.17385867
14234,-0.1819458
14235,-0.18835449
14236,-0.18984984
14237,-0.18472289
14238,-0.18341063
14239,-0.17022707
14240,-0.16217041
14241,-0.15603639
14242,-0.14700316
14243,-0.14331055
14244,-0.14053345
14245,-0.14138792
14246,-0.13702391
14247,-0.13265991
14248,-0.12625122
14249,-0.114562996
14250,-0.108917244
14251,-0.10577393
14252,-0.1017151
14253,-0.100982666
14254,-0.09948729
14255,-0.09552002
14256,-0.09436032
14257,-0.08615117
14258,-0.08032227
14259,-0.072296105
14260,-0.073425286
14261,-0.07092284
14262,-0.06787108
14263,-0.07321168
14264,-0.073760994
14265,-0.075012214
14266,-0.06976318
14267,-0.06637572
14268,-0.057800293
14269,-0.046783444
14270,-0.03659057
14271,-0.027282733
14272,-0.02548216
14273,-0.025695805
14274,-0.027191155
14275,-0.023651123
14276,-0.025878921
14277,-0.026092522
14278,-0.026245125
14279,-0.018432632
14280,-0.010101326
14281,0.011413567
14282,0.029663093
14283,0.052246086
14284,0.066101074
14285,0.07818604
14286,0.082611084
14287,0.08343507
14288,0.07556151
14289,0.06600952
14290,0.05615233
14291,0.048736565
14292,0.047760013
14293,0.048736572
14294,0.04449463
14295,0.035858154
14296,0.026519785
14297,0.021545418
14298,0.019348148
14299,0.02410888
14300,0.026855465
14301,0.022033699
14302,0.012878416
14303,0.007659912
14304,0.0075073205
14305,0.013427734
14306,0.026245125
14307,0.041198727
14308,0.0654297
14309,0.09472655
14310,0.12451172
14311,0.16067503
14312,0.19656372
14313,0.23532102
14314,0.2567139
14315,0.27969357
14316,0.29067993
14317,0.28689566
14318,0.2796936
14319,0.26953125
14320,0.27282715
14321,0.26983643
14322,0.26660156
14323,0.2526245
14324,0.24249268
14325,0.23318484
14326,0.22470093
14327,0.20791626
14328,0.19625854
14329,0.1808777
14330,0.16552733
14331,0.16113281
14332,0.15472414
14333,0.14501955
14334,0.13153078
14335,0.117828384
14336,0.11248781
14337,0.10009765
14338,0.08984375
14339,0.079223655
14340,0.056915306
14341,0.021057144
14342,0.003967285
14343,-0.020355202
14344,-0.091125496
14345,-0.1455383
14346,-0.19628905
14347,-0.24191284
14348,-0.27233887
14349,-0.28323358
14350,-0.28958127
14351,-0.3648682
14352,-0.3556823
14353,-0.2736817
14354,-0.25167847
14355,-0.23358154
14356,-0.19000244
14357,-0.1496582
14358,-0.11557007
14359,-0.10461425
14360,-0.086334206
14361,-0.0440979
14362,0.011016846
14363,0.056426987
14364,0.08145143
14365,0.09539795
14366,0.10076904
14367,0.1060791
14368,0.09408569
14369,0.059783936
14370,0.01870726
14371,-0.009185806
14372,-0.024597164
14373,-0.026092531
14374,-0.015289305
14375,0.0023193434
14376,0.03463745
14377,0.069061294
14378,0.1083374
14379,0.14639282
14380,0.17764285
14381,0.19940189
14382,0.20584108
14383,0.20373532
14384,0.18957517
14385,0.16491699
14386,0.12738037
14387,0.08236693
14388,0.028167702
14389,-0.025665285
14390,-0.084686264
14391,-0.14239502
14392,-0.1923523
14393,-0.24304193
14394,-0.2729492
14395,-0.30203244
14396,-0.32217407
14397,-0.31924438
14398,-0.32281494
14399,-0.31924444
14400,-0.3095092
14401,-0.29489136
14402,-0.26123044
14403,-0.22662352
14404,-0.19830318
14405,-0.14834598
14406,-0.06503299
14407,-0.02267459
14408,-0.009735107
14409,0.029144272
14410,0.08312984
14411,0.11508181
14412,0.12707515
14413,0.1347351
14414,0.14819334
14415,0.16043092
14416,0.15505981
14417,0.13317871
14418,0.103698716
14419,0.06478881
14420,0.019256584
14421,-0.031921394
14422,-0.084625244
14423,-0.124847405
14424,-0.15316774
14425,-0.17501827
14426,-0.18408206
14427,-0.19647215
14428,-0.19400027
14429,-0.19558716
14430,-0.1907349
14431,-0.186737
14432,-0.18316652
14433,-0.17440791
14434,-0.16262822
14435,-0.14605719
14436,-0.11892702
14437,-0.091888405
14438,-0.06008911
14439,-0.02352906
14440,0.006134033
14441,0.039306626
14442,0.06469724
14443,0.09408571
14444,0.115722656
14445,0.13269043
14446,0.14553834
14447,0.1612854
14448,0.16574098
14449,0.17196652
14450,0.168335
14451,0.15917966
14452,0.15191653
14453,0.13735962
14454,0.12536623
14455,0.10583499
14456,0.09219356
14457,0.076293945
14458,0.062408455
14459,0.05398559
14460,0.04794313
14461,0.040649418
14462,0.038269043
14463,0.035522453
14464,0.031188957
14465,0.027252194
14466,0.024871822
14467,0.022583023
14468,0.018219002
14469,0.013427749
14470,0.006072998
14471,-0.0014343485
14472,-0.00015258789
14473,-0.00021360815
14474,-0.0008239895
14475,0.0071410984
14476,0.013000473
14477,0.018341057
14478,0.027954102
14479,0.03759765
14480,0.04415895
14481,0.04931642
14482,0.05245974
14483,0.06002809
14484,0.06530765
14485,0.07510376
14486,0.079101555
14487,0.085815415
14488,0.096008316
14489,0.10122681
14490,0.11016844
14491,0.115936264
14492,0.1217346
14493,0.12667845
14494,0.13397218
14495,0.13742065
14496,0.14608765
14497,0.14205933
14498,0.15280154
14499,0.15347287
14500,0.16030882
14501,0.16046143
14502,0.1600952
14503,0.16732787
14504,0.16448976
14505,0.16152954
14506,0.15219116
14507,0.14328003
14508,0.13061523
14509,0.11816405
14510,0.10119629
14511,0.08682251
14512,0.06799318
14513,0.050109863
14514,0.032043472
14515,0.007598892
14516,-0.013244659
14517,-0.03353879
14518,-0.05410765
14519,-0.07791136
14520,-0.09756468
14521,-0.12200927
14522,-0.13891602
14523,-0.1574097
14524,-0.1732788
14525,-0.18359376
14526,-0.1930237
14527,-0.20452881
14528,-0.21032716
14529,-0.2230835
14530,-0.22787476
14531,-0.23239137
14532,-0.23532103
14533,-0.23153688
14534,-0.23498535
14535,-0.23147582
14536,-0.23913576
14537,-0.22891235
14538,-0.22839357
14539,-0.22088623
14540,-0.2131653
14541,-0.2052002
14542,-0.1946411
14543,-0.18536378
14544,-0.17584229
14545,-0.16308594
14546,-0.14477539
14547,-0.13787842
14548,-0.12451172
14549,-0.1138916
14550,-0.10333252
14551,-0.091186516
14552,-0.080718994
14553,-0.07000734
14554,-0.058868438
14555,-0.051696762
14556,-0.042633064
14557,-0.038269036
14558,-0.037078843
14559,-0.031616215
14560,-0.027984615
14561,-0.02252198
14562,-0.01846312
14563,-0.013427734
14564,-0.009338377
14565,-0.0039062481
14566,0.002197273
14567,0.0058593918
14568,0.00680542
14569,0.013946541
14570,0.018737786
14571,0.020843495
14572,0.023620583
14573,0.02731321
14574,0.026916496
14575,0.024322525
14576,0.027679436
14577,0.03396607
14578,0.039947495
14579,0.04705809
14580,0.052032493
14581,0.055664048
14582,0.058227554
14583,0.06201172
14584,0.068817146
14585,0.07687376
14586,0.08532716
14587,0.0765076
14588,0.07226564
14589,0.06796266
14590,0.073638916
14591,0.07696532
14592,0.07131957
14593,0.073669426
14594,0.06832888
14595,0.06613158
14596,0.05407714
14597,0.04434204
14598,0.039337143
14599,0.050811768
14600,0.08401488
14601,0.120147705
14602,0.13214113
14603,0.12213133
14604,0.09622192
14605,0.067352295
14606,0.0484314
14607,0.034240734
14608,0.04110717
14609,0.06256104
14610,0.100341775
14611,0.14569092
14612,0.18081667
14613,0.18542479
14614,0.17803955
14615,0.16107178
14616,0.14364624
14617,0.12393187
14618,0.10412599
14619,0.08166504
14620,0.056823745
14621,0.038696274
14622,0.035583504
14623,0.03781128
14624,0.04660034
14625,0.061065674
14626,0.07858275
14627,0.10211182
14628,0.12112425
14629,0.14126581
14630,0.14840706
14631,0.1514282
14632,0.14035037
14633,0.12615973
14634,0.09750363
14635,0.05722046
14636,-0.0027465746
14637,-0.062683105
14638,-0.1144104
14639,-0.16027832
14640,-0.18777466
14641,-0.21078491
14642,-0.21777342
14643,-0.21640016
14644,-0.21124266
14645,-0.20309447
14646,-0.19442748
14647,-0.18090822
14648,-0.15689087
14649,-0.13873291
14650,-0.11306765
14651,-0.081604
14652,-0.049835205
14653,-0.019897465
14654,0.015441893
14655,0.041992184
14656,0.06271363
14657,0.086761475
14658,0.104522675
14659,0.12057496
14660,0.1317749
14661,0.13333128
14662,0.12762451
14663,0.12609863
14664,0.12213138
14665,0.11956787
14666,0.10528563
14667,0.08676146
14668,0.07562254
14669,0.04449463
14670,0.0038452148
14671,-0.043151848
14672,-0.072143555
14673,-0.09375
14674,-0.12359619
14675,-0.17425537
14676,-0.19165042
14677,-0.18017574
14678,-0.12905884
14679,-0.108673096
14680,-0.1342163
14681,-0.119262695
14682,-0.058959957
14683,-0.034454353
14684,-0.023895271
14685,-0.033905033
14686,-0.03717041
14687,-0.011566162
14688,0.031036377
14689,0.072845444
14690,0.10165404
14691,0.13043213
14692,0.14498901
14693,0.14871216
14694,0.138031
14695,0.11019896
14696,0.08218384
14697,0.062835686
14698,0.051544197
14699,0.051239006
14700,0.06155396
14701,0.0780945
14702,0.10278322
14703,0.12905884
14704,0.1625061
14705,0.1871643
14706,0.20550537
14707,0.21408077
14708,0.21395877
14709,0.19815065
14710,0.15753174
14711,0.11373901
14712,0.06863405
14713,0.013244627
14714,-0.037353504
14715,-0.09017944
14716,-0.14218141
14717,-0.18765265
14718,-0.24154657
14719,-0.28057855
14720,-0.31277466
14721,-0.3403321
14722,-0.35485846
14723,-0.360321
14724,-0.35479742
14725,-0.34353638
14726,-0.3208312
14727,-0.3019715
14728,-0.2792359
14729,-0.26107782
14730,-0.23437506
14731,-0.2082215
14732,-0.18615721
14733,-0.16607663
14734,-0.14413452
14735,-0.124481164
14736,-0.1020813
14737,-0.074737564
14738,-0.04623413
14739,-0.018493652
14740,0.011901842
14741,0.0415039
14742,0.07440185
14743,0.098297104
14744,0.117004395
14745,0.13342285
14746,0.14645389
14747,0.1529846
14748,0.15658568
14749,0.16293335
14750,0.16125485
14751,0.15786743
14752,0.14453126
14753,0.12683105
14754,0.10369872
14755,0.08099366
14756,0.06637575
14757,0.049835205
14758,0.032226548
14759,0.022399895
14760,0.014587417
14761,0.00079345703
14762,0.00030516833
14763,0.00015258417
14764,0.0050659254
14765,0.011535637
14766,0.020019524
14767,0.02810668
14768,0.036346436
14769,0.0371704
14770,0.04309082
14771,0.042053234
14772,0.04373169
14773,0.044372566
14774,0.036468495
14775,0.03549195
14776,0.029205317
14777,0.024261467
14778,0.019592281
14779,0.0153808445
14780,0.016143791
14781,0.00833128
14782,0.0002441518
14783,-0.005615227
14784,-0.014862061
14785,-0.02178954
14786,-0.02713012
14787,-0.031402566
14788,-0.03024292
14789,-0.03192138
14790,-0.033660904
14791,-0.024841312
14792,-0.015991207
14793,-0.013244607
14794,-0.0050659105
14795,-0.003997801
14796,-0.0010375995
14797,-0.0026550293
14798,-0.0036621112
14799,-0.0037536626
14800,-0.008331299
14801,-0.0076293945
14802,-0.014160156
14803,-0.017547607
14804,-0.022888184
14805,-0.023376465
14806,-0.02218628
14807,-0.018737793
14808,-0.015136721
14809,-0.011047367
14810,0.000488285
14811,0.0044555776
14812,0.020935051
14813,0.036468524
14814,0.04190065
14815,0.062225334
14816,0.063995354
14817,0.06701662
14818,0.08294678
14819,0.082366936
14820,0.0887451
14821,0.09829712
14822,0.098266594
14823,0.10272218
14824,0.09866333
14825,0.090789795
14826,0.08416749
14827,0.0793457
14828,0.07507324
14829,0.07107543
14830,0.06756593
14831,0.065856926
14832,0.05825804
14833,0.058410645
14834,0.05892945
14835,0.052490234
14836,0.046325676
14837,0.045471195
14838,0.043487534
14839,0.03692628
14840,0.030212402
14841,0.023834225
14842,0.014587408
14843,0.0037231408
14844,0.0034789965
14845,0.00036621466
14846,-0.0065307543
14847,-0.0037841722
14848,-0.017150879
14849,-0.024536148
14850,-0.030334473
14851,-0.037475582
14852,-0.04986573
14853,-0.05722048
14854,-0.059936523
14855,-0.068725586
14856,-0.07720946
14857,-0.08651732
14858,-0.088195816
14859,-0.09408568
14860,-0.10031128
14861,-0.10739134
14862,-0.107604966
14863,-0.10720827
14864,-0.10507202
14865,-0.09832763
14866,-0.09957884
14867,-0.10165406
14868,-0.09240723
14869,-0.08248903
14870,-0.07699585
14871,-0.06762697
14872,-0.05999755
14873,-0.050659172
14874,-0.050170902
14875,-0.0430298
14876,-0.039459214
14877,-0.037109375
14878,-0.029937737
14879,-0.027557382
14880,-0.025299087
14881,-0.013366716
14882,-0.0032959003
14883,0.004730222
14884,0.008361817
14885,0.014129643
14886,0.01644897
14887,0.02557373
14888,0.024353027
14889,0.03182983
14890,0.033020023
14891,0.031097416
14892,0.027770996
14893,0.018737793
14894,0.015411381
14895,0.014190672
14896,0.014129639
14897,0.015045164
14898,0.015319822
14899,0.02279663
14900,0.02304077
14901,0.024414068
14902,0.029510502
14903,0.03161622
14904,0.024505628
14905,0.023132317
14906,0.02716064
14907,0.03091431
14908,0.038452137
14909,0.041381836
14910,0.04718019
14911,0.04785156
14912,0.05047609
14913,0.0606079
14914,0.06079101
14915,0.064666755
14916,0.060333267
14917,0.060760483
14918,0.0614319
14919,0.049255356
14920,0.045196526
14921,0.039520264
14922,0.05590821
14923,0.05041504
14924,0.023895262
14925,0.026641844
14926,0.016204834
14927,0.017120354
14928,0.014343262
14929,0.011413567
14930,0.009765633
14931,0.007049567
14932,0.004882806
14933,-0.001434342
14934,0.003356943
14935,0.0030517727
14936,0.007415779
14937,0.008575439
14938,0.0060424954
14939,0.0049133375
14940,0.0025634728
14941,-0.0002746638
14942,-0.0022277702
14943,0.0022582952
14944,0.0039062556
14945,0.0038452223
14946,0.002258299
14947,0.0007019043
14948,-0.0050354097
14949,-0.008178709
14950,-0.013946531
14951,-0.021118166
14952,-0.023040768
14953,-0.022247314
14954,-0.02975464
14955,-0.034667976
14956,-0.038726814
14957,-0.045166012
14958,-0.050811764
14959,-0.055450447
14960,-0.05700682
14961,-0.06066896
14962,-0.060363773
14963,-0.061004646
14964,-0.06860352
14965,-0.074340835
14966,-0.08499144
14967,-0.08975219
14968,-0.087066665
14969,-0.08691405
14970,-0.081146255
14971,-0.07339478
14972,-0.065734856
14973,-0.058166523
14974,-0.044769272
14975,-0.032440186
14976,-0.025115952
14977,-0.016082762
14978,-0.013793953
14979,-0.012359621
14980,-0.020660397
14981,-0.026916498
14982,-0.031219477
14983,-0.037017822
14984,-0.035827637
14985,-0.03988648
14986,-0.045257565
14987,-0.052154534
14988,-0.057739258
14989,-0.048858654
14990,-0.043395992
14991,-0.02584839
14992,-0.011901862
14993,0.0064086895
14994,0.027435318
14995,0.038696285
14996,0.049346924
14997,0.05493164
14998,0.055206303
14999,0.04956054
15000,0.04901124
15001,0.037872314
15002,0.03167724
15003,0.029388433
15004,0.02648925
15005,0.030395502
15006,0.039306637
15007,0.042938214
15008,0.04928588
15009,0.05377197
15010,0.05371093
15011,0.050781257
15012,0.049255364
15013,0.041992184
15014,0.0389099
15015,0.033538833
15016,0.02627563
15017,0.022064207
15018,0.004760742
15019,-0.0037231445
15020,-0.015136724
15021,-0.024414048
15022,-0.029632576
15023,-0.0366516
15024,-0.033416755
15025,-0.032562256
15026,-0.017913828
15027,-0.008209225
15028,0.0064086877
15029,0.01861573
15030,0.028381355
15031,0.013824455
15032,-0.012634277
15033,-0.029357918
15034,-0.040069595
15035,-0.03652954
15036,-0.029144287
15037,-0.020904526
15038,-0.012176529
15039,-0.0077209324
15040,-0.009399399
15041,-0.024993882
15042,-0.051666267
15043,-0.073669426
15044,-0.087188736
15045,-0.092498764
15046,-0.09729003
15047,-0.09005739
15048,-0.079254165
15049,-0.060516365
15050,-0.037872326
15051,-0.014251709
15052,0.017120346
15053,0.042175274
15054,0.064544685
15055,0.08306885
15056,0.097900406
15057,0.10501099
15058,0.12017821
15059,0.13293456
15060,0.14477542
15061,0.15899658
15062,0.17630005
15063,0.19250487
15064,0.20095825
15065,0.20440674
15066,0.19924927
15067,0.19329832
15068,0.18136598
15069,0.1728821
15070,0.15634155
15071,0.13467407
15072,0.12197876
15073,0.10852048
15074,0.10470581
15075,0.103515625
15076,0.10391237
15077,0.09576414
15078,0.086791985
15079,0.07687378
15080,0.06524658
15081,0.049865738
15082,0.03787233
15083,0.023193374
15084,0.0022583082
15085,-0.020477295
15086,-0.04345704
15087,-0.07272338
15088,-0.094635
15089,-0.11697388
15090,-0.13406372
15091,-0.15344238
15092,-0.16595459
15093,-0.17605592
15094,-0.1807251
15095,-0.1862793
15096,-0.19100952
15097,-0.18640137
15098,-0.1812439
15099,-0.16415405
15100,-0.153656
15101,-0.13565063
15102,-0.12286378
15103,-0.10009763
15104,-0.07257078
15105,-0.04721071
15106,-0.025695778
15107,-0.013885468
15108,-0.0067443624
15109,-0.0013427436
15110,-0.0029907227
15111,0.0020751953
15112,0.0047302246
15113,-0.014190689
15114,-0.013336174
15115,-0.015441909
15116,-0.016723633
15117,-0.011657715
15118,-0.0076904446
15119,-0.022705082
15120,-0.053527847
15121,-0.082641594
15122,-0.0977478
15123,-0.093566895
15124,-0.09942627
15125,-0.09945679
15126,-0.08279419
15127,-0.055419907
15128,-0.029724084
15129,-0.012115508
15130,-0.018188514
15131,-0.030578576
15132,-0.054565407
15133,-0.07574464
15134,-0.09167481
15135,-0.09912105
15136,-0.08853142
15137,-0.06903077
15138,-0.04013063
15139,-0.021911606
15140,-0.0035095382
15141,0.0067443755
15142,0.013336193
15143,0.0065612756
15144,-0.011077898
15145,-0.032379147
15146,-0.067108154
15147,-0.09820557
15148,-0.13113406
15149,-0.15924077
15150,-0.17517088
15151,-0.16827397
15152,-0.14651491
15153,-0.11169437
15154,-0.051818892
15155,0.0027465783
15156,0.058746338
15157,0.11312868
15158,0.15277095
15159,0.18725583
15160,0.2292785
15161,0.27563483
15162,0.3057251
15163,0.33410645
15164,0.35229492
15165,0.3710327
15166,0.38378906
15167,0.37692264
15168,0.35736087
15169,0.34432977
15170,0.32458496
15171,0.29748532
15172,0.28253168
15173,0.26022345
15174,0.23443599
15175,0.20062253
15176,0.16796878
15177,0.14254759
15178,0.1158142
15179,0.08953858
15180,0.06463623
15181,0.04400634
15182,0.025451668
15183,0.008514397
15184,0.006134033
15185,0.011779793
15186,0.024353035
15187,0.036041252
15188,0.040740967
15189,0.028961163
15190,-0.0010070838
15191,-0.03506469
15192,-0.06814577
15193,-0.10839843
15194,-0.14089966
15195,-0.15722656
15196,-0.16241454
15197,-0.15750124
15198,-0.14324951
15199,-0.12780762
15200,-0.11303711
15201,-0.09722901
15202,-0.07211304
15203,-0.050872803
15204,-0.02798462
15205,-0.014617916
15206,-0.017913818
15207,-0.027343754
15208,-0.0646057
15209,-0.09484863
15210,-0.13165283
15211,-0.16741943
15212,-0.19863895
15213,-0.224884
15214,-0.2433777
15215,-0.24258423
15216,-0.23596196
15217,-0.2273865
15218,-0.21820074
15219,-0.21151733
15220,-0.2006836
15221,-0.18795776
15222,-0.16494751
15223,-0.1466675
15224,-0.116302505
15225,-0.081512466
15226,-0.0416565
15227,-0.024993898
15228,-0.011779789
15229,0.012542719
15230,0.020599369
15231,0.0076904288
15232,0.009796151
15233,-0.0035095187
15234,-0.043823235
15235,-0.07455444
15236,-0.09515384
15237,-0.11087034
15238,-0.13241577
15239,-0.13827515
15240,-0.14953609
15241,-0.12548828
15242,-0.08566284
15243,-0.033630375
15244,0.016967773
15245,0.057708763
15246,0.103332564
15247,0.13952638
15248,0.16989137
15249,0.18313597
15250,0.18188483
15251,0.20297241
15252,0.22811893
15253,0.20059209
15254,0.15533443
15255,0.12301641
15256,0.090545624
15257,0.010223389
15258,-0.05441284
15259,-0.090667754
15260,-0.1141357
15261,-0.12042239
15262,-0.14099117
15263,-0.16714478
15264,-0.1881409
15265,-0.19519044
15266,-0.196228
15267,-0.16912848
15268,-0.13104248
15269,-0.07876587
15270,-0.02459717
15271,0.026855469
15272,0.06161499
15273,0.07696533
15274,0.07189946
15275,0.050231896
15276,0.017974893
15277,-0.016571023
15278,-0.046508793
15279,-0.06842041
15280,-0.08383183
15281,-0.09094235
15282,-0.09051514
15283,-0.07174678
15284,-0.04428099
15285,-0.017334009
15286,0.015350297
15287,0.048034653
15288,0.08132936
15289,0.12036134
15290,0.14685059
15291,0.1747131
15292,0.19842526
15293,0.22320557
15294,0.23989865
15295,0.25210577
15296,0.2531128
15297,0.24505612
15298,0.23556516
15299,0.22671509
15300,0.21560672
15301,0.20541385
15302,0.190918
15303,0.18273926
15304,0.17211916
15305,0.16342165
15306,0.15847781
15307,0.15216066
15308,0.14215088
15309,0.1246643
15310,0.109771736
15311,0.09503172
15312,0.083557144
15313,0.076049805
15314,0.06579589
15315,0.053192187
15316,0.0359497
15317,0.015930124
15318,0.0058594123
15319,-0.0072936937
15320,-0.011199921
15321,-0.023590073
15322,-0.033142067
15323,-0.046783477
15324,-0.058837928
15325,-0.073516846
15326,-0.088958755
15327,-0.099731445
15328,-0.10198976
15329,-0.101501495
15330,-0.10198972
15331,-0.101806656
15332,-0.10284422
15333,-0.10122682
15334,-0.10614014
15335,-0.10128784
15336,-0.09832763
15337,-0.09521486
15338,-0.09460451
15339,-0.097717285
15340,-0.107055664
15341,-0.12557982
15342,-0.14242554
15343,-0.16479494
15344,-0.175354
15345,-0.19216919
15346,-0.20083618
15347,-0.20355225
15348,-0.20190433
15349,-0.19787596
15350,-0.19165039
15351,-0.17962646
15352,-0.16497803
15353,-0.14758301
15354,-0.13140869
15355,-0.11154173
15356,-0.09271242
15357,-0.070190415
15358,-0.05230713
15359,-0.036743164
15360,-0.022735588
15361,-0.013824478
15362,-0.006866455
15363,-0.0014648363
15364,6.103888e-05
15365,0.0057678223
15366,0.005828861
15367,0.0041809157
15368,0.0024108738
15369,-0.0027465858
15370,-0.0102539025
15371,-0.008636478
15372,-0.009429924
15373,-0.005889885
15374,0.00067136437
15375,0.0071105957
15376,0.012268087
15377,0.018859865
15378,0.02917479
15379,0.040740952
15380,0.04956054
15381,0.06405641
15382,0.07931518
15383,0.090393074
15384,0.08471678
15385,0.0887451
15386,0.108795166
15387,0.12219238
15388,0.13171384
15389,0.13735959
15390,0.13626099
15391,0.12918091
15392,0.121765114
15393,0.1147461
15394,0.10864259
15395,0.103301995
15396,0.103363045
15397,0.10366821
15398,0.10202025
15399,0.1065979
15400,0.103240974
15401,0.10757446
15402,0.102966316
15403,0.10726928
15404,0.103759766
15405,0.10571289
15406,0.107604995
15407,0.105529785
15408,0.11047363
15409,0.106658936
15410,0.10925293
15411,0.10427856
15412,0.10241695
15413,0.10348507
15414,0.105285645
15415,0.10833737
15416,0.10775752
15417,0.10870359
15418,0.10360716
15419,0.10485838
15420,0.09982303
15421,0.10113518
15422,0.095458984
15423,0.09246826
15424,0.091613755
15425,0.08255005
15426,0.07525635
15427,0.06274414
15428,0.050842293
15429,0.04177856
15430,0.031524666
15431,0.019744866
15432,0.007446274
15433,0.0014953613
15434,-0.007507324
15435,-0.017669678
15436,-0.02267455
15437,-0.03659058
15438,-0.04724122
15439,-0.0646057
15440,-0.07165529
15441,-0.08688355
15442,-0.09207153
15443,-0.09872438
15444,-0.103271484
15445,-0.10668944
15446,-0.10720826
15447,-0.10848999
15448,-0.11383058
15449,-0.116668686
15450,-0.12271118
15451,-0.12759401
15452,-0.12997437
15453,-0.13442995
15454,-0.13635255
15455,-0.13699341
15456,-0.1335144
15457,-0.13989258
15458,-0.14144896
15459,-0.14013672
15460,-0.13641359
15461,-0.13220215
15462,-0.13006593
15463,-0.12780762
15464,-0.12380983
15465,-0.11987306
15466,-0.11187743
15467,-0.10620119
15468,-0.1005249
15469,-0.092285156
15470,-0.08312989
15471,-0.08093263
15472,-0.073181145
15473,-0.07141113
15474,-0.06335449
15475,-0.05941771
15476,-0.056030266
15477,-0.053344734
15478,-0.04693604
15479,-0.039733887
15480,-0.03732299
15481,-0.027740465
15482,-0.020233149
15483,-0.010620115
15484,-0.0032348782
15485,0.0068969782
15486,0.011016838
15487,0.01885987
15488,0.02056886
15489,0.022979746
15490,0.024322517
15491,0.026000991
15492,0.025695791
15493,0.028167713
15494,0.029327389
15495,0.027191155
15496,0.020599378
15497,0.013000499
15498,0.014282215
15499,0.0047912784
15500,0.0012207031
15501,-0.005279526
15502,-0.004394524
15503,-0.0045471266
15504,-0.008453377
15505,-0.006011963
15506,-0.0053405613
15507,9.1567636e-05
15508,0.0010986403
15509,0.005615227
15510,0.0113525465
15511,0.013244644
15512,0.022094704
15513,0.027526855
15514,0.040618904
15515,0.05218506
15516,0.058898926
15517,0.07061766
15518,0.07958986
15519,0.090332024
15520,0.095092766
15521,0.102264404
15522,0.10708618
15523,0.10736085
15524,0.11331176
15525,0.111785874
15526,0.1137085
15527,0.114471436
15528,0.1102295
15529,0.10769652
15530,0.10238647
15531,0.09344484
15532,0.086364746
15533,0.081451416
15534,0.0718689
15535,0.061523426
15536,0.047424313
15537,0.034362786
15538,0.024383545
15539,0.015380871
15540,0.0076599047
15541,0.0071411096
15542,0.0021667443
15543,6.103888e-05
15544,0.0008239746
15545,-0.0032958928
15546,-0.0029296782
15547,-0.006683355
15548,-0.007476791
15549,-0.013732902
15550,-0.015472418
15551,-0.01892091
15552,-0.01715088
15553,-0.01629638
15554,-0.020446762
15555,-0.024719242
15556,-0.030395504
15557,-0.033203125
15558,-0.03570556
15559,-0.035369873
15560,-0.038787846
15561,-0.042541496
15562,-0.043640137
15563,-0.048217773
15564,-0.053924557
15565,-0.0579834
15566,-0.060180657
15567,-0.06484985
15568,-0.07003784
15569,-0.068573005
15570,-0.06524658
15571,-0.06497194
15572,-0.059143078
15573,-0.05734253
15574,-0.055694573
15575,-0.057067864
15576,-0.056060802
15577,-0.05496215
15578,-0.057434082
15579,-0.048950203
15580,-0.051757805
15581,-0.05123902
15582,-0.04946901
15583,-0.04678346
15584,-0.04559327
15585,-0.044250492
15586,-0.038482666
15587,-0.02850342
15588,-0.022644043
15589,-0.014282232
15590,-0.008575434
15591,0.004455557
15592,0.011627192
15593,0.022979733
15594,0.026306156
15595,0.0380249
15596,0.04217529
15597,0.045928955
15598,0.049835213
15599,0.049407955
15600,0.047943123
15601,0.051635735
15602,0.0484314
15603,0.04946899
15604,0.05218506
15605,0.0461731
15606,0.0444641
15607,0.03305054
15608,0.03024293
15609,0.017089842
15610,0.012542733
15611,0.0018005418
15612,-0.004821755
15613,-0.009429932
15614,-0.015228268
15615,-0.014801037
15616,-0.017364498
15617,-0.014282227
15618,-0.010711679
15619,-0.011352537
15620,-0.015319828
15621,-0.016845707
15622,-0.023376457
15623,-0.025634764
15624,-0.025665285
15625,-0.018920885
15626,-0.01806642
15627,-0.015899662
15628,-0.0069580004
15629,-0.009490967
15630,-0.006164551
15631,-0.0052490197
15632,-0.0016174316
15633,0.0022582896
15634,0.002410885
15635,0.00573729
15636,0.002807621
15637,0.0026855357
15638,0.0033264272
15639,0.0045471117
15640,0.0075683743
15641,0.008087151
15642,0.016906746
15643,0.020904541
15644,0.027832039
15645,0.032989502
15646,0.025848392
15647,0.023193352
15648,0.02029419
15649,0.016113274
15650,0.010284416
15651,0.008239746
15652,0.013427734
15653,0.010223385
15654,0.008483894
15655,0.00683593
15656,0.002990719
15657,9.155646e-05
15658,0.0010376032
15659,-0.0005493127
15660,-0.00985718
15661,-0.008178713
15662,-0.015167239
15663,-0.01608276
15664,-0.014282218
15665,-0.015991207
15666,-0.01461792
15667,-0.0019531175
15668,0.0010070745
15669,0.0038452148
15670,0.010162357
15671,0.011260986
15672,0.019409172
15673,0.024414051
15674,0.02719117
15675,0.03817748
15676,0.041778557
15677,0.04687501
15678,0.044769287
15679,0.042114258
15680,0.04360961
15681,0.038696274
15682,0.036743164
15683,0.03958129
15684,0.03466797
15685,0.03973387
15686,0.039215088
15687,0.041931137
15688,0.039001465
15689,0.036285393
15690,0.03204345
15691,0.029479995
15692,0.02700805
15693,0.021881096
15694,0.020629883
15695,0.008026123
15696,0.00091554224
15697,-0.009277366
15698,-0.01351928
15699,-0.018096924
15700,-0.020172112
15701,-0.019500755
15702,-0.018127427
15703,-0.021942139
15704,-0.021789536
15705,-0.023590088
15706,-0.023956291
15707,-0.02886963
15708,-0.03387451
15709,-0.034729015
15710,-0.032958977
15711,-0.02844239
15712,-0.029205315
15713,-0.02947998
15714,-0.028137207
15715,-0.029785156
15716,-0.027740479
15717,-0.0343628
15718,-0.03836058
15719,-0.038757324
15720,-0.039733894
15721,-0.035247818
15722,-0.033538826
15723,-0.026855476
15724,-0.017700195
15725,-0.010620132
15726,-0.002105713
15727,0.008026108
15728,0.008026123
15729,0.006225601
15730,0.008636475
15731,0.0034179762
15732,-0.003112793
15733,-0.0077209547
15734,-0.010406487
15735,-0.012634298
15736,-0.007415777
15737,-0.0011901874
15738,0.01113892
15739,0.020507812
15740,0.023590086
15741,0.029968254
15742,0.029907228
15743,0.029418938
15744,0.026306145
15745,0.01879883
15746,0.01354979
15747,0.0029296894
15748,-0.0049438514
15749,-0.017913826
15750,-0.02169799
15751,-0.032958977
15752,-0.04101563
15753,-0.044647206
15754,-0.05392456
15755,-0.05078125
15756,-0.06109619
15757,-0.051391594
15758,-0.047058113
15759,-0.040313724
15760,-0.037139896
15761,-0.034576412
15762,-0.03790284
15763,-0.037811287
15764,-0.036651604
15765,-0.040039074
15766,-0.03582764
15767,-0.033477783
15768,-0.028198235
15769,-0.019775387
15770,-0.0206604
15771,-0.027008053
15772,-0.033752438
15773,-0.030944832
15774,-0.036438003
15775,-0.03475953
15776,-0.0016479343
15777,0.023559567
15778,0.038238525
15779,0.037750237
15780,0.02819825
15781,0.017211914
15782,0.0033569336
15783,-0.0033569187
15784,-0.005401626
15785,0.012817398
15786,0.046051025
15787,0.086120605
15788,0.12667847
15789,0.14932254
15790,0.16607668
15791,0.17358398
15792,0.17874146
15793,0.17721558
15794,0.16595457
15795,0.14553833
15796,0.12530518
15797,0.10671997
15798,0.082214355
15799,0.052764893
15800,0.023803718
15801,-0.011230469
15802,-0.038879395
15803,-0.0694275
15804,-0.09799192
15805,-0.119964615
15806,-0.14328004
15807,-0.15722658
15808,-0.17282103
15809,-0.17633058
15810,-0.1701355
15811,-0.15249634
15812,-0.12747192
15813,-0.09127807
15814,-0.056671146
15815,-0.022216797
15816,0.0052490085
15817,0.019683838
15818,0.030334473
15819,0.018859833
15820,0.003479004
15821,-0.011047304
15822,-0.035186797
15823,-0.05676268
15824,-0.08114621
15825,-0.09353642
15826,-0.1031494
15827,-0.10247801
15828,-0.09481812
15829,-0.090667725
15830,-0.08026123
15831,-0.07348633
15832,-0.051269524
15833,-0.030792233
15834,-0.0043945424
15835,0.015258782
15836,0.035858158
15837,0.06146241
15838,0.083587654
15839,0.111236565
15840,0.13067627
15841,0.14697266
15842,0.1579895
15843,0.15756226
15844,0.14797974
15845,0.1190796
15846,0.08734131
15847,0.051513664
15848,0.024169922
15849,-0.006225582
15850,-0.038055427
15851,-0.053161606
15852,-0.04830934
15853,-0.09576416
15854,-0.13128662
15855,-0.14160147
15856,-0.13800056
15857,-0.13467407
15858,-0.155243
15859,-0.1490783
15860,-0.08905028
15861,-0.02319336
15862,0.037200928
15863,0.046508804
15864,0.08056641
15865,0.13562013
15866,0.16342163
15867,0.1873169
15868,0.19699098
15869,0.20031738
15870,0.22332764
15871,0.2718201
15872,0.31567386
15873,0.3527832
15874,0.36798102
15875,0.36364746
15876,0.3398742
15877,0.2924195
15878,0.22390756
15879,0.15185547
15880,0.07925415
15881,0.030181877
15882,0.0007018894
15883,-0.008666972
15884,-0.0059204064
15885,0.0034179874
15886,0.029266365
15887,0.0635681
15888,0.098602295
15889,0.1246033
15890,0.14468384
15891,0.15902701
15892,0.14477539
15893,0.13055418
15894,0.09402467
15895,0.058166504
15896,0.008422855
15897,-0.05068969
15898,-0.11401368
15899,-0.18145753
15900,-0.2463073
15901,-0.31726074
15902,-0.3830262
15903,-0.4359437
15904,-0.47421256
15905,-0.49569708
15906,-0.5185548
15907,-0.5215149
15908,-0.51425177
15909,-0.49429327
15910,-0.47073355
15911,-0.43093863
15912,-0.39028937
15913,-0.34387213
15914,-0.29003912
15915,-0.24365227
15916,-0.19094849
15917,-0.14685062
15918,-0.101928726
15919,-0.05999753
15920,-0.025817866
15921,0.011566162
15922,0.04089355
15923,0.06427002
15924,0.09088136
15925,0.11724853
15926,0.14120483
15927,0.16406251
15928,0.18301392
15929,0.20138551
15930,0.21142581
15931,0.21954347
15932,0.21984863
15933,0.22003174
15934,0.22357175
15935,0.22756955
15936,0.23532106
15937,0.23672482
15938,0.23587038
15939,0.23013304
15940,0.22155762
15941,0.21392821
15942,0.20825194
15943,0.19680788
15944,0.1869812
15945,0.17108154
15946,0.15191649
15947,0.13726805
15948,0.120025605
15949,0.10400391
15950,0.081329346
15951,0.061981194
15952,0.041900642
15953,0.013763413
15954,-0.0060730167
15955,-0.030883789
15956,-0.051239014
15957,-0.076385505
15958,-0.095458984
15959,-0.11236573
15960,-0.12915039
15961,-0.14285277
15962,-0.16207886
15963,-0.17401122
15964,-0.1819458
15965,-0.18106079
15966,-0.17349243
15967,-0.16864014
15968,-0.1555481
15969,-0.1395569
15970,-0.12844847
15971,-0.108123794
15972,-0.09411621
15973,-0.07229616
15974,-0.050903313
15975,-0.03686522
15976,-0.019500725
15977,-0.0039978027
15978,0.012512211
15979,0.028594986
15980,0.041839596
15981,0.055786137
15982,0.06927489
15983,0.07714844
15984,0.09283449
15985,0.10394288
15986,0.120086655
15987,0.12939453
15988,0.13632202
15989,0.14682007
15990,0.14532472
15991,0.15023804
15992,0.15093997
15993,0.15231322
15994,0.15301512
15995,0.1503601
15996,0.15536499
15997,0.15109253
15998,0.14575194
15999,0.13677979
16000,0.12411499
16001,0.1098938
16002,0.09658813
16003,0.08193969
16004,0.06430056
16005,0.047851562
16006,0.034790024
16007,0.013977023
16008,-0.004760743
16009,-0.027923599
16010,-0.049346924
16011,-0.06680299
16012,-0.08901977
16013,-0.10388187
16014,-0.11462401
16015,-0.12173462
16016,-0.13159177
16017,-0.13412477
16018,-0.1395874
16019,-0.14208984
16020,-0.1445618
16021,-0.14831544
16022,-0.14468384
16023,-0.14324951
16024,-0.1421814
16025,-0.13809206
16026,-0.13278198
16027,-0.13101196
16028,-0.116607666
16029,-0.1184082
16030,-0.12350464
16031,-0.12640382
16032,-0.13442993
16033,-0.13839722
16034,-0.1086731
16035,-0.05972289
16036,-0.02917482
16037,-0.014648423
16038,-0.028106675
16039,-0.049621575
16040,-0.07409668
16041,-0.09829713
16042,-0.11550903
16043,-0.111358635
16044,-0.08020018
16045,-0.040924087
16046,-0.008331306
16047,0.0119323805
16048,0.019897446
16049,0.03118895
16050,0.04171752
16051,0.056610115
16052,0.06488037
16053,0.059173565
16054,0.03552246
16055,0.009887718
16056,-0.010467533
16057,-0.02856446
16058,-0.033844005
16059,-0.043823242
16060,-0.050903313
16061,-0.05111694
16062,-0.05514527
16063,-0.05859375
16064,-0.06149292
16065,-0.04898072
16066,-0.01776122
16067,0.026306141
16068,0.06820678
16069,0.107055664
16070,0.14364623
16071,0.1755677
16072,0.19522099
16073,0.20169063
16074,0.19924922
16075,0.18572989
16076,0.16891474
16077,0.14105225
16078,0.11230468
16079,0.07669066
16080,0.036895745
16081,0.0019531213
16082,-0.037536625
16083,-0.070129395
16084,-0.09402466
16085,-0.109771706
16086,-0.121795654
16087,-0.12197876
16088,-0.11328125
16089,-0.0978088
16090,-0.0657959
16091,-0.027923595
16092,0.017425515
16093,0.062408455
16094,0.10079956
16095,0.15020752
16096,0.18289188
16097,0.19024661
16098,0.1959839
16099,0.17877199
16100,0.13964845
16101,0.12506104
16102,0.095336914
16103,0.06304932
16104,0.040252678
16105,0.0060729757
16106,-0.018493637
16107,-0.072509766
16108,-0.084564194
16109,-0.05581665
16110,-0.039398193
16111,-0.034851074
16112,-0.045288086
16113,-0.04550171
16114,-0.07180789
16115,-0.12286377
16116,-0.16452023
16117,-0.1850891
16118,-0.16577148
16119,-0.13302617
16120,-0.086059555
16121,-0.043975838
16122,-0.0017394945
16123,0.03506469
16124,0.048889164
16125,0.05072021
16126,0.04223631
16127,0.048004158
16128,0.060516357
16129,0.09344483
16130,0.13589479
16131,0.18450929
16132,0.23941034
16133,0.29153442
16134,0.33383185
16135,0.36337292
16136,0.37374872
16137,0.36486822
16138,0.3324585
16139,0.2828979
16140,0.22143562
16141,0.15493774
16142,0.08547974
16143,0.024932861
16144,-0.034484856
16145,-0.09158325
16146,-0.14358523
16147,-0.19384758
16148,-0.23281854
16149,-0.26730353
16150,-0.29492182
16151,-0.30871582
16152,-0.3097229
16153,-0.3078614
16154,-0.2877807
16155,-0.26739493
16156,-0.2359008
16157,-0.20028694
16158,-0.16125485
16159,-0.12045285
16160,-0.0838318
16161,-0.051086456
16162,-0.02178955
16163,0.0030822903
16164,0.025115967
16165,0.042236343
16166,0.055542007
16167,0.06826781
16168,0.077301025
16169,0.07836915
16170,0.08020021
16171,0.07501221
16172,0.06579591
16173,0.059722915
16174,0.046203613
16175,0.03839112
16176,0.02145385
16177,0.012939457
16178,0.003295891
16179,-0.008056633
16180,-0.009216312
16181,-0.015045159
16182,-0.013580322
16183,-0.008087166
16184,-0.0021057157
16185,0.0045471117
16186,0.008026114
16187,0.014617927
16188,0.015258805
16189,0.015686028
16190,0.023895271
16191,0.0248413
16192,0.026428208
16193,0.023529038
16194,0.021514885
16195,0.02905275
16196,0.01986694
16197,0.01916505
16198,0.0065002367
16199,-0.0029602125
16200,-0.018310532
16201,-0.030761719
16202,-0.04684446
16203,-0.063323975
16204,-0.07836915
16205,-0.09811402
16206,-0.1091919
16207,-0.11691285
16208,-0.12167358
16209,-0.12731932
16210,-0.12594603
16211,-0.1185608
16212,-0.111755356
16213,-0.10476683
16214,-0.07180785
16215,-0.06427003
16216,-0.06320192
16217,-0.05471801
16218,-0.04730223
16219,-0.03787232
16220,-0.032073975
16221,-0.029785164
16222,-0.025390629
16223,-0.01876831
16224,-0.014465328
16225,-0.012084961
16226,-0.001953125
16227,-0.0020751934
16228,-0.006317137
16229,0.0039367676
16230,0.041687004
16231,0.044738762
16232,0.04333497
16233,0.03860473
16234,0.034210213
16235,0.033264164
16236,0.033660885
16237,0.048217773
16238,0.051910397
16239,0.049469
16240,0.05215455
16241,0.061614983
16242,0.062255844
16243,0.071655266
16244,0.07281495
16245,0.07989503
16246,0.0887451
16247,0.09744262
16248,0.10778808
16249,0.1081543
16250,0.11221312
16251,0.116363525
16252,0.113861084
16253,0.110748276
16254,0.11358643
16255,0.1095581
16256,0.10278321
16257,0.1062317
16258,0.09680174
16259,0.091339126
16260,0.084564224
16261,0.07974243
16262,0.0704956
16263,0.06381225
16264,0.050689697
16265,0.044616703
16266,0.032501213
16267,0.022277841
16268,0.020019537
16269,0.012725832
16270,0.005004879
16271,0.001373291
16272,-0.004791258
16273,-0.007751465
16274,-0.01794434
16275,-0.019592287
16276,-0.020690914
16277,-0.030456543
16278,-0.03671265
16279,-0.03622436
16280,-0.040710457
16281,-0.04455566
16282,-0.043334953
16283,-0.051574703
16284,-0.05822754
16285,-0.07000733
16286,-0.077362075
16287,-0.08557129
16288,-0.08703615
16289,-0.08956911
16290,-0.09167483
16291,-0.08737183
16292,-0.0857849
16293,-0.0833435
16294,-0.078369126
16295,-0.08761598
16296,-0.09143067
16297,-0.09591676
16298,-0.097656265
16299,-0.098846436
16300,-0.10827637
16301,-0.10705568
16302,-0.11276245
16303,-0.10888673
16304,-0.10821533
16305,-0.10531617
16306,-0.11312867
16307,-0.110046394
16308,-0.10626223
16309,-0.10464476
16310,-0.09732057
16311,-0.093200676
16312,-0.08929444
16313,-0.07748413
16314,-0.066162094
16315,-0.057922356
16316,-0.052093513
16317,-0.044799816
16318,-0.03427123
16319,-0.03192138
16320,-0.021698004
16321,-0.019195559
16322,-0.008941649
16323,0.0057067852
16324,0.025543217
16325,0.047943123
16326,0.062164303
16327,0.07659912
16328,0.08065795
16329,0.08410644
16330,0.08950806
16331,0.093627915
16332,0.09979248
16333,0.10531618
16334,0.11108397
16335,0.11117553
16336,0.11257934
16337,0.1131592
16338,0.109741196
16339,0.10830688
16340,0.107238755
16341,0.100860596
16342,0.09683228
16343,0.09591675
16344,0.08636473
16345,0.08673097
16346,0.08728025
16347,0.07739258
16348,0.071014404
16349,0.058990475
16350,0.051330574
16351,0.04174804
16352,0.03356934
16353,0.030395497
16354,0.026062012
16355,0.016265877
16356,0.020843504
16357,0.01608277
16358,0.014556892
16359,0.01074218
16360,0.0070190374
16361,-0.006286619
16362,-0.014221203
16363,-0.022460938
16364,-0.033264145
16365,-0.03793334
16366,-0.046783444
16367,-0.06283569
16368,-0.07196044
16369,-0.0834961
16370,-0.08956909
16371,-0.09121704
16372,-0.08953858
16373,-0.083465576
16374,-0.07946777
16375,-0.06948852
16376,-0.059478775
16377,-0.055999752
16378,-0.058074955
16379,-0.058013912
16380,-0.05541993
16381,-0.049316403
16382,-0.039459217
16383,-0.03463745
16384,-0.030181888
16385,-0.019226074
16386,-0.007720949
16387,-0.0038452137
16388,-0.0011291502
16389,0.0004882815
16390,0.0061950674
16391,0.021667484
16392,0.030456536
16393,0.038055416
16394,0.038848873
16395,0.049011223
16396,0.047393788
16397,0.051879887
16398,0.05389404
16399,0.055969242
16400,0.054107673
16401,0.048095714
16402,0.041198738
16403,0.03430175
16404,0.028289802
16405,0.020874016
16406,0.023010254
16407,0.022888176
16408,0.016235352
16409,0.013488777
16410,0.004211422
16411,-0.0021667369
16412,-0.0073852465
16413,-0.012512207
16414,-0.018859854
16415,-0.024627686
16416,-0.029937737
16417,-0.030151377
16418,-0.024322517
16419,-0.025024422
16420,-0.02429199
16421,-0.019195555
16422,-0.019042976
16423,-0.018341068
16424,-0.01669312
16425,-0.022888178
16426,-0.01797486
16427,-0.012207034
16428,0.0019226054
16429,0.006072996
16430,0.008300773
16431,0.01934814
16432,0.03082276
16433,0.040130615
16434,0.048583984
16435,0.051940925
16436,0.051452633
16437,0.05187988
16438,0.0496521
16439,0.053100582
16440,0.052673336
16441,0.04266358
16442,0.030670168
16443,0.02084351
16444,0.013244629
16445,0.014831541
16446,0.0120544415
16447,0.015075685
16448,0.01828003
16449,0.015472412
16450,0.014678954
16451,0.013885498
16452,0.01071167
16453,0.010955812
16454,0.0030517597
16455,0.00027465832
16456,0.0021362305
16457,0.0028686489
16458,0.0047302227
16459,0.0043335008
16460,0.009216309
16461,0.013458255
16462,0.01208496
16463,0.013732914
16464,0.009674072
16465,0.0076599196
16466,0.004730217
16467,0.007873528
16468,0.0053710956
16469,-0.0011596752
16470,0.0017395029
16471,-0.0011291467
16472,0.0015563946
16473,0.0029296894
16474,0.0082092285
16475,0.0146484375
16476,0.015808102
16477,0.024383541
16478,0.035675056
16479,0.038757324
16480,0.04647828
16481,0.054016106
16482,0.048461925
16483,0.03231811
16484,0.011688234
16485,-0.0058288537
16486,-0.026123038
16487,-0.0359497
16488,-0.05114746
16489,-0.068145745
16490,-0.08007814
16491,-0.08276367
16492,-0.07925415
16493,-0.073364265
16494,-0.050659183
16495,-0.023101795
16496,0.0077819973
16497,0.03259276
16498,0.05053711
16499,0.06384276
16500,0.07162477
16501,0.07080078
16502,0.059143066
16503,0.049591057
16504,0.030120835
16505,0.009399414
16506,-0.017944332
16507,-0.04208374
16508,-0.05978393
16509,-0.07571411
16510,-0.08398438
16511,-0.081726074
16512,-0.08163454
16513,-0.07641601
16514,-0.06652832
16515,-0.06262207
16516,-0.053253178
16517,-0.053314205
16518,-0.05148315
16519,-0.0534668
16520,-0.057586674
16521,-0.05877685
16522,-0.06613158
16523,-0.06954955
16524,-0.07791138
16525,-0.08914183
16526,-0.10180664
16527,-0.115448005
16528,-0.1289978
16529,-0.13488768
16530,-0.14398192
16531,-0.15039062
16532,-0.15142822
16533,-0.1565857
16534,-0.16705322
16535,-0.16656497
16536,-0.17422485
16537,-0.17333984
16538,-0.17294312
16539,-0.17333983
16540,-0.16952515
16541,-0.15963745
16542,-0.15356445
16543,-0.14172363
16544,-0.13281253
16545,-0.11975098
16546,-0.09655763
16547,-0.076049805
16548,-0.050231934
16549,-0.030700669
16550,-0.0034179576
16551,0.01867676
16552,0.04013062
16553,0.058563244
16554,0.0781555
16555,0.0935669
16556,0.10562134
16557,0.12881468
16558,0.13580322
16559,0.14797974
16560,0.16168213
16561,0.17364502
16562,0.1892395
16563,0.20205688
16564,0.216156
16565,0.22683716
16566,0.23394775
16567,0.24203488
16568,0.24563599
16569,0.25030518
16570,0.25402832
16571,0.25933838
16572,0.26583856
16573,0.26647955
16574,0.26901248
16575,0.26519766
16576,0.2633667
16577,0.25854492
16578,0.25106812
16579,0.24880983
16580,0.23956299
16581,0.2327881
16582,0.22232056
16583,0.21051025
16584,0.19799806
16585,0.17883301
16586,0.15969849
16587,0.13616943
16588,0.11993408
16589,0.09976198
16590,0.08502197
16591,0.06820678
16592,0.053222656
16593,0.044311516
16594,0.027526863
16595,0.0074768215
16596,-0.013214111
16597,-0.031219468
16598,-0.053070076
16599,-0.07095336
16600,-0.086120605
16601,-0.09637453
16602,-0.10879517
16603,-0.113403335
16604,-0.11456297
16605,-0.11206056
16606,-0.109741196
16607,-0.1067505
16608,-0.10614013
16609,-0.11026001
16610,-0.106628425
16611,-0.102813736
16612,-0.096649185
16613,-0.08917238
16614,-0.088195816
16615,-0.08740234
16616,-0.08624269
16617,-0.08377076
16618,-0.079956055
16619,-0.07287598
16620,-0.06787108
16621,-0.06488037
16622,-0.06314088
16623,-0.06985472
16624,-0.07431032
16625,-0.08810423
16626,-0.09783936
16627,-0.11053466
16628,-0.12548828
16629,-0.13638306
16630,-0.14639282
16631,-0.15353392
16632,-0.15197754
16633,-0.14254755
16634,-0.14038086
16635,-0.1264038
16636,-0.11984253
16637,-0.10592653
16638,-0.099212654
16639,-0.099670395
16640,-0.10870363
16641,-0.11441042
16642,-0.11029053
16643,-0.097045906
16644,-0.07943725
16645,-0.06533815
16646,-0.047210693
16647,-0.04019165
16648,-0.035400406
16649,-0.03240967
16650,-0.03753663
16651,-0.044311523
16652,-0.059387207
16653,-0.07141113
16654,-0.076690674
16655,-0.08105468
16656,-0.06765748
16657,-0.049957283
16658,-0.041748032
16659,-0.028381333
16660,0.009613037
16661,0.03933715
16662,0.06506346
16663,0.09396363
16664,0.12057494
16665,0.13812253
16666,0.14913937
16667,0.19100952
16668,0.1863403
16669,0.14694217
16670,0.14089966
16671,0.1387024
16672,0.13034056
16673,0.1121521
16674,0.0970459
16675,0.08383178
16676,0.059570305
16677,0.018920898
16678,-0.033294678
16679,-0.079284675
16680,-0.113647476
16681,-0.13858032
16682,-0.15466309
16683,-0.1628418
16684,-0.15960693
16685,-0.138031
16686,-0.10818481
16687,-0.07723998
16688,-0.056030273
16689,-0.043518066
16690,-0.043579098
16691,-0.04571533
16692,-0.05874633
16693,-0.0699463
16694,-0.08660888
16695,-0.10006714
16696,-0.105377205
16697,-0.11325073
16698,-0.10910034
16699,-0.10427856
16700,-0.09414672
16701,-0.08312988
16702,-0.06414796
16703,-0.04559326
16704,-0.025482178
16705,-0.008880623
16706,0.013000488
16707,0.036865216
16708,0.062408455
16709,0.09274288
16710,0.121917725
16711,0.14822385
16712,0.16241455
16713,0.1875
16714,0.19882202
16715,0.2046814
16716,0.20782468
16717,0.21151733
16718,0.21237181
16719,0.20895386
16720,0.2049255
16721,0.20275882
16722,0.2163391
16723,0.17535397
16724,0.104003906
16725,0.07369995
16726,0.051300034
16727,0.04574588
16728,0.036224328
16729,0.026336662
16730,0.031249987
16731,0.02209472
16732,0.008941643
16733,-0.008636478
16734,-0.022857668
16735,-0.037445076
16736,-0.046630856
16737,-0.058898933
16738,-0.068725586
16739,-0.070281975
16740,-0.06802368
16741,-0.06253047
16742,-0.06219486
16743,-0.058959927
16744,-0.059753463
16745,-0.049621563
16746,-0.04376225
16747,-0.041046098
16748,-0.039215103
16749,-0.033630345
16750,-0.03222656
16751,-0.026916549
16752,-0.02270507
16753,-0.015289318
16754,-0.0033569187
16755,0.006530758
16756,0.024749756
16757,0.043151863
16758,0.054626457
16759,0.05831908
16760,0.06213381
16761,0.060638413
16762,0.063323945
16763,0.06643677
16764,0.069244415
16765,0.0741882
16766,0.083740264
16767,0.09448239
16768,0.09878542
16769,0.10321045
16770,0.10317993
16771,0.102630645
16772,0.09420771
16773,0.081939705
16774,0.06283568
16775,0.041107193
16776,0.012207016
16777,-0.015625
16778,-0.044372573
16779,-0.07339478
16780,-0.09936523
16781,-0.124786384
16782,-0.14398193
16783,-0.15838623
16784,-0.1654358
16785,-0.17098999
16786,-0.16751099
16787,-0.1597595
16788,-0.14547731
16789,-0.12680055
16790,-0.10675049
16791,-0.08883667
16792,-0.07086181
16793,-0.05703735
16794,-0.04904174
16795,-0.041748047
16796,-0.042633064
16797,-0.040801983
16798,-0.04306031
16799,-0.047424316
16800,-0.054595947
16801,-0.06210328
16802,-0.07043456
16803,-0.081726074
16804,-0.09164429
16805,-0.099365234
16806,-0.10876466
16807,-0.11456299
16808,-0.119384766
16809,-0.12271117
16810,-0.12649536
16811,-0.13006592
16812,-0.1343994
16813,-0.13320921
16814,-0.13552858
16815,-0.12969969
16816,-0.12634277
16817,-0.1171875
16818,-0.09747314
16819,-0.09231567
16820,-0.08148192
16821,-0.06912232
16822,-0.056121834
16823,-0.04309083
16824,-0.02523805
16825,-0.006317131
16826,0.0152893085
16827,0.03274536
16828,0.049377434
16829,0.062835686
16830,0.07940673
16831,0.098602295
16832,0.11584474
16833,0.1343689
16834,0.15478516
16835,0.1717224
16836,0.19119263
16837,0.20639038
16838,0.22137451
16839,0.23477176
16840,0.24569702
16841,0.24935913
16842,0.24682619
16843,0.24880981
16844,0.24301149
16845,0.2410889
16846,0.23269653
16847,0.22341922
16848,0.20928955
16849,0.19314578
16850,0.17874146
16851,0.16293333
16852,0.14895628
16853,0.131073
16854,0.11642457
16855,0.09661867
16856,0.0784607
16857,0.058746345
16858,0.037994377
16859,0.019287094
16860,-0.0013427846
16861,-0.021087628
16862,-0.035369884
16863,-0.05029296
16864,-0.057250988
16865,-0.06359862
16866,-0.06402588
16867,-0.06570436
16868,-0.062164307
16869,-0.06301879
16870,-0.06158446
16871,-0.059631355
16872,-0.059478786
16873,-0.05300903
16874,-0.04782104
16875,-0.04275513
16876,-0.039642334
16877,-0.037170425
16878,-0.0350647
16879,-0.031402603
16880,-0.029785156
16881,-0.023742683
16882,-0.023590099
16883,-0.022094732
16884,-0.023101816
16885,-0.0253601
16886,-0.027069097
16887,-0.02743531
16888,-0.02804564
16889,-0.030578613
16890,-0.029846188
16891,-0.034637455
16892,-0.03305053
16893,-0.038421646
16894,-0.04266358
16895,-0.046813965
16896,-0.051544197
16897,-0.054992672
16898,-0.058349602
16899,-0.06079101
16900,-0.06726073
16901,-0.07122803
16902,-0.07711794
16903,-0.07647707
16904,-0.08474733
16905,-0.082794204
16906,-0.086059585
16907,-0.082824714
16908,-0.07809449
16909,-0.07577515
16910,-0.074768074
16911,-0.076293945
16912,-0.07733154
16913,-0.0774231
16914,-0.072051995
16915,-0.06808473
16916,-0.05545044
16917,-0.05154419
16918,-0.0390625
16919,-0.03131103
16920,-0.022644036
16921,-0.009124754
16922,-0.0020446721
16923,0.0107421875
16924,0.018493664
16925,0.028381336
16926,0.03863527
16927,0.04699706
16928,0.05426026
16929,0.05975341
16930,0.063629135
16931,0.06613161
16932,0.06851196
16933,0.0690918
16934,0.074279785
16935,0.0725708
16936,0.07382201
16937,0.07269287
16938,0.06741333
16939,0.064941406
16940,0.057159424
16941,0.051208504
16942,0.047576923
16943,0.039886475
16944,0.038146973
16945,0.03289794
16946,0.029571537
16947,0.025787342
16948,0.025970459
16949,0.02816772
16950,0.025939941
16951,0.024169916
16952,0.024597168
16953,0.02438355
16954,0.020446785
16955,0.019012438
16956,0.01693727
16957,0.013885513
16958,0.013122552
16959,0.010620117
16960,0.0081481775
16961,0.0015564072
16962,0.0012817308
16963,-0.00247192
16964,-0.0020446628
16965,-0.0040283315
16966,-0.0067138746
16967,-0.009155273
16968,-0.010620117
16969,-0.008117676
16970,-0.012023924
16971,-0.010620119
16972,-0.011352541
16973,-0.014007565
16974,-0.016021729
16975,-0.017517092
16976,-0.019805904
16977,-0.024566654
16978,-0.023345947
16979,-0.028747564
16980,-0.025909426
16981,-0.023895271
16982,-0.025451655
16983,-0.026519766
16984,-0.029296875
16985,-0.034301754
16986,-0.038879402
16987,-0.043334953
16988,-0.045501716
16989,-0.045776352
16990,-0.048248284
16991,-0.04431153
16992,-0.04608154
16993,-0.043243423
16994,-0.034332275
16995,-0.02694702
16996,-0.01663207
16997,-0.0074157715
16998,-0.003204342
16999,0.00045776553
17000,0.0030212402
17001,0.010375977
17002,0.011260986
17003,0.016845701
17004,0.019317629
17005,0.024017334
17006,0.029815672
17007,0.038269028
17008,0.044189453
17009,0.04440307
17010,0.044097904
17011,0.044647224
17012,0.04763795
17013,0.047607422
17014,0.05181884
17015,0.05053711
17016,0.050048817
17017,0.050415028
17018,0.049041744
17019,0.048706062
17020,0.04473878
17021,0.036346447
17022,0.032196045
17023,0.019500725
17024,0.01171875
17025,0.0057678185
17026,-0.0006103534
17027,-0.0037841797
17028,-0.008758543
17029,-0.009155273
17030,-0.0119628925
17031,-0.017517082
17032,-0.018737804
17033,-0.018554695
17034,-0.018188473
17035,-0.01553345
17036,-0.015838629
17037,-0.012603773
17038,-0.014190685
17039,-0.01638793
17040,-0.014404299
17041,-0.015686031
17042,-0.0196228
17043,-0.020996103
17044,-0.02142335
17045,-0.026580809
17046,-0.027557371
17047,-0.0369873
17048,-0.037536617
17049,-0.038482662
17050,-0.03970337
17051,-0.03710938
17052,-0.039093018
17053,-0.031799316
17054,-0.029693604
17055,-0.024902346
17056,-0.023681644
17057,-0.023437496
17058,-0.024841305
17059,-0.027465831
17060,-0.025787346
17061,-0.02709962
17062,-0.02566529
17063,-0.026885983
17064,-0.025573723
17065,-0.026580801
17066,-0.02902221
17067,-0.025878906
17068,-0.024688728
17069,-0.02172852
17070,-0.014892573
17071,-0.010742193
17072,-0.008361817
17073,-0.005889894
17074,-0.0007629441
17075,-0.0015869162
17076,-0.0020751911
17077,0.004302984
17078,-0.0036010789
17079,-0.0083007775
17080,-0.01412963
17081,-0.018981937
17082,-0.023101803
17083,-0.027160646
17084,-0.02822876
17085,-0.029449463
17086,-0.03634644
17087,-0.03363037
17088,-0.03704834
17089,-0.034942634
17090,-0.031799313
17091,-0.034240723
17092,-0.026367186
17093,-0.024108883
17094,-0.025543217
17095,-0.020172117
17096,-0.016021721
17097,-0.0070495605
17098,0.005584716
17099,0.014434814
17100,0.020904543
17101,0.025360104
17102,0.031463627
17103,0.037384033
17104,0.047210686
17105,0.04940795
17106,0.054870605
17107,0.05413819
17108,0.052856445
17109,0.057739258
17110,0.053802498
17111,0.055145252
17112,0.04974366
17113,0.051574707
17114,0.04504395
17115,0.042266853
17116,0.035705566
17117,0.03353882
17118,0.030059814
17119,0.032043457
17120,0.036102295
17121,0.0317688
17122,0.028808592
17123,0.026153564
17124,0.021209717
17125,0.015319824
17126,0.016540527
17127,0.02185059
17128,0.020965584
17129,0.011077873
17130,0.015716553
17131,0.0066833515
17132,0.016296389
17133,0.03161621
17134,0.013000492
17135,0.025238039
17136,0.021942135
17137,0.0275879
17138,0.024200441
17139,0.028686522
17140,0.03189087
17141,0.0390625
17142,0.04058837
17143,0.040039066
17144,0.035461422
17145,0.031402588
17146,0.02966309
17147,0.023742668
17148,0.023559568
17149,0.018005367
17150,0.014678942
17151,0.013366699
17152,0.012878422
17153,0.009155273
17154,0.0023803785
17155,-0.0003051795
17156,-0.001647953
17157,-0.005920399
17158,-0.007934578
17159,-0.013732906
17160,-0.022857662
17161,-0.031585697
17162,-0.03454589
17163,-0.038452156
17164,-0.04049684
17165,-0.037139885
17166,-0.0343628
17167,-0.032470703
17168,-0.027587896
17169,-0.020294186
17170,-0.017944334
17171,-0.012329102
17172,-0.01156616
17173,-0.0060424805
17174,-0.004425047
17175,-0.0055236816
17176,0.0033569317
17177,0.004791262
17178,0.007598877
17179,0.013610843
17180,0.012542725
17181,0.009460448
17182,0.0086364765
17183,0.0082092285
17184,0.005126955
17185,-0.0006713867
17186,-0.0054321196
17187,-0.017486565
17188,-0.026641844
17189,-0.03295899
17190,-0.035400394
17191,-0.040222164
17192,-0.040405273
17193,-0.043487556
17194,-0.049713135
17195,-0.051086426
17196,-0.053527825
17197,-0.056030266
17198,-0.05401612
17199,-0.0541687
17200,-0.05041504
17201,-0.04974366
17202,-0.05169677
17203,-0.057708733
17204,-0.05737304
17205,-0.060089104
17206,-0.06347657
17207,-0.06286622
17208,-0.06677246
17209,-0.06539917
17210,-0.059722908
17211,-0.059478752
17212,-0.05722046
17213,-0.05645752
17214,-0.05822754
17215,-0.055297855
17216,-0.055938713
17217,-0.050323494
17218,-0.049194336
17219,-0.04623414
17220,-0.043426514
17221,-0.037048332
17222,-0.0376892
17223,-0.032226555
17224,-0.030426016
17225,-0.025268545
17226,-0.022888191
17227,-0.018951407
17228,-0.017639168
17229,-0.016601566
17230,-0.015747063
17231,-0.015411373
17232,-0.0073242188
17233,-0.004119871
17234,0.0056152325
17235,0.011596681
17236,0.021240234
17237,0.025695805
17238,0.054718018
17239,0.062316906
17240,0.040008556
17241,0.04696656
17242,0.04843139
17243,0.06011963
17244,0.06393432
17245,0.07452391
17246,0.07562256
17247,0.079834
17248,0.0803528
17249,0.08248901
17250,0.08343507
17251,0.08267212
17252,0.083801284
17253,0.08041382
17254,0.08175661
17255,0.08123778
17256,0.077301025
17257,0.07717896
17258,0.0786438
17259,0.07742311
17260,0.076538086
17261,0.07720947
17262,0.07415772
17263,0.07238768
17264,0.06610108
17265,0.06542967
17266,0.066528335
17267,0.067718506
17268,0.06668091
17269,0.06430054
17270,0.06539918
17271,0.06448364
17272,0.06396484
17273,0.06335448
17274,0.059539784
17275,0.056152336
17276,0.05526733
17277,0.05010987
17278,0.045013435
17279,0.04174804
17280,0.043395996
17281,0.041503895
17282,0.046661373
17283,0.042572007
17284,0.039855957
17285,0.033599842
17286,0.025878906
17287,0.022308365
17288,0.014343247
17289,0.004150398
17290,-0.0070190355
17291,-0.018035896
17292,-0.02639772
17293,-0.03448486
17294,-0.04559326
17295,-0.05407715
17296,-0.06097412
17297,-0.06567383
17298,-0.06939699
17299,-0.077117905
17300,-0.0812683
17301,-0.0853882
17302,-0.088378906
17303,-0.092865005
17304,-0.09255982
17305,-0.09878539
17306,-0.100708
17307,-0.106414795
17308,-0.11035155
17309,-0.115692146
17310,-0.11987306
17311,-0.12161254
17312,-0.11837767
17313,-0.109283455
17314,-0.10177612
17315,-0.08728026
17316,-0.07708742
17317,-0.061584454
17318,-0.04748536
17319,-0.038635258
17320,-0.030792244
17321,-0.02438353
17322,-0.022918701
17323,-0.017486557
17324,-0.01687622
17325,-0.015838653
17326,-0.009765603
17327,-0.0032348633
17328,0.00680542
17329,0.016235366
17330,0.023040779
17331,0.031585686
17332,0.035034206
17333,0.037200924
17334,0.040893555
17335,0.036682133
17336,0.040496826
17337,0.044799797
17338,0.04479982
17339,0.045349106
17340,0.0404358
17341,0.02673341
17342,0.017334
17343,0.011047358
17344,0.011352535
17345,0.009338375
17346,-0.0039672777
17347,0.008270256
17348,0.03741455
17349,0.06466675
17350,0.078125
17351,0.069702156
17352,0.05184938
17353,0.030975334
17354,0.013305679
17355,0.006164521
17356,0.006286636
17357,0.02676393
17358,0.057678245
17359,0.089111336
17360,0.11044313
17361,0.13088988
17362,0.14559937
17363,0.15042117
17364,0.13931274
17365,0.1239624
17366,0.10409549
17367,0.07647705
17368,0.047149643
17369,0.015380878
17370,-0.010162361
17371,-0.0321045
17372,-0.04983522
17373,-0.06811522
17374,-0.084075935
17375,-0.09963988
17376,-0.10473635
17377,-0.1100464
17378,-0.11877445
17379,-0.11889647
17380,-0.118621856
17381,-0.10751344
17382,-0.0904541
17383,-0.06796263
17384,-0.039794922
17385,-0.014160149
17386,0.007965097
17387,0.023742687
17388,0.023254389
17389,0.014923109
17390,-0.005554192
17391,-0.027404793
17392,-0.046844475
17393,-0.062255837
17394,-0.06927491
17395,-0.06982423
17396,-0.062042236
17397,-0.049743656
17398,-0.029327393
17399,-0.0047912784
17400,0.029479966
17401,0.058563236
17402,0.09072877
17403,0.1192932
17404,0.14767455
17405,0.16973878
17406,0.17730716
17407,0.18167114
17408,0.17852783
17409,0.1748352
17410,0.1635437
17411,0.14334106
17412,0.12545778
17413,0.1005249
17414,0.07141113
17415,0.038299575
17416,-0.0017089844
17417,-0.039215095
17418,-0.07608033
17419,-0.11315918
17420,-0.15148926
17421,-0.18667603
17422,-0.21740723
17423,-0.23986818
17424,-0.24905397
17425,-0.24835202
17426,-0.23864742
17427,-0.2390442
17428,-0.24050905
17429,-0.20935057
17430,-0.20736697
17431,-0.20755005
17432,-0.19366452
17433,-0.19268797
17434,-0.18920897
17435,-0.14941406
17436,-0.08270262
17437,-0.021545425
17438,-0.0072021335
17439,-0.018646255
17440,0.0017700046
17441,0.018554688
17442,0.029968262
17443,0.0012817383
17444,-0.0422668
17445,-0.06524661
17446,-0.058715895
17447,-0.031524613
17448,0.0071105957
17449,0.05712892
17450,0.10330194
17451,0.12396233
17452,0.11791986
17453,0.09396362
17454,0.054138184
17455,0.026184082
17456,-0.0013122633
17457,-0.011779791
17458,-0.0095825195
17459,0.01672363
17460,0.065277115
17461,0.12573242
17462,0.20968631
17463,0.29064944
17464,0.37173468
17465,0.4371949
17466,0.48052973
17467,0.48623666
17468,0.45901492
17469,0.4061585
17470,0.32849127
17471,0.23779297
17472,0.13885498
17473,0.05819703
17474,-0.004089415
17475,-0.0654906
17476,-0.13290411
17477,-0.21084595
17478,-0.27447522
17479,-0.32138067
17480,-0.36672974
17481,-0.3953551
17482,-0.41516113
17483,-0.41400155
17484,-0.3797608
17485,-0.34890738
17486,-0.32434088
17487,-0.27752674
17488,-0.2389831
17489,-0.19302374
17490,-0.14920035
17491,-0.10192868
17492,-0.05404663
17493,-0.007904053
17494,0.027099624
17495,0.047027595
17496,0.059112564
17497,0.062835716
17498,0.07165525
17499,0.084533684
17500,0.098022446
17501,0.10198975
17502,0.09616089
17503,0.09133911
17504,0.08532713
17505,0.082336426
17506,0.07397461
17507,0.06704709
17508,0.06732179
17509,0.07458496
17510,0.08169556
17511,0.08239743
17512,0.081207246
17513,0.078704834
17514,0.08068848
17515,0.0786743
17516,0.06832885
17517,0.061309822
17518,0.06674193
17519,0.08502197
17520,0.10217287
17521,0.12554933
17522,0.140625
17523,0.14404298
17524,0.13870238
17525,0.11477661
17526,0.076324455
17527,0.035034195
17528,0.002777068
17529,-0.024261447
17530,-0.030059846
17531,-0.019927964
17532,-0.00018315157
17533,0.031951874
17534,0.05108638
17535,0.07342529
17536,0.08288574
17537,0.09442142
17538,0.10107422
17539,0.09890747
17540,0.09326172
17541,0.07461549
17542,0.05041503
17543,0.05358886
17544,0.050628655
17545,-0.0032043457
17546,-0.046203613
17547,-0.076782234
17548,-0.14028932
17549,-0.1689148
17550,-0.15301518
17551,-0.15890501
17552,-0.16052245
17553,-0.1672058
17554,-0.15264894
17555,-0.15142822
17556,-0.14114374
17557,-0.14245605
17558,-0.12182619
17559,-0.13565063
17560,-0.15359499
17561,-0.1340943
17562,-0.10491949
17563,-0.04330446
17564,0.029449433
17565,0.093048066
17566,0.12188721
17567,0.15798952
17568,0.19833377
17569,0.21286015
17570,0.22076413
17571,0.2705689
17572,0.32647705
17573,0.36306763
17574,0.41201782
17575,0.47955328
17576,0.5486755
17577,0.60055554
17578,0.61804193
17579,0.59484863
17580,0.5404054
17581,0.46331793
17582,0.37136835
17583,0.27740487
17584,0.18307495
17585,0.1010437
17586,0.023681656
17587,-0.052307144
17588,-0.13604736
17589,-0.22903442
17590,-0.32025152
17591,-0.41043085
17592,-0.49520877
17593,-0.5684815
17594,-0.6239015
17595,-0.6631775
17596,-0.6753846
17597,-0.6632081
17598,-0.6275331
17599,-0.5676269
17600,-0.49887085
17601,-0.4194641
17602,-0.34619144
17603,-0.2666626
17604,-0.18478392
17605,-0.11529544
17606,-0.041229226
17607,0.027770996
17608,0.08685301
17609,0.13659666
17610,0.16806027
17611,0.19390875
17612,0.20770268
17613,0.21627805
17614,0.2129211
17615,0.20114136
17616,0.18417363
17617,0.15777591
17618,0.1280518
17619,0.09140015
17620,0.053649917
17621,0.016357481
17622,-0.016998269
17623,-0.04962161
17624,-0.073455825
17625,-0.10052492
17626,-0.12149048
17627,-0.13583373
17628,-0.1441345
17629,-0.15286253
17630,-0.15805052
17631,-0.16015619
17632,-0.15527344
17633,-0.14233401
17634,-0.1296081
17635,-0.11190797
17636,-0.09295653
17637,-0.075897224
17638,-0.057525627
17639,-0.045623817
17640,-0.03579718
17641,-0.029663097
17642,-0.01812743
17643,-0.0068359375
17644,-0.0033264235
17645,0.0025024675
17646,-9.1575086e-05
17647,-0.0055236816
17648,-0.012237564
17649,-0.019439682
17650,-0.023986824
17651,-0.02621459
17652,-0.032745358
17653,-0.037170403
17654,-0.04333497
17655,-0.047851562
17656,-0.047760002
17657,-0.046813972
17658,-0.04641722
17659,-0.05145264
17660,-0.053985596
17661,-0.053497322
17662,-0.05236817
17663,-0.050506577
17664,-0.04873658
17665,-0.043060325
17666,-0.034729004
17667,-0.028991714
17668,-0.022277832
17669,-0.019012451
17670,-0.008514389
17671,-0.005950935
17672,0.0020751879
17673,0.009979233
17674,0.012023926
17675,0.020141602
17676,0.020568855
17677,0.030334488
17678,0.03344725
17679,0.03939821
17680,0.048339844
17681,0.052764878
17682,0.05807494
17683,0.061706543
17684,0.06826784
17685,0.07156371
17686,0.074340805
17687,0.07254028
17688,0.075012214
17689,0.07803345
17690,0.08645629
17691,0.09356688
17692,0.10000608
17693,0.10897826
17694,0.118011475
17695,0.12472535
17696,0.12695312
17697,0.12927245
17698,0.13803099
17699,0.1315918
17700,0.11508178
17701,0.104156494
17702,0.110900864
17703,0.118957505
17704,0.12698366
17705,0.13024902
17706,0.12722778
17707,0.12188721
17708,0.109191895
17709,0.094970696
17710,0.073059075
17711,0.05493164
17712,0.03256225
17713,0.022064205
17714,0.011840822
17715,0.0039672945
17716,-0.00082396343
17717,-0.0022582933
17718,-3.052503e-05
17719,-0.0035705417
17720,-0.0008850321
17721,-0.0032653958
17722,-0.0002441425
17723,0.0005798321
17724,0.0014343392
17725,0.0035705585
17726,0.0035095215
17727,-0.0005187839
17728,0.0012511909
17729,-0.0046081655
17730,-0.0063782
17731,-0.007568393
17732,-0.008544937
17733,-0.00982669
17734,-0.010559078
17735,-0.014129661
17736,-0.013519261
17737,-0.011413634
17738,-0.014709488
17739,-0.0076294094
17740,-0.0080871545
17741,-0.0038146898
17742,-0.00347903
17743,0.00088500977
17744,-0.00085448474
17745,0.00070191175
17746,0.00082396716
17747,0.0007019006
17748,0.004882805
17749,0.0012817457
17750,0.0035705492
17751,-0.0016479492
17752,-0.0039062593
17753,-0.0075683556
17754,-0.006744381
17755,-0.010864271
17756,-0.014343265
17757,-0.012359627
17758,-0.01663208
17759,-0.021850577
17760,-0.023895271
17761,-0.0276184
17762,-0.031402588
17763,-0.033905018
17764,-0.034057606
17765,-0.03509522
17766,-0.035003647
17767,-0.035522453
17768,-0.040100094
17769,-0.043304425
17770,-0.046173092
17771,-0.05206297
17772,-0.053680435
17773,-0.056304935
17774,-0.062011704
17775,-0.06524658
17776,-0.07369995
17777,-0.07595825
17778,-0.079254135
17779,-0.07916261
17780,-0.07980347
17781,-0.072753906
17782,-0.06787111
17783,-0.059326164
17784,-0.047576904
17785,-0.040588368
17786,-0.034149166
17787,-0.022644047
17788,-0.016723616
17789,-0.0025939718
17790,0.0052185208
17791,0.016418457
17792,0.027618382
17793,0.042816184
17794,0.050354004
17795,0.05535888
17796,0.06335448
17797,0.065338135
17798,0.071075425
17799,0.07321169
17800,0.07675172
17801,0.07421875
17802,0.08392334
17803,0.08187866
17804,0.0861206
17805,0.087127686
17806,0.08401488
17807,0.085693344
17808,0.08053589
17809,0.07595826
17810,0.064483635
17811,0.0578003
17812,0.054595944
17813,0.049285885
17814,0.036102295
17815,0.03353881
17816,0.025909428
17817,0.027587889
17818,0.023712156
17819,0.01638794
17820,0.013763428
17821,0.009216309
17822,0.0108947735
17823,0.005279538
17824,0.0026855478
17825,-0.0038146963
17826,-0.009338381
17827,-0.00982666
17828,-0.013946528
17829,-0.016174318
17830,-0.02304077
17831,-0.026977537
17832,-0.023162847
17833,-0.022064203
17834,-0.022674572
17835,-0.022460924
17836,-0.025604257
17837,-0.02389526
17838,-0.025146488
17839,-0.026489262
17840,-0.02423095
17841,-0.033233635
17842,-0.033325195
17843,-0.04241944
17844,-0.046997063
17845,-0.046142578
17846,-0.05288697
17847,-0.052886963
17848,-0.05200195
17849,-0.05770873
17850,-0.060760513
17851,-0.061981194
17852,-0.052307133
17853,-0.048675537
17854,-0.043670647
17855,-0.040924076
17856,-0.041900627
17857,-0.042816166
17858,-0.038879395
17859,-0.03729248
17860,-0.03417968
17861,-0.031188957
17862,-0.033233654
17863,-0.03408814
17864,-0.034973145
17865,-0.03713989
17866,-0.034210205
17867,-0.03756713
17868,-0.033691395
17869,-0.034362793
17870,-0.036254868
17871,-0.03378296
17872,-0.038116455
17873,-0.03912352
17874,-0.040222168
17875,-0.030883782
17876,-0.0281372
17877,-0.0239258
17878,-0.019989017
17879,-0.012023918
17880,-0.008148205
17881,-0.0029602125
17882,0.0031432994
17883,0.009857178
17884,0.01986694
17885,0.02706908
17886,0.035369866
17887,0.033966072
17888,0.039001472
17889,0.035430916
17890,0.040649407
17891,0.04125976
17892,0.043029796
17893,0.048004143
17894,0.052093502
17895,0.05551146
17896,0.053527825
17897,0.05493164
17898,0.04870606
17899,0.043945324
17900,0.041198738
17901,0.044860847
17902,0.038970955
17903,0.028686527
17904,0.026947025
17905,0.018432617
17906,0.012420652
17907,0.007965091
17908,0.0055236816
17909,-0.0016174307
17910,-0.0069274865
17911,-0.018066406
17912,-0.015747078
17913,-0.01586914
17914,-0.01733399
17915,-0.017913815
17916,-0.0146789625
17917,-0.021392819
17918,-0.014770506
17919,-0.019073486
17920,-0.017089844
17921,-0.018157963
17922,-0.019622806
17923,-0.013336176
17924,-0.014892574
17925,-0.00042724516
17926,0.0075988695
17927,0.014862062
17928,0.019409178
17929,0.01889039
17930,0.019134512
17931,0.021118166
17932,0.02069092
17933,0.015502922
17934,0.014801021
17935,0.02041626
17936,0.022735596
17937,0.02267456
17938,0.021636961
17939,0.024169922
17940,0.021301271
17941,0.012207027
17942,0.014923102
17943,0.011718746
17944,0.0061950665
17945,0.005126953
17946,0.0044250563
17947,0.005279539
17948,0.007171627
17949,0.0021972656
17950,-0.007537838
17951,-0.009918205
17952,-0.0066528283
17953,-0.004486084
17954,-0.002807621
17955,-0.0026550181
17956,0.0035400316
17957,0.007934578
17958,0.0056152344
17959,0.0050659217
17960,-0.0041809194
17961,-0.010955803
17962,-0.007293701
17963,-0.0026245154
17964,0.0016479604
17965,-0.0029601976
17966,-0.0029602107
17967,-0.012268068
17968,-0.029174808
17969,-0.041351307
17970,-0.050750744
17971,-0.056335434
17972,-0.05490112
17973,-0.05255128
17974,-0.059448253
17975,-0.05288697
17976,-0.04449463
17977,-0.04022216
17978,-0.03732301
17979,-0.039093018
17980,-0.031585697
17981,-0.02682495
17982,-0.024108889
17983,-0.021270758
17984,-0.025085445
17985,-0.023040775
17986,-0.02670288
17987,-0.025787352
17988,-0.024749756
17989,-0.027557364
17990,-0.025970459
17991,-0.014953606
17992,-0.015258785
17993,-0.0065612867
17994,7.450581e-09
17995,0.0068664476
17996,0.018249512
17997,0.025115982
17998,0.033844
17999,0.030700684
18000,0.032531746
18001,0.0317688
18002,0.029785171
18003,0.022216797
18004,0.017669674
18005,0.013519298
18006,0.014160156
18007,0.018524148
18008,0.015960716
18009,0.019104023
18010,0.02270507
18011,0.03768921
18012,0.047027595
18013,0.05795289
18014,0.06658934
18015,0.07089231
18016,0.070617676
18017,0.07260134
18018,0.07589722
18019,0.07662965
18020,0.07717896
18021,0.07955931
18022,0.076904304
18023,0.08407591
18024,0.08984374
18025,0.0966797
18026,0.09490967
18027,0.09368898
18028,0.08499145
18029,0.07907105
18030,0.07058716
18031,0.06762695
18032,0.055877674
18033,0.04415892
18034,0.03997802
18035,0.032196056
18036,0.027862549
18037,0.031188972
18038,0.021728527
18039,0.014343251
18040,0.005554199
18041,-0.00064086914
18042,-0.012420677
18043,-0.01449585
18044,-0.011718735
18045,-0.0039673
18046,-0.0025634728
18047,0.0005187923
18048,0.003112791
18049,0.002044674
18050,0.012420662
18051,0.015411399
18052,0.0049743727
18053,-0.009582505
18054,-0.028106699
18055,-0.0440979
18056,-0.062835686
18057,-0.077880844
18058,-0.092559814
18059,-0.1048889
18060,-0.10766602
18061,-0.10797121
18062,-0.098632805
18063,-0.088867195
18064,-0.067230225
18065,-0.050567627
18066,-0.03305053
18067,-0.016357437
18068,-0.0006408617
18069,0.008483894
18070,0.017669693
18071,0.021179184
18072,0.025756821
18073,0.025939934
18074,0.021667473
18075,0.018432617
18076,0.018219003
18077,0.01901246
18078,0.02127076
18079,0.021270745
18080,0.02178955
18081,0.023101822
18082,0.017242428
18083,0.015045162
18084,0.000671383
18085,-0.0077819834
18086,-0.013519276
18087,-0.02044678
18088,-0.025543202
18089,-0.042205818
18090,-0.05081177
18091,-0.057373032
18092,-0.07662964
18093,-0.087249756
18094,-0.09301757
18095,-0.09088133
18096,-0.087127686
18097,-0.08175659
18098,-0.07177736
18099,-0.06854248
18100,-0.063781746
18101,-0.071075454
18102,-0.08847046
18103,-0.11053465
18104,-0.13055418
18105,-0.14962769
18106,-0.16741943
18107,-0.17477417
18108,-0.18023682
18109,-0.17849731
18110,-0.17358397
18111,-0.16549683
18112,-0.15280151
18113,-0.14172363
18114,-0.12359621
18115,-0.09777832
18116,-0.06948854
18117,-0.04199218
18118,-0.01828003
18119,0.009918213
18120,0.037994385
18121,0.0579834
18122,0.08352661
18123,0.10198975
18124,0.12387085
18125,0.13873291
18126,0.15042114
18127,0.15618896
18128,0.15802002
18129,0.15829465
18130,0.15386963
18131,0.14749146
18132,0.13873294
18133,0.13360596
18134,0.13015747
18135,0.14251718
18136,0.15243535
18137,0.15405266
18138,0.15612796
18139,0.15270993
18140,0.15710443
18141,0.1611939
18142,0.16247559
18143,0.16262817
18144,0.1651001
18145,0.16390991
18146,0.15731812
18147,0.1408081
18148,0.120269775
18149,0.094757065
18150,0.07470703
18151,0.05813598
18152,0.03363037
18153,0.015045166
18154,-0.011077881
18155,-0.03381347
18156,-0.05621338
18157,-0.08029175
18158,-0.10205078
18159,-0.11743164
18160,-0.12869264
18161,-0.12991333
18162,-0.12585449
18163,-0.115936264
18164,-0.10018921
18165,-0.08197021
18166,-0.058410652
18167,-0.03955078
18168,-0.029937744
18169,0.0021972656
18170,0.038635254
18171,0.062896684
18172,0.079437286
18173,0.08212282
18174,0.08486943
18175,0.06768796
18176,0.020385742
18177,-0.03497313
18178,-0.07809448
18179,-0.091156
18180,-0.10748292
18181,-0.12521364
18182,-0.13198853
18183,-0.13504028
18184,-0.13497925
18185,-0.1300964
18186,-0.13623047
18187,-0.16043092
18188,-0.18893436
18189,-0.20993042
18190,-0.22573856
18191,-0.22048949
18192,-0.20574948
18193,-0.18164065
18194,-0.14215094
18195,-0.09796142
18196,-0.050445564
18197,-0.014892556
18198,0.014221206
18199,0.03591919
18200,0.04458616
18201,0.04751586
18202,0.03860472
18203,0.021514885
18204,-0.0041503757
18205,-0.024932886
18206,-0.046844475
18207,-0.057586625
18208,-0.05999756
18209,-0.061126694
18210,-0.0560913
18211,-0.055603027
18212,-0.048919678
18213,-0.035003677
18214,-0.020812992
18215,0.0024719052
18216,0.029479936
18217,0.06341552
18218,0.09686283
18219,0.12011719
18220,0.14627072
18221,0.16558845
18222,0.18463138
18223,0.2020264
18224,0.2089844
18225,0.20773314
18226,0.197113
18227,0.17959592
18228,0.15905768
18229,0.1379395
18230,0.11373906
18231,0.090454064
18232,0.06530761
18233,0.043212898
18234,0.018890366
18235,-0.0022583082
18236,-0.01986695
18237,-0.031616207
18238,-0.039947513
18239,-0.046875004
18240,-0.052642837
18241,-0.056640636
18242,-0.057647713
18243,-0.05859375
18244,-0.055938706
18245,-0.050689694
18246,-0.043121345
18247,-0.034362808
18248,-0.02551268
18249,-0.017089857
18250,-0.010589587
18251,-0.0036315955
18252,0.0010681031
18253,0.005523679
18254,0.0065307617
18255,0.010101313
18256,0.009185778
18257,0.007202146
18258,0.0054931752
18259,0.0049743615
18260,0.0016479492
18261,0.0031738132
18262,0.0039672777
18263,0.009368904
18264,0.010803234
18265,0.012023933
18266,0.012847893
18267,0.015319832
18268,0.019897468
18269,0.028869633
18270,0.034973174
18271,0.042968757
18272,0.051696807
18273,0.060028087
18274,0.06686403
18275,0.07513426
18276,0.084075905
18277,0.09478761
18278,0.10174559
18279,0.11163327
18280,0.1163025
18281,0.118011475
18282,0.115997285
18283,0.11734012
18284,0.11834717
18285,0.11279297
18286,0.11013794
18287,0.099731445
18288,0.09194946
18289,0.083160415
18290,0.07711792
18291,0.06982422
18292,0.059509277
18293,0.04373169
18294,0.031921387
18295,0.015930165
18296,0.00018310267
18297,-0.011260991
18298,-0.02954102
18299,-0.04382325
18300,-0.06097414
18301,-0.08029176
18302,-0.098388664
18303,-0.12017822
18304,-0.13732909
18305,-0.15451053
18306,-0.16397095
18307,-0.17126463
18308,-0.18222046
18309,-0.18676758
18310,-0.19369504
18311,-0.19604494
18312,-0.20010377
18313,-0.19943237
18314,-0.19354248
18315,-0.1861267
18316,-0.17788695
18317,-0.16491698
18318,-0.15637207
18319,-0.14352418
18320,-0.13244632
18321,-0.11972046
18322,-0.11016844
18323,-0.094146736
18324,-0.07952879
18325,-0.06521608
18326,-0.05096434
18327,-0.036651596
18328,-0.019500747
18329,-0.0051879864
18330,0.008239752
18331,0.016143799
18332,0.029907208
18333,0.038177483
18334,0.0494995
18335,0.056335445
18336,0.06478883
18337,0.06845093
18338,0.06866454
18339,0.07254028
18340,0.07171632
18341,0.07687379
18342,0.079193115
18343,0.08712768
18344,0.088378906
18345,0.091918945
18346,0.09143065
18347,0.08877565
18348,0.08572387
18349,0.0840454
18350,0.077240005
18351,0.0727539
18352,0.07189942
18353,0.069396965
18354,0.066223145
18355,0.061584488
18356,0.06118775
18357,0.05590822
18358,0.052215576
18359,0.048858635
18360,0.04397583
18361,0.040893562
18362,0.037872326
18363,0.027648903
18364,0.03469848
18365,0.028655998
18366,0.03524781
18367,0.036346436
18368,0.03848266
18369,0.04403686
18370,0.04641725
18371,0.048614502
18372,0.04177856
18373,0.042694096
18374,0.039581303
18375,0.040161125
18376,0.04180908
18377,0.04269408
18378,0.04266358
18379,0.044311516
18380,0.04064942
18381,0.043609615
18382,0.038909912
18383,0.03689576
18384,0.035003655
18385,0.025421133
18386,0.02139283
18387,0.011779786
18388,0.010040282
18389,0.009338378
18390,0.018035892
18391,0.013366706
18392,0.016204838
18393,0.012664789
18394,0.0150451735
18395,0.012023926
18396,0.008361813
18397,0.0010986477
18398,-0.006835956
18399,-0.016632091
18400,-0.023834232
18401,-0.030059814
18402,-0.038146958
18403,-0.043243416
18404,-0.053314224
18405,-0.05801392
18406,-0.06768799
18407,-0.07345581
18408,-0.078948975
18409,-0.08157348
18410,-0.08166503
18411,-0.08248902
18412,-0.08786011
18413,-0.0909729
18414,-0.096221924
18415,-0.100860596
18416,-0.10269165
18417,-0.1060486
18418,-0.107788086
18419,-0.10858154
18420,-0.10861207
18421,-0.109954834
18422,-0.10467529
18423,-0.11029053
18424,-0.10385133
18425,-0.103790276
18426,-0.09539796
18427,-0.09124756
18428,-0.08395386
18429,-0.08087158
18430,-0.07159424
18431,-0.06491089
18432,-0.055145264
18433,-0.044799805
18434,-0.033325188
18435,-0.022155762
18436,-0.016479503
18437,-0.00488282
18438,-0.00030519068
18439,0.010192864
18440,0.018859856
18441,0.025939927
18442,0.032470707
18443,0.03512574
18444,0.037384048
18445,0.04299926
18446,0.040801995
18447,0.043060295
18448,0.041137684
18449,0.040405273
18450,0.03927613
18451,0.035339337
18452,0.031555183
18453,0.027587898
18454,0.027618404
18455,0.024993913
18456,0.027130127
18457,0.022552494
18458,0.024658196
18459,0.023925778
18460,0.022094723
18461,0.027221678
18462,0.03268432
18463,0.039581306
18464,0.04306031
18465,0.045867912
18466,0.054199215
18467,0.05554198
18468,0.05984497
18469,0.06585693
18470,0.07116699
18471,0.0758667
18472,0.080566406
18473,0.08337402
18474,0.08911133
18475,0.09210205
18476,0.0921936
18477,0.09692383
18478,0.094696045
18479,0.09829712
18480,0.09436035
18481,0.09616089
18482,0.09197998
18483,0.089141846
18484,0.0843811
18485,0.078155525
18486,0.07165527
18487,0.063812256
18488,0.05545044
18489,0.044921868
18490,0.038421623
18491,0.032104492
18492,0.031829834
18493,0.025543217
18494,0.02020264
18495,0.01687622
18496,0.0032653832
18497,-0.00054931606
18498,-0.009796144
18499,-0.016204832
18500,-0.018035881
18501,-0.02252198
18502,-0.02243042
18503,-0.026458737
18504,-0.026184082
18505,-0.031494148
18506,-0.038909905
18507,-0.041717526
18508,-0.043640144
18509,-0.04489135
18510,-0.044281013
18511,-0.046691895
18512,-0.050537094
18513,-0.058013912
18514,-0.05929566
18515,-0.058227535
18516,-0.06094361
18517,-0.061798092
18518,-0.06570436
18519,-0.06634522
18520,-0.06869507
18521,-0.06536865
18522,-0.060729973
18523,-0.063049324
18524,-0.057556145
18525,-0.056121834
18526,-0.05136108
18527,-0.045440685
18528,-0.037597656
18529,-0.027923584
