0,-0.021087648
1,-0.034271233
2,-0.02334595
3,-0.022705078
4,-0.013702396
5,-0.009277346
6,-0.010986332
7,-0.01763916
8,-0.012084961
9,-0.011016849
10,-0.016052252
11,-0.020599362
12,-0.013214111
13,-0.0059204157
14,-0.011566163
15,-0.010528559
16,-0.027923578
17,-0.035125732
18,-0.029510494
19,-0.020721436
20,-0.015106201
21,-0.012237553
22,-0.0052490085
23,-0.009582523
24,0.00054932013
25,0.011810303
26,0.0134887695
27,-0.0012207069
28,0.005645741
29,0.010253917
30,0.0031127706
31,-0.011169415
32,-0.015777603
33,-0.0022582822
34,-0.022216812
35,-0.012420654
36,-0.03817749
37,-0.055725105
38,-0.056243896
39,-0.02456665
40,-0.024932861
41,-0.03884889
42,-0.011566158
43,0.00582885
44,0.049499515
45,0.08309935
46,0.11584471
47,0.11978148
48,0.13366696
49,0.14053346
50,0.1328125
51,0.111816406
52,0.09451294
53,0.08929445
54,0.06112671
55,0.050201405
56,0.012817405
57,-0.0265808
58,-0.038848862
59,-0.042694088
60,-0.035919182
61,-0.04165649
62,-0.03567505
63,-0.030395515
64,-0.018035911
65,-0.0050354153
66,0.0064086914
67,0.012054436
68,0.0107116625
69,0.0063476637
70,0.0033263862
71,-0.0018920898
72,-0.011291515
73,-0.01400758
74,-0.017547633
75,-0.021789547
76,-0.024902351
77,-0.03173828
78,-0.039459225
79,-0.045288064
80,-0.049224854
81,-0.05148316
82,-0.053192142
83,-0.053192116
84,-0.055786133
85,-0.049774185
86,-0.04849243
87,-0.04763794
88,-0.040435776
89,-0.035491932
90,-0.025177013
91,-0.018188495
92,-0.01303101
93,-0.012268055
94,-0.007720951
95,-0.005157482
96,0.0023498423
97,0.009918209
98,0.017517094
99,0.0246582
100,0.027740464
101,0.0345459
102,0.03833006
103,0.042358406
104,0.04449462
105,0.0486145
106,0.048400864
107,0.045318607
108,0.043304443
109,0.037475597
110,0.031738266
111,0.020843506
112,0.00872802
113,-0.0005187914
114,-0.009490963
115,-0.015441906
116,-0.020996094
117,-0.023864765
118,-0.02532959
119,-0.02246096
120,-0.017028805
121,-0.013580326
122,-0.010070793
123,-0.006286625
124,-0.0018615797
125,-0.00039672665
126,0.0012817401
127,-0.0018005222
128,-0.0025329674
129,0.0016784826
130,-0.002502448
131,-0.030426018
132,-0.033477794
133,-0.027893076
134,-0.023132334
135,-0.03955079
136,-0.037322998
137,-0.024444588
138,-0.020233154
139,-0.032745376
140,-0.027954098
141,-0.034606956
142,-0.02575683
143,0.033477783
144,0.028289791
145,0.014617935
146,0.002807606
147,0.04623415
148,0.04855347
149,0.05035401
150,0.044860844
151,0.010742184
152,0.013122559
153,0.024841303
154,0.03906252
155,0.01559448
156,0.023254389
157,0.024993893
158,0.028228763
159,0.007568348
160,0.01107787
161,0.0039062481
162,0.0052490234
163,0.05718994
164,0.049560536
165,0.04080201
166,0.018157944
167,0.009857193
168,0.0042114295
169,0.0047607347
170,0.0071411133
171,-0.00064086914
172,-0.009338371
173,-0.015014648
174,-0.021331787
175,-0.025939949
176,-0.026977524
177,-0.03274536
178,-0.033843987
179,-0.037078857
180,-0.03552246
181,-0.031890854
182,-0.031677242
183,-0.026763905
184,-0.02484132
185,-0.02630617
186,-0.022735603
187,-0.020568833
188,-0.020904535
189,-0.019073486
190,-0.015106209
191,-0.016174316
192,-0.015838612
193,-0.013671901
194,-0.014984116
195,-0.01559449
196,-0.011871334
197,-0.004638668
198,0.0022888407
199,0.005554199
200,0.010406483
201,0.016082775
202,0.018768303
203,0.028015144
204,0.026367176
205,0.020629901
206,0.021514878
207,0.017120376
208,0.013000494
209,0.010070809
210,0.002838135
211,0.0019531249
212,0.0028381364
213,0.0043334793
214,0.005035411
215,0.00860595
216,0.012908935
217,0.018676762
218,0.025024427
219,0.030609125
220,0.03674316
221,0.036315933
222,0.038299553
223,0.041137695
224,0.040405273
225,0.042572036
226,0.046081543
227,0.041412354
228,0.043914795
229,0.044342034
230,0.04058837
231,0.03897094
232,0.03646851
233,0.030822728
234,0.028900146
235,0.0249939
236,0.020172108
237,0.013671853
238,0.0006714016
239,-0.0034179538
240,-0.010864258
241,-0.019836426
242,-0.025329612
243,-0.02954103
244,-0.036376923
245,-0.038879372
246,-0.039337166
247,-0.047851585
248,-0.047119126
249,-0.05200194
250,-0.05276492
251,-0.053619392
252,-0.05593871
253,-0.05123901
254,-0.050781257
255,-0.050384503
256,-0.048645023
257,-0.043273926
258,-0.04360961
259,-0.03720092
260,-0.035614002
261,-0.031646736
262,-0.024475109
263,-0.023712173
264,-0.021514889
265,-0.023498528
266,-0.023559578
267,-0.024963383
268,-0.019531265
269,-0.022949211
270,-0.019561768
271,-0.017730713
272,-0.017639153
273,-0.014923103
274,-0.015136704
275,-0.015014622
276,-0.016174302
277,-0.009918239
278,-0.009490967
279,-0.0038146935
280,-0.0047302097
281,-0.0003662221
282,0.0009765439
283,0.0066833533
284,0.0127868615
285,0.009948745
286,0.0113220215
287,0.014556862
288,0.020050053
289,0.022430427
290,0.030426048
291,0.03265381
292,0.033843994
293,0.040496804
294,0.036499042
295,0.03036501
296,0.027770996
297,0.026702857
298,0.023986809
299,0.019989006
300,0.01559449
301,0.010040296
302,0.0041503804
303,-0.00054930313
304,-0.0011596608
305,-0.0079956
306,-0.0046997084
307,-0.0010070906
308,-0.0007324186
309,0.0022888235
310,0.00460816
311,0.008850098
312,0.008209225
313,0.010162342
314,0.009216309
315,0.006439211
316,0.013427735
317,0.021942139
318,0.023315433
319,0.016784668
320,0.026428223
321,0.032867435
322,0.027191166
323,0.01397705
324,0.021575928
325,0.023193363
326,0.018646244
327,0.022125244
328,0.009124754
329,-0.0057067834
330,-0.0107727125
331,0.002868656
332,-0.015380848
333,-0.02432251
334,-0.0112609975
335,-0.0036315918
336,0.0119628925
337,0.029052729
338,0.04537964
339,0.048706055
340,0.059844963
341,0.06326295
342,0.05316162
343,0.03854369
344,0.03417966
345,0.028503425
346,0.008331306
347,0.0018615685
348,-0.018493664
349,-0.038940422
350,-0.04592896
351,-0.044769287
352,-0.050018284
353,-0.046447754
354,-0.030914303
355,-0.02767944
356,-0.018493645
357,-0.007019058
358,-0.00045777112
359,0.0076599233
360,0.011322029
361,0.0126647875
362,0.015930163
363,0.019256579
364,0.02108764
365,0.0211792
366,0.021240238
367,0.01745606
368,0.020690937
369,0.011627214
370,0.008300779
371,0.0019836351
372,-0.0076904176
373,-0.016326906
374,-0.02993774
375,-0.04074096
376,-0.052001957
377,-0.054901138
378,-0.058105472
379,-0.055206295
380,-0.055175785
381,-0.049987793
382,-0.036621086
383,-0.028625486
384,-0.018371576
385,-0.007965087
386,0.0011596624
387,0.0061645512
388,0.016021732
389,0.01730347
390,0.012786862
391,0.012207033
392,0.005340578
393,0.0011291485
394,-0.008972172
395,-0.008819578
396,-0.018310554
397,-0.023315437
398,-0.026733393
399,-0.030456543
400,-0.031677246
401,-0.03063965
402,-0.025756838
403,-0.024688728
404,-0.019012451
405,-0.012115486
406,-0.009735107
407,-0.007324226
408,0.0016784593
409,0.0038452223
410,0.006652821
411,0.007812504
412,0.0032348558
413,0.0070800856
414,0.008178707
415,0.013427746
416,0.011199959
417,0.01373291
418,0.014892586
419,0.015136719
420,0.014038093
421,0.0113830585
422,0.010345457
423,0.0035400335
424,0.010925293
425,-0.0031433161
426,-0.0022888174
427,-0.008850103
428,-0.0057678297
429,-0.008117668
430,-0.013183602
431,-0.01000976
432,-0.018493656
433,-0.0048828125
434,-0.0045776367
435,0.007110603
436,0.008178712
437,0.015014656
438,0.018463133
439,0.018188473
440,0.022857666
441,0.015106205
442,0.023406982
443,0.016296387
444,0.026397705
445,0.019317629
446,0.020568846
447,0.023925781
448,0.024108883
449,0.032104492
450,0.029937739
451,0.039093018
452,0.03366089
453,0.039276123
454,0.03442382
455,0.030822756
456,0.025451658
457,0.019714355
458,0.014953613
459,0.0066528395
460,0.0016174391
461,-0.005615227
462,-0.0061950535
463,-0.013671864
464,-0.013153084
465,-0.016021729
466,-0.013793945
467,-0.011047367
468,-0.010192879
469,-0.012115482
470,-0.0102234
471,-0.007568389
472,-0.010620117
473,-0.00814819
474,-0.011993408
475,-0.010284439
476,-0.013519295
477,-0.007659912
478,-0.010528559
479,-0.0075378343
480,-0.006988518
481,-0.0029601976
482,-0.002746573
483,-0.0025329476
484,0.00274657
485,0.00057983026
486,0.0064392053
487,0.005401603
488,0.010406502
489,0.0076293964
490,0.015686037
491,0.015075672
492,0.015869133
493,0.016174315
494,0.014556879
495,0.011993406
496,0.007476803
497,0.009460449
498,0.003753664
499,0.0047607403
500,0.0010070764
501,0.0007019043
502,-0.0037536714
503,-0.004058836
504,-0.007263176
505,-0.005432125
506,-0.004974367
507,-0.0029601976
508,-0.00064085796
509,-0.0010070764
510,0.0
511,-0.0017394908
512,-3.052503e-05
513,-0.004150387
514,-0.008361809
515,-0.011932377
516,-0.0150451735
517,-0.019195553
518,-0.02145385
519,-0.023284916
520,-0.02920533
521,-0.028961185
522,-0.032379158
523,-0.032409668
524,-0.034210205
525,-0.03207398
526,-0.028503418
527,-0.02905273
528,-0.020996101
529,-0.0220337
530,-0.017242435
531,-0.016540527
532,-0.012023922
533,-0.010681152
534,-0.010864254
535,-0.005371105
536,-0.009002671
537,-0.004455555
538,-0.005493164
539,-0.003021244
540,-0.005950924
541,-0.0023498498
542,-0.001251217
543,-0.0005187802
544,0.0027465783
545,-0.00027465075
546,0.0029296838
547,-0.0036315806
548,-0.002136238
549,-0.0050964355
550,-0.008850092
551,-0.008392334
552,-0.008697502
553,-0.008178713
554,-0.010833751
555,-0.0072021596
556,-0.0071105883
557,-0.0056457575
558,-0.00085448474
559,0.004486084
560,0.011962896
561,0.01763916
562,0.026916495
563,0.033477794
564,0.037200928
565,0.040527355
566,0.043731697
567,0.042022705
568,0.040039062
569,0.042755127
570,0.035400387
571,0.033233643
572,0.028137205
573,0.022094725
574,0.017120358
575,0.009124756
576,0.009307856
577,0.0018615704
578,0.0026245154
579,-0.00091552734
580,-0.0012817439
581,-0.0038757343
582,-0.0023193322
583,-0.0009765625
584,-0.003631588
585,-0.0040893555
586,-0.008575428
587,-0.0073242225
588,-0.01712035
589,-0.015258789
590,-0.02462769
591,-0.028045658
592,-0.028778072
593,-0.028808592
594,-0.025421154
595,-0.026123047
596,-0.02056885
597,-0.019134525
598,-0.014282229
599,-0.012695311
600,-0.012634287
601,-0.017059326
602,-0.014923096
603,-0.014862061
604,-0.014038101
605,-0.01580812
606,-0.014038086
607,-0.014038097
608,-0.013519302
609,-0.01159668
610,-0.013061523
611,-0.009155273
612,-0.0013732836
613,0.010162368
614,0.01861573
615,0.028320309
616,0.032623313
617,0.038421623
618,0.03662109
619,0.03710938
620,0.034912117
621,0.033142082
622,0.03277588
623,0.028564468
624,0.02462767
625,0.021331776
626,0.015106193
627,0.011047356
628,0.0046691783
629,-0.0017394945
630,-0.0019836351
631,-0.003479004
632,-0.0006103404
633,-0.0035095103
634,-0.002471922
635,-0.0048523135
636,-0.0044555664
637,-0.009552006
638,-0.012634268
639,-0.01730346
640,-0.018157968
641,-0.014892586
642,-0.018676756
643,-0.01712035
644,-0.021057129
645,-0.013031004
646,-0.0123291025
647,-0.0073547363
648,-0.0048522893
649,-0.0017089844
650,0.0006103497
651,0.0055847187
652,0.009277349
653,0.008117687
654,0.011657717
655,0.010223379
656,0.0119934045
657,0.005828852
658,0.010559086
659,0.009063728
660,0.013214108
661,0.014007568
662,0.017791755
663,0.014495846
664,0.01730346
665,0.017913824
666,0.018096933
667,0.01843261
668,0.017089836
669,0.01885987
670,0.012115488
671,0.011962885
672,0.0026855394
673,-0.0019226
674,-0.0059204157
675,-0.008026125
676,-0.010345455
677,-0.01257325
678,-0.012115497
679,-0.015624985
680,-0.01174926
681,-0.013366707
682,-0.007812507
683,-0.0070800707
684,-0.0016784649
685,0.0014648493
686,0.0041809175
687,0.0072326586
688,0.008117668
689,0.00839234
690,0.00714112
691,0.008392325
692,0.004455561
693,0.0054321317
694,0.00436401
695,0.004211426
696,0.0018005371
697,0.00036620256
698,-0.0035095313
699,-0.007965078
700,-0.01123046
701,-0.011749269
702,-0.011688231
703,-0.008300781
704,-0.0032043466
705,-0.0028076167
706,0.0004577646
707,-0.0007019028
708,0.0034484882
709,0.0031433129
710,0.005065916
711,0.009216308
712,0.005340577
713,0.005065916
714,0.0018310528
715,0.001739502
716,-0.0029907236
717,-0.0035705585
718,-0.008270263
719,-0.013732914
720,-0.013793945
721,-0.009948733
722,-0.0069274884
723,-0.0042114235
724,0.002441408
725,0.0051269536
726,0.008056641
727,0.0059814462
728,0.0029296856
729,-0.0042419415
730,-0.008392336
731,-0.007598879
732,-0.013793947
733,-0.019592289
734,-0.022155762
735,-0.024932865
736,-0.025573729
737,-0.026916508
738,-0.031402584
739,-0.033081062
740,-0.03268432
741,-0.025421143
742,-0.022369383
743,-0.01684571
744,-0.010681149
745,-0.005340576
746,0.00039672665
747,0.003692627
748,0.004699696
749,0.00787355
750,0.011169426
751,0.017364513
752,0.01956176
753,0.018218994
754,0.017669678
755,0.016204838
756,0.0114440955
757,0.0049743503
758,-0.0036926232
759,-0.009704599
760,-0.0175476
761,-0.025512695
762,-0.0289917
763,-0.03875733
764,-0.043518066
765,-0.051452637
766,-0.05682373
767,-0.06365967
768,-0.067413345
769,-0.06820677
770,-0.06951904
771,-0.067535385
772,-0.060668956
773,-0.053070076
774,-0.046173096
775,-0.03668213
776,-0.029418945
777,-0.017364487
778,-0.0069580004
779,0.0038146973
780,0.014404312
781,0.020599358
782,0.03329467
783,0.039916992
784,0.045593277
785,0.049957275
786,0.055847168
787,0.059631333
788,0.0653992
789,0.07040405
790,0.07580567
791,0.08001709
792,0.08438112
793,0.09405517
794,0.095184304
795,0.09991458
796,0.10363771
797,0.10632325
798,0.10510254
799,0.10461427
800,0.102966316
801,0.09759519
802,0.09542848
803,0.092529304
804,0.09085083
805,0.086700454
806,0.08627319
807,0.08157347
808,0.078613296
809,0.077362075
810,0.07666013
811,0.076629624
812,0.07394409
813,0.07620239
814,0.06945801
815,0.06878659
816,0.06265259
817,0.054718018
818,0.046936035
819,0.037750214
820,0.029663086
821,0.017150879
822,0.0074157715
823,-0.0046691895
824,-0.014984131
825,-0.028015137
826,-0.038024932
827,-0.051574707
828,-0.058776855
829,-0.06417845
830,-0.070434615
831,-0.079376206
832,-0.0848999
833,-0.08660887
834,-0.09197998
835,-0.096405044
836,-0.09625246
837,-0.09454344
838,-0.09103393
839,-0.08322143
840,-0.080535896
841,-0.07757566
842,-0.07904053
843,-0.06344604
844,-0.057830803
845,-0.057586662
846,-0.056091323
847,-0.06536865
848,-0.073394775
849,-0.089355454
850,-0.100982696
851,-0.11657713
852,-0.10546875
853,-0.098754875
854,-0.09277343
855,-0.08810423
856,-0.09289551
857,-0.10842893
858,-0.117553696
859,-0.10675048
860,-0.10488887
861,-0.08639525
862,-0.0550842
863,-0.028015152
864,-0.03158568
865,-0.03659056
866,-0.027099598
867,-0.020965591
868,0.004608173
869,0.05789183
870,0.114990205
871,0.190979
872,0.2769775
873,0.34109497
874,0.34640497
875,0.30749515
876,0.2318115
877,0.105926506
878,-0.046051085
879,-0.19772342
880,-0.3296204
881,-0.43411258
882,-0.48989874
883,-0.5469666
884,-0.59246826
885,-0.6062012
886,-0.55120856
887,-0.41879272
888,-0.23739624
889,-0.0042114854
890,0.21752933
891,0.4186402
892,0.5684509
893,0.6572572
894,0.6555177
895,0.59164435
896,0.49981698
897,0.37600717
898,0.2388916
899,0.07385251
900,-0.09619139
901,-0.27365112
902,-0.42309576
903,-0.5499268
904,-0.6207276
905,-0.6336365
906,-0.58438116
907,-0.46722418
908,-0.30694586
909,-0.13442995
910,0.00064095855
911,0.14166263
912,0.30441284
913,0.4257508
914,0.5003357
915,0.58499146
916,0.64718634
917,0.6330261
918,0.54187
919,0.43505865
920,0.32513428
921,0.2140808
922,0.15832524
923,0.034820527
924,-0.088165276
925,-0.10147093
926,-0.030975312
927,-0.003234908
928,-0.02792354
929,-0.00024414062
930,0.033966124
931,0.1001281
932,0.13546756
933,0.0887146
934,-0.010620236
935,-0.049163803
936,-0.10269159
937,-0.23123184
938,-0.43225092
939,-0.62213135
940,-0.730011
941,-0.7930298
942,-0.7532042
943,-0.73187256
944,-0.65997314
945,-0.46023554
946,-0.20330817
947,0.07608035
948,0.31002808
949,0.5300598
950,0.7353517
951,0.91784686
952,1.0361023
953,1.0824585
954,1.0665895
955,1.0177307
956,0.9251099
957,0.7789
958,0.584961
959,0.3417664
960,0.114013836
961,-0.09652716
962,-0.2723083
963,-0.40744025
964,-0.51235956
965,-0.58758545
966,-0.64157116
967,-0.6687928
968,-0.6740725
969,-0.6549681
970,-0.5994568
971,-0.5158386
972,-0.40362573
973,-0.2670287
974,-0.121643126
975,0.020477176
976,0.14932257
977,0.25784302
978,0.3305971
979,0.37323016
980,0.38620007
981,0.36447144
982,0.31726077
983,0.2519226
984,0.17910768
985,0.09310916
986,0.015838563
987,-0.0583497
988,-0.12301643
989,-0.17050155
990,-0.20156874
991,-0.2200623
992,-0.22601326
993,-0.22235109
994,-0.21148674
995,-0.19113159
996,-0.16244508
997,-0.13757324
998,-0.10726927
999,-0.06909179
1000,-0.032989487
1001,0.0038757157
1002,0.039093018
1003,0.069763154
1004,0.092926025
1005,0.11773683
1006,0.14059448
1007,0.1517334
1008,0.15869139
1009,0.1609192
1010,0.1455078
1011,0.1192322
1012,0.08197019
1013,0.03579709
1014,-0.018219009
1015,-0.06509401
1016,-0.11322021
1017,-0.15182497
1018,-0.1810608
1019,-0.19314575
1020,-0.19494626
1021,-0.18844604
1022,-0.16058348
1023,-0.13275145
1024,-0.09164429
1025,-0.052093495
1026,-0.013153058
1027,0.024322502
1028,0.053253192
1029,0.080444336
1030,0.08724977
1031,0.08709717
1032,0.07095337
1033,0.054199204
1034,0.03295897
1035,0.005493149
1036,-0.029266343
1037,-0.05990599
1038,-0.08221437
1039,-0.10656738
1040,-0.12664795
1041,-0.13912962
1042,-0.14175417
1043,-0.13687134
1044,-0.12542728
1045,-0.11410522
1046,-0.10467531
1047,-0.0805664
1048,-0.04360962
1049,-0.01278688
1050,0.016571075
1051,0.040527336
1052,0.07080078
1053,0.096405014
1054,0.11929321
1055,0.13699338
1056,0.13812259
1057,0.15188599
1058,0.14840698
1059,0.14364623
1060,0.13403319
1061,0.13192753
1062,0.12484738
1063,0.11566162
1064,0.110168435
1065,0.088989265
1066,0.084289536
1067,0.08135988
1068,0.085693344
1069,0.08050535
1070,0.08612062
1071,0.08013916
1072,0.07192993
1073,0.06161496
1074,0.056091323
1075,0.049835235
1076,0.040283203
1077,0.04064943
1078,0.02557373
1079,0.018157959
1080,0.00787355
1081,0.0053711236
1082,-0.0009765774
1083,-0.00045777857
1084,-0.0027465522
1085,-0.013763428
1086,-0.017089844
1087,-0.023498535
1088,-0.028655991
1089,-0.032165527
1090,-0.03479004
1091,-0.045867905
1092,-0.04446411
1093,-0.05239865
1094,-0.05636596
1095,-0.05902098
1096,-0.064147964
1097,-0.0675659
1098,-0.071533225
1099,-0.06747438
1100,-0.071014404
1101,-0.06735228
1102,-0.06738281
1103,-0.06503295
1104,-0.066040024
1105,-0.061798118
1106,-0.05944823
1107,-0.05999756
1108,-0.054504406
1109,-0.04968262
1110,-0.046844468
1111,-0.045043934
1112,-0.038879395
1113,-0.038330056
1114,-0.030609146
1115,-0.026611313
1116,-0.020965569
1117,-0.01950071
1118,-0.015899658
1119,-0.007659927
1120,-0.00881958
1121,0.0017394945
1122,-0.0018005371
1123,-0.0020141713
1124,0.0047912523
1125,0.0040893257
1126,0.008605968
1127,0.008117653
1128,0.008422833
1129,0.008667007
1130,0.0077820085
1131,0.0069885515
1132,0.010437038
1133,0.0110778995
1134,0.019134514
1135,0.02120972
1136,0.021118157
1137,0.015716564
1138,0.0111084
1139,0.014434811
1140,0.012146005
1141,0.018096909
1142,0.02160643
1143,0.024536131
1144,0.033050522
1145,0.03335572
1146,0.042968757
1147,0.046386704
1148,0.04919435
1149,0.05743409
1150,0.0550232
1151,0.053314216
1152,0.053497326
1153,0.045166023
1154,0.03936766
1155,0.025054928
1156,0.012268066
1157,-0.0011596661
1158,-0.0077819787
1159,-0.005126942
1160,-0.007080078
1161,0.0011291355
1162,0.005035408
1163,0.0032958984
1164,0.008758545
1165,0.005676262
1166,0.011383068
1167,0.014160134
1168,0.015838627
1169,0.019897457
1170,0.0072631836
1171,-6.1035156e-05
1172,-0.010986321
1173,-0.020812985
1174,-0.028228767
1175,-0.028198244
1176,-0.03326417
1177,-0.029418938
1178,-0.029052723
1179,-0.02243041
1180,-0.017181406
1181,-0.01193238
1182,-0.0030212365
1183,-0.0062255934
1184,-0.0012817364
1185,-0.0010681092
1186,-0.0034484793
1187,0.0010681069
1188,-0.0036621066
1189,-0.004608161
1190,-0.012786875
1191,-0.021911616
1192,-0.027801521
1193,-0.037048336
1194,-0.035369866
1195,-0.029235844
1196,-0.026977554
1197,-0.024993904
1198,-0.027679443
1199,-0.02825928
1200,-0.020568853
1201,-0.013610844
1202,-0.0041809045
1203,-0.0034790076
1204,-0.006011959
1205,-0.001220692
1206,-0.007629391
1207,-0.0014648438
1208,-0.0050964337
1209,-0.008392321
1210,-0.009216309
1211,-0.0119934045
1212,-0.0107421875
1213,-0.010711674
1214,-0.0034484938
1215,0.01089479
1216,0.02099609
1217,0.029602047
1218,0.03051757
1219,0.023254398
1220,0.02291869
1221,0.023956295
1222,0.035064697
1223,0.04159546
1224,0.04763794
1225,0.049469
1226,0.04284668
1227,0.033172604
1228,0.032745354
1229,0.028289795
1230,0.027404783
1231,0.03012085
1232,0.02709961
1233,0.033203125
1234,0.026611336
1235,0.024047852
1236,0.0072326623
1237,-0.0015258752
1238,-0.00482177
1239,-0.009643555
1240,-0.0050353818
1241,-0.009735104
1242,-0.0028686598
1243,-0.003753662
1244,-0.004669197
1245,-0.0076904297
1246,-0.006225601
1247,-0.008361805
1248,-0.0013122633
1249,0.0059204176
1250,0.0070800707
1251,0.012481701
1252,0.008758541
1253,0.008361816
1254,0.0050354097
1255,-0.0061035175
1256,-0.008422846
1257,-0.01498412
1258,-0.026275633
1259,-0.03363037
1260,-0.04238891
1261,-0.050140385
1262,-0.058227547
1263,-0.05303956
1264,-0.06271364
1265,-0.053924553
1266,-0.057678238
1267,-0.05279541
1268,-0.0440979
1269,-0.04983519
1270,-0.041320816
1271,-0.041931152
1272,-0.03164674
1273,-0.02944946
1274,-0.024078362
1275,-0.02435302
1276,-0.020141616
1277,-0.013763405
1278,-0.007415764
1279,0.0032654032
1280,0.0073242337
1281,0.023010261
1282,0.029724129
1283,0.03353882
1284,0.028472923
1285,0.02590942
1286,0.020416263
1287,0.011627175
1288,0.008667015
1289,-0.002868656
1290,-0.007171653
1291,-0.010681152
1292,-0.008361831
1293,-0.002166763
1294,-0.0026855394
1295,0.010192886
1296,0.03479003
1297,0.039855972
1298,0.041229255
1299,0.040039077
1300,0.06192018
1301,0.056243896
1302,0.050231945
1303,0.035888657
1304,0.042266864
1305,0.01644897
1306,0.013000485
1307,-0.0086670015
1308,-0.04870606
1309,-0.049987804
1310,-0.031463638
1311,-0.011077877
1312,-0.041076683
1313,-0.022369381
1314,-0.010406494
1315,0.026672363
1316,0.05883789
1317,0.08892822
1318,0.093933105
1319,0.09329224
1320,0.10861206
1321,0.096954346
1322,0.08380127
1323,0.056518562
1324,0.05993653
1325,0.029357906
1326,0.014129631
1327,-0.01583863
1328,-0.0664673
1329,-0.079833984
1330,-0.0862427
1331,-0.060028084
1332,-0.054901123
1333,-0.039947495
1334,-0.032959007
1335,-0.023864757
1336,-0.020416252
1337,-0.002716072
1338,0.028656013
1339,0.030029304
1340,0.027221672
1341,0.01879882
1342,0.026580833
1343,0.0031128079
1344,-0.013916012
1345,-0.021087658
1346,-0.02838135
1347,-0.02508545
1348,-0.02627565
1349,-0.029968262
1350,-0.07113649
1351,-0.06732179
1352,-0.05285643
1353,-0.047180172
1354,-0.058197044
1355,-0.046905532
1356,-0.02743531
1357,-0.015289314
1358,0.023376483
1359,0.021789549
1360,0.019012451
1361,0.018157966
1362,0.030517593
1363,0.023040775
1364,0.004730221
1365,0.0027160589
1366,0.002075201
1367,-0.0033569206
1368,-0.0070800856
1369,-0.020843513
1370,-0.05612184
1371,-0.046478286
1372,-0.019927971
1373,-0.0038757287
1374,0.0080871545
1375,0.026336666
1376,0.042633057
1377,0.05285646
1378,0.059661865
1379,0.057708733
1380,0.046020515
1381,0.043731693
1382,0.041595466
1383,0.03173828
1384,0.015014637
1385,-0.0003051851
1386,0.0012207013
1387,-0.008361815
1388,-0.009918217
1389,-0.012207042
1390,-0.0075988695
1391,0.006439209
1392,0.018890383
1393,0.024414077
1394,0.017211918
1395,0.015777588
1396,0.00497438
1397,-0.0032043383
1398,-0.01187133
1399,-0.021911606
1400,-0.024322502
1401,-0.034942627
1402,-0.041625988
1403,-0.04510498
1404,-0.03982545
1405,-0.039855972
1406,-0.027496345
1407,-0.01797486
1408,-0.008819582
1409,0.009216305
1410,0.012603771
1411,0.01748657
1412,0.011596677
1413,0.004730219
1414,0.00125123
1415,-0.015167237
1416,-0.02319335
1417,-0.028381348
1418,-0.032897934
1419,-0.030792236
1420,-0.023345955
1421,-0.023345962
1422,-0.016113289
1423,-0.0020141602
1424,0.006011974
1425,0.017456066
1426,0.025329579
1427,0.033905037
1428,0.03298951
1429,0.036346447
1430,0.029205317
1431,0.012512213
1432,0.0046081515
1433,-0.005767824
1434,-0.017608639
1435,-0.025177002
1436,-0.027404787
1437,-0.025024418
1438,-0.023803703
1439,-0.017700195
1440,-0.010742191
1441,-0.0040893583
1442,0.006072997
1443,0.014617919
1444,0.017730724
1445,0.022491466
1446,0.02435302
1447,0.019378666
1448,0.014892577
1449,0.0073242206
1450,0.0040283203
1451,0.002746583
1452,0.003448486
1453,0.0018920894
1454,-0.0027770987
1455,-0.00033569336
1456,-0.0023803706
1457,0.002563476
1458,0.007781982
1459,0.010101318
1460,0.014556883
1461,0.020782474
1462,0.020843504
1463,0.017089842
1464,0.011871338
1465,0.007385254
1466,0.0069274902
1467,-0.0021057136
1468,-0.0026245122
1469,-0.012786868
1470,-0.022186277
1471,-0.026367188
1472,-0.033538815
1473,-0.038726807
1474,-0.04525757
1475,-0.043426514
1476,-0.041412354
1477,-0.03112793
1478,-0.02410889
1479,-0.013946533
1480,-0.012023926
1481,-0.0061340295
1482,-0.0011901893
1483,-0.00012207031
1484,-0.0003662035
1485,-0.0069885235
1486,-0.005401613
1487,-0.0065917987
1488,-0.0070800707
1489,-0.01272583
1490,-0.010833729
1491,0.005859364
1492,0.024993893
1493,0.04730225
1494,0.06454467
1495,0.07644653
1496,0.09289549
1497,0.10699463
1498,0.104248025
1499,0.084228516
1500,0.053344727
1501,0.027282715
1502,-0.0032653883
1503,-0.036010746
1504,-0.062957756
1505,-0.08432005
1506,-0.08874511
1507,-0.079956055
1508,-0.07867431
1509,-0.075866684
1510,-0.061035138
1511,-0.0316162
1512,0.007843021
1513,0.0472107
1514,0.08508301
1515,0.11746217
1516,0.1496582
1517,0.1700134
1518,0.17480467
1519,0.16091917
1520,0.14562987
1521,0.13272093
1522,0.12008666
1523,0.09603882
1524,0.06253051
1525,0.030883834
1526,0.021301262
1527,0.0040893704
1528,-0.015258782
1529,-0.039093003
1530,-0.050750718
1531,-0.0640869
1532,-0.07141112
1533,-0.082855225
1534,-0.10494992
1535,-0.11062625
1536,-0.10064699
1537,-0.0938721
1538,-0.11495969
1539,-0.11526491
1540,-0.110809356
1541,-0.08721924
1542,-0.054504387
1543,-0.021118164
1544,0.0052795345
1545,0.032775894
1546,0.06549072
1547,0.087127715
1548,0.09915163
1549,0.0961914
1550,0.09780884
1551,0.07293701
1552,0.039062507
1553,-0.0041504
1554,-0.06436157
1555,-0.10498048
1556,-0.13253784
1557,-0.1489258
1558,-0.16256712
1559,-0.17022705
1560,-0.16964723
1561,-0.15994263
1562,-0.14187622
1563,-0.11782837
1564,-0.08694458
1565,-0.06008912
1566,-0.035308816
1567,-0.011260979
1568,0.0
1569,0.010955781
1570,0.016204841
1571,0.019531257
1572,0.013000511
1573,0.008453369
1574,-0.002563484
1575,-0.008850098
1576,-0.020202637
1577,-0.03094481
1578,-0.033111587
1579,-0.04544066
1580,-0.04171756
1581,-0.04360962
1582,-0.038208023
1583,-0.031249985
1584,-0.021240264
1585,-0.010284424
1586,-0.0048827827
1587,0.0022888184
1588,0.007385224
1589,0.017272934
1590,0.018432617
1591,0.026031494
1592,0.02249147
1593,0.022491477
1594,0.02148439
1595,0.024414048
1596,0.027099602
1597,0.02938842
1598,0.04092408
1599,0.049255386
1600,0.05877684
1601,0.06613156
1602,0.072998054
1603,0.07513428
1604,0.079437256
1605,0.086273186
1606,0.09222413
1607,0.09695434
1608,0.10537721
1609,0.114196785
1610,0.11904908
1611,0.1260681
1612,0.13351442
1613,0.13500977
1614,0.1386719
1615,0.13922119
1616,0.13839723
1617,0.12985228
1618,0.11886597
1619,0.10699466
1620,0.0871582
1621,0.065979004
1622,0.03771974
1623,0.006072998
1624,-0.028228775
1625,-0.05996704
1626,-0.08325194
1627,-0.106353775
1628,-0.119628906
1629,-0.13366699
1630,-0.14245605
1631,-0.1546936
1632,-0.15972899
1633,-0.16152956
1634,-0.15463255
1635,-0.1434021
1636,-0.12988278
1637,-0.11486818
1638,-0.10403441
1639,-0.084991455
1640,-0.07366946
1641,-0.059265144
1642,-0.045684814
1643,-0.0369263
1644,-0.027618423
1645,-0.021240234
1646,-0.014007598
1647,-0.0068359673
1648,9.1552734e-05
1649,0.010223404
1650,0.017211914
1651,0.02331543
1652,0.031280532
1653,0.03955081
1654,0.048706084
1655,0.061370865
1656,0.072906524
1657,0.08401489
1658,0.09265137
1659,0.09585573
1660,0.09963991
1661,0.09802243
1662,0.09725951
1663,0.09396362
1664,0.088592544
1665,0.085357666
1666,0.07516477
1667,0.0727539
1668,0.06372069
1669,0.055481
1670,0.047973633
1671,0.041809127
1672,0.036956787
1673,0.03570558
1674,0.038726807
1675,0.03878784
1676,0.04260251
1677,0.040344223
1678,0.045898452
1679,0.041992158
1680,0.04425046
1681,0.04244992
1682,0.039947525
1683,0.040374726
1684,0.036895752
1685,0.03491211
1686,0.023895279
1687,0.013854966
1688,0.004119903
1689,-0.006103471
1690,-0.018127427
1691,-0.027923584
1692,-0.042877182
1693,-0.05120848
1694,-0.060638428
1695,-0.06906131
1696,-0.0722046
1697,-0.07916262
1698,-0.07601928
1699,-0.076385505
1700,-0.076873794
1701,-0.076995865
1702,-0.0748291
1703,-0.07299806
1704,-0.06939697
1705,-0.06655883
1706,-0.06790159
1707,-0.068817146
1708,-0.069915764
1709,-0.0710449
1710,-0.07092285
1711,-0.071838394
1712,-0.06811522
1713,-0.06823729
1714,-0.066436775
1715,-0.06567381
1716,-0.06201173
1717,-0.058471672
1718,-0.050201423
1719,-0.044860832
1720,-0.042785674
1721,-0.03860476
1722,-0.04367067
1723,-0.039062507
1724,-0.042907715
1725,-0.0385437
1726,-0.039031982
1727,-0.03781128
1728,-0.034606904
1729,-0.035278305
1730,-0.032196045
1731,-0.03195189
1732,-0.032989487
1733,-0.032897934
1734,-0.03170775
1735,-0.029449433
1736,-0.02722171
1737,-0.023010269
1738,-0.017181411
1739,-0.010742173
1740,-0.0037841946
1741,-0.00018312037
1742,0.004882768
1743,0.0092163235
1744,0.01632692
1745,0.022583023
1746,0.02929686
1747,0.03683473
1748,0.0446167
1749,0.05007933
1750,0.05010982
1751,0.053588897
1752,0.05224608
1753,0.05624391
1754,0.056213364
1755,0.052551292
1756,0.055480927
1757,0.051147472
1758,0.05203247
1759,0.046905525
1760,0.042724624
1761,0.042388942
1762,0.044067383
1763,0.04321289
1764,0.04141234
1765,0.042663544
1766,0.039398186
1767,0.04519654
1768,0.045410153
1769,0.041961662
1770,0.037933335
1771,0.03381348
1772,0.031921364
1773,0.024536133
1774,0.018981926
1775,0.013763431
1776,0.008880619
1777,0.0054016225
1778,-0.0010375977
1779,-0.0049438328
1780,-0.009582501
1781,-0.0023498535
1782,0.0043945387
1783,0.006622322
1784,0.009307869
1785,0.008117672
1786,0.00894165
1787,0.0105896
1788,0.01348876
1789,0.013153075
1790,0.016540527
1791,0.01834106
1792,0.018127427
1793,0.015258777
1794,0.0057372954
1795,-0.001617427
1796,-0.0143127395
1797,-0.02392577
1798,-0.037048332
1799,-0.04464721
1800,-0.048156723
1801,-0.043365486
1802,-0.034332275
1803,-0.026367188
1804,-0.01724243
1805,-0.0108947735
1806,-0.0008850116
1807,0.008270264
1808,0.018829346
1809,0.029235838
1810,0.041290283
1811,0.045715332
1812,0.04751587
1813,0.041107178
1814,0.031463623
1815,0.022399904
1816,0.013732914
1817,0.009857178
1818,0.011077883
1819,0.012725836
1820,0.018829353
1821,0.025634766
1822,0.033142097
1823,0.043914795
1824,0.051269546
1825,0.054748528
1826,0.058319084
1827,0.057403564
1828,0.056945805
1829,0.053039555
1830,0.042968735
1831,0.03622435
1832,0.025817856
1833,0.018005393
1834,0.009613037
1835,-0.0014343411
1836,-0.010070816
1837,-0.014739968
1838,-0.014617927
1839,-0.01876831
1840,-0.01971437
1841,-0.023284912
1842,-0.022705093
1843,-0.021392837
1844,-0.021850571
1845,-0.025634773
1846,-0.029724114
1847,-0.030761749
1848,-0.03088376
1849,-0.030914307
1850,-0.03405761
1851,-0.032714866
1852,-0.033416744
1853,-0.03155517
1854,-0.030426025
1855,-0.028991707
1856,-0.024169931
1857,-0.016509987
1858,-0.011077911
1859,-0.0051879873
1860,-0.004974378
1861,-0.00598146
1862,-0.004974357
1863,-0.008331305
1864,-0.012969963
1865,-0.0140380785
1866,-0.020172112
1867,-0.023925789
1868,-0.029235829
1869,-0.029174812
1870,-0.0343933
1871,-0.035980232
1872,-0.036346436
1873,-0.037780754
1874,-0.035705578
1875,-0.032928467
1876,-0.024719236
1877,-0.02328491
1878,-0.0068664546
1879,-0.0055236816
1880,-0.003601078
1881,-0.015930178
1882,-0.01071167
1883,-0.008056648
1884,-0.009368896
1885,-0.033813484
1886,-0.07305908
1887,-0.08255006
1888,-0.09115601
1889,-0.10861206
1890,-0.14962769
1891,-0.15264893
1892,-0.13958739
1893,-0.13095091
1894,-0.15719604
1895,-0.18188475
1896,-0.18395996
1897,-0.13110349
1898,-0.060638443
1899,-0.0473938
1900,-0.057922333
1901,-0.05429077
1902,-0.0021972507
1903,0.021972656
1904,0.031219512
1905,0.0007019341
1906,-0.0025939643
1907,0.021270722
1908,0.049224854
1909,0.049743682
1910,0.016693115
1911,0.028320283
1912,0.06869507
1913,0.10076904
1914,0.07348633
1915,0.0602417
1916,0.06326294
1917,0.13348389
1918,0.19100949
1919,0.20803832
1920,0.18072513
1921,0.14733887
1922,0.14776614
1923,0.13122559
1924,0.09820556
1925,0.07449344
1926,0.10250857
1927,0.12539673
1928,0.15365605
1929,0.15460204
1930,0.15014647
1931,0.17031862
1932,0.22695924
1933,0.3022461
1934,0.36343384
1935,0.425354
1936,0.4709168
1937,0.49838257
1938,0.4680786
1939,0.4096985
1940,0.3079224
1941,0.20794678
1942,0.1124267
1943,0.0011597872
1944,-0.12051383
1945,-0.24938971
1946,-0.35766608
1947,-0.45196533
1948,-0.50903314
1949,-0.5396424
1950,-0.52624506
1951,-0.48556522
1952,-0.41964734
1953,-0.340271
1954,-0.25070187
1955,-0.16253652
1956,-0.08270265
1957,-0.014221195
1958,0.02737424
1959,0.05413819
1960,0.056579605
1961,0.04101564
1962,0.006256059
1963,-0.040313676
1964,-0.09341425
1965,-0.14910889
1966,-0.2008667
1967,-0.2503358
1968,-0.28637707
1969,-0.3164062
1970,-0.32409668
1971,-0.31973267
1972,-0.299225
1973,-0.26004022
1974,-0.2122803
1975,-0.15081781
1976,-0.088012666
1977,-0.01828003
1978,0.043151826
1979,0.10147104
1980,0.15097064
1981,0.19103992
1982,0.21578988
1983,0.22821048
1984,0.22537234
1985,0.20950311
1986,0.18444833
1987,0.15182495
1988,0.12057488
1989,0.08236702
1990,0.056152314
1991,0.031005822
1992,0.0147093665
1993,0.005737378
1994,0.0018309951
1995,-0.00759886
1996,0.05419924
1997,0.06472777
1998,0.07833858
1999,0.08660893
2000,0.13467415
2001,0.14691153
2002,0.13284305
2003,0.12805179
2004,0.14505008
2005,0.1333008
2006,0.10339354
2007,0.12036134
2008,-0.0083618015
2009,-0.008087143
2010,-0.014068618
2011,0.008392334
2012,-0.072692856
2013,-0.081207305
2014,-0.07052614
2015,-0.10269166
2016,-0.018432617
2017,-0.03961183
2018,-0.019561782
2019,-0.039581288
2020,0.012725839
2021,0.0099792555
2022,0.009246826
2023,0.0021362468
2024,0.034484867
2025,0.038696304
2026,0.031188972
2027,0.062011722
2028,-0.04693602
2029,-0.023559585
2030,-0.023742674
2031,-0.018707272
2032,-0.0131835975
2033,-0.029510515
2034,-0.038665786
2035,-0.053802483
2036,-0.04690551
2037,-0.04870604
2038,-0.03286744
2039,-0.0222168
2040,-0.013427732
2041,-0.0050353985
2042,0.016326897
2043,0.030120848
2044,0.05441285
2045,0.06384278
2046,0.08569337
2047,0.09567261
2048,0.10211182
2049,0.09548951
2050,0.08963013
2051,0.082580574
2052,0.07144164
2053,0.06741333
2054,0.043792725
2055,0.026031502
2056,0.008087136
2057,0.010162331
2058,-0.0030822754
2059,-0.027862564
2060,-0.04748535
2061,-0.03485109
2062,-0.030639634
2063,-0.030334495
2064,-0.015655518
2065,-0.018951423
2066,-0.009796128
2067,-0.0033569485
2068,0.0036010817
2069,-0.017639168
2070,-0.020751946
2071,-0.0062255934
2072,-0.005249027
2073,-0.0032959096
2074,-0.004455559
2075,-0.0028076172
2076,-0.016204868
2077,-0.010253932
2078,-0.037139893
2079,-0.059875503
2080,-0.06201171
2081,-0.044128418
2082,-0.044189434
2083,-0.03814698
2084,-0.018280044
2085,-0.039154053
2086,-0.048187252
2087,-0.03976441
2088,-0.030670166
2089,-0.027282707
2090,0.020019531
2091,0.021240234
2092,-0.010650642
2093,-0.021240234
2094,-0.01687622
2095,-0.0653076
2096,-0.11666869
2097,-0.13891603
2098,-0.17636108
2099,-0.17376709
2100,-0.15008545
2101,-0.1350098
2102,-0.13687132
2103,-0.08621214
2104,-0.03515625
2105,-0.021392837
2106,-0.03054808
2107,-0.011444107
2108,0.010986313
2109,0.041931152
2110,0.09881592
2111,0.10168457
2112,0.086700425
2113,0.08010867
2114,0.077301025
2115,0.058441192
2116,0.04067993
2117,0.035461456
2118,0.038818374
2119,0.043792725
2120,0.054748535
2121,0.056213386
2122,0.042511016
2123,0.036773674
2124,0.032592773
2125,0.023895241
2126,0.0142822275
2127,0.016632056
2128,0.023071276
2129,0.040100098
2130,0.05508423
2131,0.082550064
2132,0.10144043
2133,0.102386475
2134,0.10253905
2135,0.087585494
2136,0.068786606
2137,0.04922487
2138,0.03616333
2139,0.022766113
2140,0.012451164
2141,0.001403816
2142,-0.005371079
2143,-0.008605987
2144,-0.018920898
2145,-0.0105896
2146,-0.013641357
2147,-0.008850127
2148,-0.00582885
2149,0.003540039
2150,0.0046081617
2151,-9.155646e-05
2152,0.008270267
2153,0.0013427883
2154,0.007904038
2155,0.005523715
2156,0.0098266415
2157,0.008239754
2158,0.011108406
2159,0.019989006
2160,0.025238039
2161,0.033844
2162,0.037841797
2163,0.044830307
2164,0.037261955
2165,0.03771972
2166,0.027038582
2167,0.012695301
2168,0.00296022
2169,-0.009948723
2170,-0.017333984
2171,-0.024261456
2172,-0.028869644
2173,-0.03778074
2174,-0.04281617
2175,-0.047912583
2176,-0.052490264
2177,-0.047668435
2178,-0.050415054
2179,-0.04690551
2180,-0.04394532
2181,-0.037322998
2182,-0.032226577
2183,-0.031005848
2184,-0.034484852
2185,-0.032348637
2186,-0.03277588
2187,-0.035003647
2188,-0.04135132
2189,-0.04489137
2190,-0.041320812
2191,-0.03741455
2192,-0.03497316
2193,-0.03771972
2194,-0.02362059
2195,-0.031494137
2196,-0.017211922
2197,-0.015747044
2198,-0.017181389
2199,-0.015380863
2200,-0.004577622
2201,-0.0025939979
2202,-0.013641361
2203,-0.0018005222
2204,-0.013854977
2205,-0.0070800856
2206,-0.016357418
2207,-0.009735126
2208,-0.017028823
2209,-0.01559449
2210,-0.00973513
2211,-0.004974369
2212,-0.0023193285
2213,0.0038452074
2214,0.019378658
2215,0.009155273
2216,0.02539064
2217,0.02481081
2218,0.021026596
2219,0.023498558
2220,0.021728525
2221,0.015563957
2222,0.01461794
2223,0.014678946
2224,0.012359618
2225,0.004364015
2226,0.0042114286
2227,0.0027770903
2228,0.00033567962
2229,0.00097654876
2230,0.00064086635
2231,0.0009765626
2232,0.0017089883
2233,0.009582522
2234,0.005584713
2235,0.0058593825
2236,0.00680542
2237,0.009796143
2238,0.0070495615
2239,0.007995605
2240,0.010864258
2241,0.007812502
2242,0.015197758
2243,0.013427735
2244,0.01477051
2245,0.008514407
2246,0.010437014
2247,0.005981447
2248,0.0036621094
2249,0.0041503916
2250,0.0013427725
2251,-0.0009460435
2252,-0.0068969736
2253,-0.010559082
2254,-0.018341066
2255,-0.018157959
2256,-0.01940918
2257,-0.015350342
2258,-0.014251709
2259,-0.00793457
2260,-0.002014161
2261,0.0030212412
2262,0.009063722
2263,0.015197756
2264,0.019500734
2265,0.02380371
2266,0.027008057
2267,0.024261478
2268,0.022186281
2269,0.017730713
2270,0.016326902
2271,0.009399414
2272,0.0063171396
2273,-0.0010986328
2274,-0.0043029776
2275,-0.0041503906
2276,-0.0020446775
2277,0.0030517583
2278,0.0040893545
2279,0.010803223
2280,0.0133667
2281,0.018157959
2282,0.017333986
2283,0.019104002
2284,0.016662598
2285,0.018402101
2286,0.018951414
2287,0.01376343
2288,0.012969969
2289,0.0036621112
2290,0.0051879883
2291,-0.0028991718
2292,-0.0026245136
2293,-0.008758545
2294,-0.008514402
2295,-0.010925297
2296,-0.013458252
2297,-0.014862061
2298,-0.020782474
2299,-0.020935059
2300,-0.024932861
2301,-0.023071287
2302,-0.029174803
2303,-0.030242922
2304,-0.03131103
2305,-0.028625488
2306,-0.02914428
2307,-0.028869625
2308,-0.024780273
2309,-0.02612305
2310,-0.021453843
2311,-0.021636963
2312,-0.021087646
2313,-0.019104011
2314,-0.017395023
2315,-0.013763417
2316,-0.012939468
2317,-0.015045166
2318,-0.013732929
2319,-0.011352528
2320,-0.012146011
2321,-0.005676262
2322,-0.0055847354
2323,-0.00018310547
2324,0.0020446815
2325,0.0051879995
2326,0.005187992
2327,0.004333496
2328,0.0050964393
2329,0.0047912598
2330,0.005767841
2331,0.003570553
2332,0.002868656
2333,0.0011596456
2334,0.003692627
2335,-0.0012817383
2336,9.154156e-05
2337,-0.0043640174
2338,-0.0048828274
2339,-0.0043334905
2340,-0.0050048884
2341,-0.004211426
2342,-0.008514415
2343,-0.002532959
2344,-0.007873537
2345,-0.005706774
2346,-0.006164545
2347,0.00027466193
2348,0.0030517671
2349,0.009887693
2350,0.022003168
2351,0.031066889
2352,0.039154053
2353,0.049072266
2354,0.05734253
2355,0.056701664
2356,0.06567381
2357,0.065826416
2358,0.064575195
2359,0.05960083
2360,0.052947998
2361,0.04302979
2362,0.028533926
2363,0.017791755
2364,0.006652843
2365,-0.005218517
2366,-0.01019286
2367,-0.010864262
2368,-0.009094223
2369,-0.0045471303
2370,0.004669208
2371,0.0153503455
2372,0.023803703
2373,0.03549194
2374,0.044311527
2375,0.050109863
2376,0.053985596
2377,0.06423952
2378,0.064270005
2379,0.06311035
2380,0.058959953
2381,0.05407718
2382,0.044738755
2383,0.034057595
2384,0.029052734
2385,0.012176529
2386,0.0032959208
2387,-0.007751465
2388,-0.016571045
2389,-0.03042601
2390,-0.042083748
2391,-0.05236817
2392,-0.06478882
2393,-0.07244873
2394,-0.07714844
2395,-0.07766724
2396,-0.07659912
2397,-0.063751236
2398,-0.05566405
2399,-0.043151867
2400,-0.031219475
2401,-0.02352905
2402,-0.010955799
2403,-0.0036926367
2404,0.004486069
2405,0.0037536798
2406,0.0027771061
2407,-0.0008239653
2408,-0.008850085
2409,-0.013366684
2410,-0.021667495
2411,-0.02560426
2412,-0.030609148
2413,-0.02651978
2414,-0.027526852
2415,-0.022186272
2416,-0.02169799
2417,-0.013519308
2418,-0.0072631817
2419,-0.0033264253
2420,0.0024414044
2421,-0.000122064725
2422,0.008758549
2423,0.008666994
2424,0.019744873
2425,0.02020264
2426,0.024047855
2427,0.024658203
2428,0.026367191
2429,0.02197266
2430,0.014984138
2431,0.011413576
2432,0.001159668
2433,-0.0016784724
2434,-0.012176512
2435,-0.022369387
2436,-0.041717526
2437,-0.056762703
2438,-0.072143555
2439,-0.09036254
2440,-0.09881592
2441,-0.10897828
2442,-0.11654664
2443,-0.12249755
2444,-0.12438965
2445,-0.1298523
2446,-0.13015747
2447,-0.13171388
2448,-0.12786865
2449,-0.124572754
2450,-0.112762466
2451,-0.1022339
2452,-0.09020999
2453,-0.076934814
2454,-0.05841066
2455,-0.041778564
2456,-0.020629898
2457,0.0015563965
2458,0.01373291
2459,0.035614014
2460,0.04876709
2461,0.06716919
2462,0.076049805
2463,0.08749387
2464,0.09350586
2465,0.09878537
2466,0.10470581
2467,0.10217285
2468,0.10153198
2469,0.098297104
2470,0.10095213
2471,0.09921269
2472,0.10348509
2473,0.100097686
2474,0.1026306
2475,0.10375978
2476,0.10632324
2477,0.1077881
2478,0.104949936
2479,0.1107483
2480,0.10964966
2481,0.11392213
2482,0.1128235
2483,0.11056514
2484,0.10595703
2485,0.10186763
2486,0.09698489
2487,0.08688356
2488,0.07708739
2489,0.06820676
2490,0.056488067
2491,0.049987778
2492,0.040771484
2493,0.028076157
2494,0.022979766
2495,0.012451157
2496,0.010925293
2497,0.007324204
2498,0.0013122857
2499,0.002746582
2500,0.0014953315
2501,0.002380371
2502,0.0036316067
2503,-0.00195314
2504,-0.0031128079
2505,-0.006713882
2506,-0.010375947
2507,-0.0111694485
2508,-0.021484375
2509,-0.026245147
2510,-0.032073952
2511,-0.03918457
2512,-0.04638668
2513,-0.050567634
2514,-0.055175766
2515,-0.058197
2516,-0.06015014
2517,-0.06057743
2518,-0.06649779
2519,-0.065155014
2520,-0.0664673
2521,-0.06735229
2522,-0.06866455
2523,-0.0692749
2524,-0.069183365
2525,-0.06848145
2526,-0.06604003
2527,-0.062072754
2528,-0.06259155
2529,-0.06179809
2530,-0.061035164
2531,-0.059295654
2532,-0.057067864
2533,-0.055664062
2534,-0.050262444
2535,-0.04418946
2536,-0.038330067
2537,-0.041259762
2538,-0.039978027
2539,-0.044616684
2540,-0.043182377
2541,-0.0395813
2542,-0.032775894
2543,-0.03341674
2544,-0.02713012
2545,-0.018920906
2546,-0.015197724
2547,-0.0071105957
2548,-0.0065307543
2549,-0.00012207776
2550,-0.0013427511
2551,0.0055847093
2552,0.0025024414
2553,0.0039978027
2554,-0.00024412572
2555,0.00027465075
2556,-0.0042114295
2557,-0.010528546
2558,-0.014343295
2559,-0.024444591
2560,-0.019836418
2561,-0.022796646
2562,-0.012939446
2563,-0.00643922
2564,0.0050353855
2565,0.00946046
2566,0.01678468
2567,0.023040779
2568,0.029327419
2569,0.03863522
2570,0.04354857
2571,0.044830322
2572,0.041900624
2573,0.047027618
2574,0.041442875
2575,0.036010753
2576,0.030303951
2577,0.025176998
2578,0.024719238
2579,0.022491453
2580,0.020965552
2581,0.015747083
2582,0.02255251
2583,0.031585693
2584,0.03625489
2585,0.038024887
2586,0.03973388
2587,0.03927613
2588,0.04226686
2589,0.043426514
2590,0.032348625
2591,0.022460934
2592,0.014343262
2593,0.008575451
2594,-0.0012817457
2595,-0.00640868
2596,-0.0099792555
2597,-0.014282215
2598,-0.009277351
2599,-0.008575439
2600,-0.006378174
2601,-0.0037231501
2602,0.0030517634
2603,0.009307859
2604,0.014495848
2605,0.017852778
2606,0.015472414
2607,0.01138306
2608,0.008117672
2609,0.009765621
2610,0.010742197
2611,0.009307859
2612,0.009002683
2613,0.003906253
2614,0.011779777
2615,0.012817383
2616,0.011962891
2617,0.012542729
2618,0.016082767
2619,0.016113274
2620,0.011566164
2621,0.008605955
2622,-0.00497438
2623,-0.006927479
2624,-0.009887699
2625,-0.0072631836
2626,-0.011718765
2627,-0.010345448
2628,-0.0019836426
2629,0.009246828
2630,0.021789553
2631,0.030700691
2632,0.03659057
2633,0.037872314
2634,0.044128418
2635,0.04656984
2636,0.044677734
2637,0.03738404
2638,0.033264168
2639,0.021514896
2640,0.012145996
2641,-0.0050964355
2642,-0.021698017
2643,-0.0314331
2644,-0.035217278
2645,-0.033264168
2646,-0.03533935
2647,-0.03656007
2648,-0.03970336
2649,-0.0364685
2650,-0.037780736
2651,-0.029479966
2652,-0.028594978
2653,-0.02841185
2654,-0.026306152
2655,-0.0267944
2656,-0.025939943
2657,-0.028228747
2658,-0.026458744
2659,-0.025268547
2660,-0.022644045
2661,-0.023040786
2662,-0.022674574
2663,-0.025390642
2664,-0.024169916
2665,-0.021179207
2666,-0.022308338
2667,-0.025634795
2668,-0.025482189
2669,-0.032775883
2670,-0.035430897
2671,-0.039398193
2672,-0.044311542
2673,-0.04534912
2674,-0.04876709
2675,-0.04678342
2676,-0.048095703
2677,-0.04400635
2678,-0.044067383
2679,-0.038543686
2680,-0.038024873
2681,-0.029510502
2682,-0.02526857
2683,-0.020477302
2684,-0.009124741
2685,-0.0011291504
2686,0.009918228
2687,0.02169796
2688,0.027252197
2689,0.03164673
2690,0.039123558
2691,0.044952393
2692,0.051391587
2693,0.049224854
2694,0.049652115
2695,0.046081543
2696,0.04418946
2697,0.043670665
2698,0.044311497
2699,0.04064942
2700,0.041168235
2701,0.04263305
2702,0.04098509
2703,0.037872322
2704,0.03741455
2705,0.03613281
2706,0.032348633
2707,0.03332518
2708,0.031799316
2709,0.028594963
2710,0.024719238
2711,0.023040779
2712,0.016662586
2713,0.018157959
2714,0.015777595
2715,0.02053833
2716,0.018920898
2717,0.025909431
2718,0.031433113
2719,0.03363039
2720,0.0333252
2721,0.028717063
2722,0.0234375
2723,0.018859837
2724,0.021850586
2725,0.015502937
2726,0.021759033
2727,0.017700177
2728,0.022766128
2729,0.017852768
2730,0.02136232
2731,0.017944321
2732,0.017333988
2733,0.016235344
2734,0.016296398
2735,0.015594505
2736,0.009063743
2737,0.008880623
2738,-0.006103527
2739,-0.009796128
2740,-0.022857688
2741,-0.029663086
2742,-0.043548584
2743,-0.04895021
2744,-0.054748565
2745,-0.05505371
2746,-0.052307114
2747,-0.05685425
2748,-0.04901123
2749,-0.053222664
2750,-0.041992188
2751,-0.0430603
2752,-0.035095192
2753,-0.031555176
2754,-0.02749635
2755,-0.024627682
2756,-0.027069086
2757,-0.023559578
2758,-0.030761726
2759,-0.025909422
2760,-0.036163352
2761,-0.03372193
2762,-0.04138182
2763,-0.04211426
2764,-0.042572033
2765,-0.03884886
2766,-0.035247814
2767,-0.028106678
2768,-0.017028797
2769,-0.018524162
2770,-0.012359627
2771,-0.016326882
2772,-0.014465306
2773,-0.018524174
2774,-0.01953125
2775,-0.02096558
2776,-0.027191155
2777,-0.027832057
2778,-0.031463623
2779,-0.032104496
2780,-0.03778077
2781,-0.0333252
2782,-0.032623295
2783,-0.026550286
2784,-0.020568848
2785,-0.0112609565
2786,-0.004730232
2787,0.0058288723
2788,0.014099121
2789,0.019378677
2790,0.024993896
2791,0.027618416
2792,0.03430178
2793,0.039947495
2794,0.04541015
2795,0.04934691
2796,0.052154556
2797,0.050659146
2798,0.04949951
2799,0.04412842
2800,0.040161148
2801,0.038269036
2802,0.041595463
2803,0.04183959
2804,0.04565429
2805,0.042449944
2806,0.04635621
2807,0.045837414
2808,0.045349106
2809,0.044097908
2810,0.043273903
2811,0.048126213
2812,0.048736572
2813,0.05419922
2814,0.048095696
2815,0.04464722
2816,0.038330086
2817,0.03573606
2818,0.02862551
2819,0.022033691
2820,0.01641848
2821,0.010375969
2822,0.0092468485
2823,0.0007324144
2824,-0.0011291504
2825,-0.014556877
2826,-0.018524162
2827,-0.026184067
2828,-0.031433128
2829,-0.036041245
2830,-0.037689194
2831,-0.034912117
2832,-0.027526852
2833,-0.021148667
2834,-0.020721428
2835,-0.016479494
2836,-0.016509999
2837,-0.012786865
2838,-0.007843018
2839,-0.0073852604
2840,-0.008697495
2841,-0.008636475
2842,-0.00979615
2843,-0.010833731
2844,-0.015594497
2845,-0.01724244
2846,-0.016265862
2847,-0.015350331
2848,-0.013336191
2849,-0.0128784105
2850,-0.014892567
2851,-0.0125732515
2852,-0.010375969
2853,-0.0118102925
2854,-0.014648438
2855,-0.021209717
2856,-0.024780275
2857,-0.03112793
2858,-0.037017822
2859,-0.042602543
2860,-0.04684449
2861,-0.048095707
2862,-0.04907227
2863,-0.046691895
2864,-0.04846192
2865,-0.0440979
2866,-0.041381836
2867,-0.031982422
2868,-0.027832028
2869,-0.019622799
2870,-0.013671879
2871,-0.004913319
2872,0.003570579
2873,0.00964357
2874,0.016998302
2875,0.022705082
2876,0.034698505
2877,0.045104984
2878,0.056884773
2879,0.062103264
2880,0.067993164
2881,0.068573
2882,0.07235716
2883,0.068664566
2884,0.06652829
2885,0.06384277
2886,0.0569458
2887,0.053741455
2888,0.043579087
2889,0.034698494
2890,0.024292005
2891,0.016601562
2892,0.0070495866
2893,0.0007934794
2894,-0.007080063
2895,-0.012725845
2896,-0.016174275
2897,-0.020507812
2898,-0.020507842
2899,-0.0231018
2900,-0.022735596
2901,-0.028076172
2902,-0.03378298
2903,-0.037750214
2904,-0.035980258
2905,-0.036438007
2906,-0.037414543
2907,-0.037231453
2908,-0.040039066
2909,-0.038116463
2910,-0.033081032
2911,-0.029388439
2912,-0.026580794
2913,-0.018188462
2914,-0.0068969764
2915,-0.0009460524
2916,0.0012512282
2917,0.0030212589
2918,0.003936764
2919,0.009490978
2920,0.0116577
2921,0.011169437
2922,0.0030822568
2923,0.0017089881
2924,0.002777081
2925,0.0037231147
2926,0.0019836463
2927,-0.0007934682
2928,-0.0002746582
2929,0.00024411827
2930,0.0034179762
2931,0.0044555683
2932,0.006500248
2933,0.012298578
2934,0.016845709
2935,0.018005371
2936,0.017974854
2937,0.015838651
2938,0.012573245
2939,0.015563976
2940,0.012207033
2941,0.0133666955
2942,0.011962879
2943,0.0139770415
2944,0.017211907
2945,0.01583862
2946,0.018188484
2947,0.015625007
2948,0.013824465
2949,0.012115467
2950,0.011993408
2951,0.010437012
2952,0.010314945
2953,0.009460449
2954,0.009735107
2955,0.0057067852
2956,0.0050964374
2957,0.0033874512
2958,0.0010070801
2959,0.0025634728
2960,3.0517578e-05
2961,-0.0040588398
2962,-0.0058898944
2963,-0.0065918025
2964,-0.003692627
2965,-0.004119873
2966,-0.0024414062
2967,-0.0027465848
2968,-0.009094239
2969,-0.0067748995
2970,-0.0061035138
2971,-0.006805421
2972,-0.003997801
2973,-0.0025634747
2974,-0.0012817373
2975,-0.007019043
2976,-0.009338382
2977,-0.012115477
2978,-0.015838621
2979,-0.014160157
2980,-0.014190672
2981,-0.013793946
2982,-0.0146484375
2983,-0.014770512
2984,-0.014160158
2985,-0.010681152
2986,-0.010284423
2987,-0.005340576
2988,-0.0039978037
2989,-0.0019531264
2990,0.005950927
2991,0.0075378427
2992,0.016662596
2993,0.016967772
2994,0.01992798
2995,0.021728517
2996,0.020904541
2997,0.025054934
2998,0.025451662
2999,0.029846188
3000,0.03414917
3001,0.038177498
3002,0.035186768
3003,0.03256225
3004,0.028045647
3005,0.024810797
3006,0.022033686
3007,0.01843261
3008,0.016387943
3009,0.010345459
3010,0.009765629
3011,0.0058593675
3012,-0.0011291392
3013,-0.0074463002
3014,-0.013000492
3015,-0.016967773
3016,-0.019653305
3017,-0.02282716
3018,-0.025695797
3019,-0.025329586
3020,-0.022918705
3021,-0.020812988
3022,-0.02011108
3023,-0.019653313
3024,-0.019836448
3025,-0.016082764
3026,-0.016387954
3027,-0.013366703
3028,-0.013488777
3029,-0.0108032245
3030,-0.010009762
3031,-0.007904061
3032,-0.008666983
3033,-0.014068617
3034,-0.016479492
3035,-0.024139414
3036,-0.024475092
3037,-0.029418945
3038,-0.028991679
3039,-0.033172604
3040,-0.035430923
3041,-0.033477783
3042,-0.03213501
3043,-0.028869614
3044,-0.030761734
3045,-0.02508545
3046,-0.027984615
3047,-0.019378655
3048,-0.014068596
3049,-0.009613037
3050,-0.0023803823
3051,0.0017089918
3052,0.005157493
3053,0.0024414174
3054,0.0010986291
3055,-0.0048217922
3056,-0.007598877
3057,-0.008026127
3058,-0.0023498535
3059,-0.0019226111
3060,-0.0044861063
3061,-0.0046081766
3062,-0.0051574744
3063,-0.005645748
3064,-0.003479004
3065,-0.002655033
3066,-0.00027466193
3067,0.0027160794
3068,0.011016857
3069,0.009368893
3070,0.0119934045
3071,0.015533455
3072,0.019012462
3073,0.023986828
3074,0.027496342
3075,0.02926635
3076,0.03680419
3077,0.038269043
3078,0.04522705
3079,0.04763794
3080,0.04751586
3081,0.051086426
3082,0.052368157
3083,0.04916381
3084,0.04446412
3085,0.037719734
3086,0.03085328
3087,0.029388422
3088,0.019866928
3089,0.017608643
3090,0.0061645396
3091,0.00021362677
3092,-0.008605957
3093,-0.021209717
3094,-0.02923584
3095,-0.040283207
3096,-0.03979492
3097,-0.046325687
3098,-0.045562733
3099,-0.043670654
3100,-0.04418946
3101,-0.041534428
3102,-0.040161137
3103,-0.038665764
3104,-0.034912124
3105,-0.026550286
3106,-0.02218628
3107,-0.0119629
3108,-0.0061035305
3109,0.003662113
3110,0.00967405
3111,0.01080323
3112,0.013519298
3113,0.011383057
3114,0.0133056715
3115,0.011138901
3116,0.011444103
3117,0.008850098
3118,0.0061645657
3119,0.0038146973
3120,-0.003143303
3121,-0.012176529
3122,-0.017791737
3123,-0.018005371
3124,-0.019683849
3125,-0.012573246
3126,-0.00662232
3127,0.0023498517
3128,0.0067138523
3129,0.015624998
3130,0.02029418
3131,0.024688726
3132,0.033203136
3133,0.041076683
3134,0.042877197
3135,0.041259754
3136,0.044403084
3137,0.038391117
3138,0.033691414
3139,0.026855467
3140,0.023956299
3141,0.014038086
3142,0.014617924
3143,0.01202392
3144,0.0067748874
3145,0.0069885254
3146,0.00097657
3147,0.002105713
3148,-0.005615242
3149,-0.0022583157
3150,-0.006958008
3151,-0.008972157
3152,-0.0109252855
3153,-0.011474617
3154,-0.017791763
3155,-0.017578118
3156,-0.018463138
3157,-0.017883297
3158,-0.012969984
3159,-0.0139465295
3160,-0.0053710975
3161,-0.0060119564
3162,0.001251224
3163,0.0041198675
3164,0.007446279
3165,0.013214109
3166,0.014465343
3167,0.018646244
3168,0.019805916
3169,0.021118153
3170,0.022735594
3171,0.021728523
3172,0.016998291
3173,0.013336181
3174,0.012664787
3175,0.014648446
3176,0.016510006
3177,0.022460938
3178,0.023803702
3179,0.025482176
3180,0.02670288
3181,0.026062008
3182,0.019897468
3183,0.015594471
3184,0.006774895
3185,-0.00054932013
3186,-0.009857181
3187,-0.022796642
3188,-0.03225708
3189,-0.045623787
3190,-0.05175781
3191,-0.05999755
3192,-0.06381224
3193,-0.06875611
3194,-0.06796265
3195,-0.06594848
3196,-0.06195067
3197,-0.056884773
3198,-0.05123903
3199,-0.043914802
3200,-0.03979492
3201,-0.035278328
3202,-0.02810667
3203,-0.029083263
3204,-0.026977558
3205,-0.021942146
3206,-0.02166748
3207,-0.021392807
3208,-0.015563995
3209,-0.016571037
3210,-0.014831528
3211,-0.01058957
3212,-0.005004883
3213,-0.0013122559
3214,0.0054321066
3215,0.014404319
3216,0.019256614
3217,0.024627656
3218,0.028289787
3219,0.034149162
3220,0.035339363
3221,0.04342649
3222,0.046508797
3223,0.05099487
3224,0.04888914
3225,0.05157469
3226,0.049713127
3227,0.048126224
3228,0.051330548
3229,0.045806892
3230,0.05682373
3231,0.0524292
3232,0.060607925
3233,0.056518544
3234,0.057830792
3235,0.050476074
3236,0.048767105
3237,0.03982544
3238,0.032226555
3239,0.020538338
3240,0.008850098
3241,0.004486099
3242,-0.015686013
3243,-0.017089806
3244,-0.03552249
3245,-0.038635246
3246,-0.050048828
3247,-0.050872803
3248,-0.056823738
3249,-0.059387192
3250,-0.05352784
3251,-0.056335468
3252,-0.049163822
3253,-0.052642826
3254,-0.04598999
3255,-0.04281616
3256,-0.037658688
3257,-0.032989495
3258,-0.030944817
3259,-0.026733376
3260,-0.020446785
3261,-0.011108391
3262,-0.0141906515
3263,-0.0037841573
3264,-0.008087173
3265,-0.0004272461
3266,0.0020446628
3267,-0.0011291653
3268,-0.00051881373
3269,-0.0065612644
3270,-0.0065002516
3271,-0.011383068
3272,-0.01687625
3273,-0.02651978
3274,-0.03302001
3275,-0.039001472
3276,-0.039062507
3277,-0.041870132
3278,-0.041107178
3279,-0.039154038
3280,-0.025848381
3281,-0.011627205
3282,0.00689698
3283,0.031890858
3284,0.048980728
3285,0.07571409
3286,0.08691405
3287,0.106079094
3288,0.109710686
3289,0.11639406
3290,0.11633301
3291,0.11450195
3292,0.106781
3293,0.09320069
3294,0.07922363
3295,0.055664055
3296,0.043914787
3297,0.015747067
3298,0.00869751
3299,-0.009826653
3300,-0.013275154
3301,-0.022949219
3302,-0.028381348
3303,-0.030761711
3304,-0.03817746
3305,-0.036712646
3306,-0.038024887
3307,-0.040435784
3308,-0.04190062
3309,-0.035461448
3310,-0.03662107
3311,-0.031951897
3312,-0.03454591
3313,-0.033660896
3314,-0.036193855
3315,-0.034545895
3316,-0.037139896
3317,-0.03985597
3318,-0.043701187
3319,-0.041290287
3320,-0.040161148
3321,-0.038024873
3322,-0.030700669
3323,-0.029235832
3324,-0.025054928
3325,-0.02413939
3326,-0.016601548
3327,-0.018341035
3328,-0.013397239
3329,-0.013244629
3330,-0.0093688965
3331,-0.008422844
3332,-0.008026123
3333,-0.006042488
3334,-0.011871368
3335,-0.012268085
3336,-0.010192871
3337,-0.0016479753
3338,0.0011901818
3339,0.0073241964
3340,0.011657722
3341,0.017639168
3342,0.022613544
3343,0.024780262
3344,0.028869625
3345,0.022247324
3346,0.031036371
3347,0.03067018
3348,0.0303955
3349,0.027313236
3350,0.028472902
3351,0.0333252
3352,0.02853394
3353,0.03549194
3354,0.030059801
3355,0.027191153
3356,0.031005846
3357,0.033142082
3358,0.03338623
3359,0.032379135
3360,0.030639656
3361,0.02746582
3362,0.023803707
3363,0.012268074
3364,0.016387954
3365,0.001525864
3366,0.0032653771
3367,-0.0050658993
3368,-0.010437001
3369,-0.015686039
3370,-0.023376454
3371,-0.024688713
3372,-0.03182985
3373,-0.030334461
3374,-0.034759514
3375,-0.027313236
3376,-0.032287613
3377,-0.01977539
3378,-0.020935064
3379,-0.01382447
3380,-0.011138916
3381,-0.008270266
3382,-0.00024414808
3383,-0.0006713774
3384,0.009277357
3385,0.00613402
3386,0.011291508
3387,0.004241951
3388,0.0095825195
3389,0.0040893666
3390,-0.0015258677
3391,-0.0011596661
3392,-0.012298591
3393,-0.009552
3394,-0.02227783
3395,-0.022125244
3396,-0.026855469
3397,-0.026397705
3398,-0.02957154
3399,-0.028930666
3400,-0.030853271
3401,-0.032043457
3402,-0.020812988
3403,-0.015075685
3404,-0.005065916
3405,0.0019836482
3406,0.010406493
3407,0.017272947
3408,0.021240236
3409,0.030639652
3410,0.029296877
3411,0.03289795
3412,0.035583496
3413,0.032043457
3414,0.029998783
3415,0.025085453
3416,0.021667477
3417,0.01809692
3418,0.016723633
3419,0.012176514
3420,0.0059814444
3421,0.00082397414
3422,0.00079345703
3423,0.00091552455
3424,-0.0076904288
3425,-0.0022888184
3426,-0.0066223126
3427,-0.007934572
3428,-0.0067138653
3429,-0.012512203
3430,-0.016174313
3431,-0.019531248
3432,-0.012542725
3433,-0.014984127
3434,-0.011718748
3435,-0.008148189
3436,-0.010833744
3437,-0.0073852553
3438,-0.009033203
3439,-0.0057067857
3440,-0.005218508
3441,-0.001190186
3442,0.0048522977
3443,0.010467529
3444,0.012908934
3445,0.013092036
3446,0.015716553
3447,0.015258793
3448,0.022796633
3449,0.022369388
3450,0.025695805
3451,0.02713013
3452,0.027099611
3453,0.028137213
3454,0.02618409
3455,0.023498539
3456,0.018219002
3457,0.021606442
3458,0.018249523
3459,0.014434814
3460,0.016326904
3461,0.009246822
3462,0.010437015
3463,0.006500233
3464,0.0018920787
3465,-0.0028686672
3466,-0.0086364895
3467,-0.009918224
3468,-0.009033222
3469,-0.008209221
3470,-0.0059204213
3471,-0.0046996996
3472,-0.0049743615
3473,-0.004791241
3474,-0.0072631724
3475,-0.004486073
3476,-0.005676262
3477,-0.0011901818
3478,0.0007629581
3479,-0.0025024377
3480,-0.0031738319
3481,-0.011718759
3482,-0.012512209
3483,-0.01690675
3484,-0.016754154
3485,-0.01626588
3486,-0.019165043
3487,-0.022583012
3488,-0.021545418
3489,-0.020355217
3490,-0.021575931
3491,-0.020538326
3492,-0.022583
3493,-0.020782467
3494,-0.020233152
3495,-0.01821899
3496,-0.01428223
3497,-0.014129639
3498,-0.008087162
3499,-0.009002684
3500,-0.005279541
3501,-0.007354738
3502,-0.0019531269
3503,0.0040893555
3504,0.0030822754
3505,0.0045471154
3506,-0.0022277813
3507,0.0014953595
3508,-0.0061035156
3509,-0.0043029804
3510,-0.0053100567
3511,-0.0094299335
3512,-0.010009766
3513,-0.013702392
3514,-0.020202637
3515,-0.02285767
3516,-0.018737793
3517,-0.019592285
3518,-0.011779788
3519,-0.013397219
3520,-0.007507324
3521,-0.0054016095
3522,-0.00088500604
3523,0.010009764
3524,0.011260986
3525,0.015472414
3526,0.017028812
3527,0.015594484
3528,0.009338379
3529,0.006591795
3530,-0.0034484845
3531,-0.004577635
3532,-0.012329102
3533,-0.015380859
3534,-0.02130127
3535,-0.024749756
3536,-0.0262146
3537,-0.02557373
3538,-0.02481079
3539,-0.025604246
3540,-0.023956299
3541,-0.018676758
3542,-0.014923096
3543,-0.0119934045
3544,-0.0050659105
3545,-0.00061035156
3546,0.0020751953
3547,0.0072936937
3548,0.0097961575
3549,0.014587391
3550,0.019409187
3551,0.024932858
3552,0.030883804
3553,0.032562245
3554,0.039947525
3555,0.040588383
3556,0.04132081
3557,0.040710464
3558,0.035766613
3559,0.031097408
3560,0.026245117
3561,0.020782478
3562,0.014465336
3563,0.011566166
3564,0.005523679
3565,0.0022888249
3566,0.00045775808
3567,-0.0013427809
3568,-0.00042724423
3569,0.0017700065
3570,0.01010132
3571,0.0117797945
3572,0.017761236
3573,0.022949222
3574,0.025115969
3575,0.029876709
3576,0.02996827
3577,0.029357925
3578,0.023101807
3579,0.019470215
3580,0.012023926
3581,0.0045776404
3582,0.00015258789
3583,-0.006958019
3584,-0.010192871
3585,-0.015411384
3586,-0.015594482
3587,-0.020385753
3588,-0.015533447
3589,-0.007324228
3590,-0.0014953632
3591,0.010406494
3592,0.019714355
3593,0.033966072
3594,0.041687004
3595,0.053985596
3596,0.059448242
3597,0.062255874
3598,0.06610106
3599,0.06515503
3600,0.061279297
3601,0.05139161
3602,0.047363274
3603,0.034667965
3604,0.020751953
3605,0.0087890625
3606,-0.010375969
3607,-0.02078246
3608,-0.032501206
3609,-0.038055427
3610,-0.04556273
3611,-0.049987786
3612,-0.05145262
3613,-0.049957275
3614,-0.04620362
3615,-0.042968757
3616,-0.03140258
3617,-0.032073982
3618,-0.017700192
3619,-0.014892571
3620,-0.009979233
3621,-0.010711692
3622,-0.010528564
3623,-0.0055541825
3624,-0.013183584
3625,-0.015747068
3626,-0.023437504
3627,-0.02896117
3628,-0.036071762
3629,-0.033477806
3630,-0.040100083
3631,-0.04080201
3632,-0.036407456
3633,-0.027496342
3634,-0.019256607
3635,-0.0116577
3636,-0.0003051795
3637,0.003234852
3638,0.013000488
3639,0.01748658
3640,0.018035881
3641,0.010986328
3642,0.0061340295
3643,0.001403803
3644,-0.009796148
3645,-0.023895249
3646,-0.034210205
3647,-0.052185066
3648,-0.058471672
3649,-0.063964844
3650,-0.067871094
3651,-0.06524659
3652,-0.062469475
3653,-0.05203247
3654,-0.04913331
3655,-0.042816155
3656,-0.041290283
3657,-0.03350831
3658,-0.035034165
3659,-0.028900139
3660,-0.028442387
3661,-0.027343743
3662,-0.029632546
3663,-0.030578583
3664,-0.027862549
3665,-0.032287598
3666,-0.021972664
3667,-0.020843506
3668,-0.010650665
3669,-0.005706772
3670,0.008605942
3671,0.015655503
3672,0.026123047
3673,0.040069595
3674,0.04840088
3675,0.05355835
3676,0.05630496
3677,0.06329346
3678,0.062561065
3679,0.06631473
3680,0.067016646
3681,0.07019044
3682,0.068176284
3683,0.073211685
3684,0.07315064
3685,0.07119752
3686,0.070220925
3687,0.06875607
3688,0.063934326
3689,0.06042482
3690,0.05233764
3691,0.043914784
3692,0.036987312
3693,0.026184097
3694,0.022613518
3695,0.0116882175
3696,0.009063728
3697,0.00039675087
3698,-0.003875725
3699,-0.008483879
3700,-0.008392349
3701,-0.0083618015
3702,-0.0070495754
3703,-0.0040588602
3704,-0.0065612793
3705,-0.0049133226
3706,-0.012451176
3707,-0.011413582
3708,-0.017852768
3709,-0.020080581
3710,-0.024444588
3711,-0.026916504
3712,-0.031951897
3713,-0.03753663
3714,-0.034393314
3715,-0.03356934
3716,-0.02801513
3717,-0.022857659
3718,-0.017425545
3719,-0.015655518
3720,-0.013336208
3721,-0.011047348
3722,-0.01119994
3723,-0.0043945406
3724,0.0023193397
3725,-0.007385239
3726,-0.013092041
3727,-0.005096428
3728,-0.013702389
3729,-0.01974488
3730,-0.023315437
3731,-0.01464843
3732,-0.023132324
3733,-0.028350838
3734,-0.03356935
3735,-0.044677757
3736,-0.05154419
3737,-0.029449461
3738,-0.023040788
3739,-0.03863527
3740,-0.019805916
3741,-0.0022277758
3742,0.020172125
3743,0.04342652
3744,0.07162477
3745,0.0758362
3746,0.08837892
3747,0.10156253
3748,0.09924317
3749,0.09130859
3750,0.08703615
3751,0.08468628
3752,0.07473755
3753,0.056030273
3754,0.03555297
3755,0.0066833384
3756,-0.010437004
3757,0.006439209
3758,-0.0015564188
3759,-0.010131843
3760,-0.0067749023
3761,0.0009460375
3762,-0.00036625564
3763,0.007354744
3764,0.007507317
3765,0.017486565
3766,0.021911621
3767,0.016510025
3768,0.010314919
3769,-0.01736451
3770,-0.013885483
3771,-0.010223411
3772,-0.006408684
3773,-0.02471923
3774,-0.019439686
3775,-0.021270763
3776,-0.0142211765
3777,0.0065002516
3778,-0.00057984516
3779,0.002105724
3780,-0.001403816
3781,0.005676262
3782,0.0055541787
3783,0.0016784742
3784,0.00039673038
3785,-0.0011901781
3786,-0.0036621075
3787,-0.009033211
3788,-0.021881117
3789,-0.04403688
3790,-0.047729492
3791,-0.04516603
3792,-0.036010735
3793,-0.029785149
3794,-0.0326538
3795,-0.029998772
3796,-0.033813484
3797,-0.032623287
3798,-0.039642327
3799,-0.039642334
3800,-0.046325684
3801,-0.060516357
3802,-0.056671143
3803,-0.06399536
3804,-0.06991577
3805,-0.075927734
3806,-0.076538086
3807,-0.08135986
3808,-0.07556153
3809,-0.06762695
3810,-0.061706543
3811,-0.055297866
3812,-0.04595948
3813,-0.036407463
3814,-0.031158447
3815,-0.023529053
3816,-0.02011107
3817,-0.0125122
3818,-0.012084961
3819,-0.0076293796
3820,-0.00869751
3821,-0.008148178
3822,-0.0037231445
3823,0.006530747
3824,0.01650998
3825,0.026916519
3826,0.03439331
3827,0.03945923
3828,0.051849365
3829,0.05990599
3830,0.07208252
3831,0.08157349
3832,0.09295657
3833,0.10205076
3834,0.11450197
3835,0.115783714
3836,0.11651613
3837,0.11596678
3838,0.11880495
3839,0.11376954
3840,0.11010741
3841,0.10467528
3842,0.0973816
3843,0.09121701
3844,0.07659912
3845,0.06542969
3846,0.047393784
3847,0.03836058
3848,0.020385772
3849,0.0036621243
3850,-0.012847915
3851,-0.022766143
3852,-0.03265378
3853,-0.041625947
3854,-0.046661377
3855,-0.05407715
3856,-0.05752565
3857,-0.05859375
3858,-0.061218277
3859,-0.06732176
3860,-0.062103286
3861,-0.05801393
3862,-0.054229736
3863,-0.043609604
3864,-0.03936767
3865,-0.030639647
3866,-0.022094728
3867,-0.012939455
3868,-0.009490952
3869,-0.008697487
3870,6.101653e-05
3871,-0.0017395169
3872,-0.0007018931
3873,-0.0005492866
3874,-0.0036010854
3875,-0.015594482
3876,-0.019500751
3877,-0.0153503455
3878,-0.0175476
3879,-0.017059337
3880,-0.00872802
3881,0.007965088
3882,0.016265884
3883,0.032135025
3884,0.046478268
3885,0.057525627
3886,0.06283568
3887,0.07324219
3888,0.069885254
3889,0.049926784
3890,0.059661854
3891,0.06600953
3892,0.05526732
3893,0.044097908
3894,0.0402527
3895,0.028503418
3896,0.013488784
3897,-0.0022583082
3898,-0.025329575
3899,-0.04190065
3900,-0.04946898
3901,-0.06008914
3902,-0.08987426
3903,-0.12240602
3904,-0.13290404
3905,-0.16082764
3906,-0.19815062
3907,-0.2263794
3908,-0.2347107
3909,-0.18997192
3910,-0.097473145
3911,0.004760742
3912,0.09579468
3913,0.18823242
3914,0.2593689
3915,0.29556274
3916,0.27200317
3917,0.20022582
3918,0.10662844
3919,0.012084946
3920,-0.087066606
3921,-0.21520999
3922,-0.35360712
3923,-0.47262573
3924,-0.53149414
3925,-0.5357666
3926,-0.4877014
3927,-0.37652588
3928,-0.19705197
3929,0.049804688
3930,0.31567377
3931,0.55078125
3932,0.71911615
3933,0.80987555
3934,0.8186645
3935,0.73724365
3936,0.57119745
3937,0.35598755
3938,0.11526492
3939,-0.11523439
3940,-0.32357785
3941,-0.5145569
3942,-0.6699524
3943,-0.77279663
3944,-0.8160095
3945,-0.8024292
3946,-0.72543335
3947,-0.5892945
3948,-0.40795898
3949,-0.21871948
3950,-0.03314212
3951,0.115814134
3952,0.22827147
3953,0.34375006
3954,0.4387818
3955,0.499176
3956,0.5204773
3957,0.5612182
3958,0.5925598
3959,0.58526623
3960,0.52435297
3961,0.45391843
3962,0.3998107
3963,0.31997687
3964,0.21304317
3965,0.039764404
3966,-0.09332274
3967,-0.19689946
3968,-0.2644348
3969,-0.35180664
3970,-0.3829956
3971,-0.39462286
3972,-0.40472412
3973,-0.33947754
3974,-0.32037345
3975,-0.29971316
3976,-0.25430304
3977,-0.17230225
3978,-0.12887573
3979,-0.09384152
3980,-0.057098426
3981,-0.054443315
3982,-0.07369992
3983,-0.07891847
3984,-0.06137087
3985,-0.07360837
3986,-0.06713861
3987,-0.02633661
3988,0.028656065
3989,0.07791132
3990,0.13247672
3991,0.12530524
3992,0.049346954
3993,-0.030700743
3994,-0.14648445
3995,-0.2543031
3996,-0.29525763
3997,-0.31109613
3998,-0.24417114
3999,-0.10739124
4000,0.07763672
4001,0.28881842
4002,0.47412115
4003,0.6721497
4004,0.874237
4005,1.0591125
4006,1.1860962
4007,1.2538452
4008,1.2277528
4009,1.1143188
4010,0.9181823
4011,0.65679926
4012,0.3619383
4013,0.05709833
4014,-0.20599365
4015,-0.41729748
4016,-0.5594787
4017,-0.6436464
4018,-0.6684874
4019,-0.6398011
4020,-0.56753546
4021,-0.4629519
4022,-0.34869373
4023,-0.2510376
4024,-0.17922968
4025,-0.12145984
4026,-0.10192895
4027,-0.096465945
4028,-0.1101073
4029,-0.13098133
4030,-0.15042132
4031,-0.1713867
4032,-0.18927021
4033,-0.21762091
4034,-0.24459833
4035,-0.26150507
4036,-0.26876807
4037,-0.26586926
4038,-0.24743617
4039,-0.22015393
4040,-0.18588272
4041,-0.14251715
4042,-0.09408572
4043,-0.0521546
4044,-0.01715082
4045,0.015045345
4046,0.029449254
4047,0.032043397
4048,0.018890232
4049,-0.009613156
4050,-0.049194396
4051,-0.08831775
4052,-0.12075806
4053,-0.15576185
4054,-0.18112175
4055,-0.19711298
4056,-0.20068347
4057,-0.1889953
4058,-0.1637572
4059,-0.121337935
4060,-0.07333372
4061,-0.013915941
4062,0.043090776
4063,0.09997554
4064,0.14132687
4065,0.1728516
4066,0.19287103
4067,0.20050052
4068,0.19680783
4069,0.17230216
4070,0.14758302
4071,0.10946655
4072,0.06631472
4073,0.026458729
4074,-0.0068359002
4075,-0.034454353
4076,-0.051910385
4077,-0.053466797
4078,-0.050964348
4079,-0.039794907
4080,-0.016571037
4081,0.012390107
4082,0.03585816
4083,0.05935669
4084,0.087615974
4085,0.10015869
4086,0.1116333
4087,0.11010743
4088,0.10861206
4089,0.09692384
4090,0.08227542
4091,0.065338135
4092,0.034088142
4093,0.013671899
4094,-0.008361792
4095,-0.023284923
4096,-0.034088112
4097,-0.037872322
4098,-0.035827633
4099,-0.03192137
4100,-0.025878914
4101,-0.011810319
4102,-0.00033569848
4103,0.011383042
4104,0.035369873
4105,0.046569824
4106,0.065734856
4107,0.078002945
4108,0.08584593
4109,0.094299324
4110,0.09674074
4111,0.10241698
4112,0.09915161
4113,0.095458984
4114,0.08920288
4115,0.08358765
4116,0.07537841
4117,0.0706787
4118,0.06359863
4119,0.05169677
4120,0.045623794
4121,0.037200913
4122,0.035614006
4123,0.033294693
4124,0.0369263
4125,0.03540039
4126,0.042816147
4127,0.054931656
4128,0.05889894
4129,0.06500244
4130,0.06481932
4131,0.06707764
4132,0.06417847
4133,0.023925766
4134,0.021179184
4135,0.031982422
4136,-0.020294204
4137,-0.083404556
4138,-0.0765381
4139,-0.10739136
4140,-0.17263794
4141,-0.2315979
4142,-0.23846436
4143,-0.24798584
4144,-0.29660034
4145,-0.22814941
4146,-0.22610478
4147,-0.28936768
4148,-0.18969727
4149,-0.07601927
4150,-0.10317993
4151,-0.08004759
4152,0.055572495
4153,0.05404666
4154,0.09857178
4155,0.19714358
4156,0.20944212
4157,0.19079588
4158,0.24484256
4159,0.25198364
4160,0.1991272
4161,0.16564937
4162,0.14855959
4163,0.15499875
4164,0.068817146
4165,0.09814451
4166,0.07357785
4167,-0.043762233
4168,-0.0052490234
4169,-0.004272446
4170,-0.09243773
4171,-0.06378172
4172,-0.057922408
4173,-0.08251952
4174,-0.06976318
4175,-0.073089585
4176,-0.06860353
4177,-0.06121826
4178,-0.06405637
4179,-0.049072295
4180,-0.060699448
4181,-0.07885742
4182,-0.052520752
4183,-0.0462036
4184,-0.063781716
4185,-0.06951905
4186,-0.07177734
4187,-0.10870363
4188,-0.10916137
4189,-0.100341804
4190,-0.1434021
4191,-0.14190672
4192,-0.13897708
4193,-0.13012697
4194,-0.12701418
4195,-0.11746214
4196,-0.089416504
4197,-0.076416016
4198,-0.04699707
4199,-0.00015257299
4200,0.0047912598
4201,0.011474609
4202,0.05545044
4203,0.06716919
4204,0.07241821
4205,0.08981323
4206,0.08609009
4207,0.085754395
4208,0.08358765
4209,0.08609009
4210,0.0804138
4211,0.071319595
4212,0.08117674
4213,0.08520507
4214,0.08401485
4215,0.090484634
4216,0.099975586
4217,0.08880616
4218,0.09963988
4219,0.0942688
4220,0.07708742
4221,0.06848143
4222,0.054840103
4223,0.036773697
4224,0.018432632
4225,0.010528535
4226,-0.0142211765
4227,-0.015777558
4228,-0.021087632
4229,-0.0274048
4230,-0.035308853
4231,-0.031280518
4232,-0.028320298
4233,-0.027801514
4234,-0.011047378
4235,0.0030822717
4236,0.021606434
4237,0.02886964
4238,0.051574707
4239,0.052429195
4240,0.0585022
4241,0.055480957
4242,0.061126724
4243,0.053833023
4244,0.05053711
4245,0.048217773
4246,0.03167725
4247,0.02752687
4248,0.008148206
4249,0.0021972368
4250,-0.02078247
4251,-0.030761719
4252,-0.043670654
4253,-0.04879763
4254,-0.051696774
4255,-0.049499515
4256,-0.043609627
4257,-0.046417218
4258,-0.0338745
4259,-0.03439333
4260,-0.029235832
4261,-0.025573712
4262,-0.01748658
4263,-0.019714352
4264,-0.023071297
4265,-0.020996101
4266,-0.023834229
4267,-0.026458722
4268,-0.024841309
4269,-0.0188904
4270,-0.024780273
4271,-0.022888172
4272,-0.018157968
4273,-0.014923097
4274,-0.009429928
4275,-0.00039673876
4276,0.0112609975
4277,0.021850597
4278,0.024444588
4279,0.038909897
4280,0.040252678
4281,0.04431153
4282,0.05062865
4283,0.052337654
4284,0.049468987
4285,0.03445433
4286,0.032318115
4287,0.025787367
4288,0.021575926
4289,0.011260981
4290,-0.0029296968
4291,-0.024383547
4292,-0.039642323
4293,-0.04925537
4294,-0.067504875
4295,-0.08163454
4296,-0.08508301
4297,-0.08615111
4298,-0.08276366
4299,-0.08374025
4300,-0.0912781
4301,-0.09136962
4302,-0.0765686
4303,-0.06713868
4304,-0.0680542
4305,-0.0669861
4306,-0.07052612
4307,-0.069366455
4308,-0.06567383
4309,-0.059020996
4310,-0.06350708
4311,-0.068573005
4312,-0.059051484
4313,-0.053649902
4314,-0.053436294
4315,-0.050903305
4316,-0.038482666
4317,-0.028961182
4318,-0.006225601
4319,0.010437012
4320,0.02041623
4321,0.022033706
4322,0.03054811
4323,0.04550168
4324,0.048156723
4325,0.058105454
4326,0.06185913
4327,0.06863403
4328,0.065704346
4329,0.069793716
4330,0.07015991
4331,0.06777955
4332,0.062133797
4333,0.07235719
4334,0.07852172
4335,0.07034302
4336,0.08020019
4337,0.074768096
4338,0.07006835
4339,0.06353759
4340,0.06051634
4341,0.050567638
4342,0.04556276
4343,0.04714963
4344,0.03576661
4345,0.03771971
4346,0.03137204
4347,0.045959488
4348,0.044006348
4349,0.046295166
4350,0.048919685
4351,0.053466782
4352,0.06460572
4353,0.069061324
4354,0.073120125
4355,0.061279297
4356,0.06384278
4357,0.045043945
4358,0.039062493
4359,0.024078384
4360,0.006134033
4361,-0.009033218
4362,-0.012481712
4363,-0.014526375
4364,-0.018066414
4365,-0.013977088
4366,-0.0223694
4367,-0.015838623
4368,-0.01757814
4369,-0.01678466
4370,-0.028411873
4371,-0.036987327
4372,-0.040130608
4373,-0.034179673
4374,-0.030609138
4375,-0.02722165
4376,-0.030120835
4377,-0.02832032
4378,-0.020782478
4379,-0.0146484375
4380,-0.008605974
4381,-0.009216314
4382,-0.003906263
4383,-0.006225586
4384,-0.010345453
4385,-0.024810804
4386,-0.039306633
4387,-0.05682375
4388,-0.05990603
4389,-0.0694275
4390,-0.067932144
4391,-0.0669861
4392,-0.053253174
4393,-0.023132324
4394,-0.010223389
4395,0.0028381422
4396,0.018310545
4397,0.030273443
4398,0.028625486
4399,0.022460938
4400,0.013671878
4401,-0.0018615718
4402,-0.0072021484
4403,-0.008605957
4404,-0.021667477
4405,-0.047821052
4406,-0.052978512
4407,-0.042755127
4408,-0.047149673
4409,-0.036865234
4410,-0.029449463
4411,-0.020812992
4412,-0.0037841834
4413,0.008758543
4414,0.009918213
4415,-0.002593996
4416,-0.0009765634
4417,0.0028991643
4418,0.00463867
4419,-0.004058836
4420,-0.010467526
4421,-0.019165035
4422,-0.016571045
4423,-0.007904053
4424,-0.012115477
4425,-0.02655029
4426,-0.036712646
4427,-0.039978027
4428,-0.053436294
4429,-0.056610115
4430,-0.061676014
4431,-0.05789185
4432,-0.049041755
4433,-0.037384037
4434,-0.03634643
4435,-0.02908326
4436,-0.029357925
4437,-0.012054436
4438,0.0002746433
4439,0.0031738281
4440,0.012817405
4441,0.0050048903
4442,0.0016479418
4443,-0.011199959
4444,-0.019348122
4445,-0.03759765
4446,-0.03060913
4447,-0.02938842
4448,-0.024291992
4449,-0.0067138597
4450,0.0142517015
4451,0.042877205
4452,0.06866453
4453,0.10519412
4454,0.12387082
4455,0.14743045
4456,0.16400144
4457,0.17480469
4458,0.16744994
4459,0.15414429
4460,0.13464357
4461,0.110565186
4462,0.077941895
4463,0.0463562
4464,0.017211922
4465,-0.0070800856
4466,-0.018768325
4467,-0.024414048
4468,-0.016021721
4469,-0.011169411
4470,-0.0028381497
4471,0.007904083
4472,0.022094741
4473,0.022827178
4474,0.023406982
4475,0.02218631
4476,0.0105896
4477,0.011016846
4478,-0.0044555664
4479,-0.014831558
4480,-0.034423828
4481,-0.045532256
4482,-0.049591057
4483,-0.053588867
4484,-0.04397582
4485,-0.037567142
4486,-0.025177024
4487,-0.018585205
4488,-0.0005493127
4489,0.0039673024
4490,0.012176529
4491,0.01770021
4492,0.01858522
4493,0.023651136
4494,0.024230955
4495,0.02551271
4496,0.020568833
4497,0.02279663
4498,0.017303465
4499,0.020294173
4500,0.019165039
4501,0.011138902
4502,0.009796143
4503,-0.0016174335
4504,-0.009826645
4505,-0.01596069
4506,-0.023559563
4507,-0.02859496
4508,-0.031127907
4509,-0.031005882
4510,-0.029449467
4511,-0.024291992
4512,-0.017272938
4513,-0.008270275
4514,-0.003784176
4515,0.0010070801
4516,0.0064697154
4517,0.0040588602
4518,0.00042724237
4519,-0.0075683556
4520,-0.021484394
4521,-0.03359983
4522,-0.0461731
4523,-0.06097414
4524,-0.076843254
4525,-0.09695434
4526,-0.11187744
4527,-0.11694336
4528,-0.11624144
4529,-0.10568239
4530,-0.09237671
4531,-0.0793152
4532,-0.066925034
4533,-0.04840089
4534,-0.025939934
4535,0.0047607496
4536,0.041046128
4537,0.07116701
4538,0.0957031
4539,0.113189705
4540,0.12478636
4541,0.11563112
4542,0.09729001
4543,0.08102418
4544,0.06201171
4545,0.03433226
4546,0.0035705455
4547,-0.039184563
4548,-0.08163453
4549,-0.10418701
4550,-0.11099243
4551,-0.12155151
4552,-0.12109375
4553,-0.10833742
4554,-0.086547844
4555,-0.056884773
4556,-0.020782486
4557,0.014282251
4558,0.053771973
4559,0.10095216
4560,0.13601685
4561,0.16329958
4562,0.18307495
4563,0.21328735
4564,0.22982788
4565,0.24090579
4566,0.23071289
4567,0.18896483
4568,0.13442992
4569,0.076232895
4570,0.011077873
4571,-0.053070053
4572,-0.0954895
4573,-0.12844852
4574,-0.15112305
4575,-0.17529295
4576,-0.19549559
4577,-0.2055359
4578,-0.18765259
4579,-0.14456178
4580,-0.0878601
4581,-0.034271214
4582,0.018249482
4583,0.05294796
4584,0.06906127
4585,0.07287601
4586,0.06713866
4587,0.056182854
4588,0.052429214
4589,0.050506577
4590,0.039215073
4591,0.028930686
4592,0.011505127
4593,0.0042419136
4594,0.0050354227
4595,0.013977069
4596,0.024108883
4597,0.02795409
4598,0.021728508
4599,0.011932367
4600,-0.0075988807
4601,-0.02743529
4602,-0.04541017
4603,-0.05957032
4604,-0.06381224
4605,-0.06643677
4606,-0.06741334
4607,-0.06954956
4608,-0.05902098
4609,-0.045898434
4610,-0.015380866
4611,0.012481683
4612,0.039123528
4613,0.06027221
4614,0.0730896
4615,0.080718994
4616,0.07498169
4617,0.071594246
4618,0.0569458
4619,0.050354004
4620,0.030975342
4621,0.012176514
4622,-0.011199946
4623,-0.033599835
4624,-0.04891967
4625,-0.0630188
4626,-0.06988525
4627,-0.07550048
4628,-0.074401855
4629,-0.07394409
4630,-0.06707764
4631,-0.06008912
4632,-0.0479126
4633,-0.03628538
4634,-0.02740479
4635,-0.010986328
4636,0.0010375939
4637,0.014007578
4638,0.025207514
4639,0.033996575
4640,0.038513176
4641,0.04263305
4642,0.04284668
4643,0.038879402
4644,0.02420044
4645,0.017547578
4646,0.0005187988
4647,-0.014221191
4648,-0.03100586
4649,-0.04824829
4650,-0.061035156
4651,-0.076538086
4652,-0.08181763
4653,-0.09649657
4654,-0.10076904
4655,-0.10836792
4656,-0.104522705
4657,-0.10571289
4658,-0.09786987
4659,-0.096130386
4660,-0.0908203
4661,-0.081268325
4662,-0.07553101
4663,-0.060363777
4664,-0.05593872
4665,-0.039642364
4666,-0.03262329
4667,-0.019073471
4668,-0.009246826
4669,0.0064697415
4670,0.018737808
4671,0.032440215
4672,0.046722427
4673,0.054138184
4674,0.064209014
4675,0.06668092
4676,0.07614136
4677,0.07409668
4678,0.08010867
4679,0.079559326
4680,0.083099365
4681,0.0836487
4682,0.09097293
4683,0.09060669
4684,0.09130858
4685,0.09185791
4686,0.089630134
4687,0.09008789
4688,0.086517364
4689,0.09170532
4690,0.089874275
4691,0.09115602
4692,0.08935546
4693,0.08496092
4694,0.07839964
4695,0.07684327
4696,0.07461548
4697,0.07489012
4698,0.07577513
4699,0.07504274
4700,0.07867433
4701,0.07696533
4702,0.07672119
4703,0.073852554
4704,0.07009888
4705,0.066101074
4706,0.065277115
4707,0.064880386
4708,0.06402585
4709,0.06243895
4710,0.06112674
4711,0.060241714
4712,0.055694565
4713,0.05328369
4714,0.046173096
4715,0.040039062
4716,0.030700684
4717,0.022796646
4718,0.0054015815
4719,-0.0068359375
4720,-0.02349852
4721,-0.037994385
4722,-0.052246094
4723,-0.069946274
4724,-0.08255002
4725,-0.0950623
4726,-0.100555405
4727,-0.10559079
4728,-0.10675047
4729,-0.107910156
4730,-0.10964967
4731,-0.10958862
4732,-0.11041258
4733,-0.107421875
4734,-0.109008774
4735,-0.10528566
4736,-0.104370125
4737,-0.10726929
4738,-0.11038208
4739,-0.11270143
4740,-0.114471436
4741,-0.11645509
4742,-0.11071774
4743,-0.1132507
4744,-0.10690306
4745,-0.10470581
4746,-0.10134886
4747,-0.096710175
4748,-0.09442137
4749,-0.083404556
4750,-0.07659912
4751,-0.06362912
4752,-0.05593872
4753,-0.04638675
4754,-0.03930664
4755,-0.027832016
4756,-0.021392822
4757,-0.0150756985
4758,-0.010223404
4759,-0.0036010593
4760,0.007720962
4761,0.019897476
4762,0.031280488
4763,0.03817752
4764,0.048583984
4765,0.05505374
4766,0.060211167
4767,0.062622085
4768,0.06460574
4769,0.06509401
4770,0.07049562
4771,0.070282
4772,0.06570434
4773,0.058319103
4774,0.05032351
4775,0.045623764
4776,0.036834724
4777,0.034820568
4778,0.030181877
4779,0.028991714
4780,0.031097412
4781,0.032714844
4782,0.036437973
4783,0.038208023
4784,0.043304443
4785,0.0446167
4786,0.04650879
4787,0.04556276
4788,0.04782106
4789,0.04418946
4790,0.044281013
4791,0.045318596
4792,0.04199218
4793,0.042480476
4794,0.03701783
4795,0.034057617
4796,0.029052742
4797,0.026580812
4798,0.028411873
4799,0.027282715
4800,0.028015137
4801,0.02822876
4802,0.03039551
4803,0.024688719
4804,0.020874023
4805,0.0138549805
4806,0.008636467
4807,0.0039977916
4808,-0.002929695
4809,-0.012847912
4810,-0.023101825
4811,-0.029479977
4812,-0.030883789
4813,-0.032745365
4814,-0.03253174
4815,-0.034851063
4816,-0.035736077
4817,-0.033569332
4818,-0.029937733
4819,-0.026214603
4820,-0.023590093
4821,-0.013671881
4822,-0.007873543
4823,0.0005493178
4824,-0.001708982
4825,-0.0015563946
4826,-0.0026855469
4827,0.0022582905
4828,0.0069885184
4829,0.0068664476
4830,0.0071716253
4831,0.008026136
4832,0.012969978
4833,0.014007575
4834,0.014862074
4835,0.011444092
4836,0.014709469
4837,0.014404284
4838,0.01873779
4839,0.018707274
4840,0.019683845
4841,0.023223877
4842,0.023651123
4843,0.025390618
4844,0.02050782
4845,0.015838623
4846,0.013977062
4847,0.0134887695
4848,0.010406498
4849,0.008880623
4850,-0.00027465075
4851,-0.004364006
4852,-0.008544929
4853,-0.0139770545
4854,-0.017700184
4855,-0.02035521
4856,-0.02194215
4857,-0.021545414
4858,-0.023620598
4859,-0.022277836
4860,-0.025482178
4861,-0.025299057
4862,-0.028472915
4863,-0.029724143
4864,-0.030212395
4865,-0.030059818
4866,-0.030517573
4867,-0.032379158
4868,-0.029205311
4869,-0.027770996
4870,-0.027191155
4871,-0.028289782
4872,-0.02532958
4873,-0.02032473
4874,-0.011108372
4875,-0.0040893257
4876,-0.0022888258
4877,-0.0015869029
4878,0.0057067946
4879,0.0066528246
4880,0.010009758
4881,0.0068664774
4882,0.008392308
4883,0.0072936863
4884,0.006896965
4885,0.00894165
4886,0.004974358
4887,0.007293705
4888,0.007446291
4889,0.011047354
4890,0.005126953
4891,0.0078125065
4892,0.005737321
4893,0.012268061
4894,0.016754162
4895,0.01687623
4896,0.019531257
4897,0.011016849
4898,0.016143797
4899,0.008209214
4900,0.010894768
4901,0.009460457
4902,0.01062011
4903,0.0071105957
4904,0.0057372972
4905,-0.0016174354
4906,-0.0067138635
4907,-0.010650635
4908,-0.012268066
4909,-0.0114746075
4910,-0.01834106
4911,-0.01876831
4912,-0.023406984
4913,-0.024810785
4914,-0.027252194
4915,-0.02832031
4916,-0.032531742
4917,-0.02990722
4918,-0.029113762
4919,-0.025482172
4920,-0.028106691
4921,-0.026397707
4922,-0.02496337
4923,-0.024963371
4924,-0.020172112
4925,-0.02127076
4926,-0.014648426
4927,-0.011077892
4928,-0.0021972507
4929,0.00033567846
4930,0.0020751879
4931,0.0037231222
4932,0.006591797
4933,0.01013184
4934,0.010345448
4935,0.014282215
4936,0.013549786
4937,0.018218998
4938,0.021118157
4939,0.022918716
4940,0.022155743
4941,0.025482167
4942,0.027282707
4943,0.031768814
4944,0.035614014
4945,0.034210205
4946,0.038848873
4947,0.0394287
4948,0.03897096
4949,0.037261955
4950,0.031188967
4951,0.02716063
4952,0.025115974
4953,0.024414074
4954,0.025756843
4955,0.023803707
4956,0.02154541
4957,0.023193352
4958,0.021942154
4959,0.022552513
4960,0.01968382
4961,0.013519291
4962,0.008911129
4963,0.0039978214
4964,0.0030822568
4965,-0.005920414
4966,-0.013854992
4967,-0.02377319
4968,-0.032165524
4969,-0.03826903
4970,-0.04299926
4971,-0.042663593
4972,-0.042785626
4973,-0.035980225
4974,-0.031860344
4975,-0.025451664
4976,-0.027008044
4977,-0.027038585
4978,-0.0255432
4979,-0.026550287
4980,-0.020324709
4981,-0.022735596
4982,-0.0223694
4983,-0.027191143
4984,-0.02664185
4985,-0.027984615
4986,-0.027709957
4987,-0.029968277
4988,-0.031616207
4989,-0.026306145
4990,-0.024322502
4991,-0.0133972205
4992,-0.012603771
4993,-0.0026855431
4994,0.00033568963
4995,0.00491333
4996,0.0074462667
4997,0.0064086914
4998,0.009918224
4999,0.011199947
5000,0.022644054
5001,0.020843487
5002,0.026794419
5003,0.026184078
5004,0.030303985
5005,0.02703857
5006,0.028778072
5007,0.027465802
5008,0.024871837
5009,0.028228765
5010,0.024963375
5011,0.027496349
5012,0.021606434
5013,0.026794454
5014,0.023437513
5015,0.020904534
5016,0.019500723
5017,0.017272942
5018,0.016876228
5019,0.016265877
5020,0.018005356
5021,0.014587387
5022,0.014892571
5023,0.013610829
5024,0.010437012
5025,0.005126942
5026,0.004486069
5027,0.0031127892
5028,0.0012512319
5029,0.0004882924
5030,-0.0004272461
5031,-0.003692627
5032,-0.0040893517
5033,-0.0067443773
5034,-0.009368893
5035,-0.014312744
5036,-0.01608276
5037,-0.015899658
5038,-0.020477293
5039,-0.020263672
5040,-0.026672374
5041,-0.025177017
5042,-0.027069097
5043,-0.026031494
5044,-0.03158569
5045,-0.030975338
5046,-0.028442387
5047,-0.024963373
5048,-0.027801506
5049,-0.029266348
5050,-0.02734374
5051,-0.024749754
5052,-0.016235348
5053,-0.015014641
5054,-0.014434809
5055,-0.011016853
5056,0.0014343262
5057,0.016174309
5058,0.025848387
5059,0.032928452
5060,0.046417225
5061,0.051452626
5062,0.058532707
5063,0.059722893
5064,0.054779053
5065,0.05307007
5066,0.049163822
5067,0.046997074
5068,0.035339363
5069,0.02374268
5070,0.014373781
5071,0.009307854
5072,0.0018005483
5073,0.001770027
5074,-0.0053405687
5075,-0.0068969727
5076,-0.004699718
5077,-0.002624508
5078,-0.0011291504
5079,-0.0014343187
5080,0.0057677925
5081,0.0046996996
5082,0.0072021484
5083,0.007934578
5084,0.010772705
5085,0.0113220215
5086,0.01574707
5087,0.014739983
5088,0.013000496
5089,0.009918213
5090,0.007171631
5091,0.0055236705
5092,-0.00054930896
5093,-0.0023498647
5094,-0.007202156
5095,-0.0140686
5096,-0.021575939
5097,-0.029388443
5098,-0.037322994
5099,-0.042053215
5100,-0.050170895
5101,-0.054626472
5102,-0.05712892
5103,-0.058715813
5104,-0.057525635
5105,-0.05511473
5106,-0.054565422
5107,-0.053833008
5108,-0.050628647
5109,-0.048431396
5110,-0.045501724
5111,-0.043090817
5112,-0.0321045
5113,-0.024993896
5114,-0.016632069
5115,-0.011749268
5116,-0.012908943
5117,-0.013793953
5118,-0.018432602
5119,-0.016143814
5120,-0.017547622
5121,-0.012969971
5122,-0.011840805
5123,-0.009918213
5124,-0.010437012
5125,-0.013122559
5126,-0.012786865
5127,-0.012145989
5128,-0.007385224
5129,-0.0017700195
5130,0.0023803562
5131,0.009429917
5132,0.014251716
5133,0.017700195
5134,0.019042976
5135,0.01794434
5136,0.019805897
5137,0.02081298
5138,0.022735603
5139,0.019805912
5140,0.021606434
5141,0.020294204
5142,0.022399921
5143,0.020019539
5144,0.021057142
5145,0.022277823
5146,0.024017306
5147,0.031097407
5148,0.03271485
5149,0.044830326
5150,0.05007934
5151,0.060455315
5152,0.06472779
5153,0.065643296
5154,0.069152825
5155,0.06991578
5156,0.06515502
5157,0.058654785
5158,0.054077163
5159,0.04586792
5160,0.04263307
5161,0.030639641
5162,0.025543213
5163,0.013153091
5164,0.008453354
5165,0.006164558
5166,0.0050659254
5167,0.0016784742
5168,0.0037536547
5169,0.0021362528
5170,0.005767815
5171,0.008331306
5172,0.008544922
5173,0.009368889
5174,0.002105698
5175,0.0067138746
5176,-0.0027770773
5177,-0.0062255934
5178,-0.011444099
5179,-0.013000499
5180,-0.012634277
5181,-0.009307854
5182,-0.005676236
5183,-0.0044250377
5184,-0.0056457743
5185,-0.0018920824
5186,0.0029907376
5187,-0.002227787
5188,0.0044555664
5189,0.0028686635
5190,0.0036621243
5191,0.007904071
5192,0.009246834
5193,0.010772694
5194,0.0036315843
5195,0.0068664476
5196,0.0063476823
5197,0.004852295
5198,0.008758541
5199,0.01419067
5200,0.013092026
5201,0.01834106
5202,0.019226067
5203,0.013061535
5204,0.0048217624
5205,-0.004486114
5206,-0.010864235
5207,-0.025909431
5208,-0.03076173
5209,-0.042846676
5210,-0.055084236
5211,-0.062469497
5212,-0.07052614
5213,-0.08096312
5214,-0.0869751
5215,-0.09075926
5216,-0.09384153
5217,-0.09204102
5218,-0.09533693
5219,-0.09246825
5220,-0.09686278
5221,-0.09057617
5222,-0.0932312
5223,-0.093994156
5224,-0.0930481
5225,-0.09066775
5226,-0.08953856
5227,-0.08645632
5228,-0.08004764
5229,-0.0786743
5230,-0.068359345
5231,-0.063995376
5232,-0.055297866
5233,-0.053344697
5234,-0.04229735
5235,-0.032928497
5236,-0.020141587
5237,-0.011718735
5238,-0.006866455
5239,0.00045774877
5240,0.007904083
5241,0.014129609
5242,0.019805908
5243,0.02758789
5244,0.031433105
5245,0.040679887
5246,0.04446411
5247,0.050537124
5248,0.051544175
5249,0.062011734
5250,0.07232669
5251,0.07385254
5252,0.08047482
5253,0.08038334
5254,0.08456424
5255,0.08529661
5256,0.09063724
5257,0.08572388
5258,0.08624269
5259,0.086395256
5260,0.0871582
5261,0.08193968
5262,0.07952881
5263,0.08108521
5264,0.08172608
5265,0.08334349
5266,0.08288575
5267,0.0878296
5268,0.086578354
5269,0.092926025
5270,0.09167479
5271,0.08789064
5272,0.08395384
5273,0.07458496
5274,0.06735231
5275,0.059722915
5276,0.04650879
5277,0.039245605
5278,0.03161621
5279,0.019012451
5280,0.0057373047
5281,-0.0048828125
5282,-0.009521484
5283,-0.015777588
5284,-0.01449585
5285,-0.012054458
5286,-0.012969971
5287,-0.0046081394
5288,-0.00021365285
5289,0.003326416
5290,0.005645737
5291,0.008605987
5292,0.016937248
5293,0.016815186
5294,0.019317672
5295,0.024169914
5296,0.020202652
5297,0.022369362
5298,0.023101814
5299,0.018920906
5300,0.012176521
5301,0.010528564
5302,0.006561294
5303,0.0046386793
5304,-0.0021057278
5305,-0.0075988993
5306,-0.014343284
5307,-0.021148674
5308,-0.017608672
5309,-0.02426149
5310,-0.031585693
5311,-0.033538833
5312,-0.02273558
5313,-0.021575943
5314,-0.018066391
5315,-0.00296022
5316,0.012146011
5317,0.030975312
5318,0.038635284
5319,0.030395538
5320,0.0092163235
5321,-0.0014648587
5322,-0.0024413913
5323,-0.013397217
5324,-0.039154053
5325,-0.054016143
5326,-0.06607054
5327,-0.07635501
5328,-0.10153198
5329,-0.14373781
5330,-0.18170166
5331,-0.19152834
5332,-0.17193602
5333,-0.15454103
5334,-0.14862058
5335,-0.15219116
5336,-0.13729858
5337,-0.12127687
5338,-0.124755844
5339,-0.16134644
5340,-0.19662474
5341,-0.19342041
5342,-0.15780641
5343,-0.09609985
5344,-0.043762207
5345,0.0035095215
5346,0.044464096
5347,0.08337402
5348,0.08370972
5349,0.037323028
5350,-0.018615782
5351,-0.07357788
5352,-0.09417729
5353,-0.10867311
5354,-0.12628178
5355,-0.16326904
5356,-0.19598389
5357,-0.20739746
5358,-0.18862921
5359,-0.14187622
5360,-0.061065704
5361,0.06036368
5362,0.19064337
5363,0.33077997
5364,0.44097903
5365,0.5140381
5366,0.5322571
5367,0.5075683
5368,0.44146731
5369,0.35290536
5370,0.24044791
5371,0.10424806
5372,-0.031677246
5373,-0.16104126
5374,-0.25
5375,-0.31027222
5376,-0.34069824
5377,-0.35806274
5378,-0.348114
5379,-0.31158447
5380,-0.26040655
5381,-0.19738777
5382,-0.1400756
5383,-0.07403569
5384,-0.008941637
5385,0.056518614
5386,0.10638425
5387,0.13635255
5388,0.1433716
5389,0.15853883
5390,0.18685912
5391,0.20684816
5392,0.21795656
5393,0.21905518
5394,0.24398802
5395,0.2756958
5396,0.28424078
5397,0.26715088
5398,0.23092653
5399,0.21472165
5400,0.22015381
5401,0.16604614
5402,0.06216429
5403,0.0021972805
5404,-0.018402107
5405,-0.06524658
5406,-0.17150879
5407,-0.2762146
5408,-0.32104495
5409,-0.31628412
5410,-0.2930298
5411,-0.30477905
5412,-0.35418704
5413,-0.30853266
5414,-0.16098022
5415,-0.07519533
5416,-0.067199655
5417,-0.051300064
5418,0.0040893406
5419,0.075530976
5420,0.1608276
5421,0.15563962
5422,0.10690306
5423,0.116668716
5424,0.15444946
5425,0.1521301
5426,0.06390379
5427,-0.04360959
5428,-0.119018614
5429,-0.16598508
5430,-0.18984985
5431,-0.23019408
5432,-0.3014526
5433,-0.27243042
5434,-0.16940306
5435,-0.07821655
5436,0.015136719
5437,0.10363774
5438,0.21368407
5439,0.34579462
5440,0.4866028
5441,0.59701544
5442,0.66760254
5443,0.7109679
5444,0.7088014
5445,0.6519166
5446,0.5476989
5447,0.40759277
5448,0.26110843
5449,0.11691278
5450,-0.009948701
5451,-0.11758417
5452,-0.20742795
5453,-0.26367202
5454,-0.3001404
5455,-0.30160505
5456,-0.28503424
5457,-0.24356085
5458,-0.19216919
5459,-0.14053345
5460,-0.09466559
5461,-0.06256086
5462,-0.05126953
5463,-0.051696926
5464,-0.06100464
5465,-0.08975211
5466,-0.11062628
5467,-0.14682019
5468,-0.17651364
5469,-0.20700075
5470,-0.23388663
5471,-0.24691764
5472,-0.24804683
5473,-0.23495491
5474,-0.2191468
5475,-0.18695058
5476,-0.15231329
5477,-0.11050415
5478,-0.07446274
5479,-0.04360965
5480,-0.018280089
5481,-0.0010375977
5482,0.008361757
5483,0.009521395
5484,-0.002105713
5485,-0.017547607
5486,-0.027801543
5487,-0.04486084
5488,-0.0579834
5489,-0.06832886
5490,-0.07611084
5491,-0.07608034
5492,-0.06958006
5493,-0.058319077
5494,-0.04449463
5495,-0.026763946
5496,-0.007110566
5497,0.015106209
5498,0.038818378
5499,0.06127924
5500,0.08798219
5501,0.110748276
5502,0.13436884
5503,0.15167236
5504,0.16357422
5505,0.16677856
5506,0.16921996
5507,0.16372682
5508,0.1532898
5509,0.14169312
5510,0.11746214
5511,0.10076903
5512,0.074340835
5513,0.051788323
5514,0.027984604
5515,0.004638642
5516,-0.0154418945
5517,-0.032806404
5518,-0.043121338
5519,-0.057525635
5520,-0.058715835
5521,-0.064025894
5522,-0.056854248
5523,-0.049591027
5524,-0.03561403
5525,-0.020446762
5526,-0.0083923265
5527,0.0063476637
5528,0.016906733
5529,0.022460952
5530,0.021636955
5531,0.018920887
5532,0.0058898944
5533,-0.0080261445
5534,-0.029449467
5535,-0.052368164
5536,-0.080383316
5537,-0.10400392
5538,-0.12408447
5539,-0.14382935
5540,-0.15625
5541,-0.16165163
5542,-0.15942383
5543,-0.14868164
5544,-0.12719728
5545,-0.10339354
5546,-0.077758774
5547,-0.05154419
5548,-0.021575928
5549,0.0005798489
5550,0.022491485
5551,0.04147339
5552,0.052185044
5553,0.05960086
5554,0.060516328
5555,0.05740358
5556,0.04782103
5557,0.03848268
5558,0.030212402
5559,0.018981963
5560,0.0116882175
5561,0.006011948
5562,0.002105713
5563,0.0033264235
5564,0.011016816
5565,0.02267456
5566,0.03042607
5567,0.04504393
5568,0.058196995
5569,0.07543947
5570,0.089843765
5571,0.10580444
5572,0.11227414
5573,0.11911012
5574,0.12237546
5575,0.12338258
5576,0.12145996
5577,0.113861084
5578,0.113037124
5579,0.1097412
5580,0.10876465
5581,0.101379365
5582,0.092498794
5583,0.08438112
5584,0.07723996
5585,0.07211301
5586,0.06274414
5587,0.04931642
5588,0.037475586
5589,0.031829834
5590,0.022277817
5591,0.016082779
5592,0.0027160794
5593,-0.005432099
5594,-0.010620117
5595,-0.014343262
5596,-0.016479492
5597,-0.023040742
5598,-0.023529023
5599,-0.018249527
5600,-0.01852417
5601,-0.02130127
5602,-0.021881089
5603,-0.03137207
5604,-0.027954102
5605,-0.030090362
5606,-0.031188972
5607,-0.040130645
5608,-0.04379268
5609,-0.046813957
5610,-0.049255382
5611,-0.050811782
5612,-0.04849243
5613,-0.04708863
5614,-0.044525135
5615,-0.036071792
5616,-0.0379944
5617,-0.03579712
5618,-0.03750609
5619,-0.033081055
5620,-0.035858147
5621,-0.037200935
5622,-0.03918457
5623,-0.04623413
5624,-0.048187245
5625,-0.053131096
5626,-0.055847175
5627,-0.06607057
5628,-0.06359862
5629,-0.0703125
5630,-0.06906128
5631,-0.067779556
5632,-0.060516372
5633,-0.05175782
5634,-0.04937744
5635,-0.04089356
5636,-0.043151848
5637,-0.04327393
5638,-0.042633064
5639,-0.039703358
5640,-0.03988647
5641,-0.03720092
5642,-0.031677246
5643,-0.02941893
5644,-0.030883789
5645,-0.03134156
5646,-0.02856446
5647,-0.025573716
5648,-0.019195527
5649,-0.0102234185
5650,-0.007507317
5651,-0.0022888184
5652,-0.00030517578
5653,0.002899155
5654,-0.0007324219
5655,-0.0073852614
5656,-0.006530769
5657,-0.0025024414
5658,0.0014038086
5659,0.0065307543
5660,0.008819558
5661,0.009368882
5662,0.010314964
5663,0.014526367
5664,0.012786873
5665,0.012634248
5666,0.016754173
5667,0.022430465
5668,0.026794456
5669,0.030090317
5670,0.03350833
5671,0.032226562
5672,0.03512572
5673,0.040618908
5674,0.045684826
5675,0.049224846
5676,0.056335438
5677,0.06439212
5678,0.0696411
5679,0.07998654
5680,0.08010865
5681,0.07556152
5682,0.07650755
5683,0.069671646
5684,0.06777954
5685,0.06393431
5686,0.060058586
5687,0.055450447
5688,0.049468994
5689,0.04647827
5690,0.038238525
5691,0.032043457
5692,0.03039549
5693,0.029907227
5694,0.028320312
5695,0.03271482
5696,0.029510505
5697,0.026611313
5698,0.022430405
5699,0.020507812
5700,0.019042954
5701,0.015594482
5702,0.017333977
5703,0.008056626
5704,0.0075378492
5705,0.003143318
5706,-0.0011596754
5707,-0.0030212551
5708,-0.009185776
5709,-0.010986321
5710,-0.01065062
5711,-0.009887703
5712,-0.009368867
5713,-0.011444084
5714,-0.01885987
5715,-0.015655525
5716,-0.021423321
5717,-0.027954124
5718,-0.033538796
5719,-0.04293822
5720,-0.04077148
5721,-0.041992195
5722,-0.044097904
5723,-0.04656982
5724,-0.055786133
5725,-0.05630494
5726,-0.050994866
5727,-0.049011223
5728,-0.04724122
5729,-0.038452134
5730,-0.034820564
5731,-0.027374271
5732,-0.020629883
5733,-0.018188464
5734,-0.020996094
5735,-0.017150883
5736,-0.005432125
5737,-0.006256111
5738,0.00677491
5739,0.007904049
5740,0.011871345
5741,0.016174309
5742,0.024078373
5743,0.025817867
5744,0.024139397
5745,0.021118157
5746,0.019958494
5747,0.020202642
5748,0.014312741
5749,0.01980591
5750,0.0016784659
5751,-0.0027160589
5752,-0.008728025
5753,-0.015686035
5754,-0.026397705
5755,-0.027435299
5756,-0.023834227
5757,-0.023742672
5758,-0.009277346
5759,-0.0070800856
5760,-0.00076293945
5761,-0.0075988807
5762,-0.0006713886
5763,-0.006805416
5764,-0.007019043
5765,-0.007812504
5766,-0.008026123
5767,-0.012176507
5768,-0.021575924
5769,-0.024322515
5770,-0.036956787
5771,-0.03985595
5772,-0.042205803
5773,-0.044006348
5774,-0.04788208
5775,-0.039276123
5776,-0.03988648
5777,-0.030181874
5778,-0.030029286
5779,-0.027282719
5780,-0.029449474
5781,-0.024749734
5782,-0.018676754
5783,-0.021820083
5784,-0.012176529
5785,-0.0010681227
5786,0.011901841
5787,0.01937864
5788,0.032806367
5789,0.025482163
5790,0.031463616
5791,0.036773697
5792,0.040496834
5793,0.042236328
5794,0.042327862
5795,0.04388428
5796,0.034179702
5797,0.035491966
5798,0.023925781
5799,0.020019537
5800,0.011840833
5801,0.01974489
5802,0.019348148
5803,0.011810286
5804,0.018066384
5805,0.023834215
5806,0.032806396
5807,0.037506096
5808,0.044097885
5809,0.033599854
5810,0.03253174
5811,0.032348637
5812,0.032806393
5813,0.025299072
5814,0.01354979
5815,0.01132204
5816,0.005065929
5817,-0.0002136156
5818,-0.008026116
5819,-0.0076904297
5820,-0.006957993
5821,0.0019531325
5822,0.015106209
5823,0.015289292
5824,0.01760865
5825,0.020294188
5826,0.034088135
5827,0.03887938
5828,0.042999268
5829,0.038848877
5830,0.033325195
5831,0.025848374
5832,0.012878429
5833,0.0075988695
5834,-0.006988533
5835,-0.0060119554
5836,-0.005493153
5837,-0.01013184
5838,-0.012329094
5839,-0.016693097
5840,-0.01565551
5841,-0.012329094
5842,-0.00869751
5843,-0.010559075
5844,-0.020568855
5845,-0.031677235
5846,-0.039062515
5847,-0.050384544
5848,-0.057037357
5849,-0.06298827
5850,-0.06881715
5851,-0.07385255
5852,-0.07434081
5853,-0.07089233
5854,-0.07751466
5855,-0.07040404
5856,-0.053955093
5857,-0.04663086
5858,-0.03463745
5859,-0.02526854
5860,-0.021728508
5861,-0.018432617
5862,-0.00878907
5863,0.0063781664
5864,0.0038452223
5865,0.004821755
5866,0.0092163235
5867,0.007934548
5868,0.010498069
5869,0.022460938
5870,0.027130105
5871,0.029510528
5872,0.04321289
5873,0.051788323
5874,0.047027588
5875,0.04257201
5876,0.04287718
5877,0.03579712
5878,0.03359986
5879,0.032501213
5880,0.021942142
5881,0.009307856
5882,-0.0049438477
5883,-0.008514414
5884,-0.02212523
5885,-0.034210198
5886,-0.028747566
5887,-0.025299061
5888,-0.021209702
5889,-0.013946533
5890,-0.00012208894
5891,-0.0013732836
5892,0.010955792
5893,0.019744864
5894,0.021575937
5895,0.0218811
5896,0.019104
5897,0.019927973
5898,0.013488768
5899,0.014495852
5900,0.004211422
5901,-0.005950926
5902,-0.013000486
5903,-0.014617917
5904,-0.014007559
5905,-0.014709469
5906,-0.009002691
5907,-0.0036315955
5908,-0.00027466007
5909,0.010406498
5910,0.0119628925
5911,0.006347658
5912,0.0070800763
5913,0.0075988807
5914,0.0073242206
5915,0.0035095233
5916,-0.0012512207
5917,-0.0065612793
5918,-0.0006713886
5919,-0.0029907208
5920,-0.0009460421
5921,0.00061035063
5922,-0.0011596666
5923,0.0064086933
5924,0.011688234
5925,0.019195553
5926,0.016357426
5927,0.029327396
5928,0.03384399
5929,0.036468502
5930,0.037780765
5931,0.036560066
5932,0.03842163
5933,0.0376892
5934,0.047943123
5935,0.032959
5936,0.0368042
5937,0.031829845
5938,0.037353523
5939,0.032043457
5940,0.02328492
5941,0.02294923
5942,0.013336178
5943,0.016815182
5944,0.0091857985
5945,0.0011291578
5946,-0.016662609
5947,-0.013854992
5948,-0.014526367
5949,-0.019500755
5950,-0.028381351
5951,-0.02612304
5952,-0.032531746
5953,-0.033813477
5954,-0.028137218
5955,-0.039703358
5956,-0.048461933
5957,-0.053222656
5958,-0.046752945
5959,-0.043731693
5960,-0.041687015
5961,-0.041015632
5962,-0.035339355
5963,-0.037658684
5964,-0.027801512
5965,-0.029235857
5966,-0.03723143
5967,-0.041839615
5968,-0.03704834
5969,-0.028015144
5970,-0.027313225
5971,-0.02212523
5972,-0.031677246
5973,-0.024749741
5974,-0.026702885
5975,-0.026550304
5976,-0.035766624
5977,-0.02957154
5978,-0.016815208
5979,0.0021972582
5980,0.017822273
5981,0.022003159
5982,0.02896119
5983,0.03390502
5984,0.048034683
5985,0.045196533
5986,0.04339602
5987,0.029968258
5988,0.03482056
5989,0.029205337
5990,0.022979753
5991,0.014617924
5992,0.0037841834
5993,0.0037536607
5994,0.0028686444
5995,-0.00195314
5996,-0.0118713435
5997,-0.005126957
5998,-0.0016479585
5999,0.017547613
6000,0.026611345
6001,0.030273438
6002,0.029571537
6003,0.027832016
6004,0.02444458
6005,0.010528579
6006,-0.0010375977
6007,-0.020965565
6008,-0.034576416
6009,-0.046600346
6010,-0.050476067
6011,-0.054870598
6012,-0.055480957
6013,-0.04797364
6014,-0.033416737
6015,-0.009918211
6016,0.024780273
6017,0.05844116
6018,0.08999634
6019,0.12185668
6020,0.14727785
6021,0.16152954
6022,0.16244507
6023,0.14730835
6024,0.12091065
6025,0.08804323
6026,0.041961662
6027,-0.010406498
6028,-0.06860353
6029,-0.115448005
6030,-0.15481567
6031,-0.17694092
6032,-0.19378665
6033,-0.20681763
6034,-0.20843506
6035,-0.19113158
6036,-0.15740967
6037,-0.115997314
6038,-0.06497191
6039,-0.017425518
6040,0.023284942
6041,0.05566405
6042,0.072204605
6043,0.076782234
6044,0.082031265
6045,0.08413696
6046,0.082458496
6047,0.073333725
6048,0.058563218
6049,0.046508804
6050,0.038818337
6051,0.03878784
6052,0.041290253
6053,0.03765872
6054,0.0420532
6055,0.04608152
6056,0.04525756
6057,0.045776382
6058,0.044281
6059,0.037994392
6060,0.035217285
6061,0.023193318
6062,0.009918239
6063,-0.005767837
6064,-0.017028779
6065,-0.011169426
6066,-0.0051574633
6067,0.013427742
6068,0.029754646
6069,0.052703843
6070,0.072570786
6071,0.09851076
6072,0.11322021
6073,0.123657234
6074,0.1271362
6075,0.11425783
6076,0.09524536
6077,0.06112671
6078,0.03155516
6079,-0.007385254
6080,-0.03460695
6081,-0.06478882
6082,-0.08496094
6083,-0.10083009
6084,-0.10964966
6085,-0.10876463
6086,-0.107360825
6087,-0.09027098
6088,-0.06558229
6089,-0.03500365
6090,-0.007720962
6091,0.011840846
6092,0.022033684
6093,0.025085451
6094,0.022491448
6095,0.009490961
6096,-0.0074157733
6097,-0.02764893
6098,-0.050170913
6099,-0.075042725
6100,-0.10278322
6101,-0.12979124
6102,-0.15936278
6103,-0.17770386
6104,-0.18780518
6105,-0.19573975
6106,-0.19927977
6107,-0.19403076
6108,-0.18722533
6109,-0.1743164
6110,-0.15313722
6111,-0.13232423
6112,-0.11090088
6113,-0.08755492
6114,-0.059265167
6115,-0.033752456
6116,-0.0056762695
6117,0.018798813
6118,0.042480454
6119,0.056274414
6120,0.072143525
6121,0.076934755
6122,0.075042725
6123,0.07247925
6124,0.06713861
6125,0.06347653
6126,0.055358887
6127,0.051422104
6128,0.039611787
6129,0.038635254
6130,0.03860472
6131,0.04812622
6132,0.054656997
6133,0.066467315
6134,0.07723997
6135,0.09136965
6136,0.102508545
6137,0.110229485
6138,0.1152649
6139,0.11441041
6140,0.117218
6141,0.110565156
6142,0.107604995
6143,0.08895873
6144,0.08483882
6145,0.07308959
6146,0.0716553
6147,0.06524657
6148,0.06243895
6149,0.061981194
6150,0.060546875
6151,0.070617706
6152,0.06991579
6153,0.07644652
6154,0.068786606
6155,0.07656863
6156,0.068573
6157,0.06796265
6158,0.06042479
6159,0.052886993
6160,0.044952378
6161,0.030487075
6162,0.022979721
6163,0.0040893555
6164,-0.00686647
6165,-0.011413574
6166,-0.01354982
6167,-0.014892578
6168,-0.010284409
6169,-0.009277344
6170,-0.010406509
6171,-0.0046081245
6172,-0.0014953464
6173,-0.0009460598
6174,0.0017700195
6175,0.0076294094
6176,0.012237512
6177,0.009002708
6178,0.014221184
6179,0.01373291
6180,0.0068359226
6181,0.0078430325
6182,0.0072631687
6183,-0.00091555715
6184,-0.008575454
6185,-0.010314949
6186,-0.014343284
6187,-0.02426149
6188,-0.028655991
6189,-0.037414566
6190,-0.051513687
6191,-0.054809555
6192,-0.059478782
6193,-0.0713501
6194,-0.08160398
6195,-0.0862427
6196,-0.08737186
6197,-0.08493043
6198,-0.08404541
6199,-0.07955934
6200,-0.07818605
6201,-0.074401855
6202,-0.06420896
6203,-0.0668335
6204,-0.05963136
6205,-0.054931656
6206,-0.048034683
6207,-0.04510498
6208,-0.038787827
6209,-0.040771507
6210,-0.041442845
6211,-0.039642334
6212,-0.040435772
6213,-0.038299553
6214,-0.03808593
6215,-0.035278313
6216,-0.03662111
6217,-0.032165527
6218,-0.029876694
6219,-0.024902329
6220,-0.018951416
6221,-0.012329094
6222,-0.0099487305
6223,-0.005828835
6224,-0.0017700195
6225,0.0011596531
6226,-0.0024719238
6227,-0.0039062425
6228,-0.0043945312
6229,-0.005462669
6230,-0.006134037
6231,-0.009826656
6232,-0.02001949
6233,-0.023986794
6234,-0.023437504
6235,-0.025268547
6236,-0.026336681
6237,-0.03277586
6238,-0.030914292
6239,-0.029785156
6240,-0.02716063
6241,-0.026702866
6242,-0.024810784
6243,-0.019409157
6244,-0.011199966
6245,-0.00091552734
6246,0.0038452372
6247,0.009948745
6248,0.018585205
6249,0.032165512
6250,0.04165651
6251,0.053039566
6252,0.05810547
6253,0.07000732
6254,0.078369156
6255,0.085357666
6256,0.08969113
6257,0.08493042
6258,0.08847047
6259,0.08706666
6260,0.08337405
6261,0.07504272
6262,0.06729126
6263,0.058471687
6264,0.04782104
6265,0.038299568
6266,0.024261478
6267,0.012084942
6268,0.0036621056
6269,-0.00067139417
6270,-0.006835934
6271,-0.007873539
6272,-0.014068633
6273,-0.0069885254
6274,-0.0021972805
6275,0.0021057427
6276,0.012390114
6277,0.013305657
6278,0.024993896
6279,0.029846214
6280,0.037689235
6281,0.040557854
6282,0.045654316
6283,0.047149654
6284,0.051574726
6285,0.04959108
6286,0.043304455
6287,0.03540036
6288,0.025909431
6289,0.023162864
6290,0.014404308
6291,0.013275161
6292,0.00344849
6293,0.005554192
6294,0.00061034784
6295,-0.00082394853
6296,-0.0027465709
6297,-0.008575439
6298,-0.009704579
6299,-0.01327512
6300,-0.012481682
6301,-0.015014671
6302,-0.010284428
6303,-0.014129654
6304,-0.008667003
6305,-0.013549797
6306,-0.015197739
6307,-0.021026623
6308,-0.02261354
6309,-0.025054906
6310,-0.03085326
6311,-0.029205319
6312,-0.035491947
6313,-0.036499023
6314,-0.043884296
6315,-0.046630867
6316,-0.052612294
6317,-0.05468752
6318,-0.050292976
6319,-0.050689705
6320,-0.04849243
6321,-0.044647235
6322,-0.04003907
6323,-0.03726197
6324,-0.032226566
6325,-0.02877808
6326,-0.029327378
6327,-0.021209706
6328,-0.016845725
6329,-0.010864254
6330,-0.015289295
6331,-0.012847904
6332,-0.015045162
6333,-0.018432613
6334,-0.013916019
6335,-0.020477302
6336,-0.018859874
6337,-0.023254368
6338,-0.017333996
6339,-0.019104015
6340,-0.011688236
6341,-0.01184082
6342,-0.008880619
6343,-0.011260979
6344,-0.011260975
6345,-0.009613059
6346,-0.013916004
6347,-0.007354729
6348,-0.0075378306
6349,0.0011596605
6350,0.00442506
6351,0.009155281
6352,0.0029296912
6353,0.00442506
6354,0.009643562
6355,0.014892574
6356,0.021179192
6357,0.019409202
6358,0.024261463
6359,0.020202633
6360,0.020385746
6361,0.013366688
6362,0.0138549805
6363,0.0032958947
6364,-0.0004272405
6365,-0.00067139417
6366,-0.008850094
6367,-0.00534058
6368,-0.0057067852
6369,0.0034179762
6370,0.00057982653
6371,0.009246821
6372,0.011505127
6373,0.012817388
6374,0.017120369
6375,0.022888182
6376,0.027618416
6377,0.03082276
6378,0.038757317
6379,0.03622435
6380,0.030303953
6381,0.028900146
6382,0.03375244
6383,0.031555172
6384,0.03256225
6385,0.03347778
6386,0.029937748
6387,0.030273434
6388,0.032470703
6389,0.024414059
6390,0.015106207
6391,0.010650629
6392,0.00592041
6393,0.0008239746
6394,-0.004882816
6395,-0.007598875
6396,-0.011383049
6397,-0.010528561
6398,-0.015716568
6399,-0.012359612
6400,-0.016113281
6401,-0.01040649
6402,-0.0053100586
6403,-0.002746582
6404,0.0050048735
6405,0.009521481
6406,0.0106506385
6407,0.00900268
6408,0.01431274
6409,0.011749264
6410,0.013610849
6411,0.009979242
6412,0.009857178
6413,0.005279539
6414,0.0029601995
6415,0.0038757324
6416,0.006103524
6417,0.0043335054
6418,0.009185788
6419,0.015197758
6420,0.0151061965
6421,0.019683838
6422,0.014617922
6423,0.011016844
6424,0.010620115
6425,0.011230469
6426,0.011749269
6427,0.00778199
6428,0.0055236816
6429,0.0018920824
6430,-0.0034790076
6431,-0.009185787
6432,-0.0133666955
6433,-0.017364513
6434,-0.017700192
6435,-0.012847893
6436,-0.016601551
6437,-0.015625007
6438,-0.014068589
6439,-0.016693123
6440,-0.013275128
6441,-0.014404301
6442,-0.010559075
6443,-0.007476818
6444,-0.007049557
6445,-0.005493162
6446,-0.0010986347
6447,-0.005157467
6448,-0.0028381404
6449,-0.0012817392
6450,-0.006317145
6451,-0.00015258347
6452,-0.005340578
6453,0.00070190174
6454,0.0011596694
6455,0.0018310642
6456,0.0048522977
6457,0.0043334924
6458,0.0056152367
6459,0.006713861
6460,0.008697516
6461,0.0043029794
6462,0.0058288565
6463,0.0076904297
6464,0.006561285
6465,0.009704592
6466,0.006011964
6467,0.004364008
6468,0.001129156
6469,0.004425049
6470,-0.00036620907
6471,0.0019531194
6472,-0.0022277795
6473,-0.003417967
6474,-0.004333498
6475,-0.0111389235
6476,-0.010040296
6477,-0.019348137
6478,-0.022827156
6479,-0.025573723
6480,-0.019073498
6481,-0.027435295
6482,-0.01531983
6483,-0.015075676
6484,-0.008911125
6485,-0.007202151
6486,-0.008087157
6487,-0.008087164
6488,-0.01507568
6489,-0.012451173
6490,-0.019683838
6491,-0.01974488
6492,-0.029479984
6493,-0.023498539
6494,-0.029449455
6495,-0.03097535
6496,-0.028564474
6497,-0.031616203
6498,-0.027252201
6499,-0.021362297
6500,-0.015350334
6501,-0.01364135
6502,-0.003326431
6503,-0.00238036
6504,-0.0007629357
6505,-0.003784176
6506,-0.011901863
6507,-0.016265865
6508,-0.02212524
6509,-0.02175904
6510,-0.018524159
6511,-0.019378677
6512,-0.0134582445
6513,-0.011413585
6514,-0.0052184872
6515,0.0031433143
6516,0.0084533505
6517,0.01367186
6518,0.020812992
6519,0.027008068
6520,0.025604252
6521,0.035339367
6522,0.032867417
6523,0.034545902
6524,0.03448489
6525,0.033538826
6526,0.03475952
6527,0.029540999
6528,0.026611336
6529,0.024444576
6530,0.021087646
6531,0.019134512
6532,0.022735596
6533,0.01480102
6534,0.010894783
6535,0.0077209566
6536,0.0022582877
6537,-0.0022583064
6538,-0.008331306
6539,-0.01614379
6540,-0.019958487
6541,-0.025573723
6542,-0.024353025
6543,-0.023651123
6544,-0.025268545
6545,-0.019683843
6546,-0.017028809
6547,-0.016113285
6548,-0.016479485
6549,-0.0131835975
6550,-0.013977047
6551,-0.006866455
6552,-0.004150387
6553,-0.0032043476
6554,-0.001617426
6555,-0.0018005408
6556,-0.00064086914
6557,-0.0010070726
6558,-0.0038146973
6559,-0.0037231408
6560,-0.00195314
6561,-0.0041198656
6562,-0.00027466193
6563,-0.0018005297
6564,0.0032348633
6565,0.008880615
6566,0.013916008
6567,0.014282208
6568,0.01226807
6569,0.014312737
6570,0.017944325
6571,0.022430416
6572,0.018066412
6573,0.021026602
6574,0.018615726
6575,0.019134516
6576,0.013580315
6577,0.010894781
6578,0.010742193
6579,0.007446306
6580,0.009185785
6581,0.006958008
6582,0.009887699
6583,0.007934563
6584,0.011840824
6585,0.01361084
6586,0.017272944
6587,0.022827134
6588,0.024536123
6589,0.028289787
6590,0.025909422
6591,0.02719116
6592,0.03088378
6593,0.029785147
6594,0.024993896
6595,0.023437511
6596,0.01763916
6597,0.014282238
6598,0.015197735
6599,0.01208498
6600,0.015777595
6601,0.018737804
6602,0.022949208
6603,0.027740482
6604,0.02987672
6605,0.03274536
6606,0.030334488
6607,0.02261351
6608,0.027862567
6609,0.02700805
6610,0.02337649
6611,0.014709458
6612,0.011077866
6613,0.004455574
6614,-0.0051574633
6615,-0.011169404
6616,-0.024658225
6617,-0.02630613
6618,-0.022491477
6619,-0.013427712
6620,-0.00930785
6621,-0.009918213
6622,-0.008605979
6623,-0.0032348707
6624,-0.005676236
6625,-0.005432125
6626,-0.0043945126
6627,-0.0036316253
6628,0.0011596866
6629,-0.008575428
6630,-0.004638657
6631,-0.012512218
6632,-0.019805942
6633,-0.028869629
6634,-0.028137207
6635,-0.037414547
6636,-0.039367694
6637,-0.037597656
6638,-0.045532238
6639,-0.05029297
6640,-0.0515747
6641,-0.048645027
6642,-0.06347657
6643,-0.05416871
6644,-0.057312004
6645,-0.05578612
6646,-0.057708725
6647,-0.050415054
6648,-0.048583984
6649,-0.062408444
6650,-0.05078127
6651,-0.04788208
6652,-0.04000855
6653,-0.0388489
6654,-0.034698494
6655,-0.044280984
6656,-0.045593247
6657,-0.039093032
6658,-0.042236336
6659,-0.046020485
6660,-0.040100098
6661,-0.028839104
6662,-0.032501206
6663,-0.023468018
6664,-0.027191147
6665,-0.024902329
6666,-0.018524155
6667,-0.012420669
6668,-0.0053710938
6669,-0.0054626614
6670,-0.0029296726
6671,0.0056152344
6672,0.0051879883
6673,0.0142211765
6674,0.017700195
6675,0.0066223145
6676,-0.0012512207
6677,-0.0015869439
6678,-0.0027160868
6679,-0.0022582859
6680,0.0048217624
6681,0.011322029
6682,0.00683593
6683,0.010375947
6684,0.008148208
6685,-0.00039672852
6686,0.004974343
6687,0.010101303
6688,0.01834108
6689,0.017974839
6690,0.025604255
6691,0.027343743
6692,0.023468025
6693,0.022613525
6694,0.022644036
6695,0.021789558
6696,0.021942124
6697,0.028076157
6698,0.022766102
6699,0.028381363
6700,0.03665158
6701,0.0487976
6702,0.055847153
6703,0.067871064
6704,0.079406746
6705,0.090972885
6706,0.102569595
6707,0.109191895
6708,0.11242677
6709,0.11059569
6710,0.116729744
6711,0.11398316
6712,0.11373901
6713,0.10443117
6714,0.094482414
6715,0.08337403
6716,0.07424927
6717,0.06710816
6718,0.06259151
6719,0.055541992
6720,0.056793213
6721,0.056243896
6722,0.052886948
6723,0.059783936
6724,0.053192154
6725,0.05740355
6726,0.053100586
6727,0.055511475
6728,0.060241714
6729,0.056701645
6730,0.060516343
6731,0.057250977
6732,0.059478745
6733,0.05892943
6734,0.053924546
6735,0.048431396
6736,0.038970962
6737,0.03280638
6738,0.024200425
6739,0.015594453
6740,-0.001464814
6741,-0.015716583
6742,-0.035919204
6743,-0.050598174
6744,-0.06677246
6745,-0.086883605
6746,-0.098785385
6747,-0.11590576
6748,-0.1222534
6749,-0.12048341
6750,-0.113403335
6751,-0.10968019
6752,-0.101684585
6753,-0.08956912
6754,-0.090393096
6755,-0.094757095
6756,-0.102752656
6757,-0.092010505
6758,-0.0848389
6759,-0.08480838
6760,-0.07443236
6761,-0.07202151
6762,-0.08065796
6763,-0.106414795
6764,-0.12661745
6765,-0.15286256
6766,-0.13351439
6767,-0.09509276
6768,-0.09020996
6769,-0.08605957
6770,-0.08264159
6771,-0.064025864
6772,-0.06536865
6773,-0.08850097
6774,-0.12536618
6775,-0.15664673
6776,-0.15390012
6777,-0.12316893
6778,-0.09613037
6779,-0.06842041
6780,0.0029907078
6781,0.06985472
6782,0.12945557
6783,0.16317749
6784,0.17120358
6785,0.16452023
6786,0.17364502
6787,0.19885257
6788,0.18103026
6789,0.12774657
6790,0.03283692
6791,-0.085418746
6792,-0.20159912
6793,-0.30795285
6794,-0.38897702
6795,-0.4429016
6796,-0.44534296
6797,-0.40676874
6798,-0.34527585
6799,-0.26992798
6800,-0.17947389
6801,-0.062347412
6802,0.08633426
6803,0.25195324
6804,0.39721686
6805,0.50790405
6806,0.5713501
6807,0.60147095
6808,0.5949402
6809,0.5563354
6810,0.4906616
6811,0.3938597
6812,0.28213492
6813,0.15231326
6814,0.0060730055
6815,-0.14804077
6816,-0.28997803
6817,-0.3900146
6818,-0.45864865
6819,-0.48913574
6820,-0.46917725
6821,-0.41806024
6822,-0.33398435
6823,-0.22708118
6824,-0.10888666
6825,0.020080544
6826,0.14767453
6827,0.30590808
6828,0.42495722
6829,0.47509766
6830,0.5131836
6831,0.5463562
6832,0.50930786
6833,0.43371582
6834,0.3551941
6835,0.27468872
6836,0.18005371
6837,0.074584976
6838,-0.029083237
6839,-0.1515503
6840,-0.19378662
6841,-0.21575928
6842,-0.21823119
6843,-0.24276733
6844,-0.22290042
6845,-0.13845827
6846,-0.11367799
6847,-0.092041016
6848,-0.11212157
6849,-0.14978027
6850,-0.17431642
6851,-0.20956424
6852,-0.2647094
6853,-0.3005371
6854,-0.29025275
6855,-0.24649054
6856,-0.21163936
6857,-0.24481209
6858,-0.26379398
6859,-0.2878418
6860,-0.27075195
6861,-0.20840459
6862,-0.14569096
6863,-0.054534912
6864,0.047424227
6865,0.19766231
6866,0.30044562
6867,0.38073736
6868,0.45101914
6869,0.52001965
6870,0.5900269
6871,0.6217346
6872,0.6327515
6873,0.5932008
6874,0.53152454
6875,0.4280699
6876,0.29156497
6877,0.11984259
6878,-0.05001846
6879,-0.19937134
6880,-0.3283996
6881,-0.41174322
6882,-0.46786505
6883,-0.48397827
6884,-0.46582037
6885,-0.41201797
6886,-0.3497313
6887,-0.2646178
6888,-0.1772461
6889,-0.08944705
6890,-0.009979129
6891,0.05017093
6892,0.10302746
6893,0.13784789
6894,0.16903688
6895,0.18655387
6896,0.19506828
6897,0.18768317
6898,0.17269894
6899,0.14477538
6900,0.11190796
6901,0.070709206
6902,0.023651138
6903,-0.020996153
6904,-0.064575225
6905,-0.099548355
6906,-0.13262935
6907,-0.15856925
6908,-0.18374628
6909,-0.19665532
6910,-0.19784546
6911,-0.19616696
6912,-0.18887329
6913,-0.17636108
6914,-0.15771484
6915,-0.13894653
6916,-0.107238814
6917,-0.0774231
6918,-0.04180907
6919,-0.004119888
6920,0.035217274
6921,0.06906127
6922,0.09863281
6923,0.12561035
6924,0.14486696
6925,0.15795895
6926,0.16897582
6927,0.17315675
6928,0.16433716
6929,0.15380862
6930,0.136322
6931,0.11856082
6932,0.096893325
6933,0.078308105
6934,0.056335457
6935,0.036499023
6936,0.015136711
6937,7.450581e-09
6938,-0.014282249
6939,-0.023193352
6940,-0.031799316
6941,-0.040832534
6942,-0.043029785
6943,-0.04452516
6944,-0.03479007
6945,-0.031982437
6946,-0.02343747
6947,-0.015197739
6948,-0.0058288425
6949,-0.0026550144
6950,-0.016723603
6951,-0.007080093
6952,-0.0042724535
6953,0.00033569336
6954,-0.012145974
6955,-0.010223392
6956,-0.00784301
6957,-0.01870729
6958,-0.04049684
6959,-0.049407955
6960,-0.05801393
6961,-0.056518562
6962,-0.027404789
6963,-0.041290294
6964,-0.05389404
6965,-0.06350708
6966,-0.045471184
6967,-0.052490246
6968,-0.061157234
6969,-0.067901604
6970,-0.091125466
6971,-0.08767699
6972,-0.08026122
6973,-0.067047134
6974,-0.073761
6975,-0.06304931
6976,-0.047729477
6977,-0.04067993
6978,-0.036285415
6979,-0.022186294
6980,-0.012115464
6981,0.011871368
6982,0.05303952
6983,0.055297807
6984,0.055694595
6985,0.03750609
6986,0.026947036
6987,0.019165017
6988,0.018463142
6989,0.020050049
6990,0.016143799
6991,0.01388552
6992,0.00872805
6993,0.010192882
6994,0.015197728
6995,0.020263668
6996,0.021514907
6997,0.029602084
6998,0.042907692
6999,0.048004143
7000,0.05386353
7001,0.060607903
7002,0.060913056
7003,0.06445311
7004,0.066589355
7005,0.066375725
7006,0.06900026
7007,0.07147216
7008,0.07424927
7009,0.071685806
7010,0.061553955
7011,0.05853274
7012,0.05166626
7013,0.04196168
7014,0.03820802
7015,0.03192141
7016,0.024658203
7017,0.018890396
7018,0.014404282
7019,0.008636475
7020,0.0034179762
7021,0.0015563816
7022,0.0023193061
7023,0.0045776144
7024,0.006439209
7025,0.009460464
7026,0.014434814
7027,0.015594453
7028,0.02444458
7029,0.02413942
7030,0.024139408
7031,0.0187683
7032,0.012573227
7033,0.006591782
7034,0.0014343262
7035,-0.0006103702
7036,-0.0075073093
7037,-0.006958019
7038,-0.01593019
7039,-0.018890396
7040,-0.025207523
7041,-0.030181881
7042,-0.03256227
7043,-0.034484856
7044,-0.032775883
7045,-0.030548058
7046,-0.026947
7047,-0.030059807
7048,-0.027923584
7049,-0.031829838
7050,-0.03466797
7051,-0.03817748
7052,-0.042449944
7053,-0.04492189
7054,-0.05029296
7055,-0.04718018
7056,-0.04336547
7057,-0.041229263
7058,-0.041564934
7059,-0.04220583
7060,-0.045806885
7061,-0.043334953
7062,-0.038055424
7063,-0.040496834
7064,-0.040802002
7065,-0.040924072
7066,-0.04037475
7067,-0.043823227
7068,-0.04476928
7069,-0.048583988
7070,-0.049987804
7071,-0.04815673
7072,-0.04119875
7073,-0.03988646
7074,-0.03643799
7075,-0.025939949
7076,-0.021759056
7077,-0.009155266
7078,-0.0036315918
7079,0.006408684
7080,0.010986321
7081,0.023773193
7082,0.03002929
7083,0.03936767
7084,0.042694107
7085,0.04434202
7086,0.045654304
7087,0.043304443
7088,0.04522706
7089,0.03820802
7090,0.041015618
7091,0.038330067
7092,0.037506085
7093,0.028472912
7094,0.027862571
7095,0.025207508
7096,0.023590073
7097,0.02227784
7098,0.020538315
7099,0.018798828
7100,0.019866943
7101,0.023040764
7102,0.022857673
7103,0.021362297
7104,0.013397232
7105,0.0141296275
7106,0.009063724
7107,0.009521492
7108,0.007171627
7109,0.010955822
7110,0.006408695
7111,0.009582512
7112,0.0038757175
7113,0.00012207031
7114,-0.0048828125
7115,-0.006073
7116,0.0012207031
7117,-0.00079345796
7118,0.0053710938
7119,-0.00030517834
7120,0.0002746617
7121,-0.005798341
7122,0.0028076172
7123,-0.004119874
7124,0.00039673294
7125,-0.0007629348
7126,0.00280762
7127,0.005645753
7128,0.006927483
7129,0.021057129
7130,0.016296389
7131,0.02813721
7132,0.025329582
7133,0.029571537
7134,0.02532959
7135,0.031188961
7136,0.032104485
7137,0.029357918
7138,0.028839117
7139,0.022430422
7140,0.01217651
7141,0.0008850135
7142,0.0031738207
7143,-0.0057067797
7144,-0.0032348558
7145,-0.0020141676
7146,-0.00784301
7147,-0.011169426
7148,-0.015228257
7149,-0.01324464
7150,-0.015533432
7151,-0.009307869
7152,-0.0020751879
7153,-0.00579834
7154,-0.010620121
7155,-0.015655525
7156,-0.019653331
7157,-0.025604237
7158,-0.020782478
7159,-0.023834229
7160,-0.029388437
7161,-0.027374264
7162,-0.027465833
7163,-0.030487057
7164,-0.027770985
7165,-0.02316285
7166,-0.023834215
7167,-0.016754152
7168,-0.016876211
7169,-0.013031019
7170,-0.00942993
7171,-0.0028686617
7172,0.01000976
7173,0.015930181
7174,0.018798823
7175,0.020111091
7176,0.01666259
7177,0.013916025
7178,0.018951407
7179,0.018219002
7180,0.0153808575
7181,0.011901848
7182,0.009246824
7183,0.008422848
7184,0.005493165
7185,0.0017089741
7186,0.0021362342
7187,-0.0033569299
7188,-0.0030822754
7189,0.0027465746
7190,0.0003357008
7191,-0.00082397275
7192,0.0107726995
7193,0.012664802
7194,0.013031006
7195,0.009185802
7196,0.00027466193
7197,-0.008178702
7198,-0.02563477
7199,-0.023437507
7200,-0.030212395
7201,-0.03424072
7202,-0.03182985
7203,-0.0282898
7204,-0.027404781
7205,-0.028472908
7206,-0.01834106
7207,-0.012634269
7208,-0.0072326697
7209,-0.0013122596
7210,0.01171875
7211,0.013153079
7212,0.015747065
7213,0.016784666
7214,0.012756346
7215,-0.000640871
7216,-0.005950922
7217,-0.0031738132
7218,-0.02328492
7219,-0.027252212
7220,-0.026550293
7221,-0.025390623
7222,-0.021575937
7223,-0.014099121
7224,-0.0076904297
7225,-0.006011963
7226,0.007232668
7227,0.019989025
7228,0.018157963
7229,0.019744873
7230,0.033050545
7231,0.03195191
7232,0.031707767
7233,0.031829834
7234,0.023040768
7235,0.014373775
7236,0.011352541
7237,0.015380865
7238,-0.00012207404
7239,-0.006713872
7240,-0.009246827
7241,-0.016754152
7242,-0.02224732
7243,-0.019409185
7244,-0.019500736
7245,-0.019714355
7246,-0.0038757287
7247,0.0061035263
7248,0.013641359
7249,0.013793945
7250,0.02835083
7251,0.0295105
7252,0.03616333
7253,0.04147339
7254,0.041259766
7255,0.03744507
7256,0.030090332
7257,0.027191162
7258,0.015686033
7259,0.007965088
7260,-0.0040893517
7261,-0.013153073
7262,-0.02120972
7263,-0.02468872
7264,-0.021148678
7265,-0.0168457
7266,-0.010742186
7267,-0.002685545
7268,0.010711666
7269,0.012939451
7270,0.012390139
7271,0.011291504
7272,0.005218502
7273,0.010620113
7274,0.0068969727
7275,0.0062561017
7276,-0.0014038067
7277,-0.010742189
7278,-0.015411379
7279,-0.020263674
7280,-0.0276184
7281,-0.034118645
7282,-0.029571531
7283,-0.02456665
7284,-0.0070495578
7285,-0.009887693
7286,-0.005737301
7287,-0.0021667494
7288,-0.009765627
7289,-0.0023193378
7290,-0.012268062
7291,-0.019805904
7292,-0.029632565
7293,-0.023895266
7294,-0.028137201
7295,-0.03189086
7296,-0.031616203
7297,-0.033477783
7298,-0.028747551
7299,-0.025939938
7300,-0.017578118
7301,-0.019592285
7302,-0.018005367
7303,-0.009765636
7304,0.00039672107
7305,0.00061035156
7306,0.0057372935
7307,0.0020141415
7308,-0.00042724982
7309,-0.0039672926
7310,-0.011749264
7311,-0.010833744
7312,-0.014648445
7313,-0.016235363
7314,-0.005187977
7315,0.0013733096
7316,0.0016479455
7317,0.007568348
7318,0.00445557
7319,0.01232912
7320,0.006225586
7321,0.009765625
7322,0.0108032115
7323,0.011474609
7324,0.013854969
7325,0.0118408315
7326,0.0056457296
7327,-0.009063739
7328,-0.0054321233
7329,-0.012176524
7330,-0.014068604
7331,-0.02227784
7332,-0.022064226
7333,-0.023162846
7334,-0.01998902
7335,-0.013977047
7336,-0.0064392034
7337,0.0055847056
7338,0.011749281
7339,0.024963379
7340,0.021820076
7341,0.023132332
7342,0.03219604
7343,0.041992176
7344,0.0499878
7345,0.05163575
7346,0.050720204
7347,0.041290283
7348,0.041717514
7349,0.037139893
7350,0.030731203
7351,0.025115972
7352,0.025573736
7353,0.028045649
7354,0.024993895
7355,0.019927982
7356,0.018280037
7357,0.020385742
7358,0.020874035
7359,0.02355956
7360,0.0195923
7361,0.010070819
7362,0.016693108
7363,0.014801022
7364,0.0143127255
7365,0.015625026
7366,0.01068116
7367,0.009796154
7368,0.006866444
7369,0.009002697
7370,0.0030212551
7371,0.0025940053
7372,0.0017700195
7373,0.0039672703
7374,-3.7252903e-09
7375,0.00054930523
7376,0.0025634877
7377,-0.003051769
7378,0.00094603
7379,0.006469723
7380,0.0043334924
7381,0.005981449
7382,0.008331295
7383,0.0019225962
7384,-0.006103527
7385,-0.00830075
7386,-0.012725823
7387,-0.019592281
7388,-0.021972664
7389,-0.027130121
7390,-0.03405761
7391,-0.044494614
7392,-0.045959473
7393,-0.05300904
7394,-0.056182876
7395,-0.047729507
7396,-0.046752922
7397,-0.03970338
7398,-0.03234864
7399,-0.020843506
7400,-0.01910401
7401,-0.008819582
7402,-0.0033874568
7403,0.0023803655
7404,0.004211424
7405,0.0052795503
7406,0.011352545
7407,0.0055847224
7408,0.015045155
7409,0.012725836
7410,0.010009773
7411,0.004638672
7412,0.00045775808
7413,-0.002380373
7414,-0.0021057166
7415,0.00091552734
7416,0.0036621168
7417,0.0031127892
7418,0.005493162
7419,0.010009765
7420,0.0068664597
7421,0.0068664523
7422,0.0037536584
7423,0.0022277804
7424,0.0018005376
7425,0.0008850144
7426,-0.00393676
7427,-0.0079956055
7428,-0.010314954
7429,-0.0066833496
7430,-0.011474609
7431,-0.014953611
7432,-0.008850098
7433,-0.0059509287
7434,0.0016174314
7435,0.00808716
7436,0.020019535
7437,0.024261475
7438,0.03353882
7439,0.029754639
7440,0.024017334
7441,0.017272945
7442,0.012817378
7443,0.0132751465
7444,0.0017395001
7445,0.0017089806
7446,-0.0015258845
7447,-0.0005188021
7448,-0.014617918
7449,-0.017974854
7450,-0.013671879
7451,0.011108396
7452,0.033874515
7453,0.04312135
7454,0.047302254
7455,0.047241207
7456,0.04815674
7457,0.031555187
7458,0.012298606
7459,-0.01736449
7460,-0.032623295
7461,-0.046447765
7462,-0.059661854
7463,-0.07540893
7464,-0.07687378
7465,-0.06887818
7466,-0.060302734
7467,-0.06469727
7468,-0.07867431
7469,-0.08795166
7470,-0.08386231
7471,-0.0597229
7472,-0.029327393
7473,-0.010345444
7474,0.0034179688
7475,0.01724244
7476,0.0078125
7477,0.0086059645
7478,0.011169434
7479,0.027832054
7480,0.060394272
7481,0.09530638
7482,0.12457277
7483,0.13156128
7484,0.1333008
7485,0.1254272
7486,0.11459352
7487,0.09222412
7488,0.080261245
7489,0.057739235
7490,0.030609133
7491,-0.0014648475
7492,-0.033355698
7493,-0.06442259
7494,-0.096130386
7495,-0.11865236
7496,-0.14285278
7497,-0.14788815
7498,-0.14456178
7499,-0.13104248
7500,-0.10968018
7501,-0.07617189
7502,-0.033416733
7503,0.014129631
7504,0.05834963
7505,0.09725949
7506,0.12380981
7507,0.14724733
7508,0.15624999
7509,0.15481567
7510,0.1352539
7511,0.104156494
7512,0.06478882
7513,0.017944347
7514,-0.025695816
7515,-0.06555177
7516,-0.10018922
7517,-0.12332152
7518,-0.1354065
7519,-0.13684082
7520,-0.1281433
7521,-0.10849
7522,-0.08013915
7523,-0.04705811
7524,-0.0094604455
7525,0.026062004
7526,0.05059815
7527,0.07366944
7528,0.08843993
7529,0.09680177
7530,0.10653686
7531,0.1083374
7532,0.10983275
7533,0.10171509
7534,0.0973816
7535,0.087249756
7536,0.0776062
7537,0.061981186
7538,0.052764893
7539,0.040496826
7540,0.031463623
7541,0.022399895
7542,0.00982666
7543,-0.0015564114
7544,-0.013519272
7545,-0.018829338
7546,-0.038238525
7547,-0.046325684
7548,-0.06542969
7549,-0.071197495
7550,-0.08270265
7551,-0.09072873
7552,-0.0998535
7553,-0.11199951
7554,-0.116180435
7555,-0.12921143
7556,-0.13311768
7557,-0.1446228
7558,-0.14416505
7559,-0.15100099
7560,-0.1459961
7561,-0.14199829
7562,-0.13430786
7563,-0.123077415
7564,-0.11520383
7565,-0.09664917
7566,-0.08514403
7567,-0.06423952
7568,-0.046600327
7569,-0.024810791
7570,-0.003112778
7571,0.016510025
7572,0.035614014
7573,0.048461914
7574,0.06072998
7575,0.06732181
7576,0.078552246
7577,0.083984405
7578,0.08547974
7579,0.09069827
7580,0.08761597
7581,0.091613814
7582,0.089263916
7583,0.09170535
7584,0.088958755
7585,0.087493904
7586,0.08822634
7587,0.08688353
7588,0.088012695
7589,0.089050286
7590,0.09375001
7591,0.08996585
7592,0.08966064
7593,0.07962037
7594,0.072021484
7595,0.06918335
7596,0.06185913
7597,0.05917363
7598,0.050811768
7599,0.04846193
7600,0.041168198
7601,0.032104507
7602,0.025207534
7603,0.017578095
7604,0.01715085
7605,0.01626587
7606,0.019622818
7607,0.016540498
7608,0.01840207
7609,0.017395005
7610,0.020660393
7611,0.02166745
7612,0.019348137
7613,0.022766083
7614,0.019439679
7615,0.022674534
7616,0.016448975
7617,0.014648449
7618,0.007476788
7619,0.0021056756
7620,-0.0017089806
7621,-0.011169422
7622,-0.015838608
7623,-0.024719238
7624,-0.025054924
7625,-0.032379158
7626,-0.031372063
7627,-0.038146965
7628,-0.035644542
7629,-0.036193855
7630,-0.033416748
7631,-0.031707752
7632,-0.03115844
7633,-0.024932869
7634,-0.019714374
7635,-0.012420669
7636,-0.018585213
7637,-0.015594482
7638,-0.02136233
7639,-0.014282271
7640,-0.018524162
7641,-0.016937252
7642,-0.022491448
7643,-0.028533924
7644,-0.028747562
7645,-0.04272461
7646,-0.053955067
7647,-0.07186888
7648,-0.07360843
7649,-0.08459473
7650,-0.082000725
7651,-0.08786011
7652,-0.08834838
7653,-0.09024046
7654,-0.08813477
7655,-0.078277595
7656,-0.080261216
7657,-0.060089123
7658,-0.05047606
7659,-0.027099624
7660,-0.011444062
7661,0.005218491
7662,0.017028823
7663,0.026062027
7664,0.03408812
7665,0.036254868
7666,0.039550766
7667,0.034790054
7668,0.033996552
7669,0.021575943
7670,0.015624985
7671,-0.0010376051
7672,-0.017852806
7673,-0.03363035
7674,-0.05041504
7675,-0.06216432
7676,-0.071044914
7677,-0.074218765
7678,-0.07125851
7679,-0.06069949
7680,-0.048187237
7681,-0.030029312
7682,-0.018707275
7683,-3.0513853e-05
7684,0.017486569
7685,0.03894043
7686,0.053436264
7687,0.06787107
7688,0.07458497
7689,0.07922366
7690,0.0819702
7691,0.07742309
7692,0.07177734
7693,0.06277467
7694,0.06274414
7695,0.049041767
7696,0.045684807
7697,0.036743153
7698,0.035064694
7699,0.03411866
7700,0.037933346
7701,0.042083725
7702,0.039001457
7703,0.043029778
7704,0.04144288
7705,0.04318238
7706,0.037475575
7707,0.04306029
7708,0.041625995
7709,0.04101562
7710,0.042358395
7711,0.035247795
7712,0.036010727
7713,0.030151356
7714,0.026824959
7715,0.0146484375
7716,0.009399414
7717,0.0046386644
7718,-0.0002746582
7719,-0.0048827976
7720,-0.011383064
7721,-0.02014158
7722,-0.027465828
7723,-0.030883789
7724,-0.038238533
7725,-0.042877197
7726,-0.044128433
7727,-0.04290771
7728,-0.039916977
7729,-0.039703395
7730,-0.037750244
7731,-0.0379944
7732,-0.03637694
7733,-0.028015148
7734,-0.033294663
7735,-0.033752434
7736,-0.03854371
7737,-0.034515366
7738,-0.030792248
7739,-0.026336685
7740,-0.02038576
7741,-0.022583004
7742,-0.018280018
7743,-0.016571052
7744,-0.01303101
7745,-0.012237564
7746,-0.0056152344
7747,-0.00018309802
7748,0.00967408
7749,0.017181393
7750,0.020233136
7751,0.026306156
7752,0.023712158
7753,0.030029304
7754,0.029846184
7755,0.035308834
7756,0.03680422
7757,0.035522483
7758,0.03704834
7759,0.036437966
7760,0.03033448
7761,0.023956291
7762,0.018066416
7763,0.01089479
7764,0.006500248
7765,0.0025939867
7766,0.004638672
7767,0.0025024377
7768,0.0006103255
7769,0.0034789704
7770,0.00494384
7771,0.008239754
7772,0.013244633
7773,0.014251716
7774,0.012542713
7775,0.011352539
7776,0.012878418
7777,0.011077896
7778,0.006195076
7779,0.0007934496
7780,-0.0045165904
7781,-0.012084957
7782,-0.015899654
7783,-0.021270733
7784,-0.027648922
7785,-0.029418953
7786,-0.027252192
7787,-0.022216806
7788,-0.025482183
7789,-0.01882936
7790,-0.018951429
7791,-0.011138903
7792,-0.0051879883
7793,0.0003967313
7794,0.0048522986
7795,0.0039062407
7796,0.009277329
7797,0.0028991662
7798,0.0048828153
7799,-0.0030212328
7800,0.00048828777
7801,-0.00427246
7802,-0.0054321284
7803,-0.0064086905
7804,-0.007019041
7805,-0.0046997056
7806,-0.005859378
7807,-0.0007629404
7808,-0.0010070801
7809,0.0058898935
7810,0.009246826
7811,0.015197754
7812,0.015106206
7813,0.012573243
7814,0.014190676
7815,0.009033205
7816,0.0047302246
7817,-0.00012207124
7818,-0.0054626446
7819,-0.005584717
7820,-0.0074768066
7821,-0.0055236835
7822,-0.011352539
7823,-0.01763916
7824,-0.02053833
7825,-0.023223875
7826,-0.023895271
7827,-0.026824953
7828,-0.026550293
7829,-0.028778072
7830,-0.024383549
7831,-0.025360107
7832,-0.02282715
7833,-0.02603149
7834,-0.017120361
7835,-0.011352539
7836,-0.0051269587
7837,-0.00064086914
7838,0.0005188044
7839,0.0057373047
7840,0.006164551
7841,0.011322014
7842,0.006591797
7843,0.0030822717
7844,-0.0003051646
7845,0.0022888184
7846,-0.006195072
7847,-0.012878422
7848,-0.01596069
7849,-0.011413563
7850,-0.004516598
7851,-0.012786858
7852,-0.013336189
7853,-0.013122551
7854,-0.009552002
7855,-0.009826658
7856,-0.0067138746
7857,-0.0016784593
7858,-0.0003356859
7859,0.006683355
7860,0.0056152344
7861,-0.0014648568
7862,-0.006134035
7863,0.0043029804
7864,0.008911146
7865,0.00708008
7866,0.011566162
7867,0.010894777
7868,0.018737791
7869,0.02902222
7870,0.037994385
7871,0.043731682
7872,0.049377438
7873,0.05337525
7874,0.053222656
7875,0.049163815
7876,0.0435791
7877,0.040893555
7878,0.032470703
7879,0.030853277
7880,0.020599369
7881,0.0015563872
7882,-0.005767837
7883,-0.012145994
7884,-0.014862057
7885,-0.011291519
7886,-0.012359627
7887,-0.0060424767
7888,0.0010375902
7889,0.008148193
7890,0.013519291
7891,0.020080574
7892,0.02197266
7893,0.020599373
7894,0.018798832
7895,0.015808113
7896,0.008270267
7897,-0.00097654015
7898,-0.004699707
7899,-0.015838638
7900,-0.022308368
7901,-0.026458729
7902,-0.03002932
7903,-0.036285404
7904,-0.038787846
7905,-0.035095233
7906,-0.033081055
7907,-0.02999878
7908,-0.0206604
7909,-0.013458251
7910,-0.009246828
7911,0.0032043597
7912,0.005554214
7913,0.0088501
7914,0.009063728
7915,0.016662594
7916,0.015502922
7917,0.014587417
7918,0.01907348
7919,0.012939448
7920,0.01193236
7921,0.010772704
7922,0.0068054185
7923,0.0018005343
7924,-0.0023498517
7925,-0.005523683
7926,-0.005401611
7927,-0.010040283
7928,-0.0069274902
7929,-0.007873537
7930,-0.012329103
7931,-0.0057678223
7932,-0.0057067852
7933,-0.00491333
7934,-0.0013122559
7935,-0.0017395001
7936,0.002746584
7937,0.0028381385
7938,0.0018615741
7939,0.0014343299
7940,-0.002807621
7941,-0.0046081506
7942,-0.004913334
7943,-0.007324217
7944,-0.009307863
7945,-0.015045162
7946,-0.014678957
7947,-0.017700193
7948,-0.016296385
7949,-0.01550293
7950,-0.013824464
7951,-0.009429932
7952,-0.0057067843
7953,0.00070190243
7954,0.0014953669
7955,0.0024414044
7956,0.0036315927
7957,0.0042419434
7958,0.0012817383
7959,0.0021972638
7960,-0.002380373
7961,-0.005798338
7962,-0.005035403
7963,-0.011047366
7964,-0.010040285
7965,-0.011932371
7966,-0.011657715
7967,-0.010437012
7968,-0.0066833477
7969,-0.0038452111
7970,0.0007019052
7971,-0.00012206938
7972,0.004547123
7973,0.0081481915
7974,0.009979251
7975,0.016204834
7976,0.016937258
7977,0.017730711
7978,0.019195553
7979,0.020568848
7980,0.016113278
7981,0.01345825
7982,0.0072021466
7983,0.0051574716
7984,0.0020446777
7985,-0.0015869136
7986,-0.0048217764
7987,-0.008758544
7988,-0.009613033
7989,-0.013854979
7990,-0.018676754
7991,-0.026641846
7992,-0.026855467
7993,-0.027465817
7994,-0.025634764
7995,-0.026428223
7996,-0.02597046
7997,-0.024597172
7998,-0.02294922
7999,-0.0211792
8000,-0.025177002
8001,-0.02526855
8002,-0.026611328
8003,-0.021423332
8004,-0.023834229
8005,-0.023132328
8006,-0.024871834
8007,-0.023376469
8008,-0.025360115
8009,-0.02185059
8010,-0.025176998
8011,-0.021942146
8012,-0.017395027
8013,-0.0101623535
8014,-0.0066528097
8015,-0.0049743876
8016,0.0016784593
8017,0.006378144
8018,0.017639153
8019,0.023162842
8020,0.030731186
8021,0.027404785
8022,0.032409675
8023,0.033905033
8024,0.032073956
8025,0.032562263
8026,0.032684322
8027,0.033721913
8028,0.032043446
8029,0.038330086
8030,0.0357361
8031,0.041809075
8032,0.042541496
8033,0.04861449
8034,0.05474854
8035,0.052551255
8036,0.057189934
8037,0.054565415
8038,0.057952873
8039,0.06292726
8040,0.065155044
8041,0.0583191
8042,0.05566405
8043,0.04916382
8044,0.05007936
8045,0.0493469
8046,0.045837387
8047,0.04421997
8048,0.042510986
8049,0.043762185
8050,0.04275515
8051,0.039398193
8052,0.03176877
8053,0.028106704
8054,0.025299087
8055,0.020446777
8056,0.013824433
8057,0.0059509426
8058,-0.0021972358
8059,-0.004547119
8060,-0.0076294094
8061,-0.01379396
8062,-0.01876831
8063,-0.023590103
8064,-0.020538315
8065,-0.02120974
8066,-0.025451653
8067,-0.028961182
8068,-0.036376953
8069,-0.03982544
8070,-0.041717514
8071,-0.04940796
8072,-0.05490113
8073,-0.05664059
8074,-0.059234597
8075,-0.060974114
8076,-0.06390382
8077,-0.065887466
8078,-0.06848144
8079,-0.06985476
8080,-0.067260765
8081,-0.06277467
8082,-0.062805176
8083,-0.059906006
8084,-0.058593735
8085,-0.0642395
8086,-0.062866226
8087,-0.067474365
8088,-0.07315062
8089,-0.07699585
8090,-0.073974594
8091,-0.0671692
8092,-0.05670163
8093,-0.0491333
8094,-0.036865205
8095,-0.027160622
8096,-0.023834229
8097,-0.012420684
8098,-0.0108947605
8099,-0.005218506
8100,0.002044648
8101,0.010955811
8102,0.014190674
8103,0.01354979
8104,0.011413559
8105,0.0014953911
8106,-0.003967285
8107,-0.011108413
8108,-0.013153076
8109,-0.018371582
8110,-0.022552505
8111,-0.023620613
8112,-0.024993911
8113,-0.024780318
8114,-0.02444458
8115,-0.02169799
8116,-0.026123077
8117,-0.022430435
8118,-0.022155732
8119,-0.019439705
8120,-0.014801048
8121,-0.011444077
8122,-0.0034789816
8123,0.0020141676
8124,0.0065612867
8125,0.009674117
8126,0.013946526
8127,0.020568848
8128,0.031341568
8129,0.04214476
8130,0.051513627
8131,0.060516343
8132,0.070678696
8133,0.08038327
8134,0.08654783
8135,0.090423554
8136,0.09542845
8137,0.101379424
8138,0.107849136
8139,0.11120605
8140,0.108673096
8141,0.10971071
8142,0.10543825
8143,0.10159302
8144,0.095123306
8145,0.0880127
8146,0.08590699
8147,0.08438113
8148,0.08602908
8149,0.082122765
8150,0.07653807
8151,0.071380615
8152,0.06863402
8153,0.06396483
8154,0.062499985
8155,0.058807343
8156,0.0573425
8157,0.055145264
8158,0.050994888
8159,0.046203583
8160,0.040924042
8161,0.035980254
8162,0.031707764
8163,0.023986787
8164,0.017211914
8165,0.012481719
8166,0.0039978027
8167,0.0008239448
8168,-0.005432099
8169,-0.009979248
8170,-0.01675412
8171,-0.024108902
8172,-0.034423828
8173,-0.041900665
8174,-0.04925537
8175,-0.055145293
8176,-0.05953981
8177,-0.072631836
8178,-0.07516481
8179,-0.08187871
8180,-0.08489992
8181,-0.087127686
8182,-0.08975221
8183,-0.09017946
8184,-0.088470474
8185,-0.08792115
8186,-0.09051514
8187,-0.08151245
8188,-0.07211304
8189,-0.055816658
8190,-0.048950195
8191,-0.033843994
8192,-0.01550293
8193,-0.0111999735
8194,-0.013702385
8195,-0.014617927
8196,-0.005004864
8197,0.0005798377
8198,0.00033568218
8199,-0.014129642
8200,-0.023437526
8201,-0.03594971
8202,-0.054229733
8203,-0.080139145
8204,-0.109863296
8205,-0.107635505
8206,-0.08923341
8207,-0.07476807
8208,-0.07397462
8209,-0.06314087
8210,-0.033172622
8211,-0.010955818
8212,-0.00485228
8213,-0.026031502
8214,-0.048431396
8215,-0.050933845
8216,-0.036468502
8217,-0.018615715
8218,-0.009552009
8219,-0.0002746433
8220,0.022613525
8221,0.046752922
8222,0.059570335
8223,0.073577896
8224,0.08688354
8225,0.12530519
8226,0.17364502
8227,0.19891359
8228,0.19793701
8229,0.16583255
8230,0.12719725
8231,0.083343506
8232,0.018157966
8233,-0.06500243
8234,-0.1435547
8235,-0.20141602
8236,-0.23797607
8237,-0.2635498
8238,-0.2852173
8239,-0.2928772
8240,-0.27737427
8241,-0.22875977
8242,-0.15545654
8243,-0.073913604
8244,0.0051879883
8245,0.08432007
8246,0.14553833
8247,0.1800537
8248,0.18569948
8249,0.16937256
8250,0.14791869
8251,0.11968994
8252,0.077362075
8253,0.01928714
8254,-0.04241945
8255,-0.101318344
8256,-0.14379884
8257,-0.17840576
8258,-0.20098878
8259,-0.2054138
8260,-0.18328857
8261,-0.14974976
8262,-0.1044617
8263,-0.07211304
8264,-0.029693604
8265,0.04858397
8266,0.12170409
8267,0.17330931
8268,0.2387085
8269,0.31265262
8270,0.35147095
8271,0.3633423
8272,0.36132812
8273,0.356659
8274,0.29367065
8275,0.2723999
8276,0.24694823
8277,0.14953613
8278,0.027008042
8279,-0.01876831
8280,-0.08380127
8281,-0.14468384
8282,-0.13458252
8283,-0.12924196
8284,-0.13430786
8285,-0.06762695
8286,0.056488067
8287,0.12719727
8288,0.21243288
8289,0.25204468
8290,0.2662049
8291,0.20370483
8292,0.12420654
8293,0.032562196
8294,-0.10546884
8295,-0.19937137
8296,-0.2810669
8297,-0.3953553
8298,-0.5209046
8299,-0.58279425
8300,-0.64797974
8301,-0.65136725
8302,-0.60671985
8303,-0.54565436
8304,-0.45401
8305,-0.32324225
8306,-0.13964832
8307,0.06021121
8308,0.2799682
8309,0.45764172
8310,0.6234131
8311,0.7171936
8312,0.7633972
8313,0.7860414
8314,0.7670592
8315,0.73098755
8316,0.6602479
8317,0.54428107
8318,0.37695318
8319,0.18548582
8320,-0.015991211
8321,-0.19949338
8322,-0.35214227
8323,-0.45724487
8324,-0.52532965
8325,-0.5481263
8326,-0.5218811
8327,-0.47247306
8328,-0.38919085
8329,-0.29104617
8330,-0.17858902
8331,-0.0711976
8332,0.029632688
8333,0.1262207
8334,0.20013416
8335,0.25585943
8336,0.29119873
8337,0.30709845
8338,0.29901135
8339,0.27957147
8340,0.24237062
8341,0.19091801
8342,0.13546753
8343,0.08395392
8344,0.027954042
8345,-0.021820098
8346,-0.06918338
8347,-0.111450195
8348,-0.14190674
8349,-0.16256723
8350,-0.16571051
8351,-0.16763306
8352,-0.16812134
8353,-0.16406249
8354,-0.15597534
8355,-0.15466309
8356,-0.14920042
8357,-0.15301514
8358,-0.15521242
8359,-0.15756226
8360,-0.1552124
8361,-0.15347292
8362,-0.15951538
8363,-0.15603636
8364,-0.14318846
8365,-0.11972045
8366,-0.09725952
8367,-0.06668091
8368,-0.029663086
8369,0.0076293796
8370,0.04351808
8371,0.07687375
8372,0.0954895
8373,0.10958862
8374,0.12197876
8375,0.12609862
8376,0.12045285
8377,0.10620119
8378,0.09140012
8379,0.06777957
8380,0.044372544
8381,0.01757814
8382,-0.004333526
8383,-0.027923558
8384,-0.03631593
8385,-0.040863022
8386,-0.040954605
8387,-0.02853394
8388,-0.0127868755
8389,0.006134033
8390,0.019622805
8391,0.041442856
8392,0.055969223
8393,0.072021484
8394,0.08544922
8395,0.09146119
8396,0.09307862
8397,0.09573364
8398,0.091217026
8399,0.08154297
8400,0.06732178
8401,0.051940896
8402,0.039062496
8403,0.01818847
8404,-1.4901161e-08
8405,-0.022705086
8406,-0.041503903
8407,-0.05014039
8408,-0.06304931
8409,-0.07196045
8410,-0.07553102
8411,-0.07910156
8412,-0.079193115
8413,-0.07690428
8414,-0.07284547
8415,-0.067596436
8416,-0.057250977
8417,-0.046173096
8418,-0.041778587
8419,-0.037658688
8420,-0.03268432
8421,-0.02859497
8422,-0.026336655
8423,-0.025634758
8424,-0.023742683
8425,-0.020507827
8426,-0.015441872
8427,-0.0086059645
8428,-0.008422852
8429,-0.0066223294
8430,0.0018310398
8431,0.0077209473
8432,0.016479477
8433,0.021850571
8434,0.029754609
8435,0.03781127
8436,0.04949951
8437,0.058898926
8438,0.06384274
8439,0.06829835
8440,0.07373049
8441,0.079895005
8442,0.08087157
8443,0.083374016
8444,0.08163451
8445,0.08120726
8446,0.07778931
8447,0.073577896
8448,0.06625369
8449,0.06140136
8450,0.05926513
8451,0.056060806
8452,0.053405747
8453,0.050018296
8454,0.050811753
8455,0.046020493
8456,0.045135498
8457,0.04077147
8458,0.03982544
8459,0.03558351
8460,0.033081055
8461,0.024108902
8462,0.014984146
8463,0.0054321587
8464,-0.005218491
8465,-0.013519287
8466,-0.021240234
8467,-0.026702866
8468,-0.03048703
8469,-0.030883804
8470,-0.03482057
8471,-0.036987297
8472,-0.04061892
8473,-0.039886475
8474,-0.04342656
8475,-0.041381836
8476,-0.046478268
8477,-0.047515843
8478,-0.050201412
8479,-0.050811753
8480,-0.052703846
8481,-0.055450413
8482,-0.05413818
8483,-0.05371093
8484,-0.049774155
8485,-0.048095718
8486,-0.041992188
8487,-0.0429077
8488,-0.03689576
8489,-0.03704835
8490,-0.039611816
8491,-0.038940437
8492,-0.039062522
8493,-0.037597638
8494,-0.04064942
8495,-0.039733876
8496,-0.041839596
8497,-0.040649407
8498,-0.04077149
8499,-0.035491943
8500,-0.03137206
8501,-0.024414059
8502,-0.020111084
8503,-0.016448967
8504,-0.0147705
8505,-0.013244629
8506,-0.011810299
8507,-0.013824455
8508,-0.012756355
8509,-0.015930198
8510,-0.015075672
8511,-0.019317642
8512,-0.017669693
8513,-0.019622803
8514,-0.016387947
8515,-0.014495857
8516,-0.010742173
8517,-0.008453358
8518,-0.003021229
8519,0.0020752065
8520,0.0048828423
8521,0.009185832
8522,0.009948727
8523,0.011840824
8524,0.0122985765
8525,0.0139160305
8526,0.015960716
8527,0.017089821
8528,0.018035874
8529,0.02038576
8530,0.022949222
8531,0.02700805
8532,0.028961174
8533,0.030639652
8534,0.032440167
8535,0.035552993
8536,0.035522476
8537,0.036010742
8538,0.034942623
8539,0.032440204
8540,0.0324402
8541,0.032867435
8542,0.031311043
8543,0.026916498
8544,0.026763909
8545,0.024017341
8546,0.021972667
8547,0.021942133
8548,0.018524162
8549,0.017944345
8550,0.015350331
8551,0.017242435
8552,0.015380863
8553,0.012664795
8554,0.012634279
8555,0.011627203
8556,0.009887703
8557,0.007385254
8558,0.008575439
8559,0.0076293983
8560,0.0073242188
8561,0.008972166
8562,0.0064697284
8563,0.0075073205
8564,0.010253906
8565,0.013427734
8566,0.0105896015
8567,0.014678951
8568,0.013244631
8569,0.017181395
8570,0.016204834
8571,0.016815186
8572,0.015625004
8573,0.008819576
8574,0.0128479
8575,0.00564575
8576,0.0037231445
8577,-0.0022583026
8578,-0.0041503906
8579,-0.01144409
8580,-0.010955807
8581,-0.0076293945
8582,-0.005767815
8583,-0.0036010686
8584,0.004882816
8585,0.012847902
8586,0.017608643
8587,0.027069077
8588,0.028045645
8589,0.031372074
8590,0.03161621
8591,0.03631591
8592,0.033782963
8593,0.028778084
8594,0.027130112
8595,0.021209717
8596,0.015472408
8597,0.012481689
8598,0.010223385
8599,0.0067444034
8600,0.0027465746
8601,0.0053100586
8602,0.009124782
8603,0.003356941
8604,0.0050964504
8605,0.0035705715
8606,-0.0012206882
8607,-0.005126953
8608,-0.009613022
8609,-0.019409172
8610,-0.027648926
8611,-0.030914307
8612,-0.034973137
8613,-0.04190065
8614,-0.046478294
8615,-0.043365482
8616,-0.046081565
8617,-0.042785667
8618,-0.03805542
8619,-0.03649903
8620,-0.03741455
8621,-0.035156257
8622,-0.03277588
8623,-0.037628174
8624,-0.036743164
8625,-0.035888664
8626,-0.03311158
8627,-0.029907232
8628,-0.024658192
8629,-0.02468872
8630,-0.028869616
8631,-0.023193352
8632,-0.018493652
8633,-0.011901852
8634,-0.009674061
8635,-0.002349846
8636,0.0019226074
8637,0.0057067983
8638,0.0046386756
8639,0.0007934682
8640,-0.008544918
8641,-0.014923088
8642,-0.017272957
8643,-0.020019528
8644,-0.023406982
8645,-0.02609254
8646,-0.02639772
8647,-0.028015152
8648,-0.019531254
8649,-0.018859874
8650,-0.018798828
8651,-0.019714355
8652,-0.009551998
8653,-0.0057372935
8654,-0.0005798228
8655,0.0036621094
8656,0.00247192
8657,0.017364513
8658,0.019134514
8659,0.022460952
8660,0.013427727
8661,0.019866947
8662,0.026733391
8663,0.028900158
8664,0.034423813
8665,0.028747544
8666,0.025115967
8667,0.02023315
8668,0.024108887
8669,0.010925291
8670,0.00750733
8671,0.007873524
8672,0.009613037
8673,-0.00033569057
8674,-0.0018615662
8675,-0.007812504
8676,-0.015624996
8677,-0.0077514676
8678,0.00021362351
8679,0.0012207059
8680,0.0052795336
8681,0.011199953
8682,0.011688229
8683,0.014434821
8684,0.014373779
8685,0.016845701
8686,0.009735107
8687,0.021026608
8688,0.02514648
8689,0.02960205
8690,0.03533936
8691,0.04089355
8692,0.042053215
8693,0.036315918
8694,0.040222175
8695,0.03378296
8696,0.034393303
8697,0.03005981
8698,0.031219492
8699,0.027618406
8700,0.023315437
8701,0.017852787
8702,0.004821781
8703,-0.0037841685
8704,-0.018310532
8705,-0.018493656
8706,-0.021453865
8707,-0.019042965
8708,-0.013488773
8709,-0.0072326623
8710,-0.0005493276
8711,0.0026855431
8712,0.001129128
8713,-0.004638657
8714,-0.0043945387
8715,-0.01013184
8716,-0.005859386
8717,-0.009948738
8718,-0.01571654
8719,-0.01684571
8720,-0.022369377
8721,-0.024749761
8722,-0.032012932
8723,-0.039642327
8724,-0.046600327
8725,-0.041381843
8726,-0.04312134
8727,-0.03817749
8728,-0.038879395
8729,-0.03619384
8730,-0.034729008
8731,-0.041839592
8732,-0.04193116
8733,-0.047424316
8734,-0.052734375
8735,-0.05734252
8736,-0.05065919
8737,-0.058715824
8738,-0.05590821
8739,-0.05487061
8740,-0.047149666
8741,-0.041809052
8742,-0.03167726
8743,-0.02575685
8744,-0.027130105
8745,-0.016540527
8746,-0.004730247
8747,0.0055236667
8748,0.008728035
8749,0.01876831
8750,0.023986809
8751,0.022216797
8752,0.025512688
8753,0.021881089
8754,0.02136232
8755,0.028656006
8756,0.04351805
8757,0.043823257
8758,0.04135131
8759,0.045776345
8760,0.045989983
8761,0.050903354
8762,0.05383298
8763,0.05932617
8764,0.05630493
8765,0.054412846
8766,0.061676014
8767,0.05859374
8768,0.05316162
8769,0.05621341
8770,0.06365968
8771,0.06277467
8772,0.061798096
8773,0.058746316
8774,0.053436294
8775,0.053955078
8776,0.05236817
8777,0.05300902
8778,0.03903196
8779,0.03253173
8780,0.021820068
8781,0.009582497
8782,0.000518769
8783,-0.0026245043
8784,-0.004302986
8785,-0.0095214695
8786,-0.012634285
8787,-0.015502915
8788,-0.022796616
8789,-0.019866921
8790,-0.020233147
8791,-0.02023314
8792,-0.022827141
8793,-0.021087639
8794,-0.018463135
8795,-0.021148674
8796,-0.021667454
8797,-0.02188113
8798,-0.02175904
8799,-0.022338882
8800,-0.020996103
8801,-0.031860374
8802,-0.037597656
8803,-0.037170388
8804,-0.034179684
8805,-0.033477783
8806,-0.037872322
8807,-0.042694088
8808,-0.039855957
8809,-0.033020005
8810,-0.025726318
8811,-0.023101788
8812,-0.016448967
8813,-0.0040588304
8814,0.0062866285
8815,0.012390122
8816,0.010192871
8817,0.015563972
8818,0.015838627
8819,0.027496327
8820,0.026947023
8821,0.020751948
8822,0.01690674
8823,0.013793945
8824,0.017791746
8825,0.012268058
8826,0.011016841
8827,0.0053710965
8828,0.0066833477
8829,0.005554188
8830,0.010894775
8831,0.0043640137
8832,0.003265379
8833,0.006134037
8834,0.007080082
8835,0.005493164
8836,-0.0005493164
8837,-0.0007934496
8838,-0.0031127818
8839,0.0010376088
8840,0.00021363795
8841,6.105006e-05
8842,-0.004272461
8843,-0.0024719313
8844,-0.002838131
8845,-0.0007324219
8846,0.0018310566
8847,0.0044555627
8848,0.007415764
8849,0.006408683
8850,0.008850092
8851,0.0077819778
8852,0.01074218
8853,0.004302971
8854,0.0023193415
8855,-0.004699695
8856,-0.008605952
8857,-0.01641845
8858,-0.022308351
8859,-0.024322513
8860,-0.03192138
8861,-0.027282711
8862,-0.031341545
8863,-0.033996586
8864,-0.0395813
8865,-0.037994385
8866,-0.034118652
8867,-0.023010256
8868,-0.0138549805
8869,-0.010009766
8870,-0.0043640137
8871,0.0028076181
8872,0.01571655
8873,0.017669678
8874,0.02636719
8875,0.020263674
8876,0.025634766
8877,0.026367188
8878,0.021881104
8879,0.020172117
8880,0.012695314
8881,0.0078124986
8882,-0.00012207031
8883,-0.00442505
8884,-0.0178833
8885,-0.024871826
8886,-0.029815674
8887,-0.017913816
8888,-0.011077882
8889,-0.003845214
8890,0.0009765625
8891,-0.007232666
8892,-0.01028442
8893,-0.012481694
8894,-0.01623535
8895,-0.02102661
8896,-0.017791746
8897,-0.010528566
8898,-0.005401607
8899,-0.005493165
8900,-0.008300777
8901,-0.006561279
8902,0.008758545
8903,0.034790035
8904,0.05950927
8905,0.07684328
8906,0.08795167
8907,0.094573975
8908,0.0941162
8909,0.07412721
8910,0.04238891
8911,0.004364021
8912,-0.030273441
8913,-0.06219484
8914,-0.09048463
8915,-0.113006584
8916,-0.12109374
8917,-0.11132814
8918,-0.10543823
8919,-0.107666016
8920,-0.116302475
8921,-0.110076904
8922,-0.094177246
8923,-0.06268311
8924,-0.03445436
8925,-0.00869748
8926,0.009307861
8927,0.023010258
8928,0.028991692
8929,0.024292015
8930,0.03048706
8931,0.046295173
8932,0.074249245
8933,0.09634398
8934,0.11709595
8935,0.124755874
8936,0.13046266
8937,0.13385007
8938,0.12930298
8939,0.11825562
8940,0.10195924
8941,0.08425903
8942,0.06085206
8943,0.039215088
8944,0.015411384
8945,-0.0055847093
8946,-0.02737429
8947,-0.047058113
8948,-0.064636245
8949,-0.076263435
8950,-0.079498306
8951,-0.0732117
8952,-0.06231691
8953,-0.043334976
8954,-0.014129639
8955,0.0115356445
8956,0.038269058
8957,0.057403542
8958,0.07754517
8959,0.096801765
8960,0.11065674
8961,0.110809326
8962,0.09365846
8963,0.06494142
8964,0.028411865
8965,-0.009399407
8966,-0.049591083
8967,-0.08349611
8968,-0.11328126
8969,-0.13046263
8970,-0.14141847
8971,-0.14877322
8972,-0.14251709
8973,-0.12896726
8974,-0.09838866
8975,-0.064147934
8976,-0.027191151
8977,0.0059814416
8978,0.033935536
8979,0.055938713
8980,0.07308962
8981,0.07925413
8982,0.079742454
8983,0.07467651
8984,0.06500244
8985,0.050109852
8986,0.02658081
8987,0.0006713718
8988,-0.026641855
8989,-0.050018292
8990,-0.0723877
8991,-0.091156006
8992,-0.11096192
8993,-0.12332152
8994,-0.13131714
8995,-0.13470459
8996,-0.13946532
8997,-0.14083862
8998,-0.1362915
8999,-0.13027954
9000,-0.12023925
9001,-0.1128235
9002,-0.104034394
9003,-0.09869387
9004,-0.08767699
9005,-0.0744324
9006,-0.06335448
9007,-0.05130005
9008,-0.03930664
9009,-0.0234375
9010,-0.011474609
9011,0.0036925972
9012,0.018920884
9013,0.0335083
9014,0.04864499
9015,0.06842041
9016,0.082733154
9017,0.09542847
9018,0.10787961
9019,0.12118533
9020,0.13430786
9021,0.14419559
9022,0.15493774
9023,0.16079712
9024,0.16375734
9025,0.16717534
9026,0.16635132
9027,0.16787718
9028,0.16891478
9029,0.16897584
9030,0.1659851
9031,0.15905756
9032,0.1540222
9033,0.14572142
9034,0.13687128
9035,0.12661745
9036,0.11749269
9037,0.106048554
9038,0.098846436
9039,0.08407593
9040,0.07324219
9041,0.06085202
9042,0.049072325
9043,0.043670654
9044,0.031921387
9045,0.02420044
9046,0.016174346
9047,0.010864258
9048,0.0076293945
9049,0.0030822754
9050,-0.001464814
9051,-0.0076293945
9052,-0.015045196
9053,-0.02178955
9054,-0.03060913
9055,-0.040008545
9056,-0.05072023
9057,-0.060089156
9058,-0.068939164
9059,-0.07461546
9060,-0.082611084
9061,-0.089843765
9062,-0.09262083
9063,-0.097290024
9064,-0.09902957
9065,-0.10253907
9066,-0.098724365
9067,-0.1020813
9068,-0.09634401
9069,-0.09484864
9070,-0.095092766
9071,-0.09524536
9072,-0.09701541
9073,-0.09579468
9074,-0.100036606
9075,-0.097290054
9076,-0.10122678
9077,-0.0996399
9078,-0.0973816
9079,-0.08914183
9080,-0.088836685
9081,-0.084167495
9082,-0.07678222
9083,-0.07226562
9084,-0.05947879
9085,-0.048675567
9086,-0.03747557
9087,-0.029327407
9088,-0.01556395
9089,-0.0074768066
9090,-0.0019531101
9091,-0.0007019043
9092,0.004547134
9093,0.0065307915
9094,0.009460464
9095,0.0075072944
9096,0.0030517727
9097,-0.0015869066
9098,-0.0029907003
9099,-0.002716057
9100,-0.00491336
9101,-0.003936775
9102,-0.003448464
9103,0.00027466565
9104,0.002105683
9105,0.0053710863
9106,0.0074768327
9107,0.013031013
9108,0.015411366
9109,0.020782463
9110,0.021484379
9111,0.024261456
9112,0.029876705
9113,0.03515625
9114,0.03399658
9115,0.03201294
9116,0.03219604
9117,0.028503403
9118,0.030456554
9119,0.03140261
9120,0.035003655
9121,0.03237915
9122,0.035644554
9123,0.031799328
9124,0.025817875
9125,0.020721449
9126,0.021606464
9127,0.023956304
9128,0.026061999
9129,0.028045643
9130,0.023071289
9131,0.021423321
9132,0.02035523
9133,0.022338862
9134,0.018402085
9135,0.018463138
9136,0.017822258
9137,0.018249504
9138,0.018219002
9139,0.02041626
9140,0.017913822
9141,0.020629888
9142,0.019927988
9143,0.018676769
9144,0.014434813
9145,0.01071167
9146,0.011352535
9147,0.013031006
9148,0.014312744
9149,0.013641356
9150,0.008117672
9151,0.0018005371
9152,0.0008239746
9153,-0.002166748
9154,0.00094604306
9155,-0.0011901855
9156,0.0002441425
9157,-0.0015258752
9158,-0.0059814453
9159,-0.007751463
9160,-0.012268063
9161,-0.01422119
9162,-0.012786867
9163,-0.009033203
9164,-0.010833739
9165,-0.0076293955
9166,-0.007507327
9167,-0.0012512226
9168,3.0518393e-05
9169,0.0055541964
9170,0.010375974
9171,0.013427734
9172,0.021545408
9173,0.023315433
9174,0.025329586
9175,0.021575924
9176,0.024902347
9177,0.023498537
9178,0.02087402
9179,0.019561771
9180,0.011993413
9181,0.010864254
9182,0.0094299335
9183,0.008209221
9184,0.007965086
9185,0.005432129
9186,0.005004894
9187,0.003387466
9188,0.0020446703
9189,-0.004333485
9190,-0.0034484752
9191,-0.006530758
9192,-7.450581e-09
9193,-0.0002136156
9194,-0.0018920973
9195,-0.0021362305
9196,-0.007781975
9197,-0.0047607496
9198,-0.005279552
9199,-0.0009765625
9200,-0.0005187914
9201,0.0045776293
9202,0.006317135
9203,0.0068969615
9204,0.008483883
9205,0.0050964355
9206,0.007751476
9207,0.005188003
9208,0.0078124907
9209,0.0053405836
9210,0.005157469
9211,0.002502432
9212,-0.00079345517
9213,-0.0025939923
9214,-0.008972177
9215,-0.010864245
9216,-0.018463127
9217,-0.020812994
9218,-0.02664185
9219,-0.029663093
9220,-0.033935547
9221,-0.035858154
9222,-0.037994385
9223,-0.03829956
9224,-0.03857422
9225,-0.0375061
9226,-0.034240726
9227,-0.032745365
9228,-0.03005981
9229,-0.026611332
9230,-0.022186281
9231,-0.0199585
9232,-0.018585205
9233,-0.017730715
9234,-0.013000485
9235,-0.012969978
9236,-0.008483894
9237,-0.0113525465
9238,-0.012481675
9239,-0.012420651
9240,-0.01425172
9241,-0.012908928
9242,-0.01977538
9243,-0.016662579
9244,-0.017730702
9245,-0.014617901
9246,-0.014221199
9247,-0.0148315355
9248,-0.014343258
9249,-0.013885491
9250,-0.007568378
9251,-0.0046081617
9252,-0.0007629432
9253,0.0031738281
9254,0.010162342
9255,0.01425169
9256,0.018341057
9257,0.020416241
9258,0.01870729
9259,0.022247303
9260,0.021362294
9261,0.024047859
9262,0.021331795
9263,0.020904537
9264,0.021179214
9265,0.017395025
9266,0.023925776
9267,0.017425546
9268,0.01913451
9269,0.016540539
9270,0.01651
9271,0.014892584
9272,0.010772713
9273,0.010742188
9274,0.005859372
9275,0.0055541964
9276,0.008728021
9277,0.011901852
9278,0.0064086933
9279,0.012023917
9280,0.011047361
9281,0.014221192
9282,0.01663208
9283,0.018157959
9284,0.023193356
9285,0.025604248
9286,0.033966064
9287,0.029754639
9288,0.025299072
9289,0.019287108
9290,0.015197754
9291,0.006713867
9292,0.00363159
9293,-0.0028991718
9294,-0.009582518
9295,-0.009643555
9296,-0.010589603
9297,-0.010284424
9298,-0.014556883
9299,-0.010803223
9300,-0.013641359
9301,-0.011932371
9302,-0.009185789
9303,-0.0025939941
9304,0.00064086914
9305,0.010681153
9306,0.012817383
9307,0.012939453
9308,0.01144409
9309,0.008300776
9310,0.006530759
9311,0.004577636
9312,0.00906372
9313,0.009124753
9314,0.009796142
9315,0.0073242188
9316,0.007476801
9317,0.0003662128
9318,0.0054626446
9319,0.0032958984
9320,0.00289917
9321,0.0011901893
9322,0.0018005371
9323,0.002319336
9324,-0.0020751934
9325,-0.0025939923
9326,-0.010467529
9327,-0.010467529
9328,-0.015594482
9329,-0.01852417
9330,-0.026977539
9331,-0.025878906
9332,-0.028076172
9333,-0.025634764
9334,-0.025970459
9335,-0.028106691
9336,-0.02566528
9337,-0.027801514
9338,-0.020233162
9339,-0.023223883
9340,-0.020202633
9341,-0.020324714
9342,-0.01837159
9343,-0.019897463
9344,-0.01898193
9345,-0.019012455
9346,-0.017181406
9347,-0.0113220215
9348,-0.006744392
9349,0.0010986365
9350,0.0015258826
9351,0.009979263
9352,0.011077881
9353,0.01791384
9354,0.02450563
9355,0.02365112
9356,0.022979744
9357,0.015686039
9358,0.01373291
9359,0.0072631687
9360,0.0037536602
9361,0.0008544829
9362,-0.0029602135
9363,-0.008209229
9364,-0.012786863
9365,-0.014526369
9366,-0.019439708
9367,-0.011413575
9368,-0.008972175
9369,-0.0006103469
9370,0.001983644
9371,0.006164562
9372,0.009216316
9373,0.00662233
9374,0.009765627
9375,0.00018309336
9376,0.00088500464
9377,-0.0044860905
9378,-0.00634766
9379,-0.011199952
9380,-0.011230471
9381,-0.009521487
9382,-0.009979255
9383,-0.00827027
9384,-0.014831544
9385,-0.017517095
9386,-0.020965584
9387,-0.011596687
9388,-0.007843018
9389,-0.0011596736
9390,0.010284428
9391,0.009399414
9392,0.013885498
9393,0.011474617
9394,0.010314953
9395,0.007263195
9396,0.01184082
9397,0.013732918
9398,0.012359619
9399,0.011016851
9400,0.009368898
9401,0.004791254
9402,0.0009460356
9403,0.0014648382
9404,-0.00018310174
9405,0.0003967192
9406,0.0039367583
9407,0.0054931585
9408,0.005096437
9409,0.0075073205
9410,0.010925297
9411,0.011688234
9412,0.01272583
9413,0.01559449
9414,0.01504517
9415,0.017913826
9416,0.018707275
9417,0.02218628
9418,0.021392822
9419,0.023010254
9420,0.020874023
9421,0.018554688
9422,0.016510008
9423,0.016693113
9424,0.01828003
9425,0.014038088
9426,0.012115475
9427,0.0043945275
9428,0.00039672852
9429,-0.005859373
9430,-0.009277346
9431,-0.015838625
9432,-0.0184021
9433,-0.018615725
9434,-0.018096924
9435,-0.018249512
9436,-0.022491455
9437,-0.019348146
9438,-0.02511597
9439,-0.024078375
9440,-0.02679444
9441,-0.03189087
9442,-0.031341553
9443,-0.029357914
9444,-0.023376474
9445,-0.019073486
9446,-0.013580322
9447,-0.008880617
9448,-0.0042724684
9449,-0.00015259162
9450,0.0056457594
9451,0.009033216
9452,0.014923096
9453,0.02096558
9454,0.025695797
9455,0.02914429
9456,0.029937759
9457,0.029785167
9458,0.031188954
9459,0.031524647
9460,0.031555183
9461,0.029357914
9462,0.03152466
9463,0.035217278
9464,0.03607177
9465,0.04095459
9466,0.03781127
9467,0.034637447
9468,0.035888664
9469,0.032775864
9470,0.029418949
9471,0.024108913
9472,0.020477295
9473,0.017486565
9474,0.011932358
9475,0.009277351
9476,0.0016174391
9477,-0.0015258864
9478,-0.005371079
9479,-0.009368882
9480,-0.010406509
9481,-0.010437004
9482,-0.010314912
9483,-0.011657722
9484,-0.0067749023
9485,-0.0008544624
9486,-0.0022888072
9487,-0.0040588416
9488,-0.005401604
9489,-0.009887688
9490,-0.0056762733
9491,0.004211463
9492,0.0022277832
9493,0.00030516647
9494,0.0010986198
9495,0.0066833664
9496,0.006378174
9497,0.008850094
9498,0.010528574
9499,0.0067444053
9500,0.009674057
9501,0.013702398
9502,0.0125122145
9503,0.00802611
9504,0.010711687
9505,0.012207039
9506,0.0072021596
9507,0.001159668
9508,-0.0068359394
9509,-0.021575935
9510,-0.024810806
9511,-0.026794448
9512,-0.032135002
9513,-0.04028321
9514,-0.046905518
9515,-0.05133057
9516,-0.06256102
9517,-0.064086914
9518,-0.06494142
9519,-0.064239495
9520,-0.0637207
9521,-0.059875473
9522,-0.060760505
9523,-0.059448227
9524,-0.055328377
9525,-0.053131104
9526,-0.056945793
9527,-0.060394295
9528,-0.06219484
9529,-0.067871094
9530,-0.07223511
9531,-0.07644655
9532,-0.0788269
9533,-0.07855226
9534,-0.07287599
9535,-0.068939224
9536,-0.06478882
9537,-0.058197036
9538,-0.046356216
9539,-0.042633057
9540,-0.033386216
9541,-0.029907212
9542,-0.026733384
9543,-0.025787324
9544,-0.02160643
9545,-0.020446762
9546,-0.024383545
9547,-0.01852414
9548,-0.024963364
9549,-0.023773178
9550,-0.026153594
9551,-0.019165039
9552,-0.016784653
9553,-0.0055541694
9554,0.0054626465
9555,0.014038071
9556,0.025238022
9557,0.033203155
9558,0.044555694
9559,0.046966583
9560,0.062042236
9561,0.06555179
9562,0.07485965
9563,0.076110855
9564,0.08230592
9565,0.08386229
9566,0.0891113
9567,0.09307866
9568,0.092987075
9569,0.09509279
9570,0.09594722
9571,0.09796144
9572,0.099853516
9573,0.10125734
9574,0.099853516
9575,0.10858154
9576,0.108856186
9577,0.115417495
9578,0.116485596
9579,0.12338257
9580,0.12512207
9581,0.12661745
9582,0.12454225
9583,0.11587526
9584,0.106994644
9585,0.10064696
9586,0.09606935
9587,0.08193973
9588,0.0755005
9589,0.059509262
9590,0.049499497
9591,0.033721954
9592,0.023712143
9593,0.0075683296
9594,-0.0053100735
9595,-0.009796128
9596,-0.01770021
9597,-0.020355254
9598,-0.030273438
9599,-0.029876709
9600,-0.03781128
9601,-0.035766587
9602,-0.035156235
9603,-0.030181885
9604,-0.027526855
9605,-0.017578125
9606,-0.011108369
9607,-0.011260986
9608,-0.012939453
9609,-0.020812988
9610,-0.020568833
9611,-0.028289802
9612,-0.027435318
9613,-0.030883811
9614,-0.040649407
9615,-0.04275515
9616,-0.04394532
9617,-0.043273974
9618,-0.04592895
9619,-0.037506115
9620,-0.025024429
9621,-0.020904548
9622,-0.016021702
9623,-0.0051879957
9624,0.0015564002
9625,0.004547108
9626,0.009368919
9627,0.005279526
9628,0.0025940165
9629,-0.0034484453
9630,-0.0007934645
9631,-0.014587384
9632,-0.023132306
9633,-0.020080555
9634,-0.02270509
9635,-0.026153576
9636,-0.037231434
9637,-0.044982918
9638,-0.05209348
9639,-0.055694584
9640,-0.06820679
9641,-0.09005738
9642,-0.112701416
9643,-0.11825563
9644,-0.11550905
9645,-0.10733032
9646,-0.09173585
9647,-0.07418825
9648,-0.040985107
9649,-0.00729369
9650,0.025848363
9651,0.048553504
9652,0.06518555
9653,0.080017105
9654,0.09210204
9655,0.09234619
9656,0.07873537
9657,0.05953979
9658,0.03640748
9659,0.007263176
9660,-0.024322512
9661,-0.05911255
9662,-0.09432984
9663,-0.1300354
9664,-0.16171265
9665,-0.18850708
9666,-0.2102356
9667,-0.22180173
9668,-0.22897339
9669,-0.23455805
9670,-0.23791504
9671,-0.23846431
9672,-0.23602293
9673,-0.21408075
9674,-0.1770935
9675,-0.121856704
9676,-0.05834961
9677,0.014587432
9678,0.072631866
9679,0.12643428
9680,0.16122434
9681,0.1795043
9682,0.18524173
9683,0.17752072
9684,0.15563962
9685,0.11038202
9686,0.06454468
9687,0.0050964653
9688,-0.04144287
9689,-0.08370963
9690,-0.11013794
9691,-0.14376831
9692,-0.16342163
9693,-0.15188588
9694,-0.14501955
9695,-0.1119995
9696,-0.051910385
9697,0.021179259
9698,0.07232669
9699,0.14666745
9700,0.2390747
9701,0.31002796
9702,0.36386108
9703,0.43927008
9704,0.4933777
9705,0.4581604
9706,0.47354126
9707,0.49984747
9708,0.40493774
9709,0.26559454
9710,0.18157959
9711,0.13031006
9712,-0.02343753
9713,-0.1715392
9714,-0.2983398
9715,-0.4455567
9716,-0.48355097
9717,-0.43078613
9718,-0.44616693
9719,-0.51214606
9720,-0.41754144
9721,-0.26516736
9722,-0.18463136
9723,-0.10794063
9724,-0.0108947605
9725,0.05078128
9726,0.16775513
9727,0.2816162
9728,0.27111816
9729,0.25509647
9730,0.27352905
9731,0.3208313
9732,0.27264404
9733,0.1430665
9734,0.015899703
9735,-0.14981087
9736,-0.2516479
9737,-0.29107678
9738,-0.38043213
9739,-0.43499756
9740,-0.41015625
9741,-0.34973145
9742,-0.26055908
9743,-0.16915894
9744,-0.048736542
9745,0.12075807
9746,0.29855347
9747,0.45193475
9748,0.5779114
9749,0.6664734
9750,0.72787476
9751,0.74383545
9752,0.7122802
9753,0.6259155
9754,0.49600214
9755,0.3493042
9756,0.20263666
9757,0.06787115
9758,-0.057556093
9759,-0.16467279
9760,-0.24700934
9761,-0.30529776
9762,-0.3480224
9763,-0.36517334
9764,-0.3680724
9765,-0.35610962
9766,-0.32516474
9767,-0.27255255
9768,-0.21749869
9769,-0.16427618
9770,-0.095703065
9771,-0.028595
9772,0.032135025
9773,0.088226244
9774,0.13442992
9775,0.16159055
9776,0.17675774
9777,0.17932138
9778,0.16983037
9779,0.1465455
9780,0.12191768
9781,0.096282996
9782,0.046020493
9783,-0.0074463338
9784,-0.06863397
9785,-0.13955685
9786,-0.20050044
9787,-0.24508667
9788,-0.2788696
9789,-0.29922488
9790,-0.30230713
9791,-0.29483035
9792,-0.27514648
9793,-0.24639894
9794,-0.199646
9795,-0.15368652
9796,-0.1021118
9797,-0.04565429
9798,0.0032958873
9799,0.044036865
9800,0.07818605
9801,0.10150146
9802,0.11361693
9803,0.11709592
9804,0.114746064
9805,0.10137939
9806,0.08404541
9807,0.06826782
9808,0.044403046
9809,0.025329605
9810,0.009796143
9811,-0.00088499486
9812,-0.016571056
9813,-0.027954087
9814,-0.0437622
9815,-0.057678223
9816,-0.0725708
9817,-0.07946777
9818,-0.083221436
9819,-0.08840944
9820,-0.07788086
9821,-0.07150269
9822,-0.058624268
9823,-0.04641725
9824,-0.034057617
9825,-0.022521973
9826,-0.008453388
9827,0.005615242
9828,0.01473996
9829,0.018707283
9830,0.021881115
9831,0.023010246
9832,0.013854966
9833,0.007934593
9834,-0.006744355
9835,-0.024383537
9836,-0.03717038
9837,-0.050567612
9838,-0.06307983
9839,-0.076202385
9840,-0.082550034
9841,-0.084747314
9842,-0.08453368
9843,-0.07501221
9844,-0.065277115
9845,-0.052947998
9846,-0.0333862
9847,-0.012237534
9848,0.0075072944
9849,0.027801529
9850,0.042297363
9851,0.05804445
9852,0.06793217
9853,0.07669069
9854,0.0814514
9855,0.08004758
9856,0.07852174
9857,0.07672119
9858,0.07327269
9859,0.06939694
9860,0.0675659
9861,0.06668086
9862,0.07244876
9863,0.07269284
9864,0.084167495
9865,0.08581543
9866,0.091491714
9867,0.09893799
9868,0.10238649
9869,0.10958862
9870,0.110626206
9871,0.11715699
9872,0.11203005
9873,0.110321045
9874,0.10137938
9875,0.09832764
9876,0.09027098
9877,0.087585464
9878,0.084411636
9879,0.0786438
9880,0.07965088
9881,0.07385257
9882,0.071899444
9883,0.066284195
9884,0.06552124
9885,0.06030275
9886,0.059020996
9887,0.05871582
9888,0.057373077
9889,0.053314194
9890,0.051879853
9891,0.043884248
9892,0.041229248
9893,0.031799316
9894,0.024047837
9895,0.012847871
9896,0.005493164
9897,-0.007843018
9898,-0.023101822
9899,-0.037597656
9900,-0.06231688
9901,-0.07015994
9902,-0.09027101
9903,-0.096343994
9904,-0.109954834
9905,-0.11090088
9906,-0.110137954
9907,-0.10464482
9908,-0.09005737
9909,-0.082061775
9910,-0.063690186
9911,-0.054870594
9912,-0.03689577
9913,-0.028320312
9914,-0.016845688
9915,-0.011352543
9916,-0.0102233775
9917,-0.011352547
9918,-0.017028823
9919,-0.025451645
9920,-0.040618896
9921,-0.048675552
9922,-0.06124878
9923,-0.065887466
9924,-0.06951906
9925,-0.07583617
9926,-0.08026123
9927,-0.07821657
9928,-0.074188225
9929,-0.07040405
9930,-0.06094359
9931,-0.057067864
9932,-0.049987793
9933,-0.04437256
9934,-0.037200928
9935,-0.035644535
9936,-0.03353882
9937,-0.029785164
9938,-0.029510505
9939,-0.0328369
9940,-0.03710939
9941,-0.0388794
9942,-0.0454712
9943,-0.043426514
9944,-0.05050659
9945,-0.04800415
9946,-0.049346924
9947,-0.045532234
9948,-0.043609597
9949,-0.045684822
9950,-0.039367676
9951,-0.037445053
9952,-0.025512688
9953,-0.02471923
9954,-0.01727295
9955,-0.016845688
9956,-0.008514419
9957,-0.008178696
9958,-0.006317124
9959,-0.0037231296
9960,-0.0036316067
9961,0.004180908
9962,0.0077209473
9963,0.012084931
9964,0.009674042
9965,0.016052246
9966,0.0148010105
9967,0.022399873
9968,0.02066037
9969,0.025634766
9970,0.028167725
9971,0.031555183
9972,0.036468484
9973,0.03732302
9974,0.038940422
9975,0.042144783
9976,0.04733277
9977,0.047912594
9978,0.048583984
9979,0.045349114
9980,0.04992675
9981,0.04974363
9982,0.053771965
9983,0.052856434
9984,0.0510559
9985,0.048400868
9986,0.051544204
9987,0.04702756
9988,0.044738755
9989,0.040130615
9990,0.036712646
9991,0.035095222
9992,0.031066889
9993,0.02929689
9994,0.020690918
9995,0.023864761
9996,0.021698005
9997,0.02011108
9998,0.015228253
9999,0.0146789625
10000,0.007751465
10001,0.008758534
10002,0.010101318
10003,0.010681145
10004,0.009887695
10005,0.009796143
10006,0.01315308
10007,0.0017700046
10008,0.0042114183
10009,0.0082092285
10010,0.009887695
10011,0.0068359375
10012,0.011505129
10013,0.008270271
10014,0.008361824
10015,0.008667009
10016,0.01403808
10017,0.008514406
10018,0.010345453
10019,0.017944336
10020,0.007049568
10021,0.0027465802
10022,-0.006408708
10023,-0.012451172
10024,-0.016723637
10025,-0.015258804
10026,-0.017517094
10027,-0.014282219
10028,-0.017578121
10029,-0.01065064
10030,-0.013488762
10031,-0.011169434
10032,-0.008483883
10033,-0.003417967
10034,0.0014648438
10035,0.005981438
10036,0.009765629
10037,0.008117681
10038,0.013305664
10039,0.01144409
10040,0.012878416
10041,0.012481693
10042,0.0115966685
10043,0.0032348689
10044,0.011749269
10045,0.003723137
10046,-0.0008239709
10047,0.00317383
10048,-0.009765625
10049,-0.010253908
10050,-0.018493649
10051,-0.019927977
10052,-0.027221676
10053,-0.026458744
10054,-0.028503418
10055,-0.029388424
10056,-0.030883789
10057,-0.028045656
10058,-0.021362303
10059,-0.018157959
10060,-0.006286623
10061,9.155099e-05
10062,0.0075683612
10063,0.0100708
10064,0.0134887695
10065,0.007324221
10066,0.0042114295
10067,0.0032959003
10068,-0.0038146973
10069,-0.008880619
10070,-0.011352539
10071,-0.016906738
10072,-0.017120361
10073,-0.015808107
10074,-0.018188477
10075,-0.024505613
10076,-0.027954103
10077,-0.026641848
10078,-0.023681639
10079,-0.01654053
10080,-0.015686039
10081,-0.00985718
10082,-0.014160154
10083,-0.011047365
10084,-0.011749269
10085,-0.013854982
10086,-0.015960691
10087,-0.018035892
10088,-0.0073242225
10089,-0.009948729
10090,-0.0018615704
10091,-0.004608156
10092,0.00051879324
10093,0.008117681
10094,0.019042972
10095,0.030609135
10096,0.035064705
10097,0.038116455
10098,0.040100098
10099,0.051055916
10100,0.04815675
10101,0.05166626
10102,0.03933716
10103,0.032287598
10104,0.027404783
10105,0.01635742
10106,0.013122568
10107,0.0064086877
10108,0.004302973
10109,0.002105711
10110,0.0126342885
10111,0.0109253
10112,0.010131814
10113,0.016845703
10114,0.029693596
10115,0.035095222
10116,0.035003677
10117,0.035583496
10118,0.023223862
10119,0.008453369
10120,-0.0036315657
10121,-0.014984123
10122,-0.04141237
10123,-0.060455315
10124,-0.06970213
10125,-0.084381126
10126,-0.085632324
10127,-0.07839966
10128,-0.07556153
10129,-0.071105964
10130,-0.05548095
10131,-0.042968735
10132,-0.03308107
10133,-0.013641369
10134,0.0043334924
10135,0.01745605
10136,0.02038576
10137,0.021911632
10138,0.012390126
10139,-0.002716057
10140,-0.010192867
10141,-0.01766967
10142,-0.020935073
10143,-0.027282722
10144,-0.023986846
10145,-0.032440223
10146,-0.027038552
10147,-0.026275642
10148,-0.018829368
10149,-0.00534058
10150,-0.002105683
10151,0.010803245
10152,0.010711677
10153,0.021026615
10154,0.020324714
10155,0.030914318
10156,0.033355728
10157,0.030883823
10158,0.02597043
10159,0.02883912
10160,0.030212414
10161,0.023040777
10162,0.030029302
10163,0.02496336
10164,0.035125714
10165,0.03363035
10166,0.03976442
10167,0.03289795
10168,0.026214605
10169,0.031463616
10170,0.032043472
10171,0.034179695
10172,0.029296873
10173,0.026885986
10174,0.025329582
10175,0.02526857
10176,0.028045662
10177,0.021789562
10178,0.010101318
10179,0.006713882
10180,0.0058288425
10181,0.0018615909
10182,-0.005798351
10183,-0.01068116
10184,-0.011871345
10185,-0.0039978065
10186,-0.0010070838
10187,0.0007324219
10188,0.0012512226
10189,-0.0029296987
10190,-0.0027160496
10191,0.0029601976
10192,0.004272472
10193,-0.015960693
10194,-0.022064202
10195,-0.026550293
10196,-0.033081047
10197,-0.039184563
10198,-0.04483033
10199,-0.04901123
10200,-0.06079102
10201,-0.053985596
10202,-0.0452881
10203,-0.053619385
10204,-0.04797363
10205,-0.028900154
10206,-0.01800537
10207,-0.015563957
10208,0.0053710938
10209,0.008209243
10210,0.0012817495
10211,0.010559082
10212,0.020843513
10213,0.021240257
10214,0.018341076
10215,0.027740475
10216,0.0146484375
10217,0.011383042
10218,0.013214104
10219,0.014038071
10220,-0.000579834
10221,0.001007067
10222,0.011413569
10223,0.0060119648
10224,0.0062866304
10225,-0.002990726
10226,-0.00033569706
10227,-0.004211421
10228,0.003692626
10229,0.005645762
10230,0.002197274
10231,0.0005188063
10232,0.004669195
10233,0.011535656
10234,0.007659914
10235,0.011993401
10236,0.015167231
10237,0.021179188
10238,0.010253909
10239,0.016967772
10240,0.013793945
10241,0.008026123
10242,0.004058838
10243,-0.006317137
10244,-0.014099119
10245,-0.024536138
10246,-0.018066408
10247,-0.025329594
10248,-0.027801514
10249,-0.019500732
10250,-0.0099487305
10251,-0.008239744
10252,0.002014163
10253,0.012054444
10254,0.018524174
10255,0.033294678
10256,0.038848877
10257,0.037017822
10258,0.0222168
10259,0.019531252
10260,0.012573243
10261,0.0031433096
10262,-0.006652832
10263,-0.014404298
10264,-0.021759033
10265,-0.020782473
10266,-0.017333988
10267,-0.015136721
10268,-0.014343262
10269,-0.013549803
10270,-0.003784179
10271,0.0016479511
10272,0.008605955
10273,0.008178712
10274,0.015167238
10275,0.0142211905
10276,0.019897461
10277,0.016601562
10278,0.01083374
10279,0.0074462895
10280,0.0004882822
10281,0.0037841816
10282,-0.00091552734
10283,-0.0012817383
10284,-0.008850095
10285,-0.010711667
10286,-0.013977053
10287,-0.019470219
10288,-0.022247313
10289,-0.02319336
10290,-0.028289795
10291,-0.02697754
10292,-0.021240238
10293,-0.021179201
10294,-0.014739991
10295,-0.013275147
10296,-0.010589599
10297,-0.00857544
10298,-0.00070190337
10299,0.0046691904
10300,0.0047302246
10301,0.0064697266
10302,0.013488768
10303,0.01473999
10304,0.015960693
10305,0.013793947
10306,0.004699709
10307,0.0026855487
10308,0.0016784649
10309,0.0027160626
10310,0.0007629432
10311,0.0013732929
10312,0.0025024395
10313,0.003326416
10314,0.00534058
10315,0.005859374
10316,0.008911135
10317,0.015838627
10318,0.025543211
10319,0.030181881
10320,0.034912113
10321,0.0393982
10322,0.03677368
10323,0.036529534
10324,0.027770996
10325,0.01950074
10326,0.013519287
10327,0.0049743615
10328,-0.0033569336
10329,-0.015167244
10330,-0.02706908
10331,-0.036376953
10332,-0.038391117
10333,-0.044189468
10334,-0.050201416
10335,-0.047424305
10336,-0.032012947
10337,-0.012237553
10338,0.012145985
10339,0.034820557
10340,0.050231934
10341,0.06207276
10342,0.07156372
10343,0.071929924
10344,0.056243904
10345,0.04470826
10346,0.03164673
10347,0.008422846
10348,-0.016632076
10349,-0.052093506
10350,-0.08566284
10351,-0.114715576
10352,-0.12677003
10353,-0.12966919
10354,-0.13040163
10355,-0.112609856
10356,-0.08786012
10357,-0.052642837
10358,-0.01742553
10359,0.024597172
10360,0.060180668
10361,0.08773803
10362,0.10910036
10363,0.11056518
10364,0.098907486
10365,0.079864495
10366,0.058990486
10367,0.0338745
10368,0.008178717
10369,-0.013183586
10370,-0.032348648
10371,-0.042022705
10372,-0.05062867
10373,-0.039794937
10374,-0.032165535
10375,-0.012786871
10376,0.008880617
10377,0.023712156
10378,0.044281006
10379,0.05252076
10380,0.06402589
10381,0.058654778
10382,0.055664077
10383,0.047729477
10384,0.034820557
10385,0.025695816
10386,0.011871353
10387,0.009185802
10388,0.0073242113
10389,0.013671882
10390,0.030273445
10391,0.04660036
10392,0.06741333
10393,0.08673095
10394,0.09866332
10395,0.10162351
10396,0.09561157
10397,0.085266106
10398,0.06857298
10399,0.04855346
10400,0.021148697
10401,-0.00082396716
10402,-0.029022232
10403,-0.05377198
10404,-0.080535874
10405,-0.10708615
10406,-0.12280273
10407,-0.14282224
10408,-0.13821411
10409,-0.14398193
10410,-0.13403319
10411,-0.12121581
10412,-0.10330203
10413,-0.083709724
10414,-0.07037353
10415,-0.054138195
10416,-0.049041763
10417,-0.03704836
10418,-0.03839112
10419,-0.03979491
10420,-0.048736565
10421,-0.05850219
10422,-0.06442262
10423,-0.07620238
10424,-0.087463364
10425,-0.102264404
10426,-0.11407472
10427,-0.121337906
10428,-0.12060548
10429,-0.11642456
10430,-0.10583496
10431,-0.084625274
10432,-0.0690918
10433,-0.045379624
10434,-0.028320312
10435,-0.011016861
10436,0.010559097
10437,0.030517563
10438,0.04763794
10439,0.05596924
10440,0.06680299
10441,0.068664506
10442,0.07318114
10443,0.07598877
10444,0.07852174
10445,0.08068848
10446,0.08276367
10447,0.0892334
10448,0.088958725
10449,0.09014893
10450,0.09158326
10451,0.09497071
10452,0.095611595
10453,0.09930421
10454,0.101013176
10455,0.09243775
10456,0.09292603
10457,0.09170529
10458,0.08996583
10459,0.087036125
10460,0.084747344
10461,0.08380123
10462,0.081726074
10463,0.081878655
10464,0.07858278
10465,0.072845474
10466,0.06594847
10467,0.06860353
10468,0.061889663
10469,0.05429074
10470,0.047058105
10471,0.035308868
10472,0.028411895
10473,0.019561768
10474,0.018798843
10475,0.007446304
10476,0.0017700195
10477,-0.0067749172
10478,-0.013030991
10479,-0.020660415
10480,-0.025604248
10481,-0.027801484
10482,-0.03265381
10483,-0.03060916
10484,-0.035400406
10485,-0.043395996
10486,-0.0631409
10487,-0.0675354
10488,-0.0666504
10489,-0.06063845
10490,-0.053100564
10491,-0.05047606
10492,-0.041290276
10493,-0.022979729
10494,0.002716072
10495,0.017517092
10496,0.022277817
10497,0.0217285
10498,0.016143814
10499,0.014007553
10500,0.014923095
10501,0.010986345
10502,0.014129622
10503,0.011413558
10504,0.006317137
10505,-0.009094238
10506,-0.03176879
10507,-0.04977417
10508,-0.051239014
10509,-0.046386726
10510,-0.036773678
10511,-0.028350819
10512,-0.026733395
10513,-0.021636963
10514,-0.031249996
10515,-0.027740475
10516,-0.028625488
10517,-0.030548088
10518,-0.029663093
10519,-0.031036384
10520,-0.03738404
10521,-0.039642327
10522,-0.029815681
10523,-0.03076173
10524,-0.03903198
10525,-0.042572025
10526,-0.05020141
10527,-0.055541992
10528,-0.05300904
10529,-0.053588867
10530,-0.05343628
10531,-0.050140377
10532,-0.0413513
10533,-0.03552247
10534,-0.033386216
10535,-0.02661132
10536,-0.021087661
10537,-0.016632088
10538,-0.0052490383
10539,0.0009460449
10540,-0.0014953613
10541,0.0005187839
10542,0.00088499486
10543,0.0014648438
10544,-0.0011901706
10545,-0.0028686672
10546,-0.009094231
10547,-0.012908943
10548,-0.010864258
10549,-0.007873528
10550,-0.0008239597
10551,0.0026244894
10552,0.008483894
10553,0.015014641
10554,0.019470233
10555,0.026062004
10556,0.03311154
10557,0.037475586
10558,0.048522953
10559,0.05285643
10560,0.057586685
10561,0.056060772
10562,0.05346679
10563,0.054595955
10564,0.053375255
10565,0.05136107
10566,0.048706066
10567,0.042755116
10568,0.04016114
10569,0.037323013
10570,0.031066895
10571,0.0246582
10572,0.018798836
10573,0.014068596
10574,0.0109253
10575,0.006683361
10576,0.0018920898
10577,0.0013427846
10578,0.0023803674
10579,0.0018920898
10580,-0.002105713
10581,-0.0043029822
10582,-0.008087169
10583,-0.005737327
10584,3.0502677e-05
10585,0.0012512207
10586,0.0043945312
10587,0.0057372935
10588,0.011230469
10589,0.0057678297
10590,0.0023803767
10591,0.0055847224
10592,0.0032653864
10593,0.008392332
10594,0.011535644
10595,0.010925303
10596,0.0057067936
10597,0.010772708
10598,0.011627186
10599,0.00823975
10600,0.0056457445
10601,0.009765612
10602,0.008789048
10603,0.009246821
10604,0.0152282715
10605,0.011260983
10606,0.0067138653
10607,0.007141119
10608,0.0015563965
10609,-0.005676266
10610,-0.011077875
10611,-0.012878425
10612,-0.01586914
10613,-0.019988995
10614,-0.018127427
10615,-0.023193374
10616,-0.027557377
10617,-0.026428226
10618,-0.024353039
10619,-0.024017327
10620,-0.020233162
10621,-0.02038576
10622,-0.016510027
10623,-0.014770493
10624,-0.010589604
10625,-0.008972172
10626,-0.007904053
10627,-0.0057067797
10628,-0.003906251
10629,-0.0017700167
10630,-0.0010986258
10631,-0.0026550367
10632,-0.00088500977
10633,0.0022583148
10634,-0.0007018931
10635,0.004455561
10636,0.0049133264
10637,0.006774891
10638,0.008636465
10639,0.009887703
10640,0.01104736
10641,0.008117675
10642,0.011962891
10643,0.013366694
10644,0.013702396
10645,0.0154418945
10646,0.017730711
10647,0.015777582
10648,0.015014651
10649,0.014831549
10650,0.014312746
10651,0.015838617
10652,0.015869144
10653,0.014556885
10654,0.011962891
10655,0.0075378492
10656,0.0055236667
10657,0.0033569261
10658,-0.0034179613
10659,-0.009124748
10660,-0.016082775
10661,-0.021575943
10662,-0.025390625
10663,-0.031311028
10664,-0.035095204
10665,-0.03814696
10666,-0.039581306
10667,-0.037323005
10668,-0.03680419
10669,-0.036163308
10670,-0.03518677
10671,-0.03149415
10672,-0.030914314
10673,-0.028442375
10674,-0.029632566
10675,-0.026824953
10676,-0.025390647
10677,-0.020355236
10678,-0.016998284
10679,-0.016387928
10680,-0.01678466
10681,-0.014892597
10682,-0.0075988844
10683,-0.0065612756
10684,0.0009460673
10685,0.0012207106
10686,0.0080261305
10687,0.010314941
10688,0.01556398
10689,0.016906757
10690,0.008453369
10691,0.0093689
10692,0.005706776
10693,0.0060119666
10694,0.0028076097
10695,0.0025939904
10696,0.0031432956
10697,0.008483868
10698,0.012207039
10699,0.013854992
10700,0.008789072
10701,0.01083374
10702,0.015136719
10703,0.016571037
10704,0.020690922
10705,0.014923096
10706,0.014648449
10707,0.011016856
10708,0.00656128
10709,0.0010376107
10710,-0.008972184
10711,-0.0154419
10712,-0.016418468
10713,-0.018768314
10714,-0.018157946
10715,-0.018341064
10716,-0.019409176
10717,-0.016906738
10718,-0.019805908
10719,-0.017639164
10720,-0.02133178
10721,-0.020263666
10722,-0.018280027
10723,-0.0138855055
10724,-0.009368885
10725,-0.009552009
10726,-0.0022277944
10727,-0.0022583008
10728,0.003601078
10729,0.008087158
10730,0.015625011
10731,0.020141609
10732,0.028259259
10733,0.036468502
10734,0.040405303
10735,0.043426525
10736,0.044219974
10737,0.04458618
10738,0.039886467
10739,0.040527347
10740,0.039093032
10741,0.035369884
10742,0.034454335
10743,0.030029297
10744,0.028442396
10745,0.02093505
10746,0.017150871
10747,0.014251705
10748,0.007293679
10749,0.011047382
10750,0.008972179
10751,0.012145992
10752,0.00955198
10753,0.01107787
10754,0.010711677
10755,0.007415794
10756,0.008117691
10757,0.0038757361
10758,0.007995602
10759,0.004364036
10760,0.013854988
10761,0.008026138
10762,0.011627197
10763,0.009033203
10764,0.0066528246
10765,0.004028313
10766,-0.0083008
10767,-0.008056663
10768,-0.01937867
10769,-0.017974861
10770,-0.023345951
10771,-0.025299076
10772,-0.030792223
10773,-0.035797127
10774,-0.037261963
10775,-0.041534413
10776,-0.041442875
10777,-0.042877182
10778,-0.036956776
10779,-0.03454588
10780,-0.029052734
10781,-0.026550295
10782,-0.024353033
10783,-0.018310552
10784,-0.014739998
10785,-0.008972183
10786,-0.010223396
10787,-0.008148205
10788,-0.0046691783
10789,-0.0014343299
10790,0.0031738281
10791,0.0052490123
10792,0.0062255897
10793,0.007659927
10794,0.008575443
10795,0.009246834
10796,0.0044250563
10797,0.0086975135
10798,0.010772709
10799,0.014007576
10800,0.01638794
10801,0.016143793
10802,0.017486572
10803,0.0121765165
10804,0.017730713
10805,0.01666259
10806,0.015686033
10807,0.013305654
10808,0.011657711
10809,0.011932377
10810,0.00912475
10811,0.008972162
10812,-0.0003356859
10813,-0.0007324163
10814,-0.0044860784
10815,-0.00119018
10816,-0.004150387
10817,-0.0036315937
10818,-0.0059509277
10819,-0.0061645526
10820,-0.005065916
10821,-0.011779787
10822,-0.013305664
10823,-0.019012453
10824,-0.015045165
10825,-0.015014649
10826,-0.014160158
10827,-0.009613037
10828,-0.0075683594
10829,-0.0028076153
10830,6.1033294e-05
10831,0.0005798321
10832,0.0011901874
10833,0.0021972656
10834,0.0032653827
10835,0.0031738281
10836,0.006561281
10837,0.003387453
10838,0.00015259162
10839,-0.0047302246
10840,-0.012176514
10841,-0.020446774
10842,-0.022491455
10843,-0.022491455
10844,-0.02157593
10845,-0.016601568
10846,-0.010131838
10847,-0.0037231427
10848,0.0055541974
10849,0.019317623
10850,0.026733397
10851,0.038208004
10852,0.047576904
10853,0.057678215
10854,0.061706543
10855,0.06930541
10856,0.07077027
10857,0.07156372
10858,0.067993164
10859,0.06304931
10860,0.05023194
10861,0.0335083
10862,0.027282704
10863,0.008941658
10864,0.0028991736
10865,-0.011199936
10866,-0.016204845
10867,-0.027557366
10868,-0.029785153
10869,-0.031372063
10870,-0.036010735
10871,-0.03164673
10872,-0.031982414
10873,-0.025085464
10874,-0.025787339
10875,-0.022796616
10876,-0.028350838
10877,-0.025482185
10878,-0.027648926
10879,-0.02731324
10880,-0.029052742
10881,-0.035125732
10882,-0.032836925
10883,-0.035308845
10884,-0.033691414
10885,-0.03372191
10886,-0.030517587
10887,-0.027801529
10888,-0.020477295
10889,-0.021148693
10890,-0.015289299
10891,-0.014862049
10892,-0.011566162
10893,-0.00738525
10894,-0.007293701
10895,-0.007507298
10896,-0.01016235
10897,-0.006042473
10898,-0.0075988844
10899,-0.0041809008
10900,-0.003082268
10901,0.0035705492
10902,0.004119877
10903,0.009277333
10904,0.010589585
10905,0.010559075
10906,0.015045166
10907,0.01724242
10908,0.021697987
10909,0.02197265
10910,0.024200438
10911,0.025939947
10912,0.024261475
10913,0.022674568
10914,0.021636954
10915,0.019744888
10916,0.020660415
10917,0.020080563
10918,0.018768309
10919,0.01901246
10920,0.025329582
10921,0.026885977
10922,0.026855467
10923,0.027740479
10924,0.0234375
10925,0.020416263
10926,0.014770508
10927,0.016723625
10928,0.011169426
10929,0.009185795
10930,0.006500244
10931,-0.00039673597
10932,-0.00689698
10933,-0.012908932
10934,-0.012268063
10935,-0.016998287
10936,-0.010192871
10937,-0.009155277
10938,-0.0039367564
10939,-0.008453367
10940,-0.0048828125
10941,-0.0058593825
10942,-0.007995607
10943,-0.0066528283
10944,-0.012939455
10945,-0.018463135
10946,-0.02542114
10947,-0.026702883
10948,-0.03182984
10949,-0.034240715
10950,-0.036285404
10951,-0.03710937
10952,-0.036804203
10953,-0.033843994
10954,-0.028625479
10955,-0.024719229
10956,-0.018432623
10957,-0.010192864
10958,-0.004547119
10959,-0.0023498535
10960,-0.0032653846
10961,0.00036621466
10962,0.003204342
10963,0.008422837
10964,0.008544926
10965,0.01107787
10966,0.011413567
10967,0.013824455
10968,0.018524177
10969,0.01782225
10970,0.018585209
10971,0.021057136
10972,0.023559568
10973,0.024169927
10974,0.022003178
10975,0.020324714
10976,0.019775387
10977,0.022186289
10978,0.024230968
10979,0.024719235
10980,0.024169922
10981,0.025421146
10982,0.024719236
10983,0.026153548
10984,0.025970455
10985,0.026763901
10986,0.026062015
10987,0.02474976
10988,0.022003163
10989,0.017028816
10990,0.013183583
10991,0.0078430325
10992,0.0038757175
10993,0.0019226298
10994,0.0013427436
10995,0.00057985634
10996,0.005828861
10997,0.0049438477
10998,0.005706787
10999,0.008087162
11000,0.0072326735
11001,0.008331284
11002,0.0075378492
11003,0.008270249
11004,0.0051269643
11005,-0.00067140907
11006,0.0009460673
11007,-0.0026855394
11008,-0.0035400502
11009,-0.0032958835
11010,-0.006011974
11011,-0.009887692
11012,-0.007141102
11013,-0.010925293
11014,-0.013031028
11015,-0.017272945
11016,-0.017120361
11017,-0.018341064
11018,-0.020660404
11019,-0.024475098
11020,-0.030120853
11021,-0.03521728
11022,-0.03912354
11023,-0.04293824
11024,-0.053466797
11025,-0.051879875
11026,-0.059295647
11027,-0.06051635
11028,-0.06405639
11029,-0.06628417
11030,-0.06903078
11031,-0.07208253
11032,-0.07073973
11033,-0.070129395
11034,-0.06338501
11035,-0.06109619
11036,-0.050476067
11037,-0.054138206
11038,-0.04559324
11039,-0.048797622
11040,-0.04833985
11041,-0.047637925
11042,-0.047668457
11043,-0.03900148
11044,-0.042999282
11045,-0.032867417
11046,-0.037994385
11047,-0.032409683
11048,-0.028839126
11049,-0.020751953
11050,-0.017791748
11051,-0.0045776665
11052,0.0037841797
11053,0.012573257
11054,0.021636963
11055,0.02810669
11056,0.044067368
11057,0.04504393
11058,0.056793183
11059,0.05670166
11060,0.058654785
11061,0.069244385
11062,0.079040505
11063,0.08551024
11064,0.08947754
11065,0.09600827
11066,0.100128174
11067,0.103454575
11068,0.10699464
11069,0.10839841
11070,0.10943604
11071,0.1132202
11072,0.108184814
11073,0.09747313
11074,0.0807495
11075,0.07275391
11076,0.058746323
11077,0.05532837
11078,0.04443358
11079,0.032989487
11080,0.025421157
11081,0.0142211765
11082,0.013031006
11083,0.0066222996
11084,0.011260971
11085,0.0071410835
11086,0.005767837
11087,0.004333481
11088,0.00585936
11089,0.0012206882
11090,-0.0026550293
11091,-0.005645767
11092,-0.021850586
11093,-0.026672363
11094,-0.037139907
11095,-0.039611824
11096,-0.050659195
11097,-0.052459724
11098,-0.050231956
11099,-0.058044452
11100,-0.050048847
11101,-0.053344734
11102,-0.049560525
11103,-0.04492187
11104,-0.036590595
11105,-0.031250015
11106,-0.030181883
11107,-0.02468872
11108,-0.019836426
11109,-0.01586916
11110,-0.012756351
11111,-0.0072021745
11112,-0.009887692
11113,-0.008911129
11114,-0.0054931752
11115,-0.00930785
11116,-0.007965095
11117,-0.0057373084
11118,-0.006408686
11119,-0.009826658
11120,-0.015502935
11121,-0.015319815
11122,-0.014251709
11123,-0.0058288565
11124,-0.0006408696
11125,0.0036926344
11126,0.014923103
11127,0.027557373
11128,0.030120846
11129,0.024536135
11130,0.03591919
11131,0.04940795
11132,0.060760498
11133,0.059844963
11134,0.06860353
11135,0.06536866
11136,0.04858399
11137,0.037628166
11138,0.003112778
11139,-0.024169922
11140,-0.032104477
11141,-0.02819825
11142,-0.045745865
11143,-0.0675354
11144,-0.06924437
11145,-0.07672118
11146,-0.08993532
11147,-0.11010743
11148,-0.1392212
11149,-0.15121457
11150,-0.1255188
11151,-0.07241822
11152,-0.02359011
11153,0.02465823
11154,0.092803985
11155,0.1577759
11156,0.19903564
11157,0.22164917
11158,0.21191406
11159,0.20404056
11160,0.22216798
11161,0.22521973
11162,0.2027893
11163,0.13894653
11164,0.06857301
11165,-0.006805405
11166,-0.08480837
11167,-0.16601564
11168,-0.237854
11169,-0.28527832
11170,-0.301239
11171,-0.29067996
11172,-0.28268433
11173,-0.26766968
11174,-0.25097656
11175,-0.20135497
11176,-0.15075682
11177,-0.090728775
11178,-0.034118656
11179,0.036926284
11180,0.11392212
11181,0.17807007
11182,0.23529053
11183,0.25164795
11184,0.2591858
11185,0.23739626
11186,0.20471191
11187,0.13864134
11188,0.05978395
11189,-0.012390126
11190,-0.08779907
11191,-0.15740967
11192,-0.2321167
11193,-0.28936768
11194,-0.33319092
11195,-0.3338623
11196,-0.31350708
11197,-0.27685547
11198,-0.22723389
11199,-0.15786745
11200,-0.0722046
11201,0.013763443
11202,0.100830086
11203,0.17379758
11204,0.2357178
11205,0.32696533
11206,0.4052124
11207,0.44171137
11208,0.4379273
11209,0.44433594
11210,0.4435425
11211,0.39691153
11212,0.29757693
11213,0.20120241
11214,0.10809328
11215,0.032012865
11216,-0.05606077
11217,-0.19732666
11218,-0.29415894
11219,-0.322174
11220,-0.33792123
11221,-0.40197754
11222,-0.46563727
11223,-0.45959458
11224,-0.40765387
11225,-0.32369995
11226,-0.26440442
11227,-0.2674865
11228,-0.198059
11229,-0.07879642
11230,0.01757808
11231,0.019988917
11232,0.00396733
11233,0.037750214
11234,0.08425897
11235,0.16253656
11236,0.20477302
11237,0.17391962
11238,0.18774417
11239,0.24642953
11240,0.24902335
11241,0.20120245
11242,0.07812509
11243,-0.034576297
11244,-0.117187575
11245,-0.20489496
11246,-0.27825922
11247,-0.3853454
11248,-0.4093628
11249,-0.36260992
11250,-0.29061896
11251,-0.19210811
11252,-0.06515503
11253,0.076477036
11254,0.2713623
11255,0.48147583
11256,0.67633057
11257,0.8450928
11258,0.9563905
11259,1.0135803
11260,0.9869384
11261,0.9112245
11262,0.75888073
11263,0.5672608
11264,0.36141986
11265,0.15219128
11266,-0.040008605
11267,-0.20474261
11268,-0.33676124
11269,-0.4465332
11270,-0.5087587
11271,-0.53183
11272,-0.51031494
11273,-0.46838385
11274,-0.40100098
11275,-0.32254034
11276,-0.25207543
11277,-0.16836551
11278,-0.10449213
11279,-0.048187077
11280,-0.011718869
11281,0.021392763
11282,0.037414595
11283,0.030365124
11284,0.014618102
11285,-0.01916495
11286,-0.053680543
11287,-0.08459488
11288,-0.11294536
11289,-0.13790895
11290,-0.15499888
11291,-0.16625983
11292,-0.17095947
11293,-0.17230225
11294,-0.17086777
11295,-0.16064444
11296,-0.15646374
11297,-0.14718634
11298,-0.14117438
11299,-0.13424677
11300,-0.12258908
11301,-0.1160889
11302,-0.10192874
11303,-0.09127812
11304,-0.07461546
11305,-0.05819705
11306,-0.036773697
11307,-0.018035889
11308,0.0033569485
11309,0.024780288
11310,0.04895018
11311,0.07342529
11312,0.088562
11313,0.11111453
11314,0.11984255
11315,0.1324463
11316,0.13586423
11317,0.13589478
11318,0.12649535
11319,0.11517331
11320,0.109405525
11321,0.08795162
11322,0.07373047
11323,0.050811753
11324,0.030639667
11325,0.00531007
11326,-0.015716568
11327,-0.034790024
11328,-0.049713124
11329,-0.06130979
11330,-0.064086944
11331,-0.06719972
11332,-0.063446045
11333,-0.052581783
11334,-0.04324341
11335,-0.027862553
11336,-0.016479503
11337,-0.0064087193
11338,-0.0030517522
11339,0.0008544922
11340,-0.0018920973
11341,-0.004486084
11342,-0.011932362
11343,-0.015014641
11344,-0.028472908
11345,-0.039978012
11346,-0.052490234
11347,-0.06378174
11348,-0.06799315
11349,-0.07580565
11350,-0.06280519
11351,-0.059631348
11352,-0.045593247
11353,-0.031494126
11354,-0.019287094
11355,-0.006225586
11356,0.0047912747
11357,0.023986816
11358,0.030517578
11359,0.042877197
11360,0.053527847
11361,0.06622316
11362,0.070373535
11363,0.07885744
11364,0.08413698
11365,0.083801284
11366,0.08480833
11367,0.08169555
11368,0.08465577
11369,0.07980348
11370,0.08731078
11371,0.08029174
11372,0.082641594
11373,0.07922362
11374,0.07543947
11375,0.064880356
11376,0.05517581
11377,0.050109856
11378,0.044036835
11379,0.052947983
11380,0.048492447
11381,0.053039543
11382,0.050903335
11383,0.05551149
11384,0.05273439
11385,0.05651857
11386,0.054229766
11387,0.052825928
11388,0.05416867
11389,0.05014035
11390,0.050659195
11391,0.035186753
11392,0.03570555
11393,0.025329605
11394,0.019317627
11395,0.011901841
11396,0.0026550293
11397,-0.004272476
11398,-0.009277359
11399,-0.007965088
11400,-0.008636475
11401,-0.008758515
11402,-0.0053405613
11403,-0.0037231222
11404,-0.009368926
11405,-0.007904068
11406,-0.011749238
11407,-0.0126953125
11408,-0.019042969
11409,-0.025024459
11410,-0.028656006
11411,-0.034271225
11412,-0.04220578
11413,-0.04458619
11414,-0.04974366
11415,-0.052764878
11416,-0.05575561
11417,-0.059051532
11418,-0.06262209
11419,-0.06359862
11420,-0.051727332
11421,-0.04611205
11422,-0.037811264
11423,-0.028961184
11424,-0.016601572
11425,-0.0053711
11426,0.007019043
11427,0.01556397
11428,0.021240251
11429,0.027954089
11430,0.031463616
11431,0.03631591
11432,0.02954103
11433,0.022857673
11434,0.016723616
11435,0.008392343
11436,-0.0023803748
11437,-0.02148439
11438,-0.037933335
11439,-0.05236814
11440,-0.057189953
11441,-0.06958008
11442,-0.07028198
11443,-0.07922363
11444,-0.084320076
11445,-0.07870485
11446,-0.083312996
11447,-0.0822754
11448,-0.08221436
11449,-0.0692444
11450,-0.06643677
11451,-0.053649895
11452,-0.048034668
11453,-0.042297363
11454,-0.036041263
11455,-0.028350834
11456,-0.016967788
11457,-0.019744858
11458,-0.014373764
11459,-0.015411384
11460,-0.016174316
11461,-0.020233132
11462,-0.021759033
11463,-0.030059844
11464,-0.03237912
11465,-0.032348633
11466,-0.033355713
11467,-0.036590576
11468,-0.0385437
11469,-0.036315933
11470,-0.03472899
11471,-0.02835083
11472,-0.02368164
11473,-0.018127441
11474,-0.018646225
11475,-0.008392349
11476,-0.006378159
11477,0.0007019192
11478,0.0031738132
11479,0.0061035156
11480,0.005859375
11481,0.007659942
11482,0.013183579
11483,0.013153061
11484,0.022888198
11485,0.024719246
11486,0.033508316
11487,0.036193825
11488,0.041992188
11489,0.04562375
11490,0.046264663
11491,0.051055916
11492,0.054107673
11493,0.05618286
11494,0.05487059
11495,0.05865481
11496,0.05374147
11497,0.049987778
11498,0.05773924
11499,0.053100612
11500,0.05538941
11501,0.05438233
11502,0.055694576
11503,0.05718994
11504,0.056030273
11505,0.062316887
11506,0.06219484
11507,0.06472776
11508,0.06539919
11509,0.07022094
11510,0.06484982
11511,0.06655884
11512,0.06436157
11513,0.05950929
11514,0.055847153
11515,0.04971315
11516,0.04714965
11517,0.038665786
11518,0.036987305
11519,0.032226592
11520,0.02618406
11521,0.0223694
11522,0.018676773
11523,0.013153076
11524,0.0054015964
11525,0.0036315918
11526,0.00036621094
11527,9.1567636e-05
11528,0.0018310696
11529,-0.0037231445
11530,-0.006591812
11531,-0.011230469
11532,-0.014678925
11533,-0.01968383
11534,-0.02420041
11535,-0.023284912
11536,-0.028655991
11537,-0.031341545
11538,-0.0366821
11539,-0.036163315
11540,-0.046508804
11541,-0.03781126
11542,-0.044403054
11543,-0.048522953
11544,-0.047088638
11545,-0.050140396
11546,-0.046722434
11547,-0.053009026
11548,-0.04125975
11549,-0.044036854
11550,-0.040863037
11551,-0.03918457
11552,-0.03799437
11553,-0.045715343
11554,-0.0423584
11555,-0.043060303
11556,-0.046691895
11557,-0.046356194
11558,-0.050994866
11559,-0.040283196
11560,-0.040252697
11561,-0.024810795
11562,-0.021636985
11563,-0.020202637
11564,-0.0150756985
11565,-0.005187977
11566,-0.0030517578
11567,-0.007690437
11568,-0.00057982653
11569,-0.0011596829
11570,-0.0012817234
11571,-0.0080566555
11572,-0.008605942
11573,-0.020050053
11574,-0.015441898
11575,-0.016479522
11576,-0.009857155
11577,-0.007843006
11578,-0.0057067946
11579,0.008850098
11580,0.009185791
11581,0.021942142
11582,0.024414059
11583,0.022766117
11584,0.02755735
11585,0.032226555
11586,0.028533947
11587,0.028198253
11588,0.023925789
11589,0.011566155
11590,0.012695316
11591,0.011657709
11592,0.013305673
11593,0.002502454
11594,0.0139465295
11595,0.020568836
11596,0.022613542
11597,0.019256605
11598,0.01992798
11599,0.022766124
11600,0.024902333
11601,0.038177487
11602,0.038970955
11603,0.02453614
11604,0.021087646
11605,0.02456665
11606,0.007293703
11607,-0.00079345703
11608,-0.010009766
11609,-0.011993407
11610,-0.018890383
11611,-0.014678951
11612,-0.015686033
11613,-0.032592773
11614,-0.02456665
11615,-0.008331294
11616,-0.0004272461
11617,-0.004852296
11618,0.011688234
11619,0.021209715
11620,0.014892578
11621,0.030456543
11622,0.040374756
11623,0.030151365
11624,0.033691406
11625,0.040618896
11626,0.027282719
11627,0.020568848
11628,0.012359619
11629,0.015563966
11630,0.004547121
11631,-0.002624508
11632,-0.0038146954
11633,-0.016143799
11634,-0.018981934
11635,-0.022644041
11636,-0.02252197
11637,-0.02191162
11638,-0.01992798
11639,-0.015106201
11640,-0.019714357
11641,-0.013702393
11642,-0.01696778
11643,-0.004913332
11644,0.0035095215
11645,0.0059814444
11646,0.010864262
11647,0.019592283
11648,0.012695315
11649,0.018585205
11650,0.020935066
11651,0.0105896015
11652,0.02465821
11653,0.017211914
11654,0.01940918
11655,0.018005371
11656,0.029022224
11657,0.03680419
11658,0.042205803
11659,0.039916992
11660,0.03649904
11661,0.031982414
11662,0.035369862
11663,0.0395813
11664,0.02520752
11665,0.028106693
11666,0.021392822
11667,0.023773193
11668,0.010986317
11669,0.0003967397
11670,-0.022155754
11671,-0.025817871
11672,-0.0180359
11673,-0.027557366
11674,-0.041198753
11675,-0.045562737
11676,-0.05114746
11677,-0.05862429
11678,-0.050323494
11679,-0.06515502
11680,-0.07888794
11681,-0.08050539
11682,-0.072021484
11683,-0.074798584
11684,-0.07934572
11685,-0.08352661
11686,-0.080322236
11687,-0.07638549
11688,-0.05978392
11689,-0.049163807
11690,-0.05014039
11691,-0.032348618
11692,-0.018524177
11693,-0.008148193
11694,-0.0065002665
11695,0.0015564114
11696,-0.0033569485
11697,0.0025939941
11698,0.0073547214
11699,0.012329087
11700,0.013061509
11701,0.023468047
11702,0.026123032
11703,0.022521958
11704,0.029663086
11705,0.022125266
11706,0.023162842
11707,0.027954102
11708,0.03466796
11709,0.038330108
11710,0.04721068
11711,0.04736329
11712,0.03366086
11713,0.022491448
11714,0.02145385
11715,0.009521479
11716,0.0053100474
11717,0.0062866285
11718,0.0069274753
11719,0.012054451
11720,0.025939928
11721,0.055084236
11722,0.05987549
11723,0.073547356
11724,0.09436035
11725,0.09283447
11726,0.094512925
11727,0.09951783
11728,0.080444336
11729,0.07363892
11730,0.07019042
11731,0.04629516
11732,0.021087676
11733,-0.006713867
11734,-0.027069084
11735,-0.046722427
11736,-0.056152344
11737,-0.061920166
11738,-0.066101074
11739,-0.056793198
11740,-0.03149415
11741,-0.025787354
11742,-0.02294923
11743,-0.02081298
11744,-0.011657726
11745,-0.017913818
11746,-0.016357426
11747,-0.02752684
11748,-0.048156735
11749,-0.03863524
11750,-0.03482054
11751,-0.052703865
11752,-0.06124877
11753,-0.062011726
11754,-0.0673523
11755,-0.05566406
11756,-0.049560558
11757,-0.045654297
11758,-0.047882084
11759,-0.023254387
11760,-0.0034790263
11761,-0.0053711087
11762,-0.004211448
11763,-0.0077209547
11764,-0.009307869
11765,-0.009704575
11766,-0.0021667443
11767,-0.012207039
11768,-0.011352517
11769,-0.008575439
11770,0.0007629432
11771,-0.0014953837
11772,0.0025940165
11773,0.00024414435
11774,-0.00018310174
11775,0.017089851
11776,0.020263672
11777,0.023345962
11778,0.013641374
11779,0.016937256
11780,0.009887684
11781,0.018066408
11782,0.02542114
11783,0.013793945
11784,-0.00070190243
11785,0.0077819787
11786,0.009887701
11787,0.0036010742
11788,-0.0005798335
11789,-0.0067749117
11790,-0.0050048865
11791,-0.0007629553
11792,0.0076293964
11793,-0.0064086895
11794,-0.008789056
11795,0.0036010807
11796,0.024444586
11797,0.030487066
11798,0.03411866
11799,0.034454346
11800,0.034790043
11801,0.049194336
11802,0.057708748
11803,0.05316162
11804,0.031951908
11805,0.022460938
11806,0.008666996
11807,-0.0020751953
11808,-0.017486574
11809,-0.034820557
11810,-0.042297363
11811,-0.047912598
11812,-0.041107178
11813,-0.03936768
11814,-0.031494144
11815,-0.018890379
11816,0.00030517718
11817,0.013305666
11818,0.015686039
11819,0.018157959
11820,0.01754761
11821,0.02069092
11822,0.018829348
11823,0.018615723
11824,0.014434814
11825,0.0053710938
11826,-0.00030517485
11827,-0.007659912
11828,-0.009521484
11829,-0.0032653846
11830,-0.0033264235
11831,-0.0028991736
11832,-0.012176516
11833,-0.028656006
11834,-0.038085945
11835,-0.037750244
11836,-0.038177494
11837,-0.04452514
11838,-0.046783455
11839,-0.04019165
11840,-0.02545166
11841,-0.0025634766
11842,0.027648937
11843,0.049713146
11844,0.08316041
11845,0.11505126
11846,0.1240845
11847,0.11380005
11848,0.09222412
11849,0.06845093
11850,0.034149185
11851,-0.008728031
11852,-0.077270515
11853,-0.14263915
11854,-0.19277956
11855,-0.22262573
11856,-0.2390747
11857,-0.24822998
11858,-0.2240906
11859,-0.18429565
11860,-0.116058335
11861,-0.04275514
11862,0.03625489
11863,0.11254883
11864,0.19619754
11865,0.2593994
11866,0.28573608
11867,0.28353882
11868,0.24926758
11869,0.20944214
11870,0.15347292
11871,0.09942626
11872,0.02825927
11873,-0.035095215
11874,-0.08673097
11875,-0.12460327
11876,-0.14038087
11877,-0.1408081
11878,-0.1100464
11879,-0.069061264
11880,-0.011566155
11881,0.045471177
11882,0.099182114
11883,0.14205933
11884,0.1796875
11885,0.2043152
11886,0.2176819
11887,0.22192384
11888,0.2107544
11889,0.19229127
11890,0.16271973
11891,0.13659666
11892,0.11129761
11893,0.08956912
11894,0.07229616
11895,0.058349594
11896,0.042114258
11897,0.025024429
11898,0.0057983547
11899,-0.014587432
11900,-0.033843994
11901,-0.054901123
11902,-0.074645996
11903,-0.098724365
11904,-0.117614746
11905,-0.13519287
11906,-0.15408325
11907,-0.16806027
11908,-0.17938235
11909,-0.18469238
11910,-0.18823244
11911,-0.183136
11912,-0.17691043
11913,-0.17077635
11914,-0.16024779
11915,-0.14901733
11916,-0.14486694
11917,-0.14181516
11918,-0.13479614
11919,-0.13372804
11920,-0.13265991
11921,-0.13095094
11922,-0.13064575
11923,-0.13873287
11924,-0.14196774
11925,-0.13870245
11926,-0.14627075
11927,-0.14425659
11928,-0.14205933
11929,-0.13848883
11930,-0.13519293
11931,-0.122345
11932,-0.11126709
11933,-0.09613043
11934,-0.07345578
11935,-0.049987823
11936,-0.02758798
11937,-0.008972138
11938,0.018554777
11939,0.042571902
11940,0.06793204
11941,0.095825255
11942,0.11431891
11943,0.13006586
11944,0.1470032
11945,0.16299438
11946,0.16653442
11947,0.17346191
11948,0.17608647
11949,0.17391966
11950,0.17651367
11951,0.1680908
11952,0.16442877
11953,0.15048218
11954,0.15097046
11955,0.14382936
11956,0.13751215
11957,0.12670904
11958,0.11941532
11959,0.11703484
11960,0.10675049
11961,0.11178593
11962,0.100555405
11963,0.09811404
11964,0.09503174
11965,0.09655766
11966,0.08981322
11967,0.08609007
11968,0.08218385
11969,0.07357785
11970,0.07235716
11971,0.06259152
11972,0.060760513
11973,0.045959443
11974,0.04071045
11975,0.031555146
11976,0.019104004
11977,0.010772675
11978,-0.00039674342
11979,-0.010528564
11980,-0.021270767
11981,-0.02142337
11982,-0.028198257
11983,-0.031127915
11984,-0.035186768
11985,-0.035064697
11986,-0.035614043
11987,-0.028839111
11988,-0.026397683
11989,-0.02658081
11990,-0.020935081
11991,-0.017211907
11992,-0.010070793
11993,-0.009277344
11994,-0.010528564
11995,-0.014984138
11996,-0.014282227
11997,-0.018035904
11998,-0.024780296
11999,-0.03543088
12000,-0.042938255
12001,-0.04794313
12002,-0.05670169
12003,-0.062713616
12004,-0.074371345
12005,-0.08496095
12006,-0.08840944
12007,-0.09320068
12008,-0.098144546
12009,-0.1000061
12010,-0.09689331
12011,-0.093017586
12012,-0.084228486
12013,-0.07617186
12014,-0.06924437
12015,-0.05984498
12016,-0.050872803
12017,-0.039978027
12018,-0.03121949
12019,-0.02221679
12020,-0.01574707
12021,-0.0109253
12022,-0.0066223145
12023,-0.00585936
12024,-0.008117691
12025,-0.008514427
12026,-0.007751465
12027,-0.0052795485
12028,-0.0014343187
12029,0.0028076097
12030,0.0038452074
12031,0.009338364
12032,0.014129646
12033,0.017547622
12034,0.021881118
12035,0.022186272
12036,0.025177006
12037,0.021301273
12038,0.025329597
12039,0.020111088
12040,0.016326886
12041,0.013153072
12042,0.007324218
12043,0.0043945285
12044,-0.001617433
12045,-0.0026855543
12046,-0.006103523
12047,-0.005310056
12048,-0.0018615825
12049,0.004455558
12050,0.0023498507
12051,0.006134025
12052,0.0040588407
12053,0.0051879995
12054,0.00054933596
12055,-0.0027770884
12056,-0.007598885
12057,-0.008422847
12058,-0.015563972
12059,-0.017456055
12060,-0.02587891
12061,-0.03341674
12062,-0.033996582
12063,-0.039916992
12064,-0.032135017
12065,-0.034912117
12066,-0.015319839
12067,-0.008575425
12068,0.0035705566
12069,0.01367186
12070,0.023437493
12071,0.032684326
12072,0.036438003
12073,0.0437622
12074,0.038879406
12075,0.0432434
12076,0.03900148
12077,0.04144288
12078,0.03134157
12079,0.024261463
12080,0.020812988
12081,0.010070814
12082,0.010192877
12083,-0.0013427772
12084,-0.0010986342
12085,-0.005096445
12086,0.0014953446
12087,-0.0067138504
12088,-0.010681152
12089,-0.012084968
12090,-0.018951416
12091,-0.010314943
12092,-0.01757811
12093,-0.014068611
12094,-0.01971435
12095,-0.011383064
12096,-0.010253901
12097,-0.011779778
12098,-0.010833733
12099,-0.014221208
12100,-0.0064086835
12101,-0.011596685
12102,-0.005859375
12103,-0.011047371
12104,-0.008178702
12105,-0.011260986
12106,-0.00982666
12107,-0.016418446
12108,-0.01776123
12109,-0.013916019
12110,-0.018920906
12111,-0.0059814192
12112,-0.010101333
12113,-0.0019836351
12114,-0.0028381534
12115,0.0014953762
12116,0.0027465746
12117,0.0060424805
12118,0.007293705
12119,0.014251698
12120,0.019439697
12121,0.020446777
12122,0.026458748
12123,0.026916482
12124,0.03375246
12125,0.0361023
12126,0.042114243
12127,0.042327885
12128,0.049987804
12129,0.05233764
12130,0.0595703
12131,0.065032974
12132,0.0639038
12133,0.06610109
12134,0.063476555
12135,0.064575195
12136,0.057281487
12137,0.05145263
12138,0.043975834
12139,0.03543091
12140,0.026702859
12141,0.020996101
12142,0.009643525
12143,0.0003357008
12144,-0.0055846944
12145,-0.012023941
12146,-0.014770523
12147,-0.020324714
12148,-0.016754143
12149,-0.020385735
12150,-0.015594453
12151,-0.012237534
12152,-0.008941665
12153,-0.0067138746
12154,-0.00027463585
12155,0.0009460524
12156,0.003051754
12157,0.0032959022
12158,0.0028381422
12159,0.002105724
12160,-0.0022583082
12161,-0.0014953539
12162,-0.008911133
12163,-0.011291508
12164,-0.015686031
12165,-0.017639149
12166,-0.019836424
12167,-0.023223875
12168,-0.026977552
12169,-0.029022207
12170,-0.033233643
12171,-0.029663077
12172,-0.029815689
12173,-0.028411878
12174,-0.027709965
12175,-0.021484371
12176,-0.014984125
12177,-0.013397211
12178,-0.013488758
12179,-0.008453365
12180,-0.00018310896
12181,0.0026245203
12182,0.010314943
12183,0.005859375
12184,0.005340575
12185,0.0064697256
12186,0.011077883
12187,0.0025024433
12188,-0.0062255836
12189,-0.0083618155
12190,-0.020080572
12191,-0.02041626
12192,-0.02774048
12193,-0.03262329
12194,-0.035919197
12195,-0.040283203
12196,-0.0416565
12197,-0.048828125
12198,-0.0524292
12199,-0.04901123
12200,-0.04559327
12201,-0.041992188
12202,-0.029510494
12203,-0.03085327
12204,-0.023529053
12205,-0.019195572
12206,-0.019958485
12207,-0.011169441
12208,-0.009429917
12209,-0.001678478
12210,-0.0013122521
12211,-0.003540039
12212,-0.0050964206
12213,-0.007904045
12214,-0.0079651065
12215,-0.011566162
12216,-0.017181408
12217,-0.021240234
12218,-0.019775406
12219,-0.023284908
12220,-0.02209473
12221,-0.022369377
12222,-0.020538341
12223,-0.014801025
12224,-0.010314934
12225,-0.006713871
12226,-0.008361828
12227,-0.005706802
12228,-0.0029907264
12229,0.0048217885
12230,0.011810299
12231,0.015747074
12232,0.024139408
12233,0.030914314
12234,0.03808595
12235,0.044311512
12236,0.04483031
12237,0.044616718
12238,0.04608155
12239,0.04776004
12240,0.046020515
12241,0.04693604
12242,0.042938225
12243,0.04327392
12244,0.039306648
12245,0.0357666
12246,0.032806385
12247,0.025543226
12248,0.028259268
12249,0.029876694
12250,0.03350831
12251,0.035736077
12252,0.041198745
12253,0.042968765
12254,0.04483033
12255,0.043243412
12256,0.04293823
12257,0.041748047
12258,0.040405273
12259,0.039642323
12260,0.034179688
12261,0.030456554
12262,0.026031502
12263,0.024566658
12264,0.015625
12265,0.011352539
12266,0.002685532
12267,0.00015259534
12268,-0.0040283203
12269,-0.0075988993
12270,-0.015625015
12271,-0.022064216
12272,-0.024780296
12273,-0.03228762
12274,-0.03601076
12275,-0.045043964
12276,-0.044403076
12277,-0.047363296
12278,-0.04348755
12279,-0.04345705
12280,-0.044128425
12281,-0.043579083
12282,-0.037780743
12283,-0.030517569
12284,-0.024749741
12285,-0.016937258
12286,-0.016235352
12287,-0.009735109
12288,-0.01168824
12289,-0.009338379
12290,-0.017669685
12291,-0.018920898
12292,-0.023681648
12293,-0.027618416
12294,-0.030914333
12295,-0.035827648
12296,-0.038299546
12297,-0.04095458
12298,-0.03482057
12299,-0.03414918
12300,-0.025848392
12301,-0.02313232
12302,-0.011749253
12303,-0.005035389
12304,0.0025024377
12305,0.011932369
12306,0.015441921
12307,0.024322525
12308,0.020385742
12309,0.01974487
12310,0.017425548
12311,0.015258789
12312,0.013305657
12313,0.009582508
12314,0.008087147
12315,0.0038147029
12316,0.0019531325
12317,0.0013122652
12318,0.0009460375
12319,-0.0019836426
12320,0.004669183
12321,0.008728018
12322,0.011840829
12323,0.014007574
12324,0.011749275
12325,0.010894783
12326,0.01119996
12327,0.0114440955
12328,0.009307857
12329,0.0049743573
12330,0.0036621094
12331,-0.0005493165
12332,-0.0026550293
12333,-0.0016479499
12334,-0.00592041
12335,-0.002502441
12336,-0.001953125
12337,0.0026855448
12338,0.00241089
12339,0.0049133324
12340,0.010620119
12341,0.0081481915
12342,0.016876223
12343,0.018737795
12344,0.019989012
12345,0.022216799
12346,0.027740477
12347,0.026458742
12348,0.029022215
12349,0.027648926
12350,0.022827145
12351,0.017974855
12352,0.01071167
12353,0.00842285
12354,-0.0023498517
12355,-0.0033264179
12356,-0.0068969727
12357,-0.008453373
12358,-0.009246822
12359,-0.00894165
12360,-0.0061035156
12361,-0.007293703
12362,0.0010986347
12363,0.00317383
12364,0.0060424786
12365,0.012756348
12366,0.012542725
12367,0.013183592
12368,0.011077883
12369,0.0064086914
12370,0.0033264142
12371,-0.0012207069
12372,-0.0068664514
12373,-0.0072631873
12374,-0.011474609
12375,-0.005645754
12376,0.00045776553
12377,0.0011291485
12378,0.004943846
12379,0.0075378427
12380,0.011535643
12381,0.012634281
12382,0.0137023935
12383,0.016998293
12384,0.015411377
12385,0.012054446
12386,0.0071411133
12387,-0.0066223145
12388,-0.016052244
12389,-0.023742676
12390,-0.02636719
12391,-0.034820557
12392,-0.038360592
12393,-0.039031982
12394,-0.04055786
12395,-0.034088135
12396,-0.028320312
12397,-0.019927977
12398,-0.013916019
12399,-0.0018310547
12400,0.0054626456
12401,0.0115356445
12402,0.017059326
12403,0.025024414
12404,0.03137207
12405,0.030151367
12406,0.030395506
12407,0.01977539
12408,0.01550293
12409,0.0086364765
12410,0.008209225
12411,0.006195074
12412,0.0031433078
12413,0.0027771066
12414,0.0032043457
12415,0.002655032
12416,0.003295891
12417,0.011138917
12418,0.011199955
12419,0.01831055
12420,0.019531246
12421,0.018585205
12422,0.014129639
12423,0.0060119517
12424,0.0015258864
12425,-0.007446304
12426,-0.01727296
12427,-0.022735596
12428,-0.027893052
12429,-0.03204346
12430,-0.028747562
12431,-0.027465813
12432,-0.026733398
12433,-0.023742663
12434,-0.014556876
12435,-0.007202144
12436,-0.0022583073
12437,0.006134035
12438,0.01971436
12439,0.017761234
12440,0.01983642
12441,0.01776123
12442,0.008636475
12443,0.0017700118
12444,-0.005493154
12445,-0.002594009
12446,-0.011657725
12447,-0.013397215
12448,-0.013397213
12449,-0.016174309
12450,-0.021331783
12451,-0.015838627
12452,-0.018615723
12453,-0.024597168
12454,-0.020568848
12455,-0.02255249
12456,-0.021728514
12457,-0.028747559
12458,-0.024993896
12459,-0.028930666
12460,-0.023315426
12461,-0.016967773
12462,-0.018188477
12463,-0.015869139
12464,-0.015411375
12465,-0.004425049
12466,-0.0009460449
12467,0.005126955
12468,0.010742186
12469,0.012451166
12470,0.012451164
12471,0.016998302
12472,0.013183586
12473,0.009948732
12474,0.01229858
12475,0.010986328
12476,0.011016842
12477,0.008361824
12478,0.0043640174
12479,0.0036315806
12480,0.0043029822
12481,0.007843016
12482,0.007873535
12483,0.0166626
12484,0.016571047
12485,0.013519285
12486,0.022735594
12487,0.027343754
12488,0.030639648
12489,0.017730707
12490,0.029235832
12491,0.024292007
12492,0.016937256
12493,0.0047302283
12494,0.0114440955
12495,-0.007965101
12496,-0.004119873
12497,0.0039367657
12498,-0.01922607
12499,-0.02383423
12500,-0.027557377
12501,-0.011352539
12502,-0.03689575
12503,-0.021179197
12504,-0.02627564
12505,-0.025238039
12506,-0.012451173
12507,-0.007934569
12508,-0.006713869
12509,-0.016876224
12510,-0.004058838
12511,-0.0043640155
12512,-0.0048828144
12513,-0.010650642
12514,0.002075199
12515,-0.011413582
12516,0.00054931454
12517,0.011657715
12518,-0.006530758
12519,0.0014953613
12520,-0.0060729943
12521,-0.0023498423
12522,-0.0031433143
12523,-0.00793457
12524,-0.004547119
12525,-0.008239746
12526,-0.0043945387
12527,-0.003540039
12528,-0.004974369
12529,-0.007385254
12530,-0.006286621
12531,-0.0053405743
12532,-0.0004882794
12533,0.0077209473
12534,0.009033212
12535,0.021423342
12536,0.02041626
12537,0.035552982
12538,0.03564453
12539,0.04064941
12540,0.046691895
12541,0.048889168
12542,0.05130004
12543,0.04779052
12544,0.05227661
12545,0.040802013
12546,0.044952393
12547,0.042572014
12548,0.03942871
12549,0.034667976
12550,0.02941896
12551,0.026092537
12552,0.02038575
12553,0.018798828
12554,0.012023933
12555,0.010131843
12556,0.0022888258
12557,0.009094223
12558,0.0025939867
12559,0.00018309802
12560,0.005676277
12561,0.004913345
12562,0.009460442
12563,0.011352524
12564,0.012207039
12565,0.013854999
12566,0.018798832
12567,0.02200317
12568,0.026947029
12569,0.022338878
12570,0.022857688
12571,0.01937868
12572,0.01632692
12573,0.007080078
12574,0.0039062276
12575,0.0011901893
12576,-0.0035705492
12577,-0.0033569485
12578,-0.007324226
12579,-0.010772705
12580,-0.018188458
12581,-0.017730713
12582,-0.021331795
12583,-0.022552505
12584,-0.023773197
12585,-0.023529071
12586,-0.02563474
12587,-0.033355694
12588,-0.032440167
12589,-0.037933312
12590,-0.041198738
12591,-0.045043945
12592,-0.05474854
12593,-0.062225334
12594,-0.07037354
12595,-0.07830809
12596,-0.082336426
12597,-0.08950806
12598,-0.092620835
12599,-0.096221946
12600,-0.09484863
12601,-0.095001236
12602,-0.094543464
12603,-0.088470474
12604,-0.08059692
12605,-0.07217406
12606,-0.066284195
12607,-0.059051506
12608,-0.056701645
12609,-0.047241196
12610,-0.042755157
12611,-0.033264145
12612,-0.029632568
12613,-0.021820083
12614,-0.018371567
12615,-0.01745604
12616,-0.010070771
12617,-0.009307861
12618,-0.0027465522
12619,0.0027160496
12620,0.00888063
12621,0.011413589
12622,0.015533447
12623,0.019378662
12624,0.020080566
12625,0.02468875
12626,0.026946992
12627,0.031585693
12628,0.033691406
12629,0.03866575
12630,0.04226686
12631,0.04748535
12632,0.053253204
12633,0.06051635
12634,0.07070925
12635,0.07702637
12636,0.08102417
12637,0.08093261
12638,0.08218386
12639,0.08383177
12640,0.08236693
12641,0.08172608
12642,0.080657944
12643,0.07437135
12644,0.07522583
12645,0.06835936
12646,0.06750488
12647,0.06411742
12648,0.06494143
12649,0.062805146
12650,0.06359864
12651,0.06399537
12652,0.06011962
12653,0.06454467
12654,0.060821526
12655,0.06369019
12656,0.056152306
12657,0.052825928
12658,0.040832534
12659,0.031341553
12660,0.018310547
12661,0.007446304
12662,-0.0026245117
12663,-0.01681517
12664,-0.024200425
12665,-0.04101564
12666,-0.0463257
12667,-0.058441162
12668,-0.062103257
12669,-0.06863406
12670,-0.07479858
12671,-0.07943726
12672,-0.07962036
12673,-0.0812683
12674,-0.08117677
12675,-0.07894896
12676,-0.07632445
12677,-0.07104492
12678,-0.06951904
12679,-0.0632019
12680,-0.065246604
12681,-0.05508421
12682,-0.050872833
12683,-0.04760742
12684,-0.046142563
12685,-0.03979493
12686,-0.041198753
12687,-0.03887941
12688,-0.038604736
12689,-0.042114273
12690,-0.03967285
12691,-0.0394592
12692,-0.034484863
12693,-0.035125732
12694,-0.023895249
12695,-0.013397217
12696,-0.0018005073
12697,0.011383072
12698,0.03359987
12699,0.038208
12700,0.03659057
12701,0.047027573
12702,0.06375123
12703,0.075378396
12704,0.082427986
12705,0.08483886
12706,0.09225464
12707,0.097076416
12708,0.08300783
12709,0.04907225
12710,0.010406494
12711,0.0056152493
12712,0.02236938
12713,0.025268568
12714,-0.0018310528
12715,-0.0201111
12716,-0.030212378
12717,-0.03839112
12718,-0.061431892
12719,-0.102417
12720,-0.12567139
12721,-0.119232185
12722,-0.084991425
12723,-0.04138186
12724,0.0043945443
12725,0.067596436
12726,0.14968875
12727,0.21691896
12728,0.25515747
12729,0.26837158
12730,0.27008057
12731,0.27905276
12732,0.2807312
12733,0.2614441
12734,0.21609497
12735,0.14346313
12736,0.05670166
12737,-0.038909882
12738,-0.1288147
12739,-0.19995119
12740,-0.2372742
12741,-0.24551389
12742,-0.24389651
12743,-0.22689816
12744,-0.19720462
12745,-0.1549988
12746,-0.10946655
12747,-0.055847123
12748,-0.0018616021
12749,0.053955078
12750,0.111846924
12751,0.15023805
12752,0.16671753
12753,0.16378786
12754,0.14346313
12755,0.10357666
12756,0.040832527
12757,-0.03448484
12758,-0.11453249
12759,-0.20166016
12760,-0.27416992
12761,-0.33706665
12762,-0.3857727
12763,-0.40567017
12764,-0.4023133
12765,-0.37399292
12766,-0.31332397
12767,-0.22494507
12768,-0.11758424
12769,-0.009307876
12770,0.097961456
12771,0.1977539
12772,0.27514648
12773,0.33642578
12774,0.36462402
12775,0.37365723
12776,0.36743167
12777,0.34951782
12778,0.31268308
12779,0.2653198
12780,0.21270753
12781,0.13995361
12782,0.08343506
12783,0.034973133
12784,-0.023162827
12785,-0.092865
12786,-0.12985228
12787,-0.168396
12788,-0.2124939
12789,-0.25003046
12790,-0.23489374
12791,-0.22549438
12792,-0.24310303
12793,-0.20538329
12794,-0.17089842
12795,-0.13674925
12796,-0.11471553
12797,-0.08709717
12798,-0.091857925
12799,-0.04174804
12800,0.0230713
12801,0.03161618
12802,-0.009460434
12803,-0.006805375
12804,0.06350714
12805,0.10342406
12806,0.101623535
12807,0.02148439
12808,-0.038330063
12809,-0.07147217
12810,-0.030700639
12811,-0.032409623
12812,-0.08102417
12813,-0.065093964
12814,-0.03765875
12815,-0.021179259
12816,-0.04245007
12817,-0.09689334
12818,-0.16290289
12819,-0.18582165
12820,-0.21813977
12821,-0.27175915
12822,-0.37020874
12823,-0.41784668
12824,-0.36868286
12825,-0.27362072
12826,-0.13220212
12827,0.009399384
12828,0.17276013
12829,0.3670044
12830,0.5899048
12831,0.80627453
12832,0.99881
12833,1.149109
12834,1.2220154
12835,1.1913452
12836,1.0653687
12837,0.87933344
12838,0.64398205
12839,0.38598633
12840,0.11996454
12841,-0.1260683
12842,-0.33639538
12843,-0.4986878
12844,-0.60794073
12845,-0.66491705
12846,-0.65020764
12847,-0.600159
12848,-0.4957276
12849,-0.39352393
12850,-0.29965216
12851,-0.19628906
12852,-0.10952759
12853,-0.042541504
12854,-0.0034178197
12855,0.03338641
12856,0.03161633
12857,0.037627995
12858,0.027435407
12859,0.0042421296
12860,-0.018981932
12861,-0.046936087
12862,-0.059173703
12863,-0.08474739
12864,-0.099304214
12865,-0.11068714
12866,-0.11175537
12867,-0.11373913
12868,-0.09173596
12869,-0.08508289
12870,-0.08392337
12871,-0.059509248
12872,-0.049194276
12873,-0.030059874
12874,-0.026031405
12875,-0.02841185
12876,-0.03558351
12877,-0.04837036
12878,-0.06112671
12879,-0.07974246
12880,-0.09600832
12881,-0.10949707
12882,-0.11099245
12883,-0.10720828
12884,-0.09844973
12885,-0.08218384
12886,-0.059509277
12887,-0.03036499
12888,0.0030822754
12889,0.03652954
12890,0.07046512
12891,0.09555052
12892,0.123413086
12893,0.13641357
12894,0.14208984
12895,0.13363646
12896,0.11499023
12897,0.08786011
12898,0.056762688
12899,0.029785141
12900,-0.012145996
12901,-0.042236328
12902,-0.08169556
12903,-0.10855103
12904,-0.12936401
12905,-0.1446228
12906,-0.14282227
12907,-0.14163208
12908,-0.12585449
12909,-0.10302734
12910,-0.077880844
12911,-0.04891967
12912,-0.020324722
12913,0.0046997145
12914,0.025360107
12915,0.041778587
12916,0.04449463
12917,0.042480484
12918,0.031707734
12919,0.022308365
12920,0.005706802
12921,-0.019683823
12922,-0.0419617
12923,-0.070495605
12924,-0.08578493
12925,-0.10556032
12926,-0.11026001
12927,-0.113159195
12928,-0.10928346
12929,-0.090850845
12930,-0.0763855
12931,-0.05273439
12932,-0.027679443
12933,0.0038452
12934,0.032653794
12935,0.060180664
12936,0.08322145
12937,0.10803221
12938,0.12271118
12939,0.13800049
12940,0.14865112
12941,0.15289305
12942,0.15649416
12943,0.15377806
12944,0.1489868
12945,0.13491821
12946,0.12612918
12947,0.11578368
12948,0.10256958
12949,0.09167481
12950,0.08453367
12951,0.07629396
12952,0.07232667
12953,0.06866453
12954,0.06875611
12955,0.06716918
12956,0.06564331
12957,0.072052
12958,0.06869508
12959,0.06851196
12960,0.06704712
12961,0.06973268
12962,0.06970215
12963,0.065643325
12964,0.06344603
12965,0.060028106
12966,0.05480957
12967,0.053619385
12968,0.048736557
12969,0.040893555
12970,0.041656524
12971,0.041107178
12972,0.045074463
12973,0.03555295
12974,0.033355728
12975,0.030792251
12976,0.022705093
12977,0.0217285
12978,0.011413559
12979,0.0036621094
12980,-0.0032958686
12981,-0.004058838
12982,-0.010498047
12983,-0.017028809
12984,-0.024078354
12985,-0.026184052
12986,-0.031402558
12987,-0.033813506
12988,-0.03662108
12989,-0.04275514
12990,-0.04248044
12991,-0.04049681
12992,-0.03698729
12993,-0.041198745
12994,-0.037139863
12995,-0.03665158
12996,-0.035583496
12997,-0.03335569
12998,-0.032012925
12999,-0.031829827
13000,-0.028320283
13001,-0.029602036
13002,-0.030700661
13003,-0.03845215
13004,-0.0413208
13005,-0.042999256
13006,-0.05160522
13007,-0.054016136
13008,-0.05880738
13009,-0.0626526
13010,-0.06958008
13011,-0.07064819
13012,-0.076965325
13013,-0.081542924
13014,-0.08233643
13015,-0.07916258
13016,-0.08300781
13017,-0.08139035
13018,-0.080139145
13019,-0.078125015
13020,-0.07214354
13021,-0.06967164
13022,-0.06600952
13023,-0.069183335
13024,-0.06527711
13025,-0.058502235
13026,-0.05633544
13027,-0.050415024
13028,-0.049194343
13029,-0.04986573
13030,-0.046813995
13031,-0.047668442
13032,-0.04638672
13033,-0.046844482
13034,-0.04000853
13035,-0.032318115
13036,-0.026763916
13037,-0.022277832
13038,-0.015777573
13039,-0.013153076
13040,-0.0053100586
13041,0.005432129
13042,0.0050964355
13043,0.012420684
13044,0.010253906
13045,0.01580809
13046,0.014587387
13047,0.017089874
13048,0.018402115
13049,0.016143769
13050,0.018157959
13051,0.017181411
13052,0.019744888
13053,0.019866936
13054,0.02670288
13055,0.026550308
13056,0.02917479
13057,0.02947998
13058,0.030792214
13059,0.031890877
13060,0.031341545
13061,0.03759765
13062,0.04101559
13063,0.03930664
13064,0.041076675
13065,0.040191647
13066,0.04144285
13067,0.04440307
13068,0.04843142
13069,0.049194317
13070,0.047149662
13071,0.051269546
13072,0.0519104
13073,0.047546394
13074,0.041931152
13075,0.041290283
13076,0.033111557
13077,0.027862541
13078,0.023223879
13079,0.019500738
13080,0.012451176
13081,0.013336182
13082,0.01687622
13083,0.0101318285
13084,0.014862061
13085,0.015960686
13086,0.018981928
13087,0.02493286
13088,0.0293579
13089,0.034484863
13090,0.034484863
13091,0.03643799
13092,0.03646849
13093,0.033721928
13094,0.02853394
13095,0.023925778
13096,0.01977539
13097,0.010101322
13098,0.005310066
13099,-0.0023498647
13100,-0.0038452037
13101,-0.005126953
13102,-0.006561253
13103,-0.00988771
13104,-0.009460442
13105,-0.007507317
13106,-0.0073852427
13107,0.00027466565
13108,-0.005187981
13109,0.00042725727
13110,0.00030517578
13111,0.0017700084
13112,0.006896969
13113,0.0018921085
13114,0.0054626353
13115,0.0037536658
13116,0.008666985
13117,-0.00015258789
13118,0.004364021
13119,-0.001647953
13120,-0.0028991774
13121,0.0057067797
13122,0.008544922
13123,0.015441878
13124,0.012207046
13125,0.019012444
13126,0.014862046
13127,0.016723644
13128,0.015716579
13129,0.013427731
13130,0.013854962
13131,0.013732918
13132,0.018890385
13133,0.0057067834
13134,0.008575436
13135,-0.0024108812
13136,-0.009124782
13137,-0.017730705
13138,-0.02334594
13139,-0.031799324
13140,-0.04284669
13141,-0.043548565
13142,-0.054779056
13143,-0.05838014
13144,-0.07159422
13145,-0.07583618
13146,-0.08322145
13147,-0.08493043
13148,-0.08010862
13149,-0.08169556
13150,-0.07525636
13151,-0.06637573
13152,-0.055511475
13153,-0.04916381
13154,-0.04858397
13155,-0.038055412
13156,-0.039001476
13157,-0.022369362
13158,-0.025115967
13159,-0.0222473
13160,-0.01980593
13161,-0.01449585
13162,-0.008636467
13163,-0.013977058
13164,-0.013854973
13165,-0.016052261
13166,0.0026855469
13167,-0.00088499486
13168,0.013641357
13169,0.010559082
13170,0.027099594
13171,0.041961655
13172,0.039978012
13173,0.0463257
13174,0.0347595
13175,0.045349125
13176,0.037292473
13177,0.03826907
13178,0.021545395
13179,0.013549808
13180,0.014556871
13181,0.01589964
13182,0.013763428
13183,0.008605972
13184,0.009246827
13185,0.010253899
13186,0.03222657
13187,0.028289787
13188,0.041351307
13189,0.044891346
13190,0.0569458
13191,0.06634519
13192,0.056915283
13193,0.054534912
13194,0.040771484
13195,0.04028321
13196,0.03933715
13197,0.03494262
13198,0.025238037
13199,0.02124025
13200,0.021545395
13201,0.030426025
13202,0.035614006
13203,0.03640747
13204,0.03695678
13205,0.02996827
13206,0.036346436
13207,0.027557366
13208,0.020324722
13209,0.017608654
13210,0.0063476562
13211,0.0063781664
13212,-0.01354979
13213,-0.022430409
13214,-0.046386726
13215,-0.05032348
13216,-0.043121345
13217,-0.044219963
13218,-0.0451355
13219,-0.04461669
13220,-0.036102306
13221,-0.02911378
13222,-0.01232909
13223,-0.008728035
13224,-0.0028686393
13225,-0.0053710975
13226,-0.0001831064
13227,-0.0066833496
13228,-0.012145986
13229,-0.0070190337
13230,-0.014892584
13231,-0.02197267
13232,-0.024108883
13233,-0.04153441
13234,-0.05395508
13235,-0.059661865
13236,-0.05657959
13237,-0.055267334
13238,-0.053741433
13239,-0.04101564
13240,-0.047332756
13241,-0.039337173
13242,-0.036926277
13243,-0.022979729
13244,-0.019866962
13245,-0.00546265
13246,-0.004852306
13247,-0.0030517355
13248,0.0066833384
13249,0.005859375
13250,0.013275135
13251,0.00503543
13252,0.022491466
13253,0.008544918
13254,0.016937256
13255,0.0180359
13256,0.013793971
13257,0.007446289
13258,0.01071167
13259,0.021545384
13260,0.010040291
13261,0.020172099
13262,0.019927971
13263,0.027465813
13264,0.019256568
13265,0.028839115
13266,0.023468014
13267,0.0192566
13268,0.021179201
13269,0.028167717
13270,0.02593994
13271,0.022216816
13272,0.029266365
13273,0.019775398
13274,0.019012451
13275,0.010650631
13276,0.010742202
13277,0.0058898926
13278,0.004028313
13279,-0.0012817495
13280,-0.0054931752
13281,-0.016021725
13282,-0.0107116755
13283,-0.01260376
13284,-0.015472412
13285,-0.019744877
13286,-0.017456053
13287,-0.020782469
13288,-0.021148682
13289,-0.013244633
13290,-0.015502928
13291,-0.0046997075
13292,0.0030822773
13293,0.019622806
13294,0.01599121
13295,0.010528564
13296,0.013916016
13297,0.018188482
13298,0.012237542
13299,0.016906738
13300,0.019897457
13301,0.018920897
13302,0.030212399
13303,0.027130127
13304,0.02713012
13305,0.018524166
13306,0.024017334
13307,0.027008053
13308,0.011199951
13309,0.007324215
13310,0.01028442
13311,0.009429926
13312,0.0051879957
13313,0.005493164
13314,-0.006195061
13315,-0.009490959
13316,-0.0005187839
13317,0.0014343187
13318,-0.0058288574
13319,-0.009246819
13320,0.012146007
13321,0.022705063
13322,0.019409172
13323,0.01852417
13324,0.015655506
13325,0.010925293
13326,0.018127445
13327,0.020568829
13328,0.00027466938
13329,-0.0061035194
13330,0.010803219
13331,0.01135252
13332,-0.0019226
13333,-0.0120849535
13334,-0.012908928
13335,-0.01889037
13336,-0.019226074
13337,-0.030395519
13338,-0.049438495
13339,-0.05142211
13340,-0.04013062
13341,-0.032562256
13342,-0.056243896
13343,-0.056060787
13344,-0.046600346
13345,-0.04135132
13346,-0.029052736
13347,-0.028472913
13348,-0.029754627
13349,-0.019897461
13350,-0.010040283
13351,-0.018737791
13352,-0.0352173
13353,-0.053161614
13354,-0.05624391
13355,-0.052551247
13356,-0.055969242
13357,-0.065765396
13358,-0.06817626
13359,-0.048339844
13360,-0.03488159
13361,-0.018127427
13362,-0.0062560886
13363,0.0040893406
13364,0.025146492
13365,0.038177505
13366,0.050018318
13367,0.03686522
13368,0.03170778
13369,0.033477798
13370,0.019378684
13371,0.0051879697
13372,-0.0031738132
13373,-0.019836422
13374,-0.022308357
13375,-0.014190663
13376,-0.013397217
13377,0.00027467683
13378,0.008880597
13379,0.03143309
13380,0.04541015
13381,0.05963137
13382,0.07775879
13383,0.08129883
13384,0.08374024
13385,0.0809021
13386,0.079254165
13387,0.068573
13388,0.059631363
13389,0.048553474
13390,0.03674318
13391,0.029144298
13392,0.02252198
13393,0.019744858
13394,0.009552002
13395,0.0063171387
13396,0.0016479306
13397,-0.0024719462
13398,-0.00024414808
13399,0.0030212365
13400,0.00033568218
13401,-0.008117676
13402,-0.014953624
13403,-0.028442383
13404,-0.032958977
13405,-0.03814695
13406,-0.047576908
13407,-0.05105592
13408,-0.04946898
13409,-0.03836058
13410,-0.03253175
13411,-0.015441882
13412,0.010192877
13413,0.045867916
13414,0.07702638
13415,0.096221924
13416,0.093688965
13417,0.07940672
13418,0.07485962
13419,0.059387237
13420,0.029144278
13421,-0.014617907
13422,-0.06692505
13423,-0.11682129
13424,-0.15640259
13425,-0.18710327
13426,-0.20660403
13427,-0.20480347
13428,-0.18319704
13429,-0.14425659
13430,-0.10397338
13431,-0.05538942
13432,-0.0009155199
13433,0.057800293
13434,0.112152115
13435,0.14114378
13436,0.14837646
13437,0.13742065
13438,0.12008668
13439,0.09954834
13440,0.076873764
13441,0.050567616
13442,0.026672367
13443,0.009277351
13444,0.005065903
13445,0.0049133413
13446,0.014678948
13447,0.03244019
13448,0.056854226
13449,0.0758362
13450,0.09020996
13451,0.09295653
13452,0.08877565
13453,0.08346557
13454,0.0744934
13455,0.06317137
13456,0.044830322
13457,0.03289792
13458,0.020874038
13459,0.017852813
13460,0.018157989
13461,0.030883789
13462,0.051452637
13463,0.072326675
13464,0.0970459
13465,0.10968016
13466,0.1159973
13467,0.11608887
13468,0.10702515
13469,0.08709714
13470,0.05908203
13471,0.02035524
13472,-0.022155762
13473,-0.06835939
13474,-0.119140625
13475,-0.1609802
13476,-0.20144655
13477,-0.22787476
13478,-0.24432373
13479,-0.25857544
13480,-0.2626953
13481,-0.25680542
13482,-0.24340825
13483,-0.22009277
13484,-0.19799808
13485,-0.17404175
13486,-0.15121463
13487,-0.13284305
13488,-0.11627197
13489,-0.10348505
13490,-0.09463504
13491,-0.086639404
13492,-0.081970215
13493,-0.081451446
13494,-0.085876465
13495,-0.09033203
13496,-0.0924072
13497,-0.0949097
13498,-0.091033995
13499,-0.080078006
13500,-0.06625357
13501,-0.04837048
13502,-0.030914247
13503,-0.010345399
13504,0.010803193
13505,0.03036499
13506,0.05480963
13507,0.07098383
13508,0.087402254
13509,0.10427868
13510,0.11856079
13511,0.12826538
13512,0.13562012
13513,0.13735957
13514,0.13735962
13515,0.13708495
13516,0.13598636
13517,0.13607788
13518,0.13180539
13519,0.13430798
13520,0.13638312
13521,0.13641346
13522,0.13482669
13523,0.13034055
13524,0.12683098
13525,0.12548834
13526,0.12463378
13527,0.122344986
13528,0.118194565
13529,0.11798097
13530,0.11639403
13531,0.114288345
13532,0.11282349
13533,0.10964966
13534,0.10720825
13535,0.10916139
13536,0.10748291
13537,0.10394287
13538,0.09521483
13539,0.088470474
13540,0.08123781
13541,0.06744386
13542,0.057159424
13543,0.04254152
13544,0.030700698
13545,0.02124025
13546,0.012146011
13547,-0.00015258789
13548,-0.015777588
13549,-0.023467988
13550,-0.028045654
13551,-0.03671266
13552,-0.04248047
13553,-0.047332734
13554,-0.048828125
13555,-0.05355835
13556,-0.055633545
13557,-0.06756592
13558,-0.08239749
13559,-0.09045407
13560,-0.088836655
13561,-0.096466035
13562,-0.097076416
13563,-0.097290054
13564,-0.09585572
13565,-0.08679197
13566,-0.08181763
13567,-0.06814578
13568,-0.069213875
13569,-0.06216427
13570,-0.05041504
13571,-0.04516604
13572,-0.04220581
13573,-0.039611816
13574,-0.041992188
13575,-0.04315184
13576,-0.04537964
13577,-0.05343628
13578,-0.059570316
13579,-0.07247923
13580,-0.07333374
13581,-0.07260131
13582,-0.06903074
13583,-0.06533815
13584,-0.05749513
13585,-0.053680398
13586,-0.044708252
13587,-0.03717043
13588,-0.030731224
13589,-0.026824951
13590,-0.023437515
13591,-0.012786843
13592,-0.008270241
13593,0.0015258789
13594,0.005249031
13595,0.0113525465
13596,0.011993423
13597,0.022613525
13598,0.026123054
13599,0.03164672
13600,0.038146965
13601,0.0430908
13602,0.0487671
13603,0.04962157
13604,0.051025372
13605,0.043304436
13606,0.039428715
13607,0.027954116
13608,0.016815173
13609,0.0019836314
13610,-0.009338385
13611,-0.022125237
13612,-0.03323362
13613,-0.037017792
13614,-0.043579087
13615,-0.045928955
13616,-0.04559326
13617,-0.043426514
13618,-0.041107185
13619,-0.03250123
13620,-0.023498543
13621,-0.016815197
13622,-0.0068969596
13623,-0.0016479474
13624,0.0016174167
13625,0.0016479269
13626,0.006469719
13627,0.008514404
13628,0.008178707
13629,0.013488758
13630,0.013061516
13631,0.016021736
13632,0.016326915
13633,0.01669313
13634,0.014251724
13635,0.011474624
13636,0.014282241
13637,0.013763439
13638,0.012603793
13639,0.010192867
13640,0.007568352
13641,0.0013427809
13642,-0.00045775995
13643,-0.0030212514
13644,-0.00680542
13645,-0.001922626
13646,-0.0009460673
13647,0.0069274884
13648,0.014343265
13649,0.01571655
13650,0.020568846
13651,0.020965584
13652,0.028137214
13653,0.035461426
13654,0.042907722
13655,0.04647828
13656,0.04922487
13657,0.0496521
13658,0.05093385
13659,0.051635727
13660,0.04629516
13661,0.04547119
13662,0.04025267
13663,0.039733887
13664,0.037109382
13665,0.033538822
13666,0.026611343
13667,0.024047855
13668,0.028137207
13669,0.020568855
13670,0.021118172
13671,0.014648464
13672,0.010070808
13673,0.010253914
13674,0.009887688
13675,0.008636478
13676,0.0028991625
13677,-0.0039978027
13678,-0.0078124925
13679,-0.016662594
13680,-0.029052734
13681,-0.031311017
13682,-0.039093018
13683,-0.03875732
13684,-0.04067991
13685,-0.041870117
13686,-0.04855347
13687,-0.04995729
13688,-0.047637932
13689,-0.04974366
13690,-0.04559327
13691,-0.04632568
13692,-0.042510986
13693,-0.0401306
13694,-0.03857422
13695,-0.037902832
13696,-0.035186794
13697,-0.03189087
13698,-0.024444569
13699,-0.021820053
13700,-0.018493641
13701,-0.012695305
13702,-0.0076599196
13703,0.0021667406
13704,0.0061950944
13705,0.01052855
13706,0.012542725
13707,0.018035874
13708,0.017761234
13709,0.019470207
13710,0.022033691
13711,0.02041626
13712,0.021759007
13713,0.024261467
13714,0.020080566
13715,0.01809693
13716,0.011688221
13717,0.009887696
13718,0.0073547326
13719,0.009399412
13720,0.00921632
13721,0.0066223084
13722,0.0024108812
13723,0.008392328
13724,0.00042725913
13725,-0.0031433087
13726,-0.009277333
13727,-0.011779802
13728,-0.0056457575
13729,-0.0068969782
13730,-0.000701908
13731,-0.010681156
13732,-0.00021362863
13733,-0.0014953604
13734,0.004760743
13735,0.007781986
13736,0.006164551
13737,0.014373779
13738,0.015808105
13739,0.021881107
13740,0.021636965
13741,0.020477295
13742,0.017578125
13743,0.024566652
13744,0.017303469
13745,0.016693117
13746,0.0086975135
13747,0.009948722
13748,0.0161438
13749,0.015624996
13750,0.017669683
13751,0.015289311
13752,0.018890385
13753,0.022613525
13754,0.03060913
13755,0.030181892
13756,0.035430916
13757,0.039794922
13758,0.05029297
13759,0.04522706
13760,0.046173103
13761,0.03979493
13762,0.03433226
13763,0.033782955
13764,0.026062008
13765,0.025299072
13766,0.015838623
13767,0.016571023
13768,0.011291474
13769,0.011962883
13770,0.0046081617
13771,0.0019531101
13772,0.0024719015
13773,0.0012817457
13774,0.008575447
13775,0.009948716
13776,0.009094238
13777,0.00888063
13778,0.0053405985
13779,-0.0038147047
13780,-0.010559075
13781,-0.024353035
13782,-0.03353882
13783,-0.041870132
13784,-0.048095718
13785,-0.05322268
13786,-0.058868393
13787,-0.066833496
13788,-0.0688477
13789,-0.07247924
13790,-0.07296753
13791,-0.07562256
13792,-0.07458496
13793,-0.07101439
13794,-0.06619261
13795,-0.06167604
13796,-0.06005858
13797,-0.058349594
13798,-0.052307114
13799,-0.050842285
13800,-0.043121327
13801,-0.0404358
13802,-0.036071785
13803,-0.025787361
13804,-0.022796653
13805,-0.014740013
13806,-0.011993393
13807,-0.00778196
13808,-0.0014343336
13809,0.0038757324
13810,0.0050048754
13811,0.00991822
13812,0.010314941
13813,0.011688225
13814,0.010742195
13815,0.008483864
13816,0.009185784
13817,0.009063721
13818,0.012359627
13819,0.012420647
13820,0.014343265
13821,0.015289303
13822,0.015533429
13823,0.0145874135
13824,0.01516724
13825,0.014190668
13826,0.015869139
13827,0.017913846
13828,0.016998304
13829,0.015930165
13830,0.014221195
13831,0.010833735
13832,0.007965071
13833,0.005004874
13834,0.0018920987
13835,0.0008544759
13836,-0.0014038077
13837,0.0039367755
13838,0.0042724535
13839,0.0061645503
13840,0.009063731
13841,0.008178707
13842,0.010437008
13843,0.011688241
13844,0.010894775
13845,0.015106201
13846,0.017303469
13847,0.019989016
13848,0.021667477
13849,0.02029419
13850,0.023315432
13851,0.021148682
13852,0.016876219
13853,0.015411375
13854,0.010131836
13855,0.012145994
13856,0.0114135705
13857,0.008911132
13858,0.012634277
13859,0.011199952
13860,0.010131836
13861,0.01022339
13862,0.008087159
13863,0.009002687
13864,0.007965086
13865,0.014709473
13866,0.015380859
13867,0.015533449
13868,0.01730347
13869,0.016815187
13870,0.0138549805
13871,0.015045166
13872,0.015045168
13873,0.010070801
13874,0.0058288556
13875,0.002319334
13876,0.0048828106
13877,-0.0007019043
13878,0.0021057166
13879,0.00021362491
13880,-0.010009773
13881,-0.014282227
13882,-0.024993893
13883,-0.027191157
13884,-0.031250007
13885,-0.027160646
13886,-0.025909426
13887,-0.028930664
13888,-0.02810669
13889,-0.03146362
13890,-0.028381355
13891,-0.031585693
13892,-0.019805904
13893,-0.01586914
13894,-0.0067138784
13895,-0.0030212458
13896,-0.0022888128
13897,-0.000579834
13898,-0.0007019006
13899,0.0047607515
13900,0.007171629
13901,0.012847897
13902,0.010864276
13903,0.0152587965
13904,0.012329098
13905,0.012908932
13906,0.015197761
13907,0.013061523
13908,0.01760863
13909,0.014221197
13910,0.020965565
13911,0.020019526
13912,0.02426147
13913,0.026214603
13914,0.025726303
13915,0.027557373
13916,0.028411854
13917,0.032440186
13918,0.03292846
13919,0.0324402
13920,0.035583496
13921,0.03427123
13922,0.032196056
13923,0.030792248
13924,0.025756836
13925,0.02374266
13926,0.020660412
13927,0.01965331
13928,0.012512226
13929,0.008514419
13930,-0.0026245043
13931,-0.0043640435
13932,-0.0145568885
13933,-0.019866921
13934,-0.028045647
13935,-0.031677235
13936,-0.033447273
13937,-0.03707886
13938,-0.034210194
13939,-0.037292458
13940,-0.030822758
13941,-0.037445087
13942,-0.02938842
13943,-0.03356933
13944,-0.028991688
13945,-0.020477291
13946,-0.018066414
13947,-0.01208497
13948,-0.01675414
13949,-0.013793932
13950,-0.019622812
13951,-0.020477317
13952,-0.025054943
13953,-0.027435295
13954,-0.03189087
13955,-0.031494137
13956,-0.03323365
13957,-0.038909923
13958,-0.042144764
13959,-0.044464104
13960,-0.044799797
13961,-0.046630852
13962,-0.044921875
13963,-0.042633045
13964,-0.03848264
13965,-0.027282715
13966,-0.017883305
13967,-0.013000488
13968,-0.0039367527
13969,0.00036619976
13970,0.013580333
13971,0.01553344
13972,0.024566635
13973,0.027862553
13974,0.032135
13975,0.037536625
13976,0.03839108
13977,0.04260255
13978,0.037658673
13979,0.044738773
13980,0.037170406
13981,0.038238544
13982,0.032257073
13983,0.032073967
13984,0.029083254
13985,0.027893063
13986,0.025573745
13987,0.022125248
13988,0.022949215
13989,0.019836418
13990,0.024200464
13991,0.017578121
13992,0.018127427
13993,0.014892563
13994,0.014251705
13995,0.015289314
13996,0.015258789
13997,0.01083374
13998,0.0121459775
13999,0.015197735
14000,0.018707294
14001,0.020996124
14002,0.019622803
14003,0.020782463
14004,0.023406994
14005,0.025604255
14006,0.026855469
14007,0.025817886
14008,0.023803696
14009,0.025878903
14010,0.023254406
14011,0.018768337
14012,0.009857152
14013,0.0051269345
14014,0.0007934496
14015,-0.0007629357
14016,-0.0073852576
14017,-0.008483887
14018,-0.013732914
14019,-0.015899677
14020,-0.01559446
14021,-0.016448967
14022,-0.015075672
14023,-0.021972682
14024,-0.021362297
14025,-0.030303955
14026,-0.030303966
14027,-0.035034183
14028,-0.034606952
14029,-0.037750248
14030,-0.03781128
14031,-0.037292466
14032,-0.038970947
14033,-0.038085934
14034,-0.04006959
14035,-0.037872314
14036,-0.040527336
14037,-0.034484863
14038,-0.035614006
14039,-0.03274537
14040,-0.032531723
14041,-0.03253174
14042,-0.030303955
14043,-0.03140259
14044,-0.030914336
14045,-0.03125001
14046,-0.028320309
14047,-0.025329571
14048,-0.016052268
14049,-0.011779793
14050,-0.007110581
14051,-0.002227798
14052,0.0040283278
14053,0.0117798
14054,0.017761245
14055,0.022949226
14056,0.026977554
14057,0.028625485
14058,0.033416748
14059,0.03775024
14060,0.0325928
14061,0.03332519
14062,0.03463744
14063,0.040527344
14064,0.03567503
14065,0.03686523
14066,0.031829827
14067,0.030944813
14068,0.037200905
14069,0.03820802
14070,0.034759544
14071,0.028228758
14072,0.029663082
14073,0.026824959
14074,0.02651979
14075,0.020111095
14076,0.020355236
14077,0.014160164
14078,0.012756348
14079,0.008453358
14080,-0.0038757287
14081,-0.0066833384
14082,-0.01144411
14083,-0.005706787
14084,-0.008758549
14085,-0.007751476
14086,-0.012634285
14087,-0.015106194
14088,-0.015472408
14089,-0.019073501
14090,-0.017547604
14091,-0.019134521
14092,-0.0152282715
14093,-0.011047369
14094,-0.005401611
14095,-0.005950924
14096,-0.0038452046
14097,-0.0016479325
14098,-0.001525878
14099,-9.155925e-05
14100,0.0016784603
14101,0.00289917
14102,-0.001403817
14103,0.002716071
14104,0.0024719294
14105,0.00033569336
14106,-6.103888e-05
14107,-0.002227787
14108,-0.0045165997
14109,-0.010192883
14110,-0.0061035156
14111,-0.009765627
14112,-0.008392334
14113,-0.008544921
14114,-0.009429932
14115,-0.0068969727
14116,-0.0054321284
14117,-0.0016479502
14118,-0.006805418
14119,-0.007385253
14120,-0.0076599107
14121,-0.0039367685
14122,-0.006011963
14123,-0.007019044
14124,-0.008361816
14125,-0.00744629
14126,0.0011596687
14127,-0.000946047
14128,-0.0018005376
14129,-0.006500245
14130,-0.0032653813
14131,-0.0026550298
14132,0.004974365
14133,0.005676272
14134,0.0048522935
14135,0.009552003
14136,0.011810303
14137,0.013763429
14138,0.015289308
14139,0.013183595
14140,0.013549806
14141,0.013610839
14142,0.014526368
14143,0.0154418945
14144,0.013763428
14145,0.015502924
14146,0.014739988
14147,0.015350338
14148,0.0151062
14149,0.02023315
14150,0.01419067
14151,0.01586914
14152,0.015472414
14153,0.010589592
14154,0.012359619
14155,0.015472416
14156,0.009979248
14157,0.0068359487
14158,0.011322033
14159,0.011779796
14160,0.018249504
14161,0.013702404
14162,0.013031017
14163,0.013031013
14164,0.014495838
14165,0.0145569
14166,0.008422837
14167,0.0017089695
14168,-0.003662128
14169,-0.0077209435
14170,-0.010070808
14171,-0.0039672814
14172,-0.0074768066
14173,-0.0055542104
14174,-0.0027770922
14175,-0.003479004
14176,-0.0025939755
14177,0.0032959022
14178,0.0033874698
14179,0.0007629469
14180,0.007537838
14181,0.008880602
14182,0.005706791
14183,-0.0020141564
14184,-0.008544933
14185,-0.013915991
14186,-0.023071308
14187,-0.027374279
14188,-0.035919197
14189,-0.048431396
14190,-0.046173092
14191,-0.040008537
14192,-0.041992173
14193,-0.045379635
14194,-0.045532227
14195,-0.05358888
14196,-0.061584465
14197,-0.063293464
14198,-0.06503295
14199,-0.06436156
14200,-0.062316895
14201,-0.05340577
14202,-0.054382317
14203,-0.06097412
14204,-0.064453125
14205,-0.06362914
14206,-0.06527711
14207,-0.059783943
14208,-0.055084243
14209,-0.048095696
14210,-0.036560073
14211,-0.033081055
14212,-0.027771011
14213,-0.03012085
14214,-0.024444595
14215,-0.025329605
14216,-0.019805923
14217,-0.016845718
14218,-0.011627182
14219,-0.009521499
14220,-0.0039367825
14221,9.152293e-05
14222,0.0056762844
14223,0.016418457
14224,0.017547593
14225,0.029876694
14226,0.030212387
14227,0.03836058
14228,0.045227036
14229,0.048980713
14230,0.04742428
14231,0.051757805
14232,0.05722043
14233,0.05664061
14234,0.06182862
14235,0.057037357
14236,0.056549065
14237,0.053131092
14238,0.054504424
14239,0.052246105
14240,0.048645027
14241,0.055572495
14242,0.06137085
14243,0.067718506
14244,0.068206795
14245,0.0680542
14246,0.056579582
14247,0.055114742
14248,0.052337635
14249,0.05081176
14250,0.05322264
14251,0.060424816
14252,0.06869505
14253,0.07061765
14254,0.07281493
14255,0.062866226
14256,0.06396483
14257,0.05209352
14258,0.04953003
14259,0.045196533
14260,0.047454834
14261,0.046875022
14262,0.03723146
14263,0.029479966
14264,0.010101348
14265,-0.0046386793
14266,-0.023406997
14267,-0.025115937
14268,-0.04473877
14269,-0.04046634
14270,-0.040496856
14271,-0.040618867
14272,-0.042938232
14273,-0.04541017
14274,-0.051086463
14275,-0.05651851
14276,-0.047454827
14277,-0.05102539
14278,-0.04559327
14279,-0.051971428
14280,-0.038726795
14281,-0.03955078
14282,-0.038024902
14283,-0.038269036
14284,-0.03958128
14285,-0.037567146
14286,-0.032470703
14287,-0.019958494
14288,-0.021148697
14289,-0.015594497
14290,-0.011627197
14291,-0.006347649
14292,-0.0022888184
14293,-0.0047912523
14294,-0.0013122447
14295,-0.0035705343
14296,0.0025024489
14297,0.0040283054
14298,0.0074157678
14299,0.0033264235
14300,0.008148206
14301,0.02053832
14302,0.016418457
14303,0.024047844
14304,0.026947021
14305,0.043945305
14306,0.043548577
14307,0.05105591
14308,0.048980705
14309,0.049957275
14310,0.05758667
14311,0.055908214
14312,0.056701653
14313,0.043731708
14314,0.05538941
14315,0.042083733
14316,0.02059938
14317,-0.003997788
14318,-0.019287102
14319,-0.026580833
14320,-0.019287087
14321,-0.024261482
14322,-0.04315185
14323,-0.04763796
14324,-0.045715325
14325,-0.040069573
14326,-0.056823727
14327,-0.07382201
14328,-0.094970696
14329,-0.10238646
14330,-0.094146706
14331,-0.07983396
14332,-0.056335434
14333,-0.024963375
14334,0.01690675
14335,0.045867905
14336,0.060455322
14337,0.07116698
14338,0.07727052
14339,0.08947751
14340,0.110443115
14341,0.11132811
14342,0.10675047
14343,0.08343505
14344,0.04232788
14345,-0.0020751897
14346,-0.048583984
14347,-0.08523557
14348,-0.12310788
14349,-0.16320801
14350,-0.18792725
14351,-0.20474243
14352,-0.22042848
14353,-0.22039795
14354,-0.23013306
14355,-0.2315674
14356,-0.23028567
14357,-0.20724489
14358,-0.17346191
14359,-0.12677002
14360,-0.06347656
14361,0.0007019192
14362,0.070373535
14363,0.12548827
14364,0.17007451
14365,0.18188478
14366,0.18121338
14367,0.16677853
14368,0.14178468
14369,0.10589601
14370,0.05255127
14371,-0.0074768066
14372,-0.07608035
14373,-0.12628174
14374,-0.16744997
14375,-0.18685915
14376,-0.1923828
14377,-0.17764284
14378,-0.14859009
14379,-0.11737062
14380,-0.08169554
14381,-0.027893081
14382,0.026428223
14383,0.077484086
14384,0.13253787
14385,0.19747925
14386,0.24935913
14387,0.27478027
14388,0.28701782
14389,0.31649783
14390,0.35427856
14391,0.34347534
14392,0.29867554
14393,0.26205444
14394,0.27359003
14395,0.24053955
14396,0.1629333
14397,0.10397336
14398,0.1186828
14399,0.09701538
14400,0.029418916
14401,-0.020446777
14402,-0.10986325
14403,-0.11791986
14404,-0.0721436
14405,-0.11462399
14406,-0.22354117
14407,-0.24765012
14408,-0.20629871
14409,-0.21374503
14410,-0.2677002
14411,-0.3408203
14412,-0.38040155
14413,-0.37051386
14414,-0.3186952
14415,-0.29428092
14416,-0.2875672
14417,-0.21618639
14418,-0.08581555
14419,-0.011749268
14420,0.019561738
14421,0.053741395
14422,0.064819425
14423,0.13943481
14424,0.22827151
14425,0.23233026
14426,0.221039
14427,0.23373395
14428,0.2650148
14429,0.2873229
14430,0.27368173
14431,0.26434332
14432,0.26718137
14433,0.27252185
14434,0.26184076
14435,0.24960345
14436,0.22891235
14437,0.20065308
14438,0.17034914
14439,0.11907959
14440,0.04965207
14441,-0.015686065
14442,-0.06463617
14443,-0.111328214
14444,-0.14501962
14445,-0.1724242
14446,-0.18838498
14447,-0.19860849
14448,-0.19229144
14449,-0.17755133
14450,-0.15829471
14451,-0.12808213
14452,-0.102508485
14453,-0.07269305
14454,-0.055786133
14455,-0.028015167
14456,-0.0094908625
14457,0.005889818
14458,0.023864746
14459,0.047851533
14460,0.07315059
14461,0.09603882
14462,0.1178284
14463,0.12493892
14464,0.13330066
14465,0.13098155
14466,0.12164302
14467,0.09881599
14468,0.05923453
14469,0.019958444
14470,-0.024597142
14471,-0.072021514
14472,-0.12069693
14473,-0.16647339
14474,-0.20849608
14475,-0.24105833
14476,-0.2576294
14477,-0.26135254
14478,-0.25442505
14479,-0.23205565
14480,-0.19198608
14481,-0.15274046
14482,-0.105041504
14483,-0.058868423
14484,-0.017425532
14485,0.020965591
14486,0.058074966
14487,0.08529662
14488,0.0930176
14489,0.09402463
14490,0.08944703
14491,0.079956055
14492,0.069976814
14493,0.06707764
14494,0.053527825
14495,0.044982918
14496,0.039581284
14497,0.037078857
14498,0.027557358
14499,0.021148674
14500,0.017639153
14501,0.0056457743
14502,-0.00030518323
14503,-0.012664802
14504,-0.019866943
14505,-0.035522453
14506,-0.034637444
14507,-0.03768921
14508,-0.036926262
14509,-0.033264175
14510,-0.026885986
14511,-0.020690912
14512,-0.0093383845
14513,0.008392343
14514,0.017028801
14515,0.028137207
14516,0.027404785
14517,0.028656013
14518,0.017730713
14519,0.012451165
14520,0.0024719166
14521,-0.0077819712
14522,-0.013977057
14523,-0.026489258
14524,-0.037017822
14525,-0.051727287
14526,-0.059021004
14527,-0.06674194
14528,-0.069183365
14529,-0.070220955
14530,-0.06835937
14531,-0.06921385
14532,-0.063781746
14533,-0.060577407
14534,-0.05508422
14535,-0.0465393
14536,-0.03936766
14537,-0.028381363
14538,-0.014434814
14539,-0.002471909
14540,0.015472427
14541,0.032226577
14542,0.04748535
14543,0.062988296
14544,0.07199098
14545,0.08111572
14546,0.08422853
14547,0.0914612
14548,0.08911133
14549,0.09112547
14550,0.085845985
14551,0.08215334
14552,0.073211685
14553,0.06655882
14554,0.06326296
14555,0.05895996
14556,0.060485847
14557,0.057647705
14558,0.06201172
14559,0.058319103
14560,0.06387332
14561,0.06649781
14562,0.0659485
14563,0.0675659
14564,0.06701663
14565,0.06573486
14566,0.060119644
14567,0.059112534
14568,0.054809555
14569,0.05291748
14570,0.047576904
14571,0.043426514
14572,0.036254883
14573,0.026550278
14574,0.022277847
14575,0.016418472
14576,0.008758545
14577,0.00579834
14578,0.002807632
14579,-0.0022887886
14580,-0.009857178
14581,-0.009704575
14582,-0.012298554
14583,-0.010314941
14584,-0.007904068
14585,-0.006011948
14586,-0.011260964
14587,-0.0138549805
14588,-0.016967788
14589,-0.024017327
14590,-0.028594963
14591,-0.031188965
14592,-0.029785141
14593,-0.039093032
14594,-0.040832497
14595,-0.04345701
14596,-0.04205323
14597,-0.041107178
14598,-0.0390625
14599,-0.038635235
14600,-0.04006958
14601,-0.041992202
14602,-0.04031373
14603,-0.04241944
14604,-0.04074099
14605,-0.03747558
14606,-0.042144783
14607,-0.041107178
14608,-0.050659165
14609,-0.052856453
14610,-0.05133056
14611,-0.048461914
14612,-0.045928963
14613,-0.045257557
14614,-0.044830307
14615,-0.045745842
14616,-0.04907226
14617,-0.051818855
14618,-0.055145264
14619,-0.0637207
14620,-0.061065674
14621,-0.062561035
14622,-0.063964844
14623,-0.06582642
14624,-0.064941406
14625,-0.061126713
14626,-0.058746338
14627,-0.048614495
14628,-0.04626465
14629,-0.038482666
14630,-0.023925796
14631,-0.009887688
14632,0.001434356
14633,0.00881961
14634,0.016723618
14635,0.021301284
14636,0.030883789
14637,0.038909912
14638,0.05111696
14639,0.052398697
14640,0.05706787
14641,0.061431855
14642,0.053588882
14643,0.047302246
14644,0.036560044
14645,0.032958966
14646,0.02804567
14647,0.027374282
14648,0.023284908
14649,0.01937867
14650,0.014282225
14651,0.013275156
14652,0.018768322
14653,0.015319835
14654,0.020904537
14655,0.021545429
14656,0.034240708
14657,0.041229233
14658,0.048095718
14659,0.049468994
14660,0.05123903
14661,0.05117796
14662,0.04766845
14663,0.043182373
14664,0.032165516
14665,0.031463634
14666,0.028808612
14667,0.030578624
14668,0.022918716
14669,0.01751709
14670,0.010253899
14671,0.0050964355
14672,0.0018005334
14673,0.0019836389
14674,-0.003021244
14675,-0.0029602088
14676,0.00021361187
14677,0.0014343336
14678,0.0
14679,0.0032043383
14680,0.0012207069
14681,-0.0010986291
14682,-7.450581e-09
14683,-6.1035156e-05
14684,0.0052185096
14685,0.00036622025
14686,0.011047367
14687,0.003662113
14688,-0.0019531138
14689,-0.0094299335
14690,-0.011535656
14691,-0.019714352
14692,-0.021453865
14693,-0.018310545
14694,-0.02133178
14695,-0.01535034
14696,-0.016326899
14697,-0.007171629
14698,-0.011962896
14699,-0.0011596754
14700,0.0016784677
14701,0.0098571805
14702,0.015045169
14703,0.017303467
14704,0.02331543
14705,0.021453857
14706,0.026367188
14707,0.02243042
14708,0.016082766
14709,0.0058898944
14710,-0.00024414062
14711,-0.0082092285
14712,-0.008331297
14713,-0.015777586
14714,-0.019500736
14715,-0.02008057
14716,-0.022735601
14717,-0.027038567
14718,-0.029846188
14719,-0.032562263
14720,-0.034027107
14721,-0.0263977
14722,-0.025817866
14723,-0.021972654
14724,-0.025756838
14725,-0.018249508
14726,-0.017669676
14727,-0.018341066
14728,-0.022918705
14729,-0.023895256
14730,-0.023559567
14731,-0.022644045
14732,-0.0164795
14733,-0.024047848
14734,-0.021759037
14735,-0.024139404
14736,-0.019104008
14737,-0.024353031
14738,-0.032073975
14739,-0.029754639
14740,-0.034210194
14741,-0.02862551
14742,-0.03448488
14743,-0.03054811
14744,-0.03515625
14745,-0.030212414
14746,-0.024841316
14747,-0.024658207
14748,-0.02084351
14749,-0.015991196
14750,0.0028686374
14751,0.004241973
14752,0.019317608
14753,0.024810813
14754,0.030426018
14755,0.03100586
14756,0.032196037
14757,0.031890854
14758,0.025970466
14759,0.03146362
14760,0.028259277
14761,0.02767944
14762,0.020202633
14763,0.021453831
14764,0.02157592
14765,0.023376454
14766,0.026824938
14767,0.028411876
14768,0.038024914
14769,0.04129028
14770,0.049530014
14771,0.05349733
14772,0.05520629
14773,0.05014038
14774,0.048767097
14775,0.047637947
14776,0.03894043
14777,0.031066898
14778,0.028900154
14779,0.015075684
14780,0.008544911
14781,0.0030212589
14782,-0.009460468
14783,-0.017974861
14784,-0.025115967
14785,-0.016448975
14786,-0.01876831
14787,-0.010711685
14788,-0.013031002
14789,-0.008880623
14790,-0.011260975
14791,0.0018920898
14792,0.0061645433
14793,-0.0006408766
14794,0.0078124925
14795,0.0060730055
14796,0.015472412
14797,0.0057067983
14798,0.015594484
14799,0.0028686523
14800,0.0021667369
14801,-0.0037536607
14802,-0.0035095299
14803,-0.0059204167
14804,-0.016204823
14805,-0.00033568754
14806,-0.009277333
14807,-0.0026855534
14808,-0.0041503953
14809,0.0039978013
14810,-0.011108403
14811,-0.0056457464
14812,-0.006896974
14813,-0.008697506
14814,-0.001953125
14815,-0.00619507
14816,0.0021972666
14817,-0.007476803
14818,0.000640871
14819,-0.00363159
14820,-0.00930786
14821,-0.01660156
14822,-0.013519285
14823,-0.01861572
14824,-0.016235352
14825,-0.014099119
14826,-0.021575928
14827,-0.02191162
14828,-0.022827152
14829,-0.018737797
14830,-0.02679443
14831,-0.027313229
14832,-0.033935554
14833,-0.031463627
14834,-0.026000973
14835,-0.015655516
14836,-0.018127449
14837,-0.009613039
14838,0.00012207776
14839,0.0077514686
14840,0.007690428
14841,0.011810312
14842,0.024749748
14843,0.025421131
14844,0.03988649
14845,0.036529552
14846,0.03540038
14847,0.025665278
14848,0.03274537
14849,0.023132319
14850,0.010681156
14851,0.007232669
14852,-0.0019226088
14853,-0.00021363236
14854,-0.005462645
14855,0.0002746582
14856,-0.0029907303
14857,0.0073242094
14858,0.009002691
14859,0.011718748
14860,0.010406494
14861,0.009368908
14862,0.011993393
14863,0.005096428
14864,0.0034790114
14865,-0.006286606
14866,-0.004516598
14867,-0.0061645433
14868,-0.0020141676
14869,-0.007324217
14870,-0.0134277325
14871,-0.011840822
14872,-0.012176512
14873,-0.004638672
14874,-0.004119871
14875,-0.004333497
14876,-0.0023498517
14877,0.0021362281
14878,-0.0041198716
14879,-0.0068359408
14880,-0.015319826
14881,-0.019683834
14882,-0.021698
14883,-0.021942133
14884,-0.02468873
14885,-0.03457641
14886,-0.025207518
14887,-0.014923094
14888,-0.0050964374
14889,-0.007873535
14890,-0.008117678
14891,-0.009094235
14892,-0.009674072
14893,-0.0009460468
14894,0.00039673038
14895,-0.0021362286
14896,-0.0064086914
14897,0.0019226056
14898,-0.006896969
14899,-0.00897217
14900,-0.010314945
14901,-0.011749268
14902,-0.010681152
14903,-0.016448976
14904,-0.011840826
14905,-0.021697998
14906,0.0130920485
14907,0.011688236
14908,-0.010955812
14909,-0.013397215
14910,0.0021667536
14911,0.007110603
14912,-0.016357422
14913,-0.0061035156
14914,0.01397706
14915,0.026916511
14916,0.004791267
14917,0.01879882
14918,-0.040130623
14919,-0.031402588
14920,0.027435295
14921,0.034942616
14922,0.0116577
14923,0.0035095066
14924,0.055450425
14925,0.038635246
14926,0.07745361
14927,0.070373535
14928,0.042938232
14929,0.034759518
14930,0.049804695
14931,0.050292976
14932,0.01727296
14933,0.018646235
14934,0.025939953
14935,0.030426022
14936,-0.00015258044
14937,0.009002686
14938,-0.048706066
14939,-0.05050661
14940,-0.00015259907
14941,-0.0018005371
14942,0.012023926
14943,0.0072021373
14944,0.011474606
14945,0.0018310584
14946,0.005523674
14947,0.0060119815
14948,0.012969971
14949,0.012298573
14950,0.01431274
14951,0.013916023
14952,0.0053710993
14953,-0.0032348633
14954,-0.008911129
14955,-0.0133972205
14956,-0.017486567
14957,-0.02124022
14958,-0.027496345
14959,-0.030395515
14960,-0.038726818
14961,-0.038848884
14962,-0.04452514
14963,-0.042633057
14964,-0.038848873
14965,-0.03384399
14966,-0.034362808
14967,-0.038757317
14968,-0.040222183
14969,-0.040100113
14970,-0.04144287
14971,-0.05215454
14972,-0.05694581
14973,-0.064392075
14974,-0.06057739
14975,-0.061096184
14976,-0.056243915
14977,-0.049743652
14978,-0.038177468
14979,-0.021636978
14980,-0.008392319
14981,0.0025329664
14982,0.012817383
14983,0.02670288
14984,0.036376968
14985,0.04855346
14986,0.052764885
14987,0.05645755
14988,0.055542
14989,0.05697632
14990,0.05136106
14991,0.04327394
14992,0.037048325
14993,0.033386245
14994,0.036071792
14995,0.038787838
14996,0.0409851
14997,0.04434204
14998,0.045837402
14999,0.047119122
15000,0.049255386
15001,0.04812623
15002,0.048706055
15003,0.047668487
15004,0.04943849
15005,0.046478268
15006,0.03851317
15007,0.027709976
15008,0.0125122145
15009,-0.003082253
15010,-0.017730728
15011,-0.023834243
15012,-0.02728273
15013,-0.02996827
15014,-0.030029275
15015,-0.030303963
15016,-0.027404808
15017,-0.022460949
15018,-0.009613033
15019,0.004241951
15020,0.02221679
15021,0.03829955
15022,0.04766846
15023,0.047058128
15024,0.033660896
15025,0.019439712
15026,-0.0002136454
15027,-0.015625011
15028,-0.037017815
15029,-0.06155396
15030,-0.08450318
15031,-0.09179689
15032,-0.09320069
15033,-0.09161376
15034,-0.093566895
15035,-0.100524895
15036,-0.0944214
15037,-0.08380127
15038,-0.057006814
15039,-0.03323365
15040,-0.0055236816
15041,0.024597153
15042,0.051422127
15043,0.06414795
15044,0.06442261
15045,0.05728148
15046,0.05880735
15047,0.06979369
15048,0.082427986
15049,0.09484865
15050,0.094238274
15051,0.1003418
15052,0.097564705
15053,0.096008316
15054,0.086364746
15055,0.07528688
15056,0.06225586
15057,0.054626465
15058,0.039886475
15059,0.023956306
15060,0.0011291578
15061,-0.026092537
15062,-0.046661377
15063,-0.07342529
15064,-0.08572388
15065,-0.095947266
15066,-0.09069824
15067,-0.08200079
15068,-0.057006836
15069,-0.033081047
15070,0.004303001
15071,0.041412354
15072,0.07946777
15073,0.11126709
15074,0.121917725
15075,0.12609865
15076,0.113067634
15077,0.09320067
15078,0.048614495
15079,0.003326442
15080,-0.03875733
15081,-0.07299805
15082,-0.111694336
15083,-0.14166261
15084,-0.16860962
15085,-0.17840573
15086,-0.16018675
15087,-0.13510135
15088,-0.10516357
15089,-0.0696716
15090,-0.018249493
15091,0.03268435
15092,0.07305908
15093,0.104003906
15094,0.1168518
15095,0.11901854
15096,0.121673584
15097,0.10925291
15098,0.08514403
15099,0.047943115
15100,0.01626585
15101,-0.019500734
15102,-0.05551146
15103,-0.09060669
15104,-0.1305542
15105,-0.16592407
15106,-0.18167114
15107,-0.19451904
15108,-0.20568848
15109,-0.21011353
15110,-0.21325684
15111,-0.20611572
15112,-0.20166013
15113,-0.1886597
15114,-0.18139654
15115,-0.17181396
15116,-0.1563415
15117,-0.13812257
15118,-0.11773689
15119,-0.09765622
15120,-0.07373038
15121,-0.051330566
15122,-0.0292359
15123,-0.008453339
15124,0.014831483
15125,0.036712646
15126,0.0644837
15127,0.088165164
15128,0.10803217
15129,0.12451181
15130,0.14224258
15131,0.15988147
15132,0.16921994
15133,0.17556757
15134,0.17456058
15135,0.1795044
15136,0.18612674
15137,0.18685912
15138,0.18725574
15139,0.18389897
15140,0.1876832
15141,0.19046022
15142,0.18768299
15143,0.18682867
15144,0.18063347
15145,0.1807557
15146,0.17987059
15147,0.17651361
15148,0.16921994
15149,0.16076669
15150,0.14608765
15151,0.13769531
15152,0.11770621
15153,0.09814447
15154,0.07489014
15155,0.051391542
15156,0.031921446
15157,0.011077762
15158,-0.0041196942
15159,-0.024017394
15160,-0.03680411
15161,-0.05227673
15162,-0.060699493
15163,-0.07525629
15164,-0.07870489
15165,-0.08532715
15166,-0.090027004
15167,-0.08929439
15168,-0.09313969
15169,-0.09359735
15170,-0.09680189
15171,-0.09066771
15172,-0.097808875
15173,-0.09808348
15174,-0.101684555
15175,-0.103393584
15176,-0.10662835
15177,-0.104949996
15178,-0.09954825
15179,-0.10501099
15180,-0.097442605
15181,-0.098724425
15182,-0.096313514
15183,-0.092498764
15184,-0.08508305
15185,-0.079956055
15186,-0.069183335
15187,-0.0513611
15188,-0.04232785
15189,-0.03475949
15190,-0.022674546
15191,-0.0077209473
15192,-0.002471894
15193,0.008575477
15194,0.015319824
15195,0.022644058
15196,0.028228767
15197,0.043121353
15198,0.04553221
15199,0.04275515
15200,0.048248276
15201,0.05111694
15202,0.04766845
15203,0.042724624
15204,0.039611787
15205,0.026519785
15206,0.022735607
15207,0.011657711
15208,0.0037536807
15209,-0.007598877
15210,-0.014099121
15211,-0.020690918
15212,-0.025146507
15213,-0.033416755
15214,-0.0331421
15215,-0.03424072
15216,-0.03234862
15217,-0.027374256
15218,-0.02359008
15219,-0.019622816
15220,-0.01721192
15221,-0.012939442
15222,-0.014160158
15223,-0.01144409
15224,-0.014099121
15225,-0.013671864
15226,-0.0139770545
15227,-0.014984131
15228,-0.0094604455
15229,-0.0024414174
15230,0.0017700158
15231,0.0067138895
15232,0.013702404
15233,0.021850586
15234,0.03155519
15235,0.044219956
15236,0.05075074
15237,0.061279297
15238,0.0643921
15239,0.071044914
15240,0.070068344
15241,0.070739746
15242,0.071350105
15243,0.06439209
15244,0.06472778
15245,0.0513916
15246,0.048004158
15247,0.03381346
15248,0.030395515
15249,0.024322525
15250,0.019134514
15251,0.01876831
15252,0.005462654
15253,0.00579834
15254,-0.0037231594
15255,0.00024414062
15256,-0.011230499
15257,-0.018615723
15258,-0.03225708
15259,-0.04446408
15260,-0.059875518
15261,-0.07458496
15262,-0.08993529
15263,-0.1054382
15264,-0.107360825
15265,-0.120880134
15266,-0.122314446
15267,-0.12268065
15268,-0.10949705
15269,-0.09219357
15270,-0.071991004
15271,-0.04254148
15272,-0.014343254
15273,0.020599373
15274,0.052734353
15275,0.08337404
15276,0.10034178
15277,0.11123659
15278,0.11013794
15279,0.09552002
15280,0.0679321
15281,0.029235803
15282,-0.008209184
15283,-0.049652107
15284,-0.084106445
15285,-0.122558594
15286,-0.151947
15287,-0.17712402
15288,-0.18136598
15289,-0.17810059
15290,-0.16189575
15291,-0.12979127
15292,-0.08111571
15293,-0.017822266
15294,0.047149643
15295,0.111816406
15296,0.16232298
15297,0.2066345
15298,0.23831178
15299,0.25735474
15300,0.25183102
15301,0.23751834
15302,0.21383667
15303,0.1864624
15304,0.14022824
15305,0.08496095
15306,0.024688713
15307,-0.037994385
15308,-0.08190919
15309,-0.12380982
15310,-0.14611816
15311,-0.16125488
15312,-0.1519165
15313,-0.13583378
15314,-0.111907974
15315,-0.102172844
15316,-0.08126832
15317,-0.058319077
15318,-0.03179931
15319,-0.0053100623
15320,0.002258284
15321,0.014556898
15322,0.009613039
15323,0.0115051195
15324,-0.00033568405
15325,-0.017669674
15326,-0.042938225
15327,-0.06600951
15328,-0.09063719
15329,-0.11569215
15330,-0.13534546
15331,-0.14382935
15332,-0.13973999
15333,-0.12966917
15334,-0.11532591
15335,-0.1098938
15336,-0.09350589
15337,-0.06765747
15338,-0.028900132
15339,0.020355254
15340,0.068298325
15341,0.12054442
15342,0.16275024
15343,0.18997192
15344,0.20886233
15345,0.21511841
15346,0.21084593
15347,0.20196536
15348,0.186554
15349,0.16561888
15350,0.12768555
15351,0.088134766
15352,0.050292954
15353,0.01400758
15354,-0.016876213
15355,-0.046112053
15356,-0.062347427
15357,-0.07870482
15358,-0.07199098
15359,-0.060241684
15360,-0.04656981
15361,-0.024871796
15362,0.0021362305
15363,0.036315918
15364,0.058074966
15365,0.093017586
15366,0.12792972
15367,0.151886
15368,0.15206906
15369,0.16577147
15370,0.18395996
15371,0.18530276
15372,0.16540526
15373,0.13848874
15374,0.12768556
15375,0.08950806
15376,0.053985596
15377,0.0010986179
15378,-0.04254149
15379,-0.070617706
15380,-0.06658934
15381,-0.07904052
15382,-0.13385005
15383,-0.1595459
15384,-0.15515138
15385,-0.14697266
15386,-0.15594481
15387,-0.1560974
15388,-0.16644289
15389,-0.1445923
15390,-0.09558107
15391,-0.04492186
15392,-0.016449004
15393,0.014434798
15394,0.06127931
15395,0.08029173
15396,0.0765686
15397,0.057342514
15398,0.040435802
15399,0.028167713
15400,0.048797596
15401,0.038116463
15402,-0.006225571
15403,-0.051574692
15404,-0.086364746
15405,-0.11206056
15406,-0.12826538
15407,-0.12463379
15408,-0.108947754
15409,-0.07885742
15410,-0.048584
15411,-0.009124756
15412,0.017120369
15413,0.042816155
15414,0.060302746
15415,0.07281494
15416,0.08193968
15417,0.080963135
15418,0.08288574
15419,0.07458495
15420,0.06628417
15421,0.052764893
15422,0.042999275
15423,0.025726315
15424,0.007965073
15425,-0.005432125
15426,-0.021759033
15427,-0.034576405
15428,-0.040252686
15429,-0.041778576
15430,-0.046112068
15431,-0.04476928
15432,-0.042388894
15433,-0.034759536
15434,-0.026275642
15435,-0.014373776
15436,-0.005401604
15437,-0.004730217
15438,0.004272461
15439,0.011535656
15440,0.008605948
15441,-0.00033568963
15442,-0.009338375
15443,-0.019226078
15444,-0.026611343
15445,-0.036621083
15446,-0.047698975
15447,-0.062072754
15448,-0.06558226
15449,-0.06622316
15450,-0.06991578
15451,-0.0704651
15452,-0.07440184
15453,-0.061065666
15454,-0.056671154
15455,-0.039215095
15456,-0.030609123
15457,-0.021057121
15458,-0.008514404
15459,0.0058288723
15460,0.016509987
15461,0.02124022
15462,0.02816774
15463,0.029113777
15464,0.034240708
15465,0.027252197
15466,0.033966072
15467,0.025482193
15468,0.026794419
15469,0.023345944
15470,0.01708984
15471,0.014953606
15472,0.009033203
15473,0.009674076
15474,0.0052489974
15475,0.010192869
15476,0.01290895
15477,0.018737786
15478,0.021698015
15479,0.027130134
15480,0.024536118
15481,0.03128051
15482,0.030700684
15483,0.026947021
15484,0.02166748
15485,0.017791757
15486,0.015716558
15487,0.009338394
15488,0.005706774
15489,0.0013427678
15490,-0.0012817457
15491,-0.006408695
15492,-0.005035389
15493,-0.005706787
15494,-0.0019836407
15495,0.004669188
15496,0.0063476535
15497,0.011444093
15498,0.014984133
15499,0.019439697
15500,0.022338867
15501,0.02017212
15502,0.020843506
15503,0.019348145
15504,0.021118164
15505,0.015594484
15506,0.013763426
15507,0.007385254
15508,0.0060730004
15509,0.0055236807
15510,0.00473023
15511,0.0033569322
15512,0.0013122568
15513,0.005157464
15514,0.0051879873
15515,0.007690424
15516,0.007446287
15517,0.008483881
15518,0.008056641
15519,0.00753784
15520,0.005859373
15521,-0.00067139044
15522,-0.007049568
15523,-0.013397213
15524,-0.021759037
15525,-0.02572631
15526,-0.032989502
15527,-0.036987305
15528,-0.041168217
15529,-0.044464104
15530,-0.042968746
15531,-0.044525154
15532,-0.041839596
15533,-0.04074097
15534,-0.036102302
15535,-0.033599865
15536,-0.026000977
15537,-0.023101805
15538,-0.019317627
15539,-0.01553344
15540,-0.011047363
15541,-0.009704594
15542,-0.012390137
15543,-0.0060119443
15544,-0.005157482
15545,0.0015258826
15546,0.0042419657
15547,0.011993419
15548,0.008728016
15549,0.01461792
15550,0.016021721
15551,0.018463127
15552,0.015716545
15553,0.020019524
15554,0.02517699
15555,0.020599354
15556,0.026794441
15557,0.02230835
15558,0.023254398
15559,0.017913824
15560,0.024108902
15561,0.020172112
15562,0.020233162
15563,0.023284914
15564,0.02166747
15565,0.02114867
15566,0.016937261
15567,0.019531256
15568,0.014678951
15569,0.015380856
15570,0.014770493
15571,0.015533447
15572,0.0126953125
15573,0.014709476
15574,0.011810299
15575,0.00848389
15576,0.010040298
15577,0.008880623
15578,0.008636471
15579,0.0062866323
15580,0.0069885254
15581,0.007629391
15582,0.008605957
15583,0.01086425
15584,0.010620119
15585,0.007232666
15586,0.009033203
15587,0.0054931566
15588,0.003967285
15589,0.00076293945
15590,0.0006103497
15591,0.00076293945
15592,-0.0026550312
15593,-0.0050964244
15594,-0.009094244
15595,-0.013336172
15596,-0.011596678
15597,-0.012786871
15598,-0.0132751465
15599,-0.015411375
15600,-0.015045166
15601,-0.013946535
15602,-0.012908937
15603,-0.014190674
15604,-0.0123291
15605,-0.0108032245
15606,-0.008758549
15607,-0.010955812
15608,-0.013885499
15609,-0.017059326
15610,-0.018737797
15611,-0.015472414
15612,-0.016418457
15613,-0.01699829
15614,-0.019744873
15615,-0.01699829
15616,-0.018280027
15617,-0.017486574
15618,-0.01589966
15619,-0.015472412
15620,-0.0115356445
15621,-0.008361818
15622,-0.004821779
15623,-0.0056762695
15624,-0.004791258
15625,-0.0031738281
15626,-0.0046081543
15627,-0.0071105957
15628,-0.0064086914
15629,-0.007934567
15630,-0.0095825195
15631,-0.0054626465
15632,-0.0045166034
15633,-0.0033264142
15634,-0.0034179688
15635,0.001068119
15636,0.0029907227
15637,0.005340576
15638,0.010986328
15639,0.012664799
15640,0.014099123
15641,0.015991211
15642,0.014282228
15643,0.012145996
15644,0.009185795
15645,0.007141118
15646,0.0048522977
15647,0.0008239746
15648,0.0014343243
15649,-0.00018310267
15650,-0.0027160626
15651,-0.0007934561
15652,-0.0019226074
15653,-0.0020751953
15654,-0.0013427726
15655,-0.0020751907
15656,-0.0028686523
15657,-0.00073242164
15658,0.0018920896
15659,0.004821778
15660,0.006774905
15661,0.009643557
15662,0.009918213
15663,0.012634276
15664,0.013031008
15665,0.014801028
15666,0.014984129
15667,0.016448975
15668,0.019134521
15669,0.019470215
15670,0.02053833
15671,0.017730715
15672,0.017211914
15673,0.014678955
15674,0.016296387
15675,0.01446533
15676,0.014556885
15677,0.016906742
15678,0.015838625
15679,0.019287104
15680,0.018585207
15681,0.020477297
15682,0.020721441
15683,0.023040764
15684,0.021942137
15685,0.021728523
15686,0.023040779
15687,0.021209717
15688,0.023651123
15689,0.017944328
15690,0.01742554
15691,0.011627205
15692,0.009277344
15693,0.005645737
15694,-0.00030518323
15695,-0.0005493127
15696,-0.0058898926
15697,-0.0034790114
15698,-0.009490982
15699,-0.011322018
15700,-0.015441909
15701,-0.01861573
15702,-0.015228283
15703,-0.014739994
15704,-0.012390137
15705,-0.013641335
15706,-0.014526356
15707,-0.01318359
15708,-0.016937248
15709,-0.014434814
15710,-0.015869135
15711,-0.009399405
15712,-0.008331291
15713,-0.002563485
15714,-0.0046081613
15715,-0.0055847103
15716,-0.0057983473
15717,-0.005767837
15718,-0.0015869192
15719,-0.00906372
15720,-0.003051773
15721,-0.0121154785
15722,-0.0068359463
15723,-0.011505127
15724,-0.012756337
15725,-0.014739981
15726,-0.019042965
15727,-0.014129634
15728,-0.020263674
15729,-0.016906738
15730,-0.019927979
15731,-0.015075684
15732,-0.015258791
15733,-0.012725831
15734,-0.01235962
15735,-0.016113281
15736,-0.013122558
15737,-0.0146484375
15738,-0.012817384
15739,-0.017456055
15740,-0.012817381
15741,-0.015228272
15742,-0.012817383
15743,-0.011413573
15744,-0.013366698
15745,-0.014099117
15746,-0.015533444
15747,-0.014862062
15748,-0.019287108
15749,-0.021026602
15750,-0.021026604
15751,-0.023315428
15752,-0.023345947
15753,-0.025024414
15754,-0.0281372
15755,-0.033660904
15756,-0.030822754
15757,-0.029449474
15758,-0.034027103
15759,-0.03204345
15760,-0.032867443
15761,-0.028991722
15762,-0.028167736
15763,-0.026367188
15764,-0.029571537
15765,-0.029296871
15766,-0.024292015
15767,-0.021057129
15768,-0.017700188
15769,-0.014495827
15770,-0.004150383
15771,0.0034179762
15772,0.014038064
15773,0.018798836
15774,0.024078391
15775,0.026855469
15776,0.03659056
15777,0.040435784
15778,0.044158943
15779,0.04727172
15780,0.04821776
15781,0.049468987
15782,0.046691872
15783,0.04385373
15784,0.035217296
15785,0.033203144
15786,0.031860337
15787,0.031951904
15788,0.030120846
15789,0.031524666
15790,0.029754654
15791,0.03012085
15792,0.03237914
15793,0.026763922
15794,0.027069096
15795,0.024932873
15796,0.028350834
15797,0.02941893
15798,0.030426014
15799,0.028747544
15800,0.022064209
15801,0.018585205
15802,0.013641346
15803,0.0089416355
15804,0.0054321177
15805,0.0028686635
15806,-0.0013122372
15807,-0.0037841685
15808,-0.004974369
15809,-0.008575421
15810,-0.013610821
15811,-0.015563969
15812,-0.019134521
15813,-0.021850578
15814,-0.02069091
15815,-0.021331802
15816,-0.0225525
15817,-0.018066429
15818,-0.01535036
15819,-0.013610847
15820,-0.012481683
15821,-0.014923097
15822,-0.009613037
15823,-0.0052490234
15824,0.0053405715
15825,0.009765626
15826,0.010192879
15827,0.018890392
15828,0.016693128
15829,0.022766117
15830,0.019409189
15831,0.021636952
15832,0.018585194
15833,0.017639162
15834,0.014526368
15835,0.010955808
15836,0.007263181
15837,-0.0007629385
15838,0.0024414062
15839,-0.0069885245
15840,-0.0047302274
15841,-0.012512207
15842,-0.009643555
15843,-0.008911131
15844,-0.005584713
15845,-0.0025024414
15846,-0.0022583008
15847,0.0027160645
15848,-0.00045775808
15849,0.010040285
15850,0.008026123
15851,0.013641357
15852,0.01361084
15853,0.016937254
15854,0.0145874005
15855,0.009826658
15856,0.007354738
15857,0.0054931603
15858,0.003417967
15859,0.0019226037
15860,0.0043640155
15861,0.0017700158
15862,-0.00015258789
15863,-0.001861576
15864,-0.0020141508
15865,-0.0052795447
15866,-0.0033569355
15867,-0.0054016113
15868,-0.006378172
15869,-0.007232668
15870,-0.0074157733
15871,-0.011474606
15872,-0.014251707
15873,-0.01940918
15874,-0.020874027
15875,-0.024505613
15876,-0.029174801
15877,-0.026062015
15878,-0.03335571
15879,-0.030029291
15880,-0.032806396
15881,-0.032073975
15882,-0.035125725
15883,-0.036041263
15884,-0.033599854
15885,-0.03195191
15886,-0.029449457
15887,-0.028533937
15888,-0.020446785
15889,-0.019592285
15890,-0.013366699
15891,-0.013031013
15892,-0.008239742
15893,-0.0075378306
15894,3.0510128e-05
15895,0.00848389
15896,0.0072631985
15897,0.012603778
15898,0.01730346
15899,0.022705082
15900,0.01815797
15901,0.017211914
15902,0.016113278
15903,0.014892578
15904,0.016815178
15905,0.018768292
15906,0.018463146
15907,0.014038093
15908,0.018768301
15909,0.019134508
15910,0.015197754
15911,0.014129632
15912,0.0147704985
15913,0.017272962
15914,0.0234375
15915,0.0248108
15916,0.02600098
15917,0.025939956
15918,0.027557362
15919,0.031585686
15920,0.031219492
15921,0.030700684
15922,0.030822754
15923,0.031066895
15924,0.030670159
15925,0.02871703
15926,0.026275646
15927,0.02401733
15928,0.019897457
15929,0.015777573
15930,0.009063739
15931,0.0034790076
15932,-0.0030822866
15933,-0.006317135
15934,-0.010986324
15935,-0.016571037
15936,-0.021514893
15937,-0.025299065
15938,-0.029357929
15939,-0.030944828
15940,-0.03378295
15941,-0.033721928
15942,-0.033355728
15943,-0.03451539
15944,-0.030120842
15945,-0.02853395
15946,-0.02618407
15947,-0.022705086
15948,-0.018463146
15949,-0.01641846
15950,-0.013000479
15951,-0.00796508
15952,-0.004516609
15953,-0.0019531175
15954,-0.0020446833
15955,0.00045776367
15956,-0.0031738281
15957,-0.004730221
15958,-0.0051879995
15959,-0.0073547363
15960,-0.007141106
15961,-0.007904053
15962,-0.0027160645
15963,-0.0056152344
15964,-0.0040588398
15965,-0.001098631
15966,0.0036926288
15967,0.00808716
15968,0.011627197
15969,0.01727295
15970,0.017547606
15971,0.02145386
15972,0.026214601
15973,0.028289793
15974,0.021942137
15975,0.019378666
15976,0.020019533
15977,0.016571045
15978,0.019073486
15979,0.015777588
15980,0.015350342
15981,0.009674065
15982,0.009338375
15983,0.010498043
15984,0.0063171387
15985,0.0056457445
15986,0.0072021484
15987,0.009002674
15988,0.009155273
15989,0.007598877
15990,0.0034179613
15991,-0.0007324256
15992,-0.0017395094
15993,-0.0017394908
15994,-0.0032043383
15995,-0.005798321
15996,-0.008758552
15997,-0.011657707
15998,-0.015624993
15999,-0.013153069
16000,-0.015502932
16001,-0.012237553
16002,-0.014251713
16003,-0.009613039
16004,-0.007598875
16005,-0.008728036
16006,-0.00784302
16007,-0.014099135
16008,-0.015106203
16009,-0.020446777
16010,-0.019470219
16011,-0.023223873
16012,-0.024597162
16013,-0.02435302
16014,-0.02423095
16015,-0.025054926
16016,-0.027252197
16017,-0.025665283
16018,-0.025817867
16019,-0.021453863
16020,-0.019226067
16021,-0.013458254
16022,-0.015106201
16023,-0.014282234
16024,-0.017150871
16025,-0.021484375
16026,-0.023468018
16027,-0.024932854
16028,-0.025817879
16029,-0.025512692
16030,-0.024414074
16031,-0.023803692
16032,-0.021209735
16033,-0.021484368
16034,-0.017486569
16035,-0.015136715
16036,-0.008148182
16037,-0.0016479567
16038,0.0037841946
16039,0.008728005
16040,0.013427757
16041,0.016906738
16042,0.018890373
16043,0.022521958
16044,0.023010276
16045,0.02709962
16046,0.029846184
16047,0.03414917
16048,0.03558349
16049,0.0369568
16050,0.03918456
16051,0.03771973
16052,0.037597638
16053,0.029815685
16054,0.025177017
16055,0.020874025
16056,0.017883312
16057,0.014099109
16058,0.010528568
16059,0.0049133208
16060,0.0043945312
16061,-0.0063171387
16062,-0.005371105
16063,-0.0061645396
16064,0.00195314
16065,0.018829336
16066,0.035888664
16067,0.04699707
16068,0.058563232
16069,0.073730476
16070,0.07946777
16071,0.08581542
16072,0.077056885
16073,0.06536867
16074,0.04486084
16075,0.028228752
16076,0.009033196
16077,-0.0067748986
16078,-0.025482163
16079,-0.03656006
16080,-0.0475464
16081,-0.058624282
16082,-0.05889893
16083,-0.059417702
16084,-0.054595947
16085,-0.031219486
16086,-0.017395034
16087,-0.000732407
16088,0.007171627
16089,0.005004883
16090,0.006683346
16091,0.0012207031
16092,-0.0014038105
16093,-0.010955803
16094,-0.01736451
16095,-0.030731203
16096,-0.027465828
16097,-0.04025269
16098,-0.036651596
16099,-0.040893555
16100,-0.039581306
16101,-0.03140259
16102,-0.02243043
16103,-0.016571041
16104,-0.011962891
16105,-0.0054931566
16106,-0.008605959
16107,-0.00018310174
16108,-0.0061950684
16109,-0.0017395131
16110,-0.0031433105
16111,-0.00088500604
16112,-0.00036621094
16113,-1.1175871e-08
16114,-0.005065918
16115,-0.0033569299
16116,-0.005035408
16117,-0.009185791
16118,-0.005554199
16119,-0.010498047
16120,-0.009918215
16121,-0.0028076116
16122,-0.0021362305
16123,-0.00073242374
16124,0.00073242374
16125,-0.004089351
16126,-0.0028991718
16127,-0.00253296
16128,-0.0018310528
16129,0.0012206966
16130,0.00363159
16131,0.0097045945
16132,0.015411371
16133,0.013519285
16134,0.011413574
16135,0.013031004
16136,0.009918212
16137,0.009948732
16138,0.012969972
16139,0.007232663
16140,0.009002683
16141,0.009552004
16142,0.011199952
16143,0.010253906
16144,0.010223387
16145,0.004425049
16146,0.004852293
16147,0.0028686542
16148,0.0021972638
16149,0.009826662
16150,0.003967285
16151,0.013488769
16152,0.009704589
16153,0.014556887
16154,0.008300781
16155,0.0076599093
16156,0.004455565
16157,0.0057373066
16158,0.0066833487
16159,0.0030517578
16160,0.00765991
16161,-0.001220705
16162,0.0026550293
16163,-0.001739501
16164,-0.0014953576
16165,-0.003082279
16166,-0.0012817364
16167,0.0011901855
16168,6.103655e-05
16169,0.0074157696
16170,0.0044860845
16171,0.008880616
16172,0.0020141602
16173,0.0025024433
16174,0.0012817364
16175,-0.0040893536
16176,-0.0034790044
16177,-0.006378172
16178,-0.0055236835
16179,-0.008087158
16180,-0.0072326665
16181,-0.014526369
16182,-0.015838623
16183,-0.019561768
16184,-0.02218628
16185,-0.021698002
16186,-0.027191158
16187,-0.023223877
16188,-0.024780277
16189,-0.02386475
16190,-0.02481079
16191,-0.025878904
16192,-0.027832031
16193,-0.028350828
16194,-0.022247314
16195,-0.01907349
16196,-0.011505127
16197,-0.0059203953
16198,-0.0041809157
16199,0.00015258044
16200,-0.00027465075
16201,0.0016174428
16202,0.0011901818
16203,0.0065002404
16204,0.007415764
16205,0.010223385
16206,0.007293701
16207,0.0065918043
16208,0.0062866025
16209,0.00045774505
16210,0.0061950646
16211,0.0012817532
16212,0.006134035
16213,0.0047302134
16214,0.009735115
16215,0.0093383845
16216,0.0138244685
16217,0.015655525
16218,0.017333983
16219,0.018249504
16220,0.019073496
16221,0.022247326
16222,0.023101814
16223,0.027130125
16224,0.02667235
16225,0.026428219
16226,0.027221672
16227,0.02560425
16228,0.0262146
16229,0.026031481
16230,0.026641846
16231,0.027221693
16232,0.028198252
16233,0.030029299
16234,0.028717041
16235,0.031158447
16236,0.030303955
16237,0.030639648
16238,0.03060913
16239,0.029388428
16240,0.02923584
16241,0.030853271
16242,0.030883789
16243,0.026947025
16244,0.024261482
16245,0.021514867
16246,0.018096928
16247,0.011108406
16248,0.005432155
16249,0.0024108589
16250,-0.002807621
16251,-0.0073547214
16252,-0.013061527
16253,-0.016235352
16254,-0.018951401
16255,-0.015380867
16256,-0.014404319
16257,-0.016021721
16258,-0.017181396
16259,-0.015533447
16260,-0.009490974
16261,-0.0071716234
16262,-0.007354729
16263,-0.008728027
16264,-0.012603745
16265,-0.01467897
16266,-0.018524155
16267,-0.021911614
16268,-0.02947997
16269,-0.030700684
16270,-0.030670162
16271,-0.03671263
16272,-0.04092408
16273,-0.045623768
16274,-0.046874993
16275,-0.045928955
16276,-0.040710457
16277,-0.041748036
16278,-0.038696304
16279,-0.036987297
16280,-0.031951897
16281,-0.026550295
16282,-0.026428223
16283,-0.018981948
16284,-0.015441898
16285,-0.010406505
16286,-0.00860595
16287,-0.0067443885
16288,-0.0057678223
16289,-0.0069885366
16290,-0.0054626428
16291,-0.008605961
16292,-0.010437012
16293,-0.013061516
16294,-0.01156617
16295,-0.007995624
16296,-0.008850109
16297,-0.005249016
16298,-0.004638672
16299,0.0011596605
16300,0.004333485
16301,0.010070801
16302,0.014801033
16303,0.016937267
16304,0.022033695
16305,0.02026366
16306,0.020629887
16307,0.016815195
16308,0.016784685
16309,0.012512205
16310,0.013275148
16311,0.012573237
16312,0.011291499
16313,0.011260991
16314,0.009613029
16315,0.01144408
16316,0.013030998
16317,0.014739988
16318,0.015258797
16319,0.016357418
16320,0.015197747
16321,0.015777588
16322,0.012359622
16323,0.010437022
16324,0.003295906
16325,-0.0013122573
16326,-0.006439211
16327,-0.008239748
16328,-0.0113220215
16329,-0.011444094
16330,-0.012908939
16331,-0.015716553
16332,-0.0126342755
16333,-0.012145996
16334,-0.007965088
16335,-0.007904052
16336,0.0010681152
16337,0.00592041
16338,0.010406495
16339,0.013549805
16340,0.013458253
16341,0.014160154
16342,0.016876223
16343,0.017364498
16344,0.017028809
16345,0.016418453
16346,0.016235352
16347,0.018463135
16348,0.017639162
16349,0.017761229
16350,0.014739988
16351,0.015808107
16352,0.015472412
16353,0.02026367
16354,0.017608643
16355,0.018920895
16356,0.017150873
16357,0.01754761
16358,0.018646238
16359,0.012634277
16360,0.010467529
16361,0.0049743615
16362,0.0070190392
16363,0.0034484863
16364,0.004669197
16365,-0.00146484
16366,-0.0032653846
16367,-0.004486069
16368,-0.0050353855
16369,-0.0054626353
16370,-0.014099114
16371,-0.016357418
16372,-0.022491459
16373,-0.021331795
16374,-0.02420044
16375,-0.024414074
16376,-0.028411876
16377,-0.025421156
16378,-0.022827158
16379,-0.018371584
16380,-0.017669681
16381,-0.016693119
16382,-0.012878422
16383,-0.008148197
16384,-0.0025939867
16385,-0.00076293387
16386,0.00039673038
16387,0.00021363609
16388,0.003936773
16389,-0.001617426
16390,-0.0036315825
16391,-0.011688242
16392,-0.014923105
16393,-0.017181404
16394,-0.016906748
16395,-0.014465332
16396,-0.015686035
16397,-0.013580322
16398,-0.013458254
16399,-0.013702393
16400,-0.013458254
16401,-0.009887695
16402,-0.006866455
16403,-0.0040283184
16404,-0.0013732929
16405,-0.0019836426
16406,-0.0027770977
16407,-0.003112791
16408,-0.002014162
16409,-0.0050964355
16410,-0.006164549
16411,-0.004577635
16412,-0.0034790058
16413,-0.0016479474
16414,0.0017700195
16415,0.005615238
16416,0.01031494
16417,0.015960695
16418,0.022125244
16419,0.022369387
16420,0.025085445
16421,0.028747557
16422,0.032135013
16423,0.03164673
16424,0.029785156
16425,0.023620602
16426,0.016571045
16427,0.013305662
16428,0.007873536
16429,0.0033874512
16430,-0.0046997033
16431,-0.00592041
16432,-0.011505128
16433,-0.01193237
16434,-0.013488768
16435,-0.009399414
16436,-0.004394533
16437,0.004486082
16438,0.012756346
16439,0.015991213
16440,0.021362303
16441,0.023498526
16442,0.030548096
16443,0.030334475
16444,0.034088135
16445,0.03192138
16446,0.026947021
16447,0.022583008
16448,0.01571655
16449,0.01089477
16450,-0.0004272461
16451,-0.005218502
16452,-0.013732908
16453,-0.017578116
16454,-0.023071289
16455,-0.02389526
16456,-0.025512692
16457,-0.023254387
16458,-0.014770508
16459,-0.012786867
16460,-0.010528563
16461,-0.0145568885
16462,-0.015411375
16463,-0.019287111
16464,-0.018066403
16465,-0.017272951
16466,-0.019165039
16467,-0.020904543
16468,-0.02319336
16469,-0.025604252
16470,-0.028289793
16471,-0.028198238
16472,-0.02774047
16473,-0.021820059
16474,-0.0120544415
16475,-0.0070495605
16476,-0.0033569336
16477,-0.0037841797
16478,-0.0017395038
16479,-0.00030517578
16480,0.0013122559
16481,9.154901e-05
16482,-0.0025329553
16483,-0.0029602014
16484,-0.0070190504
16485,-0.008514408
16486,-0.011993419
16487,-0.011108395
16488,-0.011474617
16489,-0.010498047
16490,-0.009399425
16491,-0.01043701
16492,-0.011291506
16493,-0.011566162
16494,-0.012023926
16495,-0.012847897
16496,-0.008544922
16497,-0.007537842
16498,-0.003601078
16499,-0.0027465764
16500,0.0024108905
16501,0.006011959
16502,0.011962894
16503,0.015808113
16504,0.018005364
16505,0.021972656
16506,0.022552483
16507,0.022857666
16508,0.022308351
16509,0.021331787
16510,0.017486572
16511,0.019348146
16512,0.015106203
16513,0.013916016
16514,0.011230471
16515,0.009307861
16516,0.009826662
16517,0.009124756
16518,0.0119628925
16519,0.009765627
16520,0.007720946
16521,0.008117676
16522,0.008026128
16523,0.0063781724
16524,0.0063781748
16525,0.0069274902
16526,0.0040893536
16527,0.0048828097
16528,0.0033874512
16529,0.0016784677
16530,0.0026550284
16531,0.004486084
16532,0.0072937016
16533,0.005859377
16534,0.008544923
16535,0.0049743643
16536,0.005065919
16537,0.0022582998
16538,0.0010681152
16539,-0.00073242
16540,-0.0014648428
16541,0.0006103497
16542,-0.0017700195
16543,0.0010070801
16544,-0.0002441397
16545,0.0037231445
16546,0.0007629376
16547,0.008453367
16548,0.0067138667
16549,0.009735109
16550,0.012817383
16551,0.01095581
16552,0.013977051
16553,0.010528565
16554,0.012420652
16555,0.009857178
16556,0.010253908
16557,0.0061340304
16558,0.0025939923
16559,-0.005584715
16560,-0.0078124963
16561,-0.010559083
16562,-0.012420654
16563,-0.011444092
16564,-0.01300049
16565,-0.013031006
16566,-0.01373291
16567,-0.014404299
16568,-0.016876224
16569,-0.017669676
16570,-0.018524172
16571,-0.017150879
16572,-0.019195559
16573,-0.018432617
16574,-0.021270756
16575,-0.017669676
16576,-0.015777586
16577,-0.013336179
16578,-0.009765625
16579,-0.009552
16580,-0.0041503906
16581,-0.0010375977
16582,0.00970459
16583,0.0127563495
16584,0.018798826
16585,0.02267456
16586,0.026702879
16587,0.027130125
16588,0.0229187
16589,0.021972654
16590,0.012268065
16591,0.0133361835
16592,0.0095214825
16593,0.0069885263
16594,0.0011291523
16595,-0.0009155264
16596,-0.001007081
16597,-0.0053405757
16598,-0.0014038105
16599,-0.003479002
16600,0.0021667443
16601,0.0047302265
16602,0.010955807
16603,0.0123291
16604,0.012237549
16605,0.018249512
16606,0.018096924
16607,0.021881104
16608,0.021606438
16609,0.022552488
16610,0.018341072
16611,0.016235348
16612,0.01782227
16613,0.016174305
16614,0.017791755
16615,0.012023915
16616,0.012939457
16617,0.011505123
16618,0.014862053
16619,0.021423332
16620,0.019989006
16621,0.01977539
16622,0.014099121
16623,0.015075691
16624,0.009002686
16625,0.0058288723
16626,0.0026550367
16627,-0.0021972507
16628,-0.0060424805
16629,-0.014282223
16630,-0.016540527
16631,-0.026367188
16632,-0.023468025
16633,-0.021301277
16634,-0.01593018
16635,-0.016326923
16636,-0.017639171
16637,-0.019775387
16638,-0.02429201
16639,-0.01678468
16640,-0.016876224
16641,-0.017089844
16642,-0.021331778
16643,-0.02508544
16644,-0.030212393
16645,-0.035827618
16646,-0.040985107
16647,-0.045196526
16648,-0.048614502
16649,-0.04705811
16650,-0.043701172
16651,-0.045532234
16652,-0.042510994
16653,-0.038604736
16654,-0.0368042
16655,-0.029693607
16656,-0.027008064
16657,-0.021850597
16658,-0.016601562
16659,-0.00885009
16660,-0.0029601976
16661,-0.00018311664
16662,0.004608169
16663,0.0077209547
16664,0.012512218
16665,0.016601574
16666,0.021789547
16667,0.021453846
16668,0.031005863
16669,0.03317262
16670,0.04193113
16671,0.045166016
16672,0.04666137
16673,0.050262447
16674,0.045043934
16675,0.048767105
16676,0.0418396
16677,0.040435772
16678,0.03417969
16679,0.031738296
16680,0.022338875
16681,0.018463127
16682,0.0113525465
16683,0.006652832
16684,0.0083008
16685,0.0046691857
16686,0.0074462667
16687,0.0016479306
16688,0.004821781
16689,0.00061036274
16690,-0.0010986552
16691,-0.0033569187
16692,-0.008667011
16693,-0.014160145
16694,-0.018554688
16695,-0.023345936
16696,-0.026885986
16697,-0.030517586
16698,-0.03051756
16699,-0.030120857
16700,-0.02667236
16701,-0.022399921
16702,-0.018920902
16703,-0.015472416
16704,-0.013641355
16705,-0.0075378492
16706,-0.008331312
16707,-0.005462665
16708,-0.010589596
16709,-0.008331284
16710,-0.014434829
16711,-0.01651001
16712,-0.024261475
16713,-0.031677246
16714,-0.035003662
16715,-0.04095459
16716,-0.035064697
16717,-0.038757328
16718,-0.03253174
16719,-0.029693592
16720,-0.020751953
16721,-0.019256603
16722,-0.0126953125
16723,-0.009002682
16724,-0.0066833645
16725,-0.00045776367
16726,0.003936775
16727,0.010864254
16728,0.011413574
16729,0.019439697
16730,0.021301292
16731,0.0249939
16732,0.023925785
16733,0.025695805
16734,0.026000958
16735,0.029113784
16736,0.031250007
16737,0.03247071
16738,0.03417968
16739,0.033782955
16740,0.035888676
16741,0.033386223
16742,0.031127926
16743,0.024475098
16744,0.02163695
16745,0.017242441
16746,0.016784677
16747,0.014068592
16748,0.014404295
16749,0.010955807
16750,0.012207039
16751,0.010864262
16752,0.008087147
16753,0.008667003
16754,0.0067138523
16755,0.011047361
16756,0.009582523
16757,0.011993393
16758,0.0057067946
16759,0.004760757
16760,0.00064088404
16761,0.0026245043
16762,-0.0037536584
16763,-0.007202141
16764,-0.013092041
16765,-0.02062988
16766,-0.018676762
16767,-0.025878908
16768,-0.025390627
16769,-0.03152466
16770,-0.029510505
16771,-0.033050545
16772,-0.032989513
16773,-0.035217285
16774,-0.03979493
16775,-0.03997804
16776,-0.038970944
16777,-0.03884889
16778,-0.044128418
16779,-0.041137695
16780,-0.043701164
16781,-0.038269028
16782,-0.03860473
16783,-0.032928467
16784,-0.03302001
16785,-0.02905272
16786,-0.019042954
16787,-0.01364135
16788,-0.0067749023
16789,6.1020255e-05
16790,0.007690415
16791,0.011322029
16792,0.021942109
16793,0.025085427
16794,0.032073945
16795,0.030181885
16796,0.038757294
16797,0.038360573
16798,0.03869626
16799,0.039276127
16800,0.03500364
16801,0.03543093
16802,0.03460695
16803,0.03833008
16804,0.034454364
16805,0.035522476
16806,0.033874534
16807,0.03549194
16808,0.032806393
16809,0.03280639
16810,0.03213501
16811,0.029418938
16812,0.02880859
16813,0.025573716
16814,0.021179184
16815,0.010955822
16816,0.010345455
16817,0.0061340444
16818,0.006225571
16819,0.005096454
16820,0.002166748
16821,-0.00067137927
16822,3.0528754e-05
16823,-0.0006408617
16824,0.00018311664
16825,-0.0005798489
16826,-0.00051881
16827,0.0029601902
16828,0.0011596568
16829,0.0030212477
16830,0.0011901949
16831,0.0021667276
16832,0.0019531287
16833,0.001281742
16834,-0.0025329627
16835,-0.004791246
16836,-0.0052490253
16837,-0.0040588286
16838,-0.0031738197
16839,-3.0510128e-05
16840,0.00021363748
16841,0.0028381217
16842,0.0024108877
16843,0.0021972721
16844,0.004180919
16845,0.010192876
16846,0.014404289
16847,0.018096909
16848,0.021240238
16849,0.016967785
16850,0.021850588
16851,0.017822256
16852,0.0211792
16853,0.016113296
16854,0.016693097
16855,0.015625004
16856,0.010009754
16857,0.007293701
16858,-0.0009460524
16859,-0.0018920787
16860,-0.010772709
16861,-0.007843025
16862,-0.020050045
16863,-0.021484382
16864,-0.030853264
16865,-0.03198244
16866,-0.035919182
16867,-0.038757324
16868,-0.035919182
16869,-0.03842163
16870,-0.03176878
16871,-0.030578613
16872,-0.022491446
16873,-0.017669665
16874,-0.0062561193
16875,-0.00027465454
16876,0.0060729887
16877,0.010986323
16878,0.014526368
16879,0.016540535
16880,0.018737799
16881,0.015899653
16882,0.013092032
16883,0.006652822
16884,0.0035705548
16885,-0.00018311758
16886,-0.0076904213
16887,-0.010467526
16888,-0.018310543
16889,-0.02020263
16890,-0.025329586
16891,-0.022613525
16892,-0.023742674
16893,-0.017578125
16894,-0.014526368
16895,-0.008209227
16896,-0.004791261
16897,-0.0021972666
16898,0.0032653774
16899,0.005859375
16900,0.014892578
16901,0.014373776
16902,0.018310547
16903,0.013549803
16904,0.013366697
16905,0.009307861
16906,0.007965088
16907,0.002532959
16908,0.0009155264
16909,-0.0033264142
16910,-0.006805418
16911,-0.010559084
16912,-0.014434812
16913,-0.014160155
16914,-0.014099122
16915,-0.011871336
16916,-0.01498413
16917,-0.012969971
16918,-0.016479496
16919,-0.012573244
16920,-0.01611328
16921,-0.014831544
16922,-0.0147094745
16923,-0.014953613
16924,-0.012176514
16925,-0.009674071
16926,-0.00390625
16927,-0.0013427734
16928,0.006225586
16929,0.0077819834
16930,0.010894775
16931,0.00997925
16932,0.011932371
16933,0.0111084
16934,0.009399412
16935,0.005859375
16936,-0.0010681152
16937,-0.007843014
16938,-0.01608276
16939,-0.02142334
16940,-0.030944824
16941,-0.034118645
16942,-0.03634643
16943,-0.034027103
16944,-0.03277588
16945,-0.031341545
16946,-0.026702877
16947,-0.024841316
16948,-0.016296377
16949,-0.012145996
16950,-0.0071411133
16951,-0.0021057166
16952,0.0037841909
16953,0.006957993
16954,0.007019032
16955,0.007141117
16956,0.0059814565
16957,0.0036926232
16958,0.0016479343
16959,0.0024414137
16960,-0.00085449964
16961,0.0010986514
16962,0.00088500604
16963,-0.00030519068
16964,-0.0007629581
16965,-0.001708962
16966,-0.0028381385
16967,-0.004577648
16968,-0.004058834
16969,-0.0021972656
16970,0.00048826262
16971,0.005493179
16972,0.010192882
16973,0.007171605
16974,0.010345455
16975,0.0076599196
16976,0.008575439
16977,0.008544929
16978,0.013763431
16979,0.013793947
16980,0.017669663
16981,0.01785279
16982,0.01974488
16983,0.01995849
16984,0.020050041
16985,0.024566662
16986,0.024017327
16987,0.02914429
16988,0.031616215
16989,0.033142082
16990,0.032073963
16991,0.0305481
16992,0.026855469
16993,0.026123052
16994,0.021881111
16995,0.020050045
16996,0.0171814
16997,0.015411371
16998,0.016052248
16999,0.016143797
17000,0.014648441
17001,0.015686028
17002,0.017303467
17003,0.020141602
17004,0.025054932
17005,0.026580803
17006,0.02883913
17007,0.025329597
17008,0.023315419
17009,0.01797485
17010,0.0077514723
17011,0.0035095215
17012,-0.002624508
17013,-0.009979241
17014,-0.014892593
17015,-0.01696778
17016,-0.01986694
17017,-0.016998295
17018,-0.019744884
17019,-0.016509999
17020,-0.017700195
17021,-0.012237553
17022,-0.009002686
17023,-0.008209225
17024,-0.0050353967
17025,-0.003906252
17026,-0.0030517373
17027,-0.002502434
17028,-0.0050659273
17029,-0.011169437
17030,-0.008972168
17031,-0.01245118
17032,-0.009979239
17033,-0.015380858
17034,-0.010772707
17035,-0.013336186
17036,-0.012237556
17037,-0.00976563
17038,-0.010925297
17039,-0.011230461
17040,-0.013427729
17041,-0.011474602
17042,-0.015563965
17043,-0.013671875
17044,-0.016998291
17045,-0.01358032
17046,-0.015686035
17047,-0.014587402
17048,-0.016357422
17049,-0.018493652
17050,-0.015411377
17051,-0.015472411
17052,-0.012390137
17053,-0.012969972
17054,-0.00970459
17055,-0.007995606
17056,-0.0063476562
17057,-0.0061950665
17058,-0.004364012
17059,-0.0045471173
17060,-0.0020751953
17061,-0.0014343243
17062,-0.0015869103
17063,-0.0020141583
17064,-0.004180908
17065,-0.004943846
17066,-0.006500244
17067,-0.008758547
17068,-0.00942993
17069,-0.009368895
17070,-0.013183596
17071,-0.011413576
17072,-0.012054443
17073,-0.00894165
17074,-0.0069885254
17075,-0.002960207
17076,0.00024413876
17077,0.004241947
17078,0.006713867
17079,0.011230467
17080,0.015472412
17081,0.018280033
17082,0.021179201
17083,0.024017332
17084,0.023284912
17085,0.022430424
17086,0.024353025
17087,0.020660397
17088,0.02166748
17089,0.017059328
17090,0.019470215
17091,0.016998291
17092,0.015808102
17093,0.012725829
17094,0.0090026865
17095,0.008453365
17096,0.010467529
17097,0.012969974
17098,0.0075683584
17099,0.008911133
17100,0.0047302227
17101,0.0051574707
17102,0.0015563965
17103,-0.0010375958
17104,-0.007598879
17105,-0.012786869
17106,-0.015258789
17107,-0.020568848
17108,-0.022308351
17109,-0.023162842
17110,-0.020782473
17111,-0.018005373
17112,-0.013519289
17113,-0.011932371
17114,-0.008819581
17115,-0.0041503944
17116,0.0009460421
17117,0.008483889
17118,0.016143799
17119,0.02093506
17120,0.023223871
17121,0.0256958
17122,0.023132324
17123,0.025146483
17124,0.022827147
17125,0.027618404
17126,0.021209713
17127,0.018676756
17128,0.01895142
17129,0.019012455
17130,0.014770505
17131,0.015136712
17132,0.013336182
17133,0.007965086
17134,0.0140380785
17135,0.007904053
17136,0.004760746
17137,-0.004455561
17138,0.002563484
17139,-0.0010681115
17140,0.0025634728
17141,-0.001953125
17142,-0.011077881
17143,-0.00988768
17144,-0.014129635
17145,-0.011322018
17146,-0.01818847
17147,-0.016906735
17148,-0.015075676
17149,-0.007965086
17150,-0.009002671
17151,-0.0086059645
17152,-0.010345468
17153,-0.012084968
17154,-0.0005798377
17155,-0.0032958984
17156,-0.00073242094
17157,-0.0033264142
17158,-0.0034484752
17159,-0.00067138276
17160,0.0006408673
17161,-0.00015259022
17162,-0.0028686607
17163,-0.0063171275
17164,-0.011230462
17165,-0.013275139
17166,-0.018920887
17167,-0.024322513
17168,-0.025665287
17169,-0.026580812
17170,-0.026885988
17171,-0.0289917
17172,-0.031433105
17173,-0.032318115
17174,-0.03408813
17175,-0.02697754
17176,-0.026092531
17177,-0.021636961
17178,-0.016815182
17179,-0.01300049
17180,-0.009002684
17181,-0.004058836
17182,0.0022583008
17183,0.0060119648
17184,0.009674082
17185,0.012084961
17186,0.0147705
17187,0.012145996
17188,0.015197756
17189,0.016448975
17190,0.015136715
17191,0.01419067
17192,0.0115661565
17193,0.0065307617
17194,0.0016174335
17195,-0.0029296875
17196,-0.0043640137
17197,-0.009368896
17198,-0.011199949
17199,-0.008392336
17200,-0.013122559
17201,-0.010772707
17202,-0.008941649
17203,-0.007110594
17204,-0.0060729915
17205,-0.00039672852
17206,0.0005493136
17207,0.0057067815
17208,0.009033197
17209,0.013183596
17210,0.01861572
17211,0.019165037
17212,0.026519775
17213,0.023864748
17214,0.025573725
17215,0.024902342
17216,0.028503416
17217,0.025939941
17218,0.028900146
17219,0.024902342
17220,0.02441406
17221,0.023742672
17222,0.017456058
17223,0.013977052
17224,0.0038146973
17225,1.8626451e-09
17226,-0.0034484845
17227,-0.0053100595
17228,-0.009124752
17229,-0.011657713
17230,-0.015899658
17231,-0.015869144
17232,-0.02215576
17233,-0.023223875
17234,-0.024688723
17235,-0.02563477
17236,-0.020233152
17237,-0.019592283
17238,-0.019104
17239,-0.021667484
17240,-0.023040768
17241,-0.023864746
17242,-0.023742672
17243,-0.024658203
17244,-0.021118166
17245,-0.020385742
17246,-0.014739975
17247,-0.008666992
17248,-0.0065918043
17249,0.0025329478
17250,0.0019226111
17251,0.011535652
17252,0.0116577
17253,0.016662598
17254,0.021057125
17255,0.018554688
17256,0.022064213
17257,0.021331806
17258,0.01965331
17259,0.013977043
17260,0.015686046
17261,0.0065002516
17262,0.008941645
17263,0.0045776367
17264,0.008270264
17265,0.0076904288
17266,0.003387464
17267,0.008880615
17268,0.0036621047
17269,0.00833129
17270,0.010253907
17271,0.01818849
17272,0.017578114
17273,0.026397709
17274,0.030151373
17275,0.03106689
17276,0.03189087
17277,0.029113771
17278,0.02636718
17279,0.02243042
17280,0.024658203
17281,0.017089829
17282,0.016845703
17283,0.008453358
17284,0.006164558
17285,0.001556389
17286,-0.004913345
17287,-0.008575443
17288,-0.016937252
17289,-0.017578103
17290,-0.0187378
17291,-0.018554688
17292,-0.021667484
17293,-0.023925774
17294,-0.030731186
17295,-0.031951908
17296,-0.034088142
17297,-0.0366211
17298,-0.03717041
17299,-0.03405762
17300,-0.030334476
17301,-0.028442398
17302,-0.02078247
17303,-0.019683843
17304,-0.014373779
17305,-0.010375965
17306,-0.0053100847
17307,-0.0027770773
17308,0.00097655505
17309,0.0027465895
17310,0.0032958984
17311,0.0028686523
17312,0.00247192
17313,0.0023803562
17314,-0.002349846
17315,-0.0013733059
17316,-0.004211411
17317,-0.0017700344
17318,0.0012207218
17319,0.005187981
17320,0.008605968
17321,0.010681154
17322,0.016296396
17323,0.017425537
17324,0.02493286
17325,0.025604254
17326,0.03216552
17327,0.033538826
17328,0.039184563
17329,0.042419445
17330,0.044342045
17331,0.044403065
17332,0.044464104
17333,0.047088623
17334,0.047241226
17335,0.051605217
17336,0.050811786
17337,0.05270385
17338,0.051300053
17339,0.04989625
17340,0.04519654
17341,0.040374745
17342,0.036041245
17343,0.031951934
17344,0.025024422
17345,0.018157966
17346,0.011871345
17347,0.0028686523
17348,-0.0058288723
17349,-0.016021721
17350,-0.02511596
17351,-0.029907256
17352,-0.033844024
17353,-0.03567505
17354,-0.03866577
17355,-0.03848269
17356,-0.03796389
17357,-0.036254898
17358,-0.03564453
17359,-0.03570555
17360,-0.03256224
17361,-0.030426025
17362,-0.025421143
17363,-0.023986794
17364,-0.020202624
17365,-0.018066386
17366,-0.016113274
17367,-0.01547242
17368,-0.018035905
17369,-0.018920898
17370,-0.019531252
17371,-0.017150886
17372,-0.017334001
17373,-0.013854986
17374,-0.016876236
17375,-0.021636965
17376,-0.025848396
17377,-0.033966072
17378,-0.045074448
17379,-0.05291748
17380,-0.05599974
17381,-0.060058594
17382,-0.061981194
17383,-0.062561035
17384,-0.0635376
17385,-0.06414796
17386,-0.057647705
17387,-0.05648805
17388,-0.052673355
17389,-0.051818833
17390,-0.041015632
17391,-0.037475586
17392,-0.029479995
17393,-0.02325438
17394,-0.021606468
17395,-0.023162834
17396,-0.022827134
17397,-0.023376442
17398,-0.029937744
17399,-0.025604255
17400,-0.029388428
17401,-0.025970474
17402,-0.026489228
17403,-0.02236937
17404,-0.026184082
17405,-0.027557388
17406,-0.032135025
17407,-0.034484863
17408,-0.034118667
17409,-0.03463745
17410,-0.026184082
17411,-0.021026611
17412,-0.011566162
17413,-0.002319321
17414,0.005004883
17415,0.013305634
17416,0.028656036
17417,0.036773697
17418,0.05630496
17419,0.07089232
17420,0.082977295
17421,0.09973146
17422,0.107666016
17423,0.11584473
17424,0.11929326
17425,0.12277225
17426,0.1243286
17427,0.12625122
17428,0.12423705
17429,0.12777711
17430,0.120574966
17431,0.11694336
17432,0.10873413
17433,0.09774779
17434,0.0845642
17435,0.07305909
17436,0.062927246
17437,0.049804673
17438,0.039855972
17439,0.028686538
17440,0.016662583
17441,0.0038757324
17442,-6.1035156e-05
17443,-0.0044250786
17444,-0.003540039
17445,-0.0035095215
17446,0.00015258789
17447,0.0003966987
17448,0.0037841797
17449,0.009918243
17450,0.0126953125
17451,0.017669663
17452,0.021881089
17453,0.025329582
17454,0.024749786
17455,0.02236937
17456,0.016082779
17457,0.00866697
17458,0.00079344213
17459,-0.009063758
17460,-0.01919555
17461,-0.02648925
17462,-0.03335572
17463,-0.03741456
17464,-0.04446408
17465,-0.044952415
17466,-0.04498291
17467,-0.047546413
17468,-0.044586208
17469,-0.035705544
17470,-0.026000958
17471,-0.014465336
17472,0.0003662072
17473,0.01373291
17474,0.02148439
17475,0.021789532
17476,0.029754639
17477,0.036621086
17478,0.03524777
17479,0.03878783
17480,0.036224347
17481,0.02612302
17482,0.022430416
17483,0.013916004
17484,0.0021667555
17485,-0.00088503957
17486,0.005645752
17487,0.009002686
17488,0.0077209547
17489,0.0009460449
17490,-0.016845688
17491,-0.020965561
17492,-0.013397224
17493,-0.020935059
17494,-0.040740967
17495,-0.05792237
17496,-0.07373047
17497,-0.0979309
17498,-0.12887573
17499,-0.16848756
17500,-0.20706178
17501,-0.22665404
17502,-0.20147702
17503,-0.16546632
17504,-0.11645508
17505,-0.025665298
17506,0.081207275
17507,0.18582155
17508,0.24679565
17509,0.2652893
17510,0.24655153
17511,0.21420288
17512,0.17480467
17513,0.09454348
17514,-0.019836426
17515,-0.15707394
17516,-0.29248053
17517,-0.43383786
17518,-0.5559388
17519,-0.6549072
17520,-0.689911
17521,-0.65295404
17522,-0.52532965
17523,-0.33181763
17524,-0.11532593
17525,0.11593619
17526,0.3216858
17527,0.4804992
17528,0.5662233
17529,0.60528564
17530,0.58370984
17531,0.5216369
17532,0.4306336
17533,0.3101502
17534,0.15902714
17535,-0.014190644
17536,-0.19561778
17537,-0.3747864
17538,-0.5252686
17539,-0.6242676
17540,-0.6686402
17541,-0.65054315
17542,-0.56576544
17543,-0.44857788
17544,-0.31002802
17545,-0.13830568
17546,0.049896225
17547,0.2168884
17548,0.36450213
17549,0.5087585
17550,0.64563
17551,0.7741089
17552,0.88565063
17553,0.89697266
17554,0.81311035
17555,0.7677307
17556,0.7122497
17557,0.522461
17558,0.2637329
17559,0.09515384
17560,-0.050994843
17561,-0.21740714
17562,-0.3426515
17563,-0.4584961
17564,-0.5688478
17565,-0.58374023
17566,-0.5001526
17567,-0.48358166
17568,-0.44851676
17569,-0.2518617
17570,-0.06567371
17571,0.012542665
17572,0.07266238
17573,0.113464415
17574,0.09603882
17575,0.114532515
17576,0.1236573
17577,0.031219482
17578,-0.05737312
17579,-0.07406609
17580,-0.10513306
17581,-0.20852655
17582,-0.30874652
17583,-0.42065424
17584,-0.5273744
17585,-0.57019055
17586,-0.5480042
17587,-0.50881964
17588,-0.39340216
17589,-0.14501953
17590,0.09133911
17591,0.29687506
17592,0.4761353
17593,0.630127
17594,0.7765809
17595,0.91918945
17596,1.0325013
17597,1.1082458
17598,1.1277771
17599,1.063446
17600,0.9213562
17601,0.72134405
17602,0.48614502
17603,0.23855609
17604,-0.005248904
17605,-0.21759027
17606,-0.3838501
17607,-0.5086365
17608,-0.5948487
17609,-0.65393054
17610,-0.6768491
17611,-0.66040045
17612,-0.61135876
17613,-0.55862427
17614,-0.493927
17615,-0.42977905
17616,-0.34042376
17617,-0.24932882
17618,-0.15252692
17619,-0.067230105
17620,0.014587343
17621,0.090423435
17622,0.13284302
17623,0.15283208
17624,0.14587402
17625,0.13092035
17626,0.11148086
17627,0.07498145
17628,0.02685535
17629,-0.027038395
17630,-0.0757446
17631,-0.0984804
17632,-0.12283337
17633,-0.14956665
17634,-0.17117327
17635,-0.18008417
17636,-0.18045044
17637,-0.1697084
17638,-0.16857916
17639,-0.16003406
17640,-0.14202867
17641,-0.120391935
17642,-0.0957336
17643,-0.08914183
17644,-0.07681273
17645,-0.06649786
17646,-0.033325195
17647,-0.0145874955
17648,0.0102538355
17649,0.025787406
17650,0.042602472
17651,0.06301874
17652,0.07351674
17653,0.08325195
17654,0.078216515
17655,0.07897958
17656,0.06436163
17657,0.059204083
17658,0.039642323
17659,0.030761741
17660,0.015045196
17661,0.0013733022
17662,-0.006286625
17663,-0.01776122
17664,-0.022277817
17665,-0.019897446
17666,-0.01388552
17667,-0.005004853
17668,0.010101333
17669,0.019989014
17670,0.032592773
17671,0.04342653
17672,0.05184935
17673,0.05499266
17674,0.058502212
17675,0.055328354
17676,0.04959105
17677,0.041870132
17678,0.035003692
17679,0.01736451
17680,0.0025634766
17681,-0.014495827
17682,-0.031494126
17683,-0.043304436
17684,-0.05114744
17685,-0.05349728
17686,-0.05718995
17687,-0.0477905
17688,-0.04162596
17689,-0.031555176
17690,-0.022399895
17691,-0.0037536398
17692,0.011230484
17693,0.03448487
17694,0.0621643
17695,0.08258057
17696,0.105682366
17697,0.12554932
17698,0.14419556
17699,0.15893558
17700,0.16369629
17701,0.17120361
17702,0.16964719
17703,0.16625977
17704,0.16012572
17705,0.14804077
17706,0.13821411
17707,0.12536621
17708,0.117309615
17709,0.1053772
17710,0.102691635
17711,0.09851074
17712,0.10986325
17713,0.11502071
17714,0.12854004
17715,0.13656612
17716,0.14324945
17717,0.1509704
17718,0.14660642
17719,0.1454162
17720,0.13119498
17721,0.12619007
17722,0.10638428
17723,0.092315584
17724,0.0664368
17725,0.041015595
17726,0.015014738
17727,-0.011199921
17728,-0.032226384
17729,-0.054840058
17730,-0.0717468
17731,-0.08670029
17732,-0.09234619
17733,-0.103149325
17734,-0.10702518
17735,-0.11709592
17736,-0.122528136
17737,-0.12557977
17738,-0.12670901
17739,-0.13488773
17740,-0.1366883
17741,-0.14181527
17742,-0.13977048
17743,-0.1385804
17744,-0.13864127
17745,-0.14138797
17746,-0.14157099
17747,-0.13961788
17748,-0.13583364
17749,-0.13525394
17750,-0.13940433
17751,-0.13095087
17752,-0.13049321
17753,-0.11978139
17754,-0.11758421
17755,-0.112701416
17756,-0.10903928
17757,-0.10147095
17758,-0.093872055
17759,-0.090667695
17760,-0.088531464
17761,-0.0872803
17762,-0.07772829
17763,-0.073638916
17764,-0.06600952
17765,-0.065887466
17766,-0.055908218
17767,-0.052978516
17768,-0.046325684
17769,-0.039123535
17770,-0.034790054
17771,-0.029083267
17772,-0.024261445
17773,-0.015594482
17774,-0.010620132
17775,-0.006134063
17776,0.002807647
17777,0.008239761
17778,0.0078430325
17779,0.012542725
17780,0.012512252
17781,0.017120346
17782,0.019470215
17783,0.026245147
17784,0.03472899
17785,0.043640107
17786,0.051910385
17787,0.060638428
17788,0.060455322
17789,0.06341551
17790,0.069549546
17791,0.06857295
17792,0.06988527
17793,0.066619866
17794,0.06832887
17795,0.06365964
17796,0.06408693
17797,0.056976326
17798,0.044586204
17799,0.03881838
17800,0.033782974
17801,0.034545884
17802,0.030029302
17803,0.033020042
17804,0.030487046
17805,0.03295897
17806,0.034057602
17807,0.033721916
17808,0.026000977
17809,0.020324707
17810,0.024139412
17811,0.016601546
17812,0.015106203
17813,0.0095519945
17814,0.008605953
17815,0.0073852465
17816,0.010681152
17817,0.0053100586
17818,-0.0026245061
17819,0.002807619
17820,0.006530761
17821,0.019683842
17822,0.025360107
17823,0.03286743
17824,0.033477783
17825,0.041931152
17826,0.042755127
17827,0.041381836
17828,0.037475586
17829,0.034332275
17830,0.03244018
17831,0.021301273
17832,0.020812986
17833,0.009338373
17834,0.0058593675
17835,0.0030212477
17836,0.006195061
17837,0.00064086355
17838,0.003509514
17839,0.0068664625
17840,0.0095825195
17841,0.01885987
17842,0.021606453
17843,0.028503418
17844,0.026824962
17845,0.028564468
17846,0.022705093
17847,0.020874009
17848,0.015502952
17849,0.016906738
17850,0.013458259
17851,0.009216301
17852,0.012847897
17853,0.008056652
17854,0.007568348
17855,0.00015258789
17856,-0.0062866397
17857,-0.014129642
17858,-0.015045185
17859,-0.021301255
17860,-0.026306167
17861,-0.030944835
17862,-0.034332264
17863,-0.029998772
17864,-0.033569332
17865,-0.037414555
17866,-0.034851063
17867,-0.028778072
17868,-0.023254383
17869,-0.016937247
17870,-0.009460462
17871,-0.0065917945
17872,6.103143e-05
17873,0.00836183
17874,0.0064697266
17875,-0.00238038
17876,-0.008911141
17877,-0.008056647
17878,-0.011810302
17879,-0.014709465
17880,-0.011444096
17881,-0.015075695
17882,-0.017852772
17883,-0.013946537
17884,-0.02133179
17885,-0.03393554
17886,-0.039337166
17887,-0.03405761
17888,-0.0362854
17889,-0.035949707
17890,-0.035034172
17891,-0.037933353
17892,-0.03878784
17893,-0.036254887
17894,-0.039093003
17895,-0.04223633
17896,-0.028167726
17897,-0.021728516
17898,-0.010101315
17899,-0.0021972656
17900,0.00701903
17901,0.01312257
17902,0.009643547
17903,0.009674087
17904,0.0032043494
17905,0.007019058
17906,0.0031738132
17907,-0.001647938
17908,-0.01000974
17909,-0.018463142
17910,-0.02120972
17911,-0.029693607
17912,-0.032104462
17913,-0.041412346
17914,-0.038787853
17915,-0.035736088
17916,-0.030456536
17917,-0.03054808
17918,-0.021209717
17919,-0.0052795373
17920,-0.0005798675
17921,0.01336671
17922,0.009765632
17923,0.01782228
17924,0.024261463
17925,0.03512572
17926,0.039978035
17927,0.039764423
17928,0.043792717
17929,0.048431393
17930,0.050720226
17931,0.041503903
17932,0.04492189
17933,0.036682148
17934,0.040863026
17935,0.039428696
17936,0.04104614
17937,0.031066911
17938,0.03768921
17939,0.04022218
17940,0.033752434
17941,0.02929686
17942,0.021209698
17943,0.022308365
17944,0.013397209
17945,0.026824944
17946,0.029693611
17947,0.030395534
17948,0.033813484
17949,0.039154075
17950,0.031127937
17951,0.029876698
17952,0.030181881
17953,0.0119629055
17954,-0.0005188063
17955,-0.008453388
17956,-0.012176525
17957,-0.030609146
17958,-0.0371399
17959,-0.05065918
17960,-0.06454468
17961,-0.059204116
17962,-0.048370373
17963,-0.042205796
17964,-0.039093018
17965,-0.012817375
17966,0.004333518
17967,0.023498546
17968,0.03826905
17969,0.040222175
17970,0.03192138
17971,0.031860348
17972,0.027679432
17973,0.010009764
17974,-0.011657712
17975,-0.010467535
17976,-0.020660393
17977,-0.03335572
17978,-0.036163345
17979,-0.04714965
17980,-0.053802498
17981,-0.0418396
17982,-0.035217278
17983,-0.033569336
17984,-0.021270752
17985,-0.0065307654
17986,-0.0018615704
17987,-0.012634279
17988,-0.016906742
17989,-0.02767945
17990,-0.030731207
17991,-0.041259766
17992,-0.051330566
17993,-0.062377945
17994,-0.06298828
17995,-0.04290771
17996,-0.04614257
17997,-0.04492188
17998,-0.036621086
17999,-0.029479988
18000,-0.0020141378
18001,0.011383053
18002,0.02084352
18003,0.02923584
18004,0.04421997
18005,0.06402588
18006,0.07904053
18007,0.06063842
18008,0.061645493
18009,0.07083129
18010,0.076477036
18011,0.08389282
18012,0.07107543
18013,0.07263182
18014,0.069244385
18015,0.082275406
18016,0.07766724
18017,0.05841066
18018,0.050781265
18019,0.05075073
18020,0.04345706
18021,0.02548217
18022,0.01550293
18023,-0.0029297024
18024,-0.0022582933
18025,-0.0044860914
18026,-0.009521514
18027,-0.026672408
18028,-0.01763916
18029,0.005279511
18030,0.014587387
18031,0.03552246
18032,0.041778542
18033,0.051666282
18034,0.057861343
18035,0.07388308
18036,0.060760505
18037,0.040283218
18038,0.03601075
18039,0.0204468
18040,-0.012969978
18041,-0.044433564
18042,-0.066619895
18043,-0.090911865
18044,-0.0940552
18045,-0.094757065
18046,-0.1056519
18047,-0.11260986
18048,-0.09988404
18049,-0.077240005
18050,-0.07971193
18051,-0.06796263
18052,-0.05618287
18053,-0.06314087
18054,-0.050018292
18055,-0.045288086
18056,-0.041656483
18057,-0.039947502
18058,-0.029296856
18059,-0.02169799
18060,-0.024658188
18061,-0.01623533
18062,-0.009582534
18063,0.005432129
18064,0.013183601
18065,0.031341568
18066,0.023345903
18067,0.017517097
18068,0.010009758
18069,-0.0035400614
18070,-0.014892578
18071,-0.032073963
18072,-0.03540039
18073,-0.05023194
18074,-0.04086301
18075,-0.039611794
18076,-0.02832032
18077,-0.015502915
18078,0.0033569671
18079,0.026275631
18080,0.046478264
18081,0.06497194
18082,0.07144161
18083,0.084198
18084,0.08981321
18085,0.096282944
18086,0.08407589
18087,0.072753906
18088,0.055358894
18089,0.038635254
18090,0.02709961
18091,0.008789059
18092,-0.0042419266
18093,-0.016937245
18094,-0.019042954
18095,-0.021057133
18096,-0.01522826
18097,-0.0142517015
18098,-0.010955799
18099,-0.0069580004
18100,-0.0031738468
18101,-0.001709003
18102,-0.0049743727
18103,-0.0055847056
18104,-0.012207039
18105,-0.014923103
18106,-0.016479492
18107,-0.021606445
18108,-0.032867424
18109,-0.041992184
18110,-0.04644777
18111,-0.04956056
18112,-0.043334946
18113,-0.036651604
18114,-0.029083246
18115,-0.019683842
18116,-0.011138916
18117,-0.0018310547
18118,0.006103508
18119,0.012054451
18120,0.0115356445
18121,0.014556885
18122,0.010040291
18123,0.0057678223
18124,-0.011383057
18125,-0.032104496
18126,-0.05770874
18127,-0.07440186
18128,-0.07965089
18129,-0.08850098
18130,-0.094177246
18131,-0.096710205
18132,-0.07785034
18133,-0.05255128
18134,-0.013610832
18135,0.016845703
18136,0.05029297
18137,0.081268325
18138,0.110900894
18139,0.121826164
18140,0.10757448
18141,0.08868408
18142,0.06518556
18143,0.04220579
18144,0.0036621094
18145,-0.035797145
18146,-0.079711914
18147,-0.10064697
18148,-0.105895996
18149,-0.1088257
18150,-0.10934448
18151,-0.10241698
18152,-0.06842041
18153,-0.028503433
18154,0.026824966
18155,0.07754517
18156,0.12380982
18157,0.16827397
18158,0.1997986
18159,0.21228024
18160,0.20394897
18161,0.19100952
18162,0.17703247
18163,0.1585388
18164,0.12634277
18165,0.090271
18166,0.044006348
18167,0.00778199
18168,-0.015136719
18169,-0.034576423
18170,-0.040100098
18171,-0.037231423
18172,-0.026428223
18173,-0.0072936937
18174,0.011047348
18175,0.03262329
18176,0.045776367
18177,0.055999756
18178,0.058746338
18179,0.051971436
18180,0.034362778
18181,0.015380859
18182,-0.0028686374
18183,-0.018951386
18184,-0.02752687
18185,-0.03292848
18186,-0.03421019
18187,-0.030425996
18188,-0.01654052
18189,0.0019836389
18190,0.022277832
18191,0.03894046
18192,0.047332764
18193,0.045837432
18194,0.032196015
18195,0.012145966
18196,-0.017089836
18197,-0.043762207
18198,-0.07324218
18199,-0.09301756
18200,-0.114227295
18201,-0.12530518
18202,-0.12890626
18203,-0.12930295
18204,-0.11499025
18205,-0.09924318
18206,-0.076599106
18207,-0.056976285
18208,-0.034576427
18209,-0.02175903
18210,-0.010101326
18211,-0.011047354
18212,-0.01010133
18213,-0.01684568
18214,-0.023742668
18215,-0.031677265
18216,-0.041412342
18217,-0.04992675
18218,-0.059234604
18219,-0.06457521
18220,-0.068573
18221,-0.06918334
18222,-0.066406235
18223,-0.06323242
18224,-0.058380127
18225,-0.04623414
18226,-0.0404358
18227,-0.0253601
18228,-0.01684568
18229,-0.006744407
18230,0.006469719
18231,0.021698005
18232,0.03948977
18233,0.055297844
18234,0.07333375
18235,0.08822632
18236,0.10418703
18237,0.10784911
18238,0.114746116
18239,0.10958862
18240,0.10797119
18241,0.103881836
18242,0.09521486
18243,0.08374022
18244,0.06576538
18245,0.046417233
18246,0.021667466
18247,6.105378e-05
18248,-0.024047859
18249,-0.04406738
18250,-0.064208984
18251,-0.07440184
18252,-0.08666991
18253,-0.09274293
18254,-0.09616088
18255,-0.1019592
18256,-0.10263061
18257,-0.103210434
18258,-0.10140991
18259,-0.09725952
18260,-0.09362794
18261,-0.08697511
18262,-0.082489006
18263,-0.07772829
18264,-0.07162474
18265,-0.07061767
18266,-0.066925064
18267,-0.062408462
18268,-0.056640625
18269,-0.04818727
18270,-0.039733887
18271,-0.031524673
18272,-0.021911636
18273,-0.01077269
18274,0.0038757473
18275,0.014556915
18276,0.02923584
18277,0.041046172
18278,0.052642822
18279,0.06573489
18280,0.078063995
18281,0.08963011
18282,0.1015625
18283,0.1109619
18284,0.12014775
18285,0.123809814
18286,0.12533568
18287,0.12322994
18288,0.11593626
18289,0.115539566
18290,0.108734146
18291,0.106323235
18292,0.09741212
18293,0.09017947
18294,0.08483888
18295,0.07751466
18296,0.074035645
18297,0.07070924
18298,0.072265625
18299,0.07583618
18300,0.08187868
18301,0.08761595
18302,0.09234619
18303,0.09432985
18304,0.096160874
18305,0.09497069
18306,0.08898924
18307,0.085571274
18308,0.0755005
18309,0.06494139
18310,0.05078125
18311,0.038238525
18312,0.025390625
18313,0.010925308
18314,-0.00033566356
18315,-0.01650998
18316,-0.026763916
18317,-0.037963867
18318,-0.045959458
18319,-0.052520722
18320,-0.05816649
18321,-0.06094362
18322,-0.06365967
18323,-0.06921384
18324,-0.071838394
18325,-0.07583618
18326,-0.07684331
18327,-0.074798584
18328,-0.07791137
18329,-0.077270485
18330,-0.079620376
18331,-0.076843254
18332,-0.0744324
18333,-0.06665037
18334,-0.06253052
18335,-0.05422973
18336,-0.04782104
18337,-0.0452881
18338,-0.04425049
18339,-0.051513642
18340,-0.052612305
18341,-0.060546875
18342,-0.06378174
18343,-0.074707024
18344,-0.07672119
18345,-0.081878655
18346,-0.07986452
18347,-0.07781984
18348,-0.07604981
18349,-0.06787111
18350,-0.05871585
18351,-0.041046172
18352,-0.027954116
18353,-0.013244644
18354,0.0020752102
18355,0.0146484375
18356,0.02276612
18357,0.02828981
18358,0.02770999
18359,0.024169937
18360,0.02078247
18361,0.016357444
18362,0.0077514723
18363,0.0025634877
18364,-0.0065917894
18365,-0.007049538
18366,-0.014282245
18367,-0.013977062
18368,-0.016326915
18369,-0.019287113
18370,-0.01693726
18371,-0.016967796
18372,-0.013885507
18373,-0.016845722
18374,-0.010467522
18375,-0.014831543
18376,-0.007934578
18377,-0.009521477
18378,-0.003875725
18379,-0.0016479604
18380,0.0011596717
18381,0.003723152
18382,0.0074463002
18383,0.009796154
18384,0.009521492
18385,0.012847919
18386,0.010498054
18387,0.01651001
18388,0.015258785
18389,0.020599384
18390,0.014190681
18391,0.01791383
18392,0.01660157
18393,0.016967755
18394,0.0126953125
18395,0.012695331
18396,0.013366703
18397,0.010711651
18398,0.014862072
18399,0.009460449
18400,0.010253888
18401,0.0037536696
18402,0.008544944
18403,0.0004882887
18404,-0.003417965
18405,-0.004211407
18406,-0.0112915
18407,-0.010986341
18408,-0.018096939
18409,-0.016632073
18410,-0.022338877
18411,-0.02157593
18412,-0.020782456
18413,-0.02124024
18414,-0.018310547
18415,-0.016143806
18416,-0.009216327
18417,-0.010955811
18418,-0.0033569224
18419,-0.0020141564
18420,0.004913345
18421,0.0099792555
18422,0.0139770545
18423,0.023010276
18424,0.020446789
18425,0.032318108
18426,0.029479992
18427,0.034088135
18428,0.031249993
18429,0.037933342
18430,0.039642338
18431,0.040130615
18432,0.045562748
18433,0.040893547
18434,0.044372566
18435,0.03775024
18436,0.045013428
18437,0.033660904
18438,0.03494263
18439,0.0322876
18440,0.031555183
18441,0.03234864
18442,0.030364988
18443,0.036346436
18444,0.03158568
18445,0.04244996
18446,0.04580687
18447,0.05526733
18448,0.060455292
18449,0.07440184
18450,0.08499145
18451,0.09246827
18452,0.10479738
18453,0.10742186
18454,0.115661636
18455,0.11044313
18456,0.1133118
18457,0.10284422
18458,0.09445192
18459,0.08438113
18460,0.071197525
18461,0.06292726
18462,0.048339844
18463,0.041290283
18464,0.025360093
18465,0.02023317
18466,0.0069274902
18467,0.004333481
18468,-0.0024413913
18469,-0.0056152344
18470,-0.008850098
18471,-0.01373291
18472,-0.016693085
18473,-0.029846191
18474,-0.032684326
18475,-0.04736331
18476,-0.05145262
18477,-0.06692505
18478,-0.07336426
18479,-0.086517364
18480,-0.09786986
18481,-0.10256958
18482,-0.11303711
18483,-0.11288452
18484,-0.12069705
18485,-0.115905784
18486,-0.12225341
18487,-0.11483762
18488,-0.11553953
18489,-0.11288453
18490,-0.10836791
18491,-0.10577391
18492,-0.09753419
18493,-0.09976198
18494,-0.089721665
18495,-0.08856204
18496,-0.08062743
18497,-0.079437256
18498,-0.07025145
18499,-0.06292726
18500,-0.06707767
18501,-0.06472777
18502,-0.06878662
18503,-0.05822754
18504,-0.061309814
18505,-0.0552368
18506,-0.06030275
18507,-0.06332396
18508,-0.061065644
18509,-0.060607895
18510,-0.06253052
18511,-0.073089585
18512,-0.057403564
18513,-0.052825943
18514,-0.0023498386
18515,0.0067749172
18516,0.023895264
18517,0.040283218
18518,0.086303696
18519,0.1071472
18520,0.11206053
18521,0.121215835
18522,0.14459227
18523,0.14385988
18524,0.13031004
18525,0.122528106
18526,0.04919432
18527,0.03378296
18528,0.0206604
18529,0.003540054
