0,0.6922913
1,0.77810663
2,0.73980725
3,0.6603395
4,0.5402527
5,0.35223386
6,0.23147583
7,0.19558716
8,0.23666386
9,0.28396606
10,0.2922058
11,0.27972412
12,0.2197572
13,0.07260126
14,-0.06237805
15,-0.13351452
16,-0.15261835
17,-0.07879636
18,0.030334499
19,0.12594603
20,0.20526128
21,0.2637329
22,0.24420172
23,0.15945423
24,-0.0026549697
25,-0.1960144
26,-0.39450088
27,-0.55694586
28,-0.6271058
29,-0.6445923
30,-0.58993536
31,-0.4607849
32,-0.3659668
33,-0.33294684
34,-0.32659912
35,-0.34414673
36,-0.3817445
37,-0.40106228
38,-0.37524414
39,-0.2518616
40,-0.07632449
41,0.15640262
42,0.39682013
43,0.5975647
44,0.752289
45,0.83679193
46,0.8602907
47,0.8553772
48,0.79483026
49,0.7378235
50,0.7035524
51,0.6600952
52,0.59841925
53,0.54507434
54,0.44634998
55,0.27426142
56,0.097961426
57,-0.053985655
58,-0.22396863
59,-0.42941284
60,-0.6504516
61,-0.83892834
62,-0.98043835
63,-1.0698547
64,-1.0829469
65,-1.042572
66,-0.9130554
67,-0.7572936
68,-0.59051514
69,-0.40798974
70,-0.24496451
71,-0.083617955
72,0.04495257
73,0.10141003
74,0.08251959
75,0.006408572
76,-0.14852917
77,-0.33087164
78,-0.48614514
79,-0.58737177
80,-0.63262945
81,-0.6742858
82,-0.68316644
83,-0.68042016
84,-0.6441042
85,-0.5690002
86,-0.4758606
87,-0.36895746
88,-0.17630023
89,0.027130395
90,0.2056886
91,0.37231433
92,0.50680566
93,0.6276552
94,0.7099306
95,0.72225964
96,0.67468274
97,0.5723876
98,0.44116202
99,0.29376224
100,0.17706299
101,0.064697266
102,-0.0015564114
103,-0.06207256
104,-0.10784901
105,-0.17004406
106,-0.2291261
107,-0.2723083
108,-0.3338318
109,-0.3945617
110,-0.4429934
111,-0.5047606
112,-0.5124512
113,-0.5036316
114,-0.47332752
115,-0.4130859
116,-0.36267096
117,-0.32464585
118,-0.2925415
119,-0.24243167
120,-0.11895749
121,0.058532745
122,0.25949097
123,0.4648743
124,0.6542054
125,0.8049012
126,0.8941955
127,0.9062805
128,0.85723877
129,0.7818299
130,0.6704712
131,0.5491638
132,0.43365464
133,0.2928467
134,0.20852663
135,0.15530401
136,0.1260071
137,0.10858151
138,0.08834833
139,0.07235718
140,0.047271732
141,0.043090843
142,0.09848026
143,0.19100954
144,0.30245972
145,0.40704346
146,0.4912721
147,0.53054816
148,0.51290894
149,0.42504895
150,0.3045655
151,0.14944454
152,-0.0022583902
153,-0.14172363
154,-0.23684692
155,-0.3219605
156,-0.3621522
157,-0.37377927
158,-0.366333
159,-0.34317023
160,-0.34216315
161,-0.3330384
162,-0.34213257
163,-0.34344476
164,-0.29788205
165,-0.20819093
166,-0.10937501
167,-0.014984094
168,0.08456425
169,0.16717531
170,0.22219847
171,0.2303468
172,0.21514899
173,0.16836546
174,0.108001664
175,0.022796616
176,-0.049835175
177,-0.1165162
178,-0.17120367
179,-0.2169799
180,-0.24005127
181,-0.2486878
182,-0.26940924
183,-0.2778321
184,-0.2796631
185,-0.25820917
186,-0.19387814
187,-0.09204103
188,0.00894168
189,0.09658814
190,0.16448979
191,0.21347044
192,0.22116087
193,0.20062268
194,0.1481629
195,0.07769774
196,-0.0040893853
197,-0.09500122
198,-0.1950073
199,-0.2895509
200,-0.36022955
201,-0.41226193
202,-0.43505865
203,-0.43875128
204,-0.44107062
205,-0.42398077
206,-0.3895874
207,-0.3171081
208,-0.2175903
209,-0.090484634
210,0.022369392
211,0.13934325
212,0.21759038
213,0.27557367
214,0.2898559
215,0.29803473
216,0.27539068
217,0.2470398
218,0.21395874
219,0.18109131
220,0.14776617
221,0.13201894
222,0.11392206
223,0.103637725
224,0.10159299
225,0.112396196
226,0.115173325
227,0.109771684
228,0.10586548
229,0.117553726
230,0.12249756
231,0.12350465
232,0.11578371
233,0.11688232
234,0.095520034
235,0.071075425
236,0.03588866
237,0.0031433702
238,-0.030090302
239,-0.051239014
240,-0.076232895
241,-0.094512954
242,-0.12240598
243,-0.12811285
244,-0.13806158
245,-0.14315796
246,-0.1428528
247,-0.12872316
248,-0.12835693
249,-0.13366702
250,-0.12710571
251,-0.113067634
252,-0.09927369
253,-0.083862305
254,-0.066558845
255,-0.03900148
256,-0.02239988
257,-0.009063721
258,0.0011596754
259,0.0022888258
260,-0.0032348558
261,-0.004608132
262,-0.013854958
263,-0.022125259
264,-0.03756714
265,-0.045593277
266,-0.059753418
267,-0.06692506
268,-0.07015992
269,-0.06802368
270,-0.06256103
271,-0.07546998
272,-0.07998658
273,-0.090209976
274,-0.10028078
275,-0.11968994
276,-0.13076784
277,-0.13009642
278,-0.12615964
279,-0.12136839
280,-0.111145
281,-0.1105957
282,-0.11029053
283,-0.102447495
284,-0.10287475
285,-0.09002686
286,-0.08172608
287,-0.07669069
288,-0.06533811
289,-0.053009033
290,-0.040740997
291,-0.026824936
292,-0.01626587
293,-0.023925774
294,-0.027435325
295,-0.043701172
296,-0.051940925
297,-0.062255852
298,-0.05682376
299,-0.04598999
300,-0.02078247
301,0.00057985634
302,0.040832534
303,0.07412718
304,0.10919188
305,0.1372986
306,0.15505981
307,0.17285156
308,0.17800903
309,0.17904662
310,0.17175296
311,0.16564941
312,0.15338135
313,0.14697269
314,0.13931271
315,0.120697044
316,0.11227415
317,0.08917238
318,0.07452394
319,0.06155397
320,0.063140854
321,0.052520756
322,0.058563218
323,0.05639649
324,0.08151245
325,0.0965576
326,0.1286621
327,0.15338135
328,0.17147827
329,0.18518068
330,0.18569946
331,0.179718
332,0.16760254
333,0.14932251
334,0.12945557
335,0.10369876
336,0.08609008
337,0.07522586
338,0.07839965
339,0.073211685
340,0.07189943
341,0.07189942
342,0.075164795
343,0.06112671
344,0.058990464
345,0.051605232
346,0.061584473
347,0.0673828
348,0.08905028
349,0.09317015
350,0.10473633
351,0.101257324
352,0.09793091
353,0.08963013
354,0.08135986
355,0.072937
356,0.06890871
357,0.058319088
358,0.05895997
359,0.07055663
360,0.07208252
361,0.07241821
362,0.06518555
363,0.051422108
364,0.031799324
365,0.00787354
366,-0.007263194
367,-0.025848389
368,-0.04510498
369,-0.055664062
370,-0.058502197
371,-0.058685303
372,-0.047607422
373,-0.037872314
374,-0.020538338
375,0.0005493313
376,0.02069091
377,0.038177487
378,0.052520752
379,0.06088256
380,0.07040405
381,0.08609007
382,0.08847045
383,0.09298706
384,0.08459473
385,0.062805176
386,0.042449966
387,0.011444099
388,-0.012390133
389,-0.0407715
390,-0.066925064
391,-0.08197023
392,-0.09045409
393,-0.09017945
394,-0.08395387
395,-0.075347885
396,-0.065216064
397,-0.048675515
398,-0.036132812
399,-0.020843513
400,-0.007019058
401,0.0027465746
402,0.009063698
403,0.016723633
404,0.016418464
405,0.008453362
406,-0.005096443
407,-0.027862549
408,-0.04067993
409,-0.061462387
410,-0.07614135
411,-0.089324966
412,-0.108612075
413,-0.11187745
414,-0.117553696
415,-0.10253907
416,-0.09381105
417,-0.07913207
418,-0.07028198
419,-0.053466767
420,-0.04336547
421,-0.031646743
422,-0.022003178
423,-0.022125237
424,-0.016387943
425,-0.011627201
426,-0.0017700046
427,0.0004272312
428,0.0054321364
429,3.0510128e-05
430,6.1035156e-05
431,-0.0057372823
432,-0.009582497
433,-0.0031128004
434,-0.0077209473
435,-0.009582534
436,-0.022949204
437,-0.034729004
438,-0.05630494
439,-0.068328835
440,-0.080261216
441,-0.0918884
442,-0.099365234
443,-0.09896852
444,-0.0961914
445,-0.091461174
446,-0.08337399
447,-0.07186891
448,-0.0620117
449,-0.054718025
450,-0.039978016
451,-0.030975338
452,-0.026763905
453,-0.01260376
454,-0.004913319
455,0.0018615872
456,0.00027468055
457,-0.011718743
458,-0.039337143
459,-0.067169175
460,-0.09887693
461,-0.11584472
462,-0.12591553
463,-0.12582399
464,-0.12557985
465,-0.122039795
466,-0.12515259
467,-0.11672973
468,-0.11572264
469,-0.120086685
470,-0.12756348
471,-0.12847902
472,-0.1244812
473,-0.112976074
474,-0.09863274
475,-0.075927734
476,-0.050781257
477,-0.024902329
478,0.0016174526
479,0.03057862
480,0.050872803
481,0.062377933
482,0.05685427
483,0.055694595
484,0.05044557
485,0.046813957
486,0.046142578
487,0.048004158
488,0.06210327
489,0.08267212
490,0.10601807
491,0.12060548
492,0.13983154
493,0.15850835
494,0.1713867
495,0.1864624
496,0.18478388
497,0.184021
498,0.17526247
499,0.15942383
500,0.14694215
501,0.14337161
502,0.13705443
503,0.13534546
504,0.12509157
505,0.11135864
506,0.10263063
507,0.09100339
508,0.08645631
509,0.08181763
510,0.088592514
511,0.09744263
512,0.107849106
513,0.117004395
514,0.12808229
515,0.14471439
516,0.14843751
517,0.15832521
518,0.14843743
519,0.14331053
520,0.13250734
521,0.11822511
522,0.108856186
523,0.10324098
524,0.10418697
525,0.10461421
526,0.10211182
527,0.09594725
528,0.0949707
529,0.087402344
530,0.08508299
531,0.091705345
532,0.104705825
533,0.11553954
534,0.12060547
535,0.122161865
536,0.10665895
537,0.1000977
538,0.08236694
539,0.06890871
540,0.042938143
541,0.02835083
542,0.009246826
543,-0.01870726
544,-0.037261978
545,-0.062377915
546,-0.08294678
547,-0.09353639
548,-0.08901977
549,-0.08428959
550,-0.07785034
551,-0.077819824
552,-0.076873794
553,-0.080780014
554,-0.09936522
555,-0.11706543
556,-0.14797974
557,-0.17803955
558,-0.21600342
559,-0.23989868
560,-0.2680359
561,-0.28884888
562,-0.30255124
563,-0.30090332
564,-0.29452515
565,-0.27993774
566,-0.2616577
567,-0.24765015
568,-0.23724364
569,-0.22753906
570,-0.2060852
571,-0.1956177
572,-0.18096922
573,-0.16979979
574,-0.15588379
575,-0.1486206
576,-0.1463928
577,-0.15896606
578,-0.17871094
579,-0.19537354
580,-0.20324709
581,-0.19848633
582,-0.189209
583,-0.16293335
584,-0.1278076
585,-0.099914536
586,-0.07684329
587,-0.051116943
588,-0.0484619
589,-0.042999305
590,-0.035919182
591,-0.02545163
592,0.007781975
593,0.030242898
594,0.04861453
595,0.059661865
596,0.056945797
597,0.05050657
598,0.030487077
599,0.016632073
600,0.0061035156
601,0.021118164
602,0.048950173
603,0.077148415
604,0.11108398
605,0.15805054
606,0.2098389
607,0.24783325
608,0.28100586
609,0.30615234
610,0.30145267
611,0.27313232
612,0.24136353
613,0.19946288
614,0.17437741
615,0.1461792
616,0.12182618
617,0.10247803
618,0.07000731
619,0.03894043
620,3.053248e-05
621,-0.033843983
622,-0.06893921
623,-0.08526611
624,-0.10217286
625,-0.10977176
626,-0.10406492
627,-0.08685303
628,-0.056610078
629,-0.030792266
630,-0.005279526
631,0.020111084
632,0.035125762
633,0.036743164
634,0.04461667
635,0.042358384
636,0.04638669
637,0.04501342
638,0.035156257
639,0.019836426
640,-0.0029602274
641,-0.035369873
642,-0.07110594
643,-0.0965576
644,-0.11312866
645,-0.12478638
646,-0.1364441
647,-0.15496829
648,-0.16607663
649,-0.17489624
650,-0.1771545
651,-0.16958621
652,-0.1587219
653,-0.1343384
654,-0.1005249
655,-0.06536864
656,-0.029571548
657,-0.0043029767
658,0.014190666
659,0.01852418
660,0.027374266
661,0.030731197
662,0.042205818
663,0.04223634
664,0.06353758
665,0.0753479
666,0.07577512
667,0.06683351
668,0.051025406
669,0.029724136
670,0.0057373494
671,-0.01361084
672,-0.03540036
673,-0.053863548
674,-0.07476803
675,-0.08972168
676,-0.100982666
677,-0.101257324
678,-0.09393313
679,-0.08786009
680,-0.082977295
681,-0.081359856
682,-0.067687996
683,-0.058380134
684,-0.03854368
685,-0.013061509
686,0.029968217
687,0.06982419
688,0.092041
689,0.10443117
690,0.11300661
691,0.10482791
692,0.093566895
693,0.07522584
694,0.054168716
695,0.03167726
696,0.016235352
697,-0.005218491
698,-0.02212523
699,-0.036071774
700,-0.042205807
701,-0.055267334
702,-0.06796265
703,-0.07705687
704,-0.07055665
705,-0.05859375
706,-0.041625954
707,-0.006927477
708,0.031310998
709,0.06750485
710,0.08337402
711,0.08999635
712,0.08129884
713,0.07556155
714,0.066772446
715,0.053680424
716,0.042938255
717,0.029968288
718,0.019683816
719,0.0054626614
720,-0.010437027
721,-0.035705566
722,-0.06042481
723,-0.09274292
724,-0.123565674
725,-0.14825438
726,-0.1637268
727,-0.16165161
728,-0.14559937
729,-0.11624144
730,-0.09085084
731,-0.0637207
732,-0.040191647
733,-0.032104474
734,-0.027435325
735,-0.019439679
736,-0.01119997
737,-0.011413585
738,-0.01809692
739,-0.020660378
740,-0.022033714
741,-0.014984101
742,0.013153046
743,0.03338623
744,0.06021118
745,0.08200075
746,0.10772706
747,0.1225891
748,0.1408081
749,0.15548709
750,0.16619875
751,0.17279053
752,0.17144775
753,0.16754152
754,0.16772461
755,0.16284178
756,0.1618347
757,0.17193602
758,0.1859436
759,0.20166016
760,0.21862794
761,0.23321532
762,0.24163814
763,0.24484256
764,0.24612422
765,0.23846436
766,0.23553467
767,0.23608398
768,0.2384949
769,0.2419128
770,0.23648071
771,0.22229007
772,0.19561769
773,0.16384888
774,0.13027956
775,0.09555055
776,0.081970215
777,0.073211655
778,0.07806395
779,0.078948975
780,0.08663941
781,0.08007814
782,0.074462906
783,0.071899384
784,0.07464598
785,0.073089585
786,0.07656857
787,0.08657837
788,0.09564209
789,0.1128235
790,0.1225891
791,0.13226315
792,0.1300049
793,0.108123794
794,0.072387695
795,0.02752687
796,-0.019744858
797,-0.05966188
798,-0.0788269
799,-0.08129886
800,-0.072967514
801,-0.06484986
802,-0.051483147
803,-0.050109845
804,-0.04199218
805,-0.03262332
806,-0.018249504
807,-0.01895145
808,-0.024169944
809,-0.027282715
810,-0.03863527
811,-0.04559325
812,-0.06262207
813,-0.08248901
814,-0.107666016
815,-0.13650514
816,-0.1641846
817,-0.19152832
818,-0.2114563
819,-0.22381593
820,-0.21310425
821,-0.19137575
822,-0.1590881
823,-0.13949585
824,-0.119659424
825,-0.11212157
826,-0.103302
827,-0.10757447
828,-0.10623168
829,-0.110382125
830,-0.103485115
831,-0.0968933
832,-0.09872439
833,-0.09597775
834,-0.10513307
835,-0.11215209
836,-0.117675774
837,-0.111633316
838,-0.09155276
839,-0.07156372
840,-0.04333495
841,-0.013702404
842,0.01028442
843,0.036560066
844,0.056762688
845,0.06335449
846,0.0583496
847,0.060638428
848,0.062438965
849,0.065093994
850,0.06903078
851,0.067169175
852,0.05957032
853,0.037841804
854,0.013519295
855,-0.013885513
856,-0.04382325
857,-0.058197007
858,-0.07015991
859,-0.068695076
860,-0.055389404
861,-0.04351806
862,-0.024108887
863,-0.010437027
864,0.0027465895
865,0.0109253
866,0.017791755
867,0.011535637
868,-0.004119884
869,-0.017547615
870,-0.037811294
871,-0.05838011
872,-0.07940673
873,-0.09375001
874,-0.11413573
875,-0.12368774
876,-0.12442017
877,-0.126709
878,-0.12112427
879,-0.10592649
880,-0.09634399
881,-0.0831299
882,-0.06436156
883,-0.053497314
884,-0.048217792
885,-0.04531862
886,-0.042205814
887,-0.04287719
888,-0.04553222
889,-0.048858643
890,-0.053375255
891,-0.05853273
892,-0.05828858
893,-0.064392075
894,-0.0679016
895,-0.081207275
896,-0.101318344
897,-0.12454224
898,-0.14868164
899,-0.15902711
900,-0.16873169
901,-0.1766052
902,-0.16827393
903,-0.16018677
904,-0.1456604
905,-0.12945557
906,-0.12313846
907,-0.12576294
908,-0.12210083
909,-0.12905884
910,-0.12573242
911,-0.119018555
912,-0.10708618
913,-0.0918274
914,-0.067443855
915,-0.056365963
916,-0.041748036
917,-0.03231812
918,-0.023162834
919,-0.019103993
920,-0.014862075
921,-0.0047302097
922,0.0015258789
923,-0.0015869141
924,0.012603745
925,0.024292
926,0.03588868
927,0.05706786
928,0.073272705
929,0.08251953
930,0.09875486
931,0.09851074
932,0.102081314
933,0.09939575
934,0.10397339
935,0.10327148
936,0.113891594
937,0.120727524
938,0.12789917
939,0.13900757
940,0.14556885
941,0.14413452
942,0.13168335
943,0.13101196
944,0.12194823
945,0.1182251
946,0.12966917
947,0.13043214
948,0.13693237
949,0.13842772
950,0.14324953
951,0.13354494
952,0.13217163
953,0.11627196
954,0.09426881
955,0.07757567
956,0.060546875
957,0.055450432
958,0.037628174
959,0.038879383
960,0.028594963
961,0.035919182
962,0.036437985
963,0.048095714
964,0.053222656
965,0.058593754
966,0.07284546
967,0.09500122
968,0.11419678
969,0.13580322
970,0.16397095
971,0.18548584
972,0.20571902
973,0.2236328
974,0.2354431
975,0.24505614
976,0.24133302
977,0.23565672
978,0.2197876
979,0.19641112
980,0.1588745
981,0.12005614
982,0.07797241
983,0.04431153
984,0.028839108
985,0.027648931
986,0.026092537
987,0.033813473
988,0.048004158
989,0.06814575
990,0.07745361
991,0.093139656
992,0.10424803
993,0.10861206
994,0.10513304
995,0.10415648
996,0.094726555
997,0.09411622
998,0.08551028
999,0.0784607
1000,0.06701659
1001,0.051055923
1002,0.02081298
1003,-0.0134887695
1004,-0.05090334
1005,-0.0749817
1006,-0.084930435
1007,-0.08230591
1008,-0.07727051
1009,-0.07104492
1010,-0.06555175
1011,-0.058685303
1012,-0.06213378
1013,-0.054077163
1014,-0.052001953
1015,-0.046722412
1016,-0.039367676
1017,-0.031433105
1018,-0.0282593
1019,-0.023040779
1020,-0.016265854
1021,-0.024139427
1022,-0.033294678
1023,-0.04904172
1024,-0.071502715
1025,-0.091247566
1026,-0.1105957
1027,-0.11837769
1028,-0.12005615
1029,-0.11724855
1030,-0.11184694
1031,-0.11557006
1032,-0.11993409
1033,-0.12435914
1034,-0.13766477
1035,-0.15530397
1036,-0.1777954
1037,-0.20428467
1038,-0.23071289
1039,-0.24865723
1040,-0.26037598
1041,-0.2662964
1042,-0.2715454
1043,-0.26461795
1044,-0.2520752
1045,-0.23223874
1046,-0.2067566
1047,-0.17990112
1048,-0.16116333
1049,-0.14596559
1050,-0.13601685
1051,-0.1232605
1052,-0.10693361
1053,-0.10205077
1054,-0.09625244
1055,-0.10244751
1056,-0.10955809
1057,-0.123565674
1058,-0.13592526
1059,-0.15112305
1060,-0.16741943
1061,-0.18310542
1062,-0.19696045
1063,-0.19161986
1064,-0.19091795
1065,-0.17092897
1066,-0.1432495
1067,-0.11300659
1068,-0.06552124
1069,-0.026763946
1070,0.002777107
1071,0.015625007
1072,0.03482057
1073,0.052062966
1074,0.06552123
1075,0.072601326
1076,0.07879639
1077,0.06991577
1078,0.07531738
1079,0.07022096
1080,0.07553101
1081,0.081756614
1082,0.097137436
1083,0.11135867
1084,0.120361336
1085,0.13092044
1086,0.14294432
1087,0.15936276
1088,0.16525269
1089,0.15975949
1090,0.15612793
1091,0.14025877
1092,0.10598754
1093,0.06835938
1094,0.034210198
1095,0.017517075
1096,0.009674087
1097,0.011932373
1098,0.008453354
1099,0.00091551244
1100,0.018188462
1101,0.032287598
1102,0.048645005
1103,0.06619266
1104,0.10168454
1105,0.12493898
1106,0.14126588
1107,0.15383913
1108,0.16571045
1109,0.16717528
1110,0.16479492
1111,0.15454099
1112,0.1328125
1113,0.12890625
1114,0.10977171
1115,0.10272218
1116,0.066406235
1117,0.041717514
1118,0.014617935
1119,-0.0011596675
1120,-0.013641365
1121,-0.017700208
1122,-0.016204832
1123,-0.020904558
1124,-0.017120391
1125,-0.014831527
1126,-0.0123901665
1127,-0.01535034
1128,-0.028625462
1129,-0.045410156
1130,-0.05776978
1131,-0.06484985
1132,-0.08755493
1133,-0.10287476
1134,-0.12814334
1135,-0.12313842
1136,-0.119018555
1137,-0.10131836
1138,-0.10778809
1139,-0.106781006
1140,-0.10830686
1141,-0.105346695
1142,-0.10192873
1143,-0.09579471
1144,-0.088897705
1145,-0.06585695
1146,-0.041778583
1147,-0.028381355
1148,-0.01940918
1149,-0.0065308064
1150,0.00048829615
1151,0.0073852837
1152,0.0023498386
1153,0.007080063
1154,0.015533447
1155,0.02752687
1156,0.019012466
1157,0.03170778
1158,0.07263185
1159,0.12817384
1160,0.16207886
1161,0.165802
1162,0.15756227
1163,0.1446533
1164,0.15847778
1165,0.18008423
1166,0.1829834
1167,0.19006349
1168,0.20791627
1169,0.2259216
1170,0.23767093
1171,0.24728392
1172,0.25161743
1173,0.24798584
1174,0.23269652
1175,0.20993043
1176,0.1728821
1177,0.14157107
1178,0.098053
1179,0.04391481
1180,0.0019531436
1181,-0.037292473
1182,-0.056610137
1183,-0.068603516
1184,-0.07910156
1185,-0.103057876
1186,-0.12527469
1187,-0.131073
1188,-0.118133545
1189,-0.082916245
1190,-0.03421016
1191,0.008331269
1192,0.035369903
1193,0.04901123
1194,0.08877565
1195,0.1144104
1196,0.123168916
1197,0.11840819
1198,0.10842898
1199,0.10949707
1200,0.10531618
1201,0.08654785
1202,0.07205202
1203,0.051788345
1204,0.050842285
1205,0.05999758
1206,0.065460205
1207,0.035186768
1208,0.0047912374
1209,-0.036010712
1210,-0.076538086
1211,-0.09744261
1212,-0.10015866
1213,-0.07955934
1214,-0.069305405
1215,-0.07455443
1216,-0.07394408
1217,-0.061248794
1218,-0.048828132
1219,-0.050842278
1220,-0.06127929
1221,-0.05001831
1222,-0.006744411
1223,0.026428238
1224,0.025421161
1225,0.007171616
1226,0.009582523
1227,0.028320342
1228,0.044952385
1229,0.028259262
1230,-0.014709488
1231,-0.07266235
1232,-0.11810303
1233,-0.13027956
1234,-0.1417236
1235,-0.14941406
1236,-0.1673279
1237,-0.18981934
1238,-0.19958496
1239,-0.18695068
1240,-0.16461182
1241,-0.15649417
1242,-0.13684082
1243,-0.1341858
1244,-0.10314943
1245,-0.06506346
1246,-0.028747573
1247,0.011444107
1248,0.057739258
1249,0.09313966
1250,0.11013797
1251,0.1184082
1252,0.11892703
1253,0.10925294
1254,0.07666015
1255,0.040100083
1256,-0.019409195
1257,-0.05337526
1258,-0.053680446
1259,-0.04861448
1260,-0.077087425
1261,-0.08575441
1262,-0.069427475
1263,-0.061004646
1264,-0.06567384
1265,-0.090606704
1266,-0.09817505
1267,-0.101013176
1268,-0.1048279
1269,-0.106658936
1270,-0.101898216
1271,-0.110809326
1272,-0.11245728
1273,-0.09420775
1274,-0.09451292
1275,-0.08807373
1276,-0.08493044
1277,-0.10772707
1278,-0.14996341
1279,-0.18460083
1280,-0.1931763
1281,-0.17935179
1282,-0.18130496
1283,-0.17578126
1284,-0.16687012
1285,-0.15811157
1286,-0.1546936
1287,-0.16058351
1288,-0.17178343
1289,-0.18655396
1290,-0.18020633
1291,-0.1746826
1292,-0.18103027
1293,-0.18298341
1294,-0.1671753
1295,-0.11459349
1296,-0.07177732
1297,-0.03686522
1298,-0.019012466
1299,-0.03033448
1300,-0.054046676
1301,-0.062866196
1302,-0.050445557
1303,-0.024291985
1304,-0.01824952
1305,-0.02664186
1306,-0.028778061
1307,-0.022735566
1308,-0.029479973
1309,-0.018646255
1310,-0.015502915
1311,-0.021881126
1312,-0.032196045
1313,-0.033264168
1314,-0.057525635
1315,-0.08129883
1316,-0.09100345
1317,-0.0821228
1318,-0.08566284
1319,-0.090118416
1320,-0.08718866
1321,-0.10467532
1322,-0.11785891
1323,-0.12905881
1324,-0.13168335
1325,-0.12988277
1326,-0.11880489
1327,-0.12118533
1328,-0.12799068
1329,-0.13583376
1330,-0.11550899
1331,-0.06402582
1332,-0.012878442
1333,0.036773667
1334,0.08950807
1335,0.15792844
1336,0.19833374
1337,0.20788577
1338,0.21957396
1339,0.25579834
1340,0.30624393
1341,0.36575317
1342,0.41247553
1343,0.4388428
1344,0.4566955
1345,0.45532224
1346,0.44180298
1347,0.4258117
1348,0.41015622
1349,0.3856202
1350,0.35171503
1351,0.31753546
1352,0.2981262
1353,0.313446
1354,0.33297735
1355,0.36846924
1356,0.39041138
1357,0.4052429
1358,0.39846802
1359,0.35308838
1360,0.29470825
1361,0.23492432
1362,0.19656372
1363,0.1809998
1364,0.17089835
1365,0.1568909
1366,0.16165155
1367,0.16275015
1368,0.15835568
1369,0.17275992
1370,0.19808954
1371,0.21939093
1372,0.22082509
1373,0.21566777
1374,0.23541252
1375,0.26272577
1376,0.28240973
1377,0.32031247
1378,0.37106323
1379,0.3949585
1380,0.4066162
1381,0.39038092
1382,0.34927368
1383,0.30004883
1384,0.24484253
1385,0.19070435
1386,0.1272887
1387,0.07324226
1388,0.038116425
1389,-0.008850157
1390,-0.069122344
1391,-0.1268006
1392,-0.17980957
1393,-0.22961417
1394,-0.28500366
1395,-0.32965082
1396,-0.3605346
1397,-0.39334118
1398,-0.42941284
1399,-0.4559326
1400,-0.48135382
1401,-0.52188116
1402,-0.54556274
1403,-0.54916394
1404,-0.55392456
1405,-0.5784913
1406,-0.60729986
1407,-0.6345215
1408,-0.6388244
1409,-0.61416626
1410,-0.56066895
1411,-0.52993774
1412,-0.5132752
1413,-0.49990833
1414,-0.5010681
1415,-0.50427234
1416,-0.49472022
1417,-0.45715338
1418,-0.4190368
1419,-0.4044494
1420,-0.40481582
1421,-0.4036254
1422,-0.36740106
1423,-0.30734247
1424,-0.20895374
1425,-0.10195923
1426,0.011016846
1427,0.11166364
1428,0.20953375
1429,0.2947999
1430,0.374237
1431,0.4432373
1432,0.49307257
1433,0.521759
1434,0.5338746
1435,0.5093995
1436,0.45983896
1437,0.4146729
1438,0.37948626
1439,0.36007702
1440,0.33187884
1441,0.27853394
1442,0.22079438
1443,0.1623536
1444,0.12249762
1445,0.08041392
1446,0.04455579
1447,0.022674559
1448,0.01882936
1449,0.0113218725
1450,0.014861971
1451,0.019165069
1452,0.040039122
1453,0.08584595
1454,0.13754267
1455,0.1904602
1456,0.23602307
1457,0.2684632
1458,0.29226696
1459,0.31442255
1460,0.35766608
1461,0.41296393
1462,0.45809937
1463,0.4685669
1464,0.46423334
1465,0.4502868
1466,0.45443732
1467,0.44586188
1468,0.41439825
1469,0.37942517
1470,0.33483887
1471,0.28735346
1472,0.24276735
1473,0.19473268
1474,0.14169317
1475,0.10275268
1476,0.055084154
1477,0.027557358
1478,0.0042115375
1479,-0.033294607
1480,-0.05139137
1481,-0.061432075
1482,-0.059539855
1483,-0.036682144
1484,-0.035980206
1485,-0.05020147
1486,-0.06079098
1487,-0.08926402
1488,-0.1291504
1489,-0.18463142
1490,-0.2542115
1491,-0.307312
1492,-0.36386108
1493,-0.41778558
1494,-0.46853644
1495,-0.5239869
1496,-0.5643919
1497,-0.5920105
1498,-0.6235047
1499,-0.6527098
1500,-0.6772156
1501,-0.68780506
1502,-0.6762084
1503,-0.66564953
1504,-0.6412964
1505,-0.5867311
1506,-0.5438844
1507,-0.4913025
1508,-0.4355772
1509,-0.3993836
1510,-0.36642456
1511,-0.32360846
1512,-0.26596075
1513,-0.21081543
1514,-0.13827516
1515,-0.058410577
1516,0.020568907
1517,0.0897827
1518,0.15106201
1519,0.18389893
1520,0.18484497
1521,0.17742917
1522,0.1660461
1523,0.15783693
1524,0.1629943
1525,0.15350336
1526,0.13421628
1527,0.10333246
1528,0.065216035
1529,0.038818397
1530,0.031280607
1531,0.023193361
1532,0.016448943
1533,0.023681598
1534,0.045806848
1535,0.06915281
1536,0.10977173
1537,0.13833624
1538,0.16217045
1539,0.19015503
1540,0.20645143
1541,0.19891357
1542,0.1815796
1543,0.15948486
1544,0.13366693
1545,0.11996457
1546,0.12615962
1547,0.121459916
1548,0.11791988
1549,0.09024042
1550,0.07244872
1551,0.060546912
1552,0.0566407
1553,0.04425049
1554,0.03399656
1555,0.029235797
1556,0.043518007
1557,0.055999756
1558,0.07226561
1559,0.08413703
1560,0.09429936
1561,0.115142785
1562,0.122589126
1563,0.11895752
1564,0.10598757
1565,0.08877563
1566,0.06845085
1567,0.050750725
1568,0.04919432
1569,0.049316376
1570,0.053405732
1571,0.038726736
1572,0.020538352
1573,0.0055847242
1574,-0.0007323772
1575,-0.013458207
1576,-0.03469847
1577,-0.053955097
1578,-0.055114802
1579,-0.050231975
1580,-0.04867554
1581,-0.052764863
1582,-0.05270382
1583,-0.042175323
1584,-0.0387573
1585,-0.030670166
1586,-0.026428185
1587,-0.020141602
1588,-0.0148316175
1589,0.0020446642
1590,0.010009706
1591,0.016448993
1592,0.02081298
1593,0.012145974
1594,0.0074157864
1595,0.0035400689
1596,-0.0015258938
1597,-0.01336664
1598,-0.025299072
1599,-0.044830307
1600,-0.051818863
1601,-0.057495132
1602,-0.071685806
1603,-0.05502317
1604,-0.04095453
1605,-0.0066833273
1606,0.026550248
1607,0.07113647
1608,0.10046389
1609,0.13967891
1610,0.17529295
1611,0.20349121
1612,0.22277829
1613,0.23117065
1614,0.23385619
1615,0.20434572
1616,0.19256599
1617,0.16690066
1618,0.1443786
1619,0.124481216
1620,0.112976074
1621,0.09780886
1622,0.07513427
1623,0.06698608
1624,0.046081573
1625,0.03652957
1626,0.014251716
1627,-0.000335671
1628,-0.022766106
1629,-0.037841793
1630,-0.054382313
1631,-0.060760483
1632,-0.0642395
1633,-0.07156373
1634,-0.07962036
1635,-0.09121703
1636,-0.11517333
1637,-0.14291382
1638,-0.14971921
1639,-0.14715573
1640,-0.14932251
1641,-0.14120486
1642,-0.13955688
1643,-0.13833618
1644,-0.13995361
1645,-0.13671875
1646,-0.14508057
1647,-0.14968869
1648,-0.14691162
1649,-0.14810176
1650,-0.14526367
1651,-0.14242555
1652,-0.13235474
1653,-0.13113403
1654,-0.121154785
1655,-0.11981201
1656,-0.11401367
1657,-0.10229492
1658,-0.09545896
1659,-0.075378425
1660,-0.058593743
1661,-0.039978005
1662,-0.02664182
1663,-0.012329124
1664,-0.006378185
1665,-0.0052490495
1666,-0.0042114146
1667,-0.0005187858
1668,0.002746597
1669,-0.0026550284
1670,0.010101296
1671,0.0068359524
1672,0.010559071
1673,0.013824474
1674,0.02798462
1675,0.025787354
1676,0.032623276
1677,0.030792251
1678,0.02853392
1679,0.027252197
1680,0.030059814
1681,0.045745827
1682,0.05413819
1683,0.072753906
1684,0.08041383
1685,0.08810423
1686,0.083190896
1687,0.073730454
1688,0.056945805
1689,0.030731218
1690,0.011871338
1691,-0.0027465895
1692,-0.004669195
1693,0.00088500977
1694,0.01498411
1695,0.039581306
1696,0.08053588
1697,0.11480713
1698,0.14733885
1699,0.16049194
1700,0.16607665
1701,0.16589355
1702,0.17044066
1703,0.17062376
1704,0.1586914
1705,0.13616942
1706,0.11401369
1707,0.10195924
1708,0.09100339
1709,0.0835266
1710,0.05911255
1711,0.028961167
1712,0.008453347
1713,0.0021362156
1714,0.0013427585
1715,0.0069274902
1716,0.0026245303
1717,-0.019134529
1718,-0.042327896
1719,-0.051971424
1720,-0.052398697
1721,-0.03924559
1722,-0.024963394
1723,-0.01834108
1724,-0.012237534
1725,0.006652832
1726,0.01739502
1727,0.03445433
1728,0.033416755
1729,0.0401001
1730,0.03833007
1731,0.04095459
1732,0.041748047
1733,0.038909897
1734,0.047851562
1735,0.06793213
1736,0.09051512
1737,0.12231445
1738,0.1393738
1739,0.13345337
1740,0.11462402
1741,0.0863342
1742,0.040649384
1743,-0.00012207031
1744,-0.0452881
1745,-0.078369156
1746,-0.106170654
1747,-0.11779782
1748,-0.12664796
1749,-0.12728882
1750,-0.11996461
1751,-0.11444093
1752,-0.11654664
1753,-0.11422731
1754,-0.08514404
1755,-0.04794313
1756,-0.014404312
1757,0.017822258
1758,0.03945923
1759,0.04425049
1760,0.053375244
1761,0.053131074
1762,0.0435486
1763,0.032897934
1764,0.0052795
1765,-0.010681137
1766,-0.03118898
1767,-0.051605225
1768,-0.06896974
1769,-0.09249876
1770,-0.11431886
1771,-0.13146971
1772,-0.14074709
1773,-0.1414795
1774,-0.14199829
1775,-0.13751222
1776,-0.1238098
1777,-0.10852052
1778,-0.09860228
1779,-0.08422849
1780,-0.07992551
1781,-0.09051514
1782,-0.09149173
1783,-0.08093263
1784,-0.06295775
1785,-0.051879905
1786,-0.05001834
1787,-0.06103517
1788,-0.07321167
1789,-0.083831795
1790,-0.09075928
1791,-0.10232544
1792,-0.10934448
1793,-0.12600708
1794,-0.13787843
1795,-0.14144899
1796,-0.14752197
1797,-0.14727785
1798,-0.15893552
1799,-0.16131593
1800,-0.16604613
1801,-0.17080688
1802,-0.18722531
1803,-0.2102356
1804,-0.22103885
1805,-0.22439574
1806,-0.22372435
1807,-0.21151732
1808,-0.1763611
1809,-0.1287842
1810,-0.07330319
1811,-0.04226686
1812,-0.022766098
1813,-0.012207016
1814,0.011108391
1815,0.034515373
1816,0.05606079
1817,0.08535765
1818,0.10955812
1819,0.11468504
1820,0.08773805
1821,0.054534905
1822,0.034606934
1823,0.02090457
1824,0.012969986
1825,0.0095825195
1826,0.00045776367
1827,0.0025634766
1828,-0.0048828125
1829,-0.024841294
1830,-0.040863045
1831,-0.038269084
1832,-0.022277802
1833,-0.014190681
1834,-0.0042419285
1835,0.012756363
1836,0.040252678
1837,0.07751463
1838,0.12902832
1839,0.164032
1840,0.18518068
1841,0.18637086
1842,0.17736816
1843,0.17379762
1844,0.17529295
1845,0.17382814
1846,0.15698242
1847,0.15158081
1848,0.14282228
1849,0.14715576
1850,0.14007568
1851,0.12783815
1852,0.11120606
1853,0.117431626
1854,0.13980104
1855,0.1534729
1856,0.1670227
1857,0.17004396
1858,0.19885252
1859,0.231781
1860,0.27423096
1861,0.29537964
1862,0.31869507
1863,0.33068848
1864,0.3279114
1865,0.3218689
1866,0.30856323
1867,0.2878418
1868,0.26522827
1869,0.2550354
1870,0.23703006
1871,0.22601317
1872,0.19439696
1873,0.1640625
1874,0.13018802
1875,0.10723877
1876,0.0817871
1877,0.06414795
1878,0.0463562
1879,0.0508728
1880,0.06213379
1881,0.06262208
1882,0.05987549
1883,0.042999312
1884,0.037597656
1885,0.034790047
1886,0.025787339
1887,0.02804567
1888,0.035064697
1889,0.026062027
1890,0.015502915
1891,0.003845185
1892,-0.0022277609
1893,-0.0032348782
1894,-0.0005188063
1895,0.013580315
1896,0.03817752
1897,0.06692506
1898,0.07931519
1899,0.086303726
1900,0.07711793
1901,0.082305916
1902,0.100738525
1903,0.10162355
1904,0.09313965
1905,0.07586672
1906,0.050689697
1907,0.021545418
1908,-0.0008239858
1909,-0.009490944
1910,-0.01922609
1911,-0.02804564
1912,-0.021240264
1913,-0.0131225735
1914,-0.012298569
1915,-0.00964357
1916,-0.0031738058
1917,0.014007568
1918,0.019958511
1919,0.02450563
1920,0.00015258789
1921,-0.010375991
1922,-0.017761223
1923,-0.027832016
1924,-0.05966188
1925,-0.08749389
1926,-0.10897827
1927,-0.13748167
1928,-0.18045044
1929,-0.20339964
1930,-0.21383667
1931,-0.21960446
1932,-0.23254395
1933,-0.23080444
1934,-0.22335818
1935,-0.22491457
1936,-0.2567749
1937,-0.28982544
1938,-0.29086304
1939,-0.24954224
1940,-0.1921997
1941,-0.1382141
1942,-0.108947754
1943,-0.10339354
1944,-0.10647583
1945,-0.1282654
1946,-0.15557863
1947,-0.16543579
1948,-0.16152954
1949,-0.1306763
1950,-0.10018922
1951,-0.07257083
1952,-0.06161502
1953,-0.08108521
1954,-0.13241579
1955,-0.20306398
1956,-0.29882815
1957,-0.37869263
1958,-0.41979986
1959,-0.42755127
1960,-0.4181518
1961,-0.4270324
1962,-0.46170047
1963,-0.4989624
1964,-0.5161743
1965,-0.5029907
1966,-0.4491272
1967,-0.3812561
1968,-0.34423828
1969,-0.34127808
1970,-0.38342282
1971,-0.45269775
1972,-0.51898193
1973,-0.5659789
1974,-0.5522155
1975,-0.4580993
1976,-0.30429074
1977,-0.11645511
1978,0.069061324
1979,0.2339477
1980,0.37448126
1981,0.48934942
1982,0.56903064
1983,0.5475158
1984,0.43383792
1985,0.27694714
1986,0.14205927
1987,0.054992646
1988,0.04928589
1989,0.10064697
1990,0.16125491
1991,0.19317625
1992,0.20147696
1993,0.18643178
1994,0.14761353
1995,0.06817627
1996,0.025939956
1997,0.050476104
1998,0.1149597
1999,0.19451901
2000,0.28073123
2001,0.36120602
2002,0.45397955
2003,0.54647833
2004,0.60375965
2005,0.5859985
2006,0.4896546
2007,0.36636364
2008,0.25662225
2009,0.18444818
2010,0.15417479
2011,0.13742065
2012,0.10781859
2013,0.034362793
2014,-0.08691415
2015,-0.2464295
2016,-0.416626
2017,-0.5624389
2018,-0.62841785
2019,-0.6000366
2020,-0.49771112
2021,-0.3417664
2022,-0.14004514
2023,0.051940903
2024,0.19567879
2025,0.269867
2026,0.30493152
2027,0.32830802
2028,0.31378174
2029,0.26605228
2030,0.2121276
2031,0.18054196
2032,0.18405151
2033,0.21905513
2034,0.30181885
2035,0.4325561
2036,0.5837707
2037,0.7475584
2038,0.8890379
2039,0.97308344
2040,0.98635876
2041,0.9122619
2042,0.7889406
2043,0.618744
2044,0.44213867
2045,0.2540282
2046,0.06567386
2047,-0.15557861
2048,-0.374298
2049,-0.52239984
2050,-0.6020508
2051,-0.63098145
2052,-0.607666
2053,-0.55859363
2054,-0.51684576
2055,-0.47747797
2056,-0.40951544
2057,-0.31134024
2058,-0.1929321
2059,-0.059906036
2060,0.071624696
2061,0.18670654
2062,0.2539369
2063,0.24505624
2064,0.20248419
2065,0.13153076
2066,0.054107606
2067,-0.048217773
2068,-0.16390985
2069,-0.3078308
2070,-0.43539423
2071,-0.5096435
2072,-0.52169806
2073,-0.48443604
2074,-0.40124506
2075,-0.29028308
2076,-0.18200687
2077,-0.085510164
2078,0.023589998
2079,0.15301523
2080,0.32067874
2081,0.4979553
2082,0.6567993
2083,0.7794189
2084,0.8352661
2085,0.794922
2086,0.6911926
2087,0.5446167
2088,0.3754272
2089,0.18695071
2090,0.008209273
2091,-0.14910892
2092,-0.26431268
2093,-0.31146234
2094,-0.2816162
2095,-0.19638056
2096,-0.09674065
2097,-0.015624985
2098,0.008239716
2099,-0.022857606
2100,-0.080444425
2101,-0.1348876
2102,-0.17456055
2103,-0.19280997
2104,-0.19760123
2105,-0.17459114
2106,-0.15374763
2107,-0.16522214
2108,-0.1925355
2109,-0.22863781
2110,-0.26052862
2111,-0.28222638
2112,-0.28875732
2113,-0.26568604
2114,-0.2094421
2115,-0.10968016
2116,0.03244018
2117,0.18304434
2118,0.2960205
2119,0.362091
2120,0.36224365
2121,0.31600946
2122,0.25006104
2123,0.18978879
2124,0.1408692
2125,0.10751349
2126,0.09277345
2127,0.09567253
2128,0.08746332
2129,0.06686397
2130,0.04107663
2131,0.010467589
2132,-0.018737815
2133,-0.032531694
2134,-0.021942236
2135,0.002197273
2136,0.03314215
2137,0.053619407
2138,0.07925416
2139,0.08441156
2140,0.071563736
2141,0.03143306
2142,-0.031494126
2143,-0.10855108
2144,-0.18856807
2145,-0.26791388
2146,-0.34182733
2147,-0.3987121
2148,-0.43957514
2149,-0.45602417
2150,-0.4658814
2151,-0.44540405
2152,-0.4107056
2153,-0.35101312
2154,-0.27560425
2155,-0.17895505
2156,-0.0820313
2157,0.012176529
2158,0.09561153
2159,0.1369934
2160,0.16290282
2161,0.14682007
2162,0.11181638
2163,0.055908136
2164,-0.005340576
2165,-0.06106571
2166,-0.12295526
2167,-0.18856817
2168,-0.24731442
2169,-0.2917175
2170,-0.31912225
2171,-0.32196045
2172,-0.31219488
2173,-0.28494263
2174,-0.25506592
2175,-0.22381586
2176,-0.18710327
2177,-0.14343263
2178,-0.09213261
2179,-0.021026596
2180,0.048828125
2181,0.09622191
2182,0.13296506
2183,0.14205933
2184,0.12884521
2185,0.09967037
2186,0.04635621
2187,-0.0018616319
2188,-0.06286615
2189,-0.12179569
2190,-0.1838684
2191,-0.22744744
2192,-0.25271606
2193,-0.25213623
2194,-0.22381598
2195,-0.18463139
2196,-0.14205933
2197,-0.11019895
2198,-0.081634484
2199,-0.056030277
2200,-0.028350886
2201,0.0045165904
2202,0.03375244
2203,0.060668923
2204,0.08349606
2205,0.09292599
2206,0.0922546
2207,0.09085083
2208,0.091552734
2209,0.09957883
2210,0.10351567
2211,0.11114499
2212,0.123748764
2213,0.13830566
2214,0.1687927
2215,0.20452881
2216,0.25085446
2217,0.28955078
2218,0.31988528
2219,0.3303528
2220,0.32003787
2221,0.30227655
2222,0.26519772
2223,0.22271727
2224,0.1748047
2225,0.13616943
2226,0.107696526
2227,0.08374022
2228,0.06555176
2229,0.053955093
2230,0.041198738
2231,0.032257088
2232,0.032196056
2233,0.030059824
2234,0.028198235
2235,0.027435308
2236,0.0327759
2237,0.040344242
2238,0.0477295
2239,0.061187774
2240,0.054809563
2241,0.048370354
2242,0.022460938
2243,0.002594009
2244,-0.017242441
2245,-0.026641866
2246,-0.025085459
2247,-0.015411376
2248,-0.0049743736
2249,0.0072937002
2250,0.020568844
2251,0.021606443
2252,0.031066895
2253,0.048065186
2254,0.05245971
2255,0.04953003
2256,0.027252186
2257,0.0036926158
2258,-0.014404282
2259,-0.015777566
2260,-0.009735115
2261,-0.0059204027
2262,-0.023468021
2263,-0.039764404
2264,-0.060333252
2265,-0.07141114
2266,-0.07608029
2267,-0.061004635
2268,-0.032775886
2269,-0.0004882794
2270,0.026184075
2271,0.059661858
2272,0.07550049
2273,0.08901976
2274,0.09207154
2275,0.09564209
2276,0.08810423
2277,0.09011841
2278,0.07211302
2279,0.05569457
2280,0.034393325
2281,0.0111999605
2282,-0.008270271
2283,-0.042083755
2284,-0.076171875
2285,-0.1053772
2286,-0.122406
2287,-0.13986206
2288,-0.14120482
2289,-0.13470459
2290,-0.11093139
2291,-0.077392586
2292,-0.038024895
2293,0.007965095
2294,0.037445076
2295,0.056549057
2296,0.07443239
2297,0.071167
2298,0.057220444
2299,0.046600353
2300,0.027099602
2301,-0.0016174428
2302,-0.026946995
2303,-0.048828118
2304,-0.06680298
2305,-0.08956909
2306,-0.10345458
2307,-0.11737059
2308,-0.12924193
2309,-0.1312256
2310,-0.11672974
2311,-0.11413574
2312,-0.11123656
2313,-0.10971069
2314,-0.10250853
2315,-0.100524895
2316,-0.10278321
2317,-0.101745605
2318,-0.10900879
2319,-0.12582397
2320,-0.13101198
2321,-0.12982176
2322,-0.1298828
2323,-0.13235474
2324,-0.12097167
2325,-0.1210327
2326,-0.10775756
2327,-0.09405519
2328,-0.073791504
2329,-0.07629393
2330,-0.08071899
2331,-0.09207154
2332,-0.07586669
2333,-0.07611084
2334,-0.0741577
2335,-0.08099367
2336,-0.094329804
2337,-0.09829713
2338,-0.094909675
2339,-0.093566895
2340,-0.094055176
2341,-0.09814454
2342,-0.10083009
2343,-0.08929442
2344,-0.07080075
2345,-0.056976326
2346,-0.030456558
2347,-0.002319336
2348,0.03936767
2349,0.08227539
2350,0.13198854
2351,0.15835571
2352,0.18872069
2353,0.2042236
2354,0.21304321
2355,0.21853638
2356,0.19915773
2357,0.1668701
2358,0.12823486
2359,0.09014891
2360,0.061950676
2361,0.04260257
2362,0.031463623
2363,0.020324703
2364,0.02859497
2365,0.042175308
2366,0.06219486
2367,0.07418821
2368,0.07806394
2369,0.08230589
2370,0.10589598
2371,0.123809814
2372,0.16201782
2373,0.17083739
2374,0.1844177
2375,0.19592284
2376,0.1817627
2377,0.17715454
2378,0.16104127
2379,0.1355896
2380,0.1034851
2381,0.08654784
2382,0.07791138
2383,0.08786011
2384,0.11520389
2385,0.12902832
2386,0.15713504
2387,0.16601562
2388,0.1846619
2389,0.19128418
2390,0.17651367
2391,0.162384
2392,0.14910889
2393,0.13546753
2394,0.14730836
2395,0.16323851
2396,0.17196654
2397,0.18582152
2398,0.1702881
2399,0.16171262
2400,0.13699341
2401,0.10498048
2402,0.06396482
2403,0.026428208
2404,-0.00030515995
2405,-0.009063717
2406,-0.014099112
2407,0.0025940035
2408,0.042175293
2409,0.05218506
2410,0.059539802
2411,0.06692506
2412,0.047180183
2413,0.030334458
2414,0.0059509296
2415,-0.02484132
2416,-0.05258178
2417,-0.06448366
2418,-0.072509766
2419,-0.07525633
2420,-0.08023071
2421,-0.087127686
2422,-0.08889772
2423,-0.09039305
2424,-0.0793152
2425,-0.04837037
2426,-0.010833735
2427,0.028076153
2428,0.062286362
2429,0.1081848
2430,0.14187624
2431,0.1659851
2432,0.19613644
2433,0.22909547
2434,0.231781
2435,0.22521973
2436,0.19082646
2437,0.15423585
2438,0.1070862
2439,0.08059694
2440,0.05502318
2441,0.026428234
2442,0.0065612774
2443,-0.007629387
2444,-0.008178731
2445,-0.008819561
2446,0.0033569336
2447,0.01565551
2448,0.02136229
2449,0.020446762
2450,0.015228242
2451,0.011108398
2452,-6.1035156e-05
2453,-0.00491333
2454,-0.009613052
2455,-0.0065612793
2456,-0.016326904
2457,-0.030029297
2458,-0.06292722
2459,-0.104217514
2460,-0.15200806
2461,-0.19000243
2462,-0.22631837
2463,-0.25820923
2464,-0.28173828
2465,-0.29190063
2466,-0.28598022
2467,-0.26785278
2468,-0.23065186
2469,-0.19824219
2470,-0.17321777
2471,-0.14605714
2472,-0.10641481
2473,-0.08441161
2474,-0.082916275
2475,-0.07711791
2476,-0.072692886
2477,-0.07095337
2478,-0.054992676
2479,-0.044860847
2480,-0.06692503
2481,-0.088439934
2482,-0.11123656
2483,-0.12942505
2484,-0.15170288
2485,-0.17272949
2486,-0.19598389
2487,-0.21313477
2488,-0.21539305
2489,-0.20062256
2490,-0.19293213
2491,-0.20928955
2492,-0.2234192
2493,-0.22940065
2494,-0.22662354
2495,-0.21963498
2496,-0.23126224
2497,-0.23971558
2498,-0.24710083
2499,-0.24847412
2500,-0.23617554
2501,-0.23574829
2502,-0.23916624
2503,-0.21954344
2504,-0.19018555
2505,-0.15341185
2506,-0.11483766
2507,-0.08029176
2508,-0.056060776
2509,-0.048950195
2510,-0.05303952
2511,-0.04232788
2512,-0.03433226
2513,-0.04983521
2514,-0.062683105
2515,-0.07458495
2516,-0.060058586
2517,-0.03192138
2518,-0.02374269
2519,-0.016998298
2520,-0.001892101
2521,0.018646251
2522,0.026855461
2523,0.03475951
2524,0.03579713
2525,0.05944825
2526,0.08187867
2527,0.10656738
2528,0.12353514
2529,0.14648438
2530,0.16772461
2531,0.1855774
2532,0.17941286
2533,0.16006471
2534,0.13812256
2535,0.115997314
2536,0.09774779
2537,0.087677
2538,0.079467766
2539,0.06970215
2540,0.061798096
2541,0.05496215
2542,0.044586174
2543,0.035980236
2544,0.016113274
2545,-0.0036010854
2546,0.0069580115
2547,0.025573738
2548,0.041046143
2549,0.056335464
2550,0.06741333
2551,0.08795164
2552,0.111358635
2553,0.13531494
2554,0.1420288
2555,0.118652344
2556,0.0860901
2557,0.052978516
2558,0.020751942
2559,0.01235963
2560,0.007995607
2561,0.008270262
2562,0.02087403
2563,0.019866934
2564,0.0067749033
2565,-0.012695309
2566,-0.023620611
2567,-0.015960686
2568,-0.0028076265
2569,0.007965073
2570,0.011016833
2571,0.0025939792
2572,0.0101623535
2573,0.014953598
2574,0.04031372
2575,0.07015992
2576,0.114593506
2577,0.14532468
2578,0.15451048
2579,0.15460205
2580,0.15170287
2581,0.15042114
2582,0.13369751
2583,0.09948731
2584,0.08505249
2585,0.07305908
2586,0.064300545
2587,0.036987297
2588,0.03311158
2589,0.018218998
2590,0.017059306
2591,0.012908921
2592,9.1533875e-05
2593,0.031494133
2594,0.08129883
2595,0.11859131
2596,0.14727783
2597,0.14706421
2598,0.16574095
2599,0.20968625
2600,0.240448
2601,0.2642517
2602,0.2666626
2603,0.22793578
2604,0.17190552
2605,0.119842544
2606,0.074340805
2607,0.036254898
2608,0.026672363
2609,0.017700188
2610,0.037353516
2611,0.039855964
2612,0.043975815
2613,0.046752926
2614,0.041168198
2615,0.05621336
2616,0.07284547
2617,0.08889769
2618,0.11547853
2619,0.12561034
2620,0.14059447
2621,0.16027832
2622,0.16256714
2623,0.1529846
2624,0.14758302
2625,0.12231444
2626,0.09066771
2627,0.044311553
2628,-0.011657737
2629,-0.048675545
2630,-0.063964844
2631,-0.075408936
2632,-0.06347656
2633,-0.071289055
2634,-0.07080078
2635,-0.07913207
2636,-0.08496094
2637,-0.07653809
2638,-0.07318112
2639,-0.07257081
2640,-0.06488036
2641,-0.07043458
2642,-0.08145142
2643,-0.08709718
2644,-0.097839355
2645,-0.10787965
2646,-0.10391234
2647,-0.10964967
2648,-0.1302185
2649,-0.1421814
2650,-0.16088867
2651,-0.162323
2652,-0.1651306
2653,-0.16644287
2654,-0.14703369
2655,-0.12298584
2656,-0.103393555
2657,-0.0777893
2658,-0.051971428
2659,-0.07052613
2660,-0.08886719
2661,-0.10058595
2662,-0.106414795
2663,-0.112701416
2664,-0.12686157
2665,-0.13116457
2666,-0.12524413
2667,-0.12078858
2668,-0.11401367
2669,-0.11544801
2670,-0.12664796
2671,-0.13809203
2672,-0.15237424
2673,-0.14202881
2674,-0.1340332
2675,-0.12594604
2676,-0.124298066
2677,-0.12136842
2678,-0.12561035
2679,-0.10845948
2680,-0.089630134
2681,-0.085632324
2682,-0.08959961
2683,-0.09774778
2684,-0.10815429
2685,-0.09799193
2686,-0.086700425
2687,-0.06588745
2688,-0.052490212
2689,-0.032958977
2690,-0.029632578
2691,-0.04586792
2692,-0.07522582
2693,-0.09738159
2694,-0.110137925
2695,-0.104827866
2696,-0.100494385
2697,-0.090270996
2698,-0.08825681
2699,-0.07025149
2700,-0.061767586
2701,-0.050750747
2702,-0.04623414
2703,-0.055328365
2704,-0.055114746
2705,-0.0479431
2706,-0.03427126
2707,-0.0047302246
2708,0.017578112
2709,0.029266365
2710,0.051513694
2711,0.07519532
2712,0.08892823
2713,0.10232545
2714,0.11486817
2715,0.12667847
2716,0.13494875
2717,0.14764404
2718,0.14468382
2719,0.14840701
2720,0.13293457
2721,0.11105348
2722,0.062164288
2723,-0.0049743783
2724,-0.05538941
2725,-0.08480835
2726,-0.08584594
2727,-0.0892639
2728,-0.095275894
2729,-0.0871277
2730,-0.07281495
2731,-0.053863548
2732,-0.04293823
2733,-0.04022218
2734,-0.046295162
2735,-0.025939927
2736,0.015960712
2737,0.06930539
2738,0.1268921
2739,0.16055295
2740,0.16494751
2741,0.16113284
2742,0.14761353
2743,0.13772584
2744,0.11422729
2745,0.07672119
2746,0.047119148
2747,0.021728527
2748,0.017059322
2749,0.015808104
2750,0.020629883
2751,0.034790028
2752,0.048767097
2753,0.06622314
2754,0.09735107
2755,0.13452145
2756,0.1435852
2757,0.16156009
2758,0.18267825
2759,0.20773311
2760,0.23687744
2761,0.2368164
2762,0.216156
2763,0.18890382
2764,0.15133668
2765,0.10540773
2766,0.0767517
2767,0.045013428
2768,0.01242066
2769,0.008850111
2770,0.015289307
2771,0.027496336
2772,0.029846206
2773,0.034271233
2774,0.025878921
2775,0.016784668
2776,0.014007557
2777,0.03710939
2778,0.047027573
2779,0.05471804
2780,0.050323516
2781,0.04345702
2782,0.04315183
2783,0.02062989
2784,-0.001190193
2785,-0.031127945
2786,-0.04974366
2787,-0.03933715
2788,0.0031738325
2789,0.03479004
2790,0.04833985
2791,0.056915283
2792,0.057678223
2793,0.05108642
2794,0.05828858
2795,0.064941406
2796,0.062042248
2797,0.03256227
2798,0.019989002
2799,0.015747078
2800,0.01937867
2801,0.020996109
2802,0.014343284
2803,-0.010437023
2804,-0.028533947
2805,-0.057403564
2806,-0.07690429
2807,-0.090850845
2808,-0.09243776
2809,-0.08062743
2810,-0.049438473
2811,-0.03555297
2812,-0.017822266
2813,-0.00823975
2814,-0.0028076284
2815,-0.0055236816
2816,-0.015930176
2817,-0.052490227
2818,-0.0909729
2819,-0.1229248
2820,-0.13412477
2821,-0.13778685
2822,-0.13388062
2823,-0.14041138
2824,-0.13769533
2825,-0.12677002
2826,-0.0920105
2827,-0.05172731
2828,-0.015258804
2829,0.007659912
2830,0.031402558
2831,0.04666139
2832,0.043273915
2833,0.033203118
2834,0.036132812
2835,0.036346424
2836,0.028900124
2837,0.017669665
2838,0.005035389
2839,-0.018859848
2840,-0.023742676
2841,-0.011016842
2842,0.009277336
2843,0.021301255
2844,0.03363038
2845,0.025604233
2846,0.02252195
2847,0.034423813
2848,0.048797607
2849,0.05999756
2850,0.061676018
2851,0.06524658
2852,0.06570433
2853,0.055175796
2854,0.042205792
2855,0.04907225
2856,0.06713868
2857,0.085968
2858,0.091278054
2859,0.0869751
2860,0.06484985
2861,0.04220582
2862,0.028717043
2863,0.013183594
2864,-0.009582512
2865,-0.01791384
2866,0.0038146973
2867,0.027160615
2868,0.050353974
2869,0.06622316
2870,0.05444333
2871,0.038909912
2872,0.027221665
2873,0.019103989
2874,0.014770508
2875,0.0036926419
2876,-0.005279541
2877,0.005584717
2878,0.041931167
2879,0.06488037
2880,0.06994629
2881,0.046142563
2882,0.009094223
2883,-0.028564423
2884,-0.04483033
2885,-0.05786135
2886,-0.087676995
2887,-0.11239628
2888,-0.114105225
2889,-0.09826662
2890,-0.06802368
2891,-0.050903305
2892,-0.066345215
2893,-0.08447265
2894,-0.08917238
2895,-0.078247085
2896,-0.060882553
2897,-0.05371094
2898,-0.052520737
2899,-0.054779038
2900,-0.05563354
2901,-0.06924439
2902,-0.072784424
2903,-0.07556153
2904,-0.103210464
2905,-0.14093018
2906,-0.17388916
2907,-0.20129396
2908,-0.23864746
2909,-0.26220706
2910,-0.2630005
2911,-0.25183105
2912,-0.23931886
2913,-0.23300166
2914,-0.23928833
2915,-0.23181152
2916,-0.19647217
2917,-0.1395569
2918,-0.10470578
2919,-0.101867676
2920,-0.1149597
2921,-0.12823485
2922,-0.14559938
2923,-0.16784668
2924,-0.17941284
2925,-0.1730652
2926,-0.16744998
2927,-0.16821289
2928,-0.15011597
2929,-0.12045288
2930,-0.086639404
2931,-0.07382204
2932,-0.0708618
2933,-0.07073973
2934,-0.07492067
2935,-0.072082475
2936,-0.05493161
2937,-0.025054924
2938,-0.0026855469
2939,0.030792229
2940,0.036621094
2941,0.056274414
2942,0.063415535
2943,0.05596924
2944,0.015197724
2945,-0.004119873
2946,0.0011596531
2947,0.031921387
2948,0.04168701
2949,0.0434265
2950,0.040466305
2951,0.044586197
2952,0.06619263
2953,0.066986084
2954,0.05331421
2955,0.04531861
2956,0.031127922
2957,0.03588869
2958,0.049133312
2959,0.06851198
2960,0.07479859
2961,0.081329346
2962,0.083465554
2963,0.10885619
2964,0.13772584
2965,0.16235352
2966,0.16299438
2967,0.17819215
2968,0.18301392
2969,0.18844604
2970,0.18905643
2971,0.20974731
2972,0.21914674
2973,0.23199463
2974,0.23867796
2975,0.2388306
2976,0.20043947
2977,0.16555789
2978,0.14126587
2979,0.13134764
2980,0.13073733
2981,0.12622072
2982,0.11407471
2983,0.10192871
2984,0.108856186
2985,0.14645384
2986,0.19567873
2987,0.23254395
2988,0.23132324
2989,0.23016357
2990,0.2107544
2991,0.18856813
2992,0.15701295
2993,0.16171263
2994,0.15432742
2995,0.15359497
2996,0.15032959
2997,0.16128542
2998,0.14749146
2999,0.11190796
3000,0.07562254
3001,0.059387185
3002,0.05981446
3003,0.042541504
3004,0.0029907152
3005,-0.037719704
3006,-0.06710816
3007,-0.08483886
3008,-0.08081056
3009,-0.06820679
3010,-0.070495576
3011,-0.07327269
3012,-0.105438225
3013,-0.14755248
3014,-0.15979004
3015,-0.11492921
3016,-0.07174681
3017,-0.040069588
3018,-0.025848389
3019,0.022033699
3020,0.069793716
3021,0.104278564
3022,0.11941527
3023,0.116607636
3024,0.114685066
3025,0.09875489
3026,0.07604979
3027,0.044769317
3028,-0.0010375977
3029,-0.022521958
3030,-0.024932876
3031,-0.021392822
3032,-0.01870726
3033,-0.0062560737
3034,-0.020141602
3035,-0.049896225
3036,-0.07934569
3037,-0.08029176
3038,-0.069885254
3039,-0.06060791
3040,-0.05212401
3041,-0.035736106
3042,-0.020019539
3043,0.0028686412
3044,0.026519775
3045,0.04339598
3046,0.03625488
3047,0.007904045
3048,-0.022827156
3049,-0.060333237
3050,-0.09454344
3051,-0.11911011
3052,-0.13986209
3053,-0.1411438
3054,-0.10986327
3055,-0.083862275
3056,-0.08099367
3057,-0.07315062
3058,-0.054046616
3059,-0.044952393
3060,-0.043731697
3061,-0.04852295
3062,-0.0635376
3063,-0.07669067
3064,-0.08984374
3065,-0.0770569
3066,-0.05703734
3067,-0.040954586
3068,-0.035369877
3069,-0.014099134
3070,0.028930664
3071,0.07650757
3072,0.11352539
3073,0.13357542
3074,0.12335205
3075,0.105651855
3076,0.111022964
3077,0.1163025
3078,0.123291016
3079,0.14294434
3080,0.15466309
3081,0.12683105
3082,0.086059555
3083,0.03881836
3084,-0.005432129
3085,-0.041442867
3086,-0.05926514
3087,-0.06649782
3088,-0.07110595
3089,-0.073699936
3090,-0.087188736
3091,-0.10928346
3092,-0.108856186
3093,-0.085968025
3094,-0.059448216
3095,-0.055084236
3096,-0.06338502
3097,-0.07318115
3098,-0.06253051
3099,-0.06436157
3100,-0.07266235
3101,-0.07254028
3102,-0.043334987
3103,-0.040039062
3104,-0.06582641
3105,-0.098052986
3106,-0.12542726
3107,-0.13613893
3108,-0.12750243
3109,-0.11087037
3110,-0.088287346
3111,-0.07788086
3112,-0.053833008
3113,-0.033111572
3114,-0.011535634
3115,0.016418451
3116,0.039642338
3117,0.05953981
3118,0.08041384
3119,0.072052
3120,0.04714966
3121,0.014343254
3122,-0.006195059
3123,-0.025421143
3124,-0.033752445
3125,-0.054382317
3126,-0.086791985
3127,-0.11383057
3128,-0.10717773
3129,-0.10778809
3130,-0.10379027
3131,-0.09197997
3132,-0.08703612
3133,-0.09033203
3134,-0.09597778
3135,-0.10531617
3136,-0.113311775
3137,-0.13616946
3138,-0.13894653
3139,-0.13723755
3140,-0.13180543
3141,-0.11929321
3142,-0.10537721
3143,-0.09155275
3144,-0.08584596
3145,-0.10339354
3146,-0.10443115
3147,-0.090362534
3148,-0.07336423
3149,-0.06130985
3150,-0.042297363
3151,-0.041534416
3152,-0.039855957
3153,-0.041046128
3154,-0.05166624
3155,-0.07153321
3156,-0.073242195
3157,-0.050353996
3158,-0.029296882
3159,-0.037200928
3160,-0.042877212
3161,-0.052093506
3162,-0.05038452
3163,-0.038330078
3164,-0.019042969
3165,-0.0014648438
3166,0.030731209
3167,0.03692627
3168,0.039855972
3169,0.051055904
3170,0.08270264
3171,0.08981324
3172,0.098541275
3173,0.08789066
3174,0.09658815
3175,0.08602904
3176,0.0647583
3177,0.04742431
3178,0.042541496
3179,0.061553963
3180,0.070220955
3181,0.050689682
3182,0.032104492
3183,-0.0046691895
3184,-0.037689194
3185,-0.05249022
3186,-0.05236816
3187,-0.043121323
3188,-0.015045157
3189,0.010406481
3190,0.041259766
3191,0.07427977
3192,0.124359116
3193,0.16760255
3194,0.18606567
3195,0.18225098
3196,0.17874144
3197,0.1515808
3198,0.13491821
3199,0.12582396
3200,0.1387024
3201,0.17007448
3202,0.19561769
3203,0.20114136
3204,0.19168092
3205,0.17575073
3206,0.17053226
3207,0.15728761
3208,0.13613892
3209,0.106994644
3210,0.096344
3211,0.108551025
3212,0.1173401
3213,0.123016335
3214,0.13320921
3215,0.1560364
3216,0.1838684
3217,0.18023682
3218,0.16293333
3219,0.12097168
3220,0.09176633
3221,0.07360837
3222,0.0708313
3223,0.07586669
3224,0.072448745
3225,0.06146238
3226,0.060119633
3227,0.057159416
3228,0.037322998
3229,0.017395012
3230,-0.011840835
3231,-0.045013428
3232,-0.07571412
3233,-0.06939698
3234,-0.068634056
3235,-0.07485961
3236,-0.08111572
3237,-0.061065674
3238,-0.04299929
3239,-0.035308838
3240,-0.05349733
3241,-0.07077025
3242,-0.087402366
3243,-0.09613036
3244,-0.09716797
3245,-0.097412124
3246,-0.09515379
3247,-0.08441162
3248,-0.077911384
3249,-0.07675171
3250,-0.08587646
3251,-0.0971985
3252,-0.106842056
3253,-0.10968019
3254,-0.11059572
3255,-0.08843994
3256,-0.077026375
3257,-0.07101439
3258,-0.061523438
3259,-0.051788323
3260,-0.04855349
3261,-0.025299057
3262,-0.008880617
3263,0.012390144
3264,0.020111054
3265,0.031219494
3266,0.022582997
3267,-0.0048217922
3268,-0.027648918
3269,-0.047546387
3270,-0.06982421
3271,-0.10964964
3272,-0.15203859
3273,-0.19412233
3274,-0.23260501
3275,-0.27120978
3276,-0.2978516
3277,-0.3150329
3278,-0.32739264
3279,-0.3553772
3280,-0.38125616
3281,-0.3925171
3282,-0.40298465
3283,-0.37295535
3284,-0.33798218
3285,-0.27822873
3286,-0.21026611
3287,-0.14071654
3288,-0.081268296
3289,-0.041900624
3290,-0.002838133
3291,0.03842164
3292,0.08065797
3293,0.11245729
3294,0.14468385
3295,0.14779663
3296,0.14245608
3297,0.12225345
3298,0.10702515
3299,0.08264154
3300,0.06536868
3301,0.043029845
3302,0.016906798
3303,-0.008117646
3304,-0.018829316
3305,-0.016326934
3306,0.000579834
3307,0.027984649
3308,0.06243898
3309,0.08413695
3310,0.096984886
3311,0.1027832
3312,0.1151123
3313,0.14059448
3314,0.17440796
3315,0.22442627
3316,0.2736206
3317,0.32424927
3318,0.38122565
3319,0.4301453
3320,0.46453857
3321,0.47070304
3322,0.4681091
3323,0.4582215
3324,0.4335022
3325,0.4017944
3326,0.36636358
3327,0.3277588
3328,0.2980347
3329,0.27603155
3330,0.24713135
3331,0.20794675
3332,0.17370605
3333,0.14093016
3334,0.1225891
3335,0.12030031
3336,0.124633774
3337,0.14254762
3338,0.16815192
3339,0.19390866
3340,0.21926886
3341,0.23284912
3342,0.23672491
3343,0.22329703
3344,0.19277963
3345,0.16625974
3346,0.12094125
3347,0.05755627
3348,-0.016296387
3349,-0.10128784
3350,-0.18151861
3351,-0.25549328
3352,-0.33468622
3353,-0.40689093
3354,-0.46981806
3355,-0.5245971
3356,-0.5561523
3357,-0.57327276
3358,-0.58016956
3359,-0.56884766
3360,-0.5395813
3361,-0.4953614
3362,-0.44918826
3363,-0.39752197
3364,-0.35760498
3365,-0.31747428
3366,-0.30014032
3367,-0.27893072
3368,-0.26745605
3369,-0.26077265
3370,-0.25439462
3371,-0.25231934
3372,-0.24612427
3373,-0.23385626
3374,-0.21908554
3375,-0.20367423
3376,-0.18719482
3377,-0.16491684
3378,-0.1423645
3379,-0.12030035
3380,-0.10003662
3381,-0.06585705
3382,-0.032318294
3383,0.012542784
3384,0.055480987
3385,0.10879505
3386,0.15451062
3387,0.19735715
3388,0.22354132
3389,0.24670398
3390,0.24557507
3391,0.22933972
3392,0.20278922
3393,0.16348249
3394,0.123565614
3395,0.08886713
3396,0.065063626
3397,0.04931651
3398,0.036895737
3399,0.047363445
3400,0.05145268
3401,0.06832879
3402,0.07308954
3403,0.09039295
3404,0.08694441
3405,0.1012574
3406,0.10934448
3407,0.14010608
3408,0.16409317
3409,0.20938101
3410,0.2555542
3411,0.30407715
3412,0.3527832
3413,0.39978018
3414,0.43887317
3415,0.4703369
3416,0.49795538
3417,0.5151979
3418,0.5315857
3419,0.5460816
3420,0.5519714
3421,0.5640869
3422,0.546051
3423,0.5310669
3424,0.4909972
3425,0.44363397
3426,0.37234497
3427,0.30661023
3428,0.23233032
3429,0.17077625
3430,0.11279314
3431,0.075225756
3432,0.050170884
3433,0.023834154
3434,0.011016846
3435,-0.00033573806
3436,-0.012481749
3437,-0.030517504
3438,-0.04522702
3439,-0.07034299
3440,-0.09915167
3441,-0.12274167
3442,-0.1472168
3443,-0.16787723
3444,-0.19342043
3445,-0.22097777
3446,-0.2515564
3447,-0.30014032
3448,-0.34616083
3449,-0.39761358
3450,-0.45361328
3451,-0.5140686
3452,-0.5704346
3453,-0.6195068
3454,-0.65011597
3455,-0.67129517
3456,-0.66568005
3457,-0.64605725
3458,-0.60510254
3459,-0.5536192
3460,-0.48532104
3461,-0.42776483
3462,-0.3639832
3463,-0.31140137
3464,-0.26815796
3465,-0.23898323
3466,-0.20828247
3467,-0.19784543
3468,-0.18630981
3469,-0.17236324
3470,-0.15173334
3471,-0.129242
3472,-0.097839355
3473,-0.0681152
3474,-0.02178964
3475,0.008087203
3476,0.036193788
3477,0.04855348
3478,0.048736513
3479,0.04043576
3480,0.03244029
3481,0.014495887
3482,-0.002655059
3483,-0.015228245
3484,-0.024536181
3485,-0.037628196
3486,-0.043701194
3487,-0.0606385
3488,-0.062438935
3489,-0.07571409
3490,-0.0835266
3491,-0.08911133
3492,-0.08477776
3493,-0.072296195
3494,-0.043701172
3495,-0.016052207
3496,0.028625408
3497,0.06503299
3498,0.09420771
3499,0.11785891
3500,0.12738033
3501,0.14218138
3502,0.1534425
3503,0.16012573
3504,0.16238399
3505,0.16793828
3506,0.18148799
3507,0.19097896
3508,0.20880127
3509,0.21173087
3510,0.22051997
3511,0.21252444
3512,0.20559695
3513,0.18887332
3514,0.1789857
3515,0.16787715
3516,0.16864012
3517,0.17578128
3518,0.19775385
3519,0.21643071
3520,0.21319577
3521,0.2061463
3522,0.18157957
3523,0.15029912
3524,0.11920171
3525,0.08685303
3526,0.058258012
3527,0.041381832
3528,0.029968236
3529,0.021179166
3530,0.018005367
3531,0.0013122205
3532,-0.0059509343
3533,-0.014831558
3534,-0.010131769
3535,-0.023406968
3536,-0.01745601
3537,-0.016235404
3538,-0.011047386
3539,-0.009124748
3540,-0.012085006
3541,-0.0125121325
3542,-0.018219024
3543,-0.02548214
3544,-0.017334007
3545,-0.012969941
3546,0.0001526475
3547,0.021575928
3548,0.042816136
3549,0.060546875
3550,0.07592774
3551,0.08819581
3552,0.09155271
3553,0.09246827
3554,0.089935295
3555,0.08807374
3556,0.09881592
3557,0.1119995
3558,0.13314818
3559,0.15078735
3560,0.174469
3561,0.18865967
3562,0.20565794
3563,0.21435548
3564,0.23522949
3565,0.24581912
3566,0.2619629
3567,0.26351935
3568,0.25888062
3569,0.24520868
3570,0.2212524
3571,0.1887207
3572,0.14300536
3573,0.09893803
3574,0.049835183
3575,0.009033218
3576,-0.031372078
3577,-0.05642701
3578,-0.07711792
3579,-0.07986449
3580,-0.08993533
3581,-0.091033936
3582,-0.10214235
3583,-0.12298584
3584,-0.15808105
3585,-0.19448853
3586,-0.21115112
3587,-0.22564697
3588,-0.21765137
3589,-0.20153806
3590,-0.18243407
3591,-0.16015626
3592,-0.13955688
3593,-0.13153076
3594,-0.13378906
3595,-0.12704468
3596,-0.11657714
3597,-0.09793088
3598,-0.08410646
3599,-0.06600953
3600,-0.05938721
3601,-0.051513646
3602,-0.0567322
3603,-0.056945793
3604,-0.07366944
3605,-0.0982666
3606,-0.13235475
3607,-0.16574097
3608,-0.184906
3609,-0.19763184
3610,-0.20288084
3611,-0.20379639
3612,-0.18954466
3613,-0.17651367
3614,-0.14935303
3615,-0.13827513
3616,-0.13635255
3617,-0.12683104
3618,-0.13067625
3619,-0.13150021
3620,-0.13510132
3621,-0.1235962
3622,-0.1222229
3623,-0.11782834
3624,-0.11401367
3625,-0.10446166
3626,-0.107757576
3627,-0.11517334
3628,-0.13455203
3629,-0.15884402
3630,-0.17791747
3631,-0.19973755
3632,-0.21920776
3633,-0.23300171
3634,-0.23419188
3635,-0.22558595
3636,-0.21408078
3637,-0.19488525
3638,-0.1880188
3639,-0.16638185
3640,-0.14614868
3641,-0.12698361
3642,-0.10269166
3643,-0.07531737
3644,-0.04516603
3645,-0.019134514
3646,0.0145568885
3647,0.034057617
3648,0.057434097
3649,0.07015991
3650,0.08392335
3651,0.09106445
3652,0.09561159
3653,0.094848625
3654,0.07604981
3655,0.06051636
3656,0.034027092
3657,0.020019531
3658,0.0025939941
3659,0.008636452
3660,0.009521477
3661,0.013824441
3662,0.020721436
3663,0.01980593
3664,0.027893059
3665,0.038970944
3666,0.06042479
3667,0.06716919
3668,0.07528689
3669,0.06353759
3670,0.058868423
3671,0.048675537
3672,0.042022713
3673,0.03845215
3674,0.034881607
3675,0.034240723
3676,0.027740479
3677,0.03604126
3678,0.029510496
3679,0.036315933
3680,0.034942634
3681,0.050170884
3682,0.06735229
3683,0.07647702
3684,0.0939026
3685,0.107910156
3686,0.12719724
3687,0.14593504
3688,0.16882324
3689,0.17736816
3690,0.19189455
3691,0.19354248
3692,0.19992067
3693,0.21322632
3694,0.22811891
3695,0.24743652
3696,0.25830078
3697,0.2647705
3698,0.26879886
3699,0.26342773
3700,0.25125122
3701,0.24316408
3702,0.2395935
3703,0.24194336
3704,0.25082397
3705,0.2548828
3706,0.24795535
3707,0.24374387
3708,0.23175049
3709,0.21694946
3710,0.19274902
3711,0.1605835
3712,0.12777711
3713,0.088012695
3714,0.05499267
3715,0.040405266
3716,0.034576416
3717,0.038238525
3718,0.044189423
3719,0.055267334
3720,0.07250975
3721,0.08673094
3722,0.10638426
3723,0.11880495
3724,0.12850952
3725,0.12902834
3726,0.13726808
3727,0.13467407
3728,0.11749269
3729,0.10852049
3730,0.08346556
3731,0.058349606
3732,0.03381346
3733,0.01992799
3734,0.0031738132
3735,-0.010223374
3736,-0.0223694
3737,-0.018798817
3738,-0.019042969
3739,-0.011322014
3740,-0.006713886
3741,0.0070800893
3742,0.011596672
3743,0.010009751
3744,0.010223389
3745,0.004364021
3746,0.004547097
3747,0.0010070726
3748,0.0003662035
3749,-0.009429909
3750,-0.022796623
3751,-0.040130626
3752,-0.06658934
3753,-0.09329223
3754,-0.12249757
3755,-0.13632202
3756,-0.16775514
3757,-0.1887207
3758,-0.20822144
3759,-0.21917725
3760,-0.23342896
3761,-0.23666382
3762,-0.23474121
3763,-0.21932982
3764,-0.19515994
3765,-0.16662599
3766,-0.13510132
3767,-0.108947754
3768,-0.08905029
3769,-0.08377075
3770,-0.07785036
3771,-0.08099364
3772,-0.07690429
3773,-0.07427979
3774,-0.08395385
3775,-0.08959961
3776,-0.10217288
3777,-0.092987046
3778,-0.09255981
3779,-0.068054184
3780,-0.051177964
3781,-0.035400406
3782,-0.032104477
3783,-0.03857422
3784,-0.04434201
3785,-0.04916381
3786,-0.04928589
3787,-0.047485344
3788,-0.041107163
3789,-0.041229248
3790,-0.043334976
3791,-0.053741448
3792,-0.06808472
3793,-0.07351683
3794,-0.07781983
3795,-0.07406617
3796,-0.07012936
3797,-0.057312004
3798,-0.05255128
3799,-0.039520267
3800,-0.03506469
3801,-0.023315404
3802,-0.0151367
3803,-0.004089378
3804,-0.0018310398
3805,-0.0047912523
3806,-0.013397209
3807,-0.033050537
3808,-0.044708252
3809,-0.05725098
3810,-0.06433105
3811,-0.07647706
3812,-0.09762573
3813,-0.11785889
3814,-0.13803098
3815,-0.14840697
3816,-0.14782718
3817,-0.12918092
3818,-0.10769652
3819,-0.08258057
3820,-0.053131115
3821,-0.025970452
3822,-0.0057678074
3823,0.01828003
3824,0.032348648
3825,0.04260253
3826,0.04721071
3827,0.04382325
3828,0.029968277
3829,0.01574707
3830,-0.011108397
3831,-0.032135013
3832,-0.06048584
3833,-0.09298706
3834,-0.11602783
3835,-0.13394165
3836,-0.14236449
3837,-0.1456909
3838,-0.14343265
3839,-0.14065553
3840,-0.12792967
3841,-0.11117553
3842,-0.09362792
3843,-0.0854187
3844,-0.08377074
3845,-0.083038345
3846,-0.08956909
3847,-0.091735825
3848,-0.09075928
3849,-0.07684325
3850,-0.06405641
3851,-0.04138185
3852,-0.016693115
3853,-0.00967408
3854,-0.01849363
3855,-0.022705093
3856,-0.029663056
3857,-0.03350833
3858,-0.031951874
3859,-0.03277588
3860,-0.033844
3861,-0.034515403
3862,-0.033477772
3863,-0.02832032
3864,-0.014038086
3865,0.0027770922
3866,0.022125252
3867,0.032562234
3868,0.039978035
3869,0.04885864
3870,0.061798103
3871,0.08364867
3872,0.109313965
3873,0.13650511
3874,0.16854858
3875,0.2020569
3876,0.22747803
3877,0.26593018
3878,0.29223636
3879,0.29882812
3880,0.30249023
3881,0.2870178
3882,0.25109863
3883,0.18975829
3884,0.1413269
3885,0.11218262
3886,0.12139893
3887,0.13183592
3888,0.15179445
3889,0.13650513
3890,0.10256958
3891,0.057434067
3892,0.028778069
3893,0.038665757
3894,0.078308105
3895,0.12197876
3896,0.16488647
3897,0.20721436
3898,0.22308356
3899,0.22744752
3900,0.21173099
3901,0.18634033
3902,0.13296509
3903,0.061523438
3904,0.0068359524
3905,-0.023071297
3906,-0.03811642
3907,-0.084564164
3908,-0.12130744
3909,-0.15905763
3910,-0.17019652
3911,-0.17114258
3912,-0.14492798
3913,-0.12954713
3914,-0.14993286
3915,-0.20483398
3916,-0.27957153
3917,-0.37246707
3918,-0.45941165
3919,-0.48355103
3920,-0.43670666
3921,-0.33261114
3922,-0.1748047
3923,0.012115492
3924,0.18218994
3925,0.32553095
3926,0.45825195
3927,0.55575556
3928,0.5979918
3929,0.53594965
3930,0.40054327
3931,0.22811894
3932,0.078521624
3933,-0.016540557
3934,-0.028625488
3935,0.0030822605
3936,0.05255127
3937,0.07250975
3938,0.072265506
3939,0.04144293
3940,-0.004333526
3941,-0.05404651
3942,-0.06997684
3943,-0.06555176
3944,-0.021118194
3945,0.054077134
3946,0.12545776
3947,0.20111081
3948,0.2784729
3949,0.35754395
3950,0.39974964
3951,0.37362665
3952,0.29202276
3953,0.20465094
3954,0.1345824
3955,0.110839814
3956,0.1217041
3957,0.16235352
3958,0.17962648
3959,0.15469359
3960,0.0989684
3961,0.039611876
3962,-0.021881163
3963,-0.07727039
3964,-0.10076907
3965,-0.088714585
3966,-0.04867558
3967,0.008300781
3968,0.08264159
3969,0.1416015
3970,0.17282106
3971,0.15960693
3972,0.120727435
3973,0.05776964
3974,-0.022643909
3975,-0.09552002
3976,-0.16101086
3977,-0.20587157
3978,-0.24591061
3979,-0.26107794
3980,-0.24267577
3981,-0.19226073
3982,-0.11962904
3983,-0.025176942
3984,0.07690427
3985,0.14782721
3986,0.17980969
3987,0.16708384
3988,0.10568239
3989,0.011444047
3990,-0.068481505
3991,-0.12335202
3992,-0.15972897
3993,-0.1879272
3994,-0.18167114
3995,-0.09692368
3996,0.061309725
3997,0.2543641
3998,0.4072267
3999,0.4905395
4000,0.48513788
4001,0.40078744
4002,0.27716058
4003,0.13601673
4004,-0.006347537
4005,-0.13140872
4006,-0.23767091
4007,-0.33709723
4008,-0.43490598
4009,-0.52880865
4010,-0.62844855
4011,-0.70822144
4012,-0.7428589
4013,-0.7269287
4014,-0.6843263
4015,-0.6412658
4016,-0.5869445
4017,-0.4826355
4018,-0.3385926
4019,-0.19137573
4020,-0.07699576
4021,-0.01611343
4022,0.004699558
4023,-0.02496332
4024,-0.05657959
4025,-0.09814453
4026,-0.13864124
4027,-0.17724615
4028,-0.2026367
4029,-0.236023
4030,-0.25933835
4031,-0.28378302
4032,-0.31347662
4033,-0.33035278
4034,-0.31723022
4035,-0.26049808
4036,-0.1876831
4037,-0.116607755
4038,-0.037780672
4039,0.087890744
4040,0.24987793
4041,0.4006653
4042,0.51855475
4043,0.5653075
4044,0.5637816
4045,0.51419073
4046,0.46066287
4047,0.40200806
4048,0.348755
4049,0.29916376
4050,0.24847414
4051,0.19149776
4052,0.1369629
4053,0.07263179
4054,0.009246767
4055,-0.051025346
4056,-0.09597773
4057,-0.14343265
4058,-0.19845581
4059,-0.2588807
4060,-0.30880728
4061,-0.35946655
4062,-0.39770502
4063,-0.4386598
4064,-0.45797735
4065,-0.47225952
4066,-0.47354126
4067,-0.47119147
4068,-0.43475333
4069,-0.36483753
4070,-0.2600708
4071,-0.13781743
4072,-0.012176469
4073,0.11355585
4074,0.22686769
4075,0.30444336
4076,0.36886603
4077,0.40490723
4078,0.41168213
4079,0.38772583
4080,0.33654797
4081,0.2838744
4082,0.2300415
4083,0.16769426
4084,0.09548952
4085,0.023742631
4086,-0.026763894
4087,-0.055236742
4088,-0.05877678
4089,-0.05792237
4090,-0.048522957
4091,-0.03430175
4092,-0.012603745
4093,0.012725823
4094,0.04171755
4095,0.08160396
4096,0.115600556
4097,0.14343262
4098,0.17245485
4099,0.19711299
4100,0.193634
4101,0.17382815
4102,0.12747191
4103,0.09472659
4104,0.053802453
4105,0.008361805
4106,-0.062347412
4107,-0.14202884
4108,-0.1925354
4109,-0.21783443
4110,-0.20462029
4111,-0.1636658
4112,-0.09234618
4113,-0.015960686
4114,0.059387162
4115,0.12542725
4116,0.1716614
4117,0.21093751
4118,0.22119142
4119,0.23721315
4120,0.23986818
4121,0.2508545
4122,0.22946167
4123,0.20611574
4124,0.15939328
4125,0.14202885
4126,0.11758421
4127,0.107421875
4128,0.07501221
4129,0.04003904
4130,0.019470187
4131,0.019866986
4132,0.02236943
4133,0.047454797
4134,0.076751694
4135,0.10498047
4136,0.13122553
4137,0.15615843
4138,0.1723328
4139,0.18762207
4140,0.18511963
4141,0.18719482
4142,0.16772461
4143,0.14544675
4144,0.102813706
4145,0.05020143
4146,-0.008453399
4147,-0.045898363
4148,-0.07778931
4149,-0.10525514
4150,-0.14648438
4151,-0.18307498
4152,-0.21365356
4153,-0.21633904
4154,-0.20703119
4155,-0.1641236
4156,-0.11749269
4157,-0.06805419
4158,-0.022918765
4159,0.014251694
4160,0.040313717
4161,0.059265126
4162,0.06390382
4163,0.062469482
4164,0.04916384
4165,0.029785149
4166,0.019714339
4167,0.0076294076
4168,0.008636445
4169,0.014129713
4170,0.023345955
4171,0.039062515
4172,0.061401337
4173,0.08883669
4174,0.101532005
4175,0.12692267
4176,0.13641359
4177,0.14312744
4178,0.14294429
4179,0.13690181
4180,0.1205139
4181,0.09707641
4182,0.064941406
4183,0.027771007
4184,-0.011688232
4185,-0.056274403
4186,-0.09613039
4187,-0.1352539
4188,-0.15539552
4189,-0.17855833
4190,-0.18222052
4191,-0.19412225
4192,-0.19143678
4193,-0.18170172
4194,-0.16555786
4195,-0.14367676
4196,-0.12258911
4197,-0.10012817
4198,-0.081268325
4199,-0.06478882
4200,-0.04901126
4201,-0.027679443
4202,-0.013366722
4203,-0.0023498535
4204,-0.0020446926
4205,-0.021026604
4206,-0.04287719
4207,-0.07086181
4208,-0.08627318
4209,-0.09936523
4210,-0.09646606
4211,-0.0944519
4212,-0.08099365
4213,-0.075683594
4214,-0.06134034
4215,-0.04846194
4216,-0.027770981
4217,-0.0101623535
4218,0.007080063
4219,0.016143799
4220,0.011230454
4221,-0.004150384
4222,-0.022155793
4223,-0.029235845
4224,-0.030303955
4225,-0.024963379
4226,-0.02230835
4227,-0.030517586
4228,-0.024566645
4229,-0.028778061
4230,-0.028930658
4231,-0.036468506
4232,-0.045928955
4233,-0.05584716
4234,-0.06329345
4235,-0.067871094
4236,-0.06338501
4237,-0.06674197
4238,-0.06964109
4239,-0.06985474
4240,-0.07632448
4241,-0.08593752
4242,-0.100067124
4243,-0.11151123
4244,-0.13433838
4245,-0.1524353
4246,-0.15710449
4247,-0.16790771
4248,-0.16189578
4249,-0.15991214
4250,-0.14929198
4251,-0.1416626
4252,-0.12854001
4253,-0.11791992
4254,-0.09744263
4255,-0.06585692
4256,-0.028533936
4257,0.018249512
4258,0.054962166
4259,0.07458495
4260,0.09588625
4261,0.10815429
4262,0.11819458
4263,0.12310792
4264,0.120574966
4265,0.11297608
4266,0.09243773
4267,0.06326294
4268,0.040496852
4269,0.01666262
4270,0.0037231445
4271,0.0026550107
4272,0.0030822698
4273,0.007537827
4274,0.01010133
4275,0.012939453
4276,0.015869148
4277,0.038391113
4278,0.05706787
4279,0.08724974
4280,0.10824585
4281,0.11239624
4282,0.10617065
4283,0.092315674
4284,0.08502197
4285,0.06765747
4286,0.053192165
4287,0.046386726
4288,0.039276134
4289,0.022064202
4290,0.0047302432
4291,-0.0128784105
4292,-0.02191161
4293,-0.022674564
4294,-0.027130136
4295,-0.026916508
4296,-0.024505615
4297,-0.024963386
4298,-0.030303963
4299,-0.02236937
4300,-0.023986802
4301,-0.019134529
4302,-0.0060424805
4303,0.0055847242
4304,0.020599354
4305,0.04403687
4306,0.06884767
4307,0.08288574
4308,0.09140018
4309,0.09579467
4310,0.09573364
4311,0.08987425
4312,0.0716553
4313,0.060607918
4314,0.045654323
4315,0.044158917
4316,0.04260252
4317,0.046264652
4318,0.048034653
4319,0.053832997
4320,0.039031975
4321,0.022705074
4322,-0.0020751916
4323,-0.02990722
4324,-0.039733894
4325,-0.037933353
4326,-0.027282733
4327,-0.0016784593
4328,0.015594512
4329,0.027343713
4330,0.041473396
4331,0.04605101
4332,0.049072273
4333,0.052795395
4334,0.045074478
4335,0.029846186
4336,0.01794435
4337,0.010894777
4338,0.007110577
4339,0.0119323805
4340,0.015136704
4341,0.029876694
4342,0.03396605
4343,0.027313227
4344,0.025360111
4345,0.0068664663
4346,0.004241943
4347,0.012115476
4348,0.042297356
4349,0.07849122
4350,0.1064148
4351,0.12622069
4352,0.14791872
4353,0.14181519
4354,0.13702391
4355,0.12564085
4356,0.1143799
4357,0.090332024
4358,0.071960464
4359,0.05249023
4360,0.035797115
4361,0.03527831
4362,0.0316162
4363,0.034912102
4364,0.036926277
4365,0.035827633
4366,0.036468502
4367,0.021240234
4368,0.007232636
4369,-0.0025024302
4370,-0.0022888128
4371,-0.008666985
4372,-0.016326904
4373,-0.025848381
4374,-0.026977547
4375,-0.03485106
4376,-0.03643798
4377,-0.03665161
4378,-0.030517595
4379,-0.03366089
4380,-0.020996101
4381,-0.021972645
4382,-0.017883282
4383,-0.013946533
4384,-0.0031127967
4385,-0.0074462965
4386,-0.00140379
4387,-0.007659897
4388,-0.011535639
4389,-0.013671882
4390,-0.009826671
4391,0.003082279
4392,0.0072326437
4393,0.0016784593
4394,-0.006042503
4395,-0.016937211
4396,-0.02935791
4397,-0.037445083
4398,-0.040161133
4399,-0.04684446
4400,-0.03521729
4401,-0.023864757
4402,-0.0051879957
4403,0.0075073354
4404,0.023345966
4405,0.031066896
4406,0.048767082
4407,0.04351806
4408,0.048645053
4409,0.042999282
4410,0.035217293
4411,0.041534416
4412,0.042297356
4413,0.052917477
4414,0.063934304
4415,0.06958006
4416,0.07797239
4417,0.089782715
4418,0.08950806
4419,0.08847043
4420,0.08294676
4421,0.070709266
4422,0.06680298
4423,0.06405639
4424,0.0692749
4425,0.0800171
4426,0.08584596
4427,0.087432876
4428,0.09240724
4429,0.08554077
4430,0.082183845
4431,0.06689454
4432,0.058868393
4433,0.06185913
4434,0.059967056
4435,0.06530763
4436,0.073913574
4437,0.07733153
4438,0.08779905
4439,0.09497071
4440,0.088714615
4441,0.08157344
4442,0.06698607
4443,0.040710464
4444,0.020385757
4445,0.0019225925
4446,-0.01165773
4447,-0.017578132
4448,-0.027374282
4449,-0.03863526
4450,-0.05130005
4451,-0.06964108
4452,-0.092742935
4453,-0.11376954
4454,-0.13403323
4455,-0.15423585
4456,-0.178009
4457,-0.20266722
4458,-0.21557614
4459,-0.23028567
4460,-0.23300171
4461,-0.23208618
4462,-0.23007202
4463,-0.22244266
4464,-0.21722412
4465,-0.21697998
4466,-0.2231445
4467,-0.22039796
4468,-0.2192078
4469,-0.20938109
4470,-0.20669559
4471,-0.19952396
4472,-0.20260619
4473,-0.19195554
4474,-0.19390872
4475,-0.18936159
4476,-0.18896486
4477,-0.19174196
4478,-0.1931152
4479,-0.19732665
4480,-0.21011354
4481,-0.21969604
4482,-0.22518922
4483,-0.23361206
4484,-0.22592162
4485,-0.21029666
4486,-0.19107056
4487,-0.16387938
4488,-0.13848875
4489,-0.09295657
4490,-0.06753543
4491,-0.03475952
4492,-0.01290898
4493,0.008636475
4494,0.011810318
4495,0.03671263
4496,0.046386704
4497,0.058380127
4498,0.06439209
4499,0.06549072
4500,0.06033328
4501,0.04144287
4502,0.01858522
4503,-0.013183586
4504,-0.043762237
4505,-0.07177733
4506,-0.08001709
4507,-0.08346557
4508,-0.08078002
4509,-0.05688475
4510,-0.03939821
4511,0.0026855469
4512,0.029693589
4513,0.07754518
4514,0.110015854
4515,0.1445923
4516,0.16223146
4517,0.19384764
4518,0.21923828
4519,0.24194337
4520,0.2675171
4521,0.27954105
4522,0.27975467
4523,0.26239014
4524,0.23770142
4525,0.2058716
4526,0.17291257
4527,0.14025879
4528,0.11968994
4529,0.100006126
4530,0.08789064
4531,0.08624268
4532,0.082550034
4533,0.0953064
4534,0.10427856
4535,0.1267395
4536,0.14328003
4537,0.15350343
4538,0.15847778
4539,0.15658565
4540,0.1491394
4541,0.14312747
4542,0.13916014
4543,0.123535186
4544,0.10363768
4545,0.07409667
4546,0.045349136
4547,0.009552002
4548,-0.026611328
4549,-0.059234623
4550,-0.090057395
4551,-0.1121521
4552,-0.11996459
4553,-0.121032745
4554,-0.12118531
4555,-0.111724846
4556,-0.103942856
4557,-0.09402466
4558,-0.08389282
4559,-0.07507324
4560,-0.06216431
4561,-0.061492927
4562,-0.048492424
4563,-0.044830322
4564,-0.030700691
4565,-0.01736449
4566,-0.00497438
4567,-0.00015259162
4568,-0.008148208
4569,-0.019958481
4570,-0.029479962
4571,-0.03976443
4572,-0.043090846
4573,-0.037017807
4574,-0.024047859
4575,-0.008850113
4576,0.0054931715
4577,0.020782478
4578,0.02374269
4579,0.021942124
4580,0.023406968
4581,0.029785156
4582,0.04232786
4583,0.043975808
4584,0.050811797
4585,0.041412354
4586,0.032348648
4587,0.021911629
4588,0.020660378
4589,0.017333977
4590,0.016265862
4591,0.017578114
4592,0.023559604
4593,0.029479954
4594,0.041015603
4595,0.056701668
4596,0.06994628
4597,0.09326171
4598,0.10937499
4599,0.12057498
4600,0.124053985
4601,0.11734009
4602,0.11135863
4603,0.105407715
4604,0.10238646
4605,0.10046386
4606,0.107604995
4607,0.115112305
4608,0.12213136
4609,0.13412474
4610,0.13601685
4611,0.13958737
4612,0.12863159
4613,0.11648561
4614,0.10556033
4615,0.096893296
4616,0.08843993
4617,0.088592544
4618,0.0848999
4619,0.082397476
4620,0.070831314
4621,0.042388916
4622,0.017486572
4623,-0.015777618
4624,-0.038238525
4625,-0.052276596
4626,-0.05249025
4627,-0.049743637
4628,-0.04711914
4629,-0.024963394
4630,-0.011474602
4631,0.0037536472
4632,0.015991203
4633,0.026702859
4634,0.024597168
4635,0.012115482
4636,-0.012390129
4637,-0.033081055
4638,-0.061676014
4639,-0.08981323
4640,-0.11837769
4641,-0.14126585
4642,-0.1600647
4643,-0.18585205
4644,-0.1953125
4645,-0.21557619
4646,-0.2165222
4647,-0.2093811
4648,-0.20898438
4649,-0.21774289
4650,-0.23483278
4651,-0.2471924
4652,-0.2534179
4653,-0.24185184
4654,-0.21279907
4655,-0.18023682
4656,-0.15191653
4657,-0.12817383
4658,-0.11581421
4659,-0.10202027
4660,-0.10009764
4661,-0.10525513
4662,-0.11968994
4663,-0.13012694
4664,-0.13241576
4665,-0.13052365
4666,-0.116943344
4667,-0.10787964
4668,-0.08843994
4669,-0.06964108
4670,-0.05343628
4671,-0.049560547
4672,-0.047424316
4673,-0.0570679
4674,-0.048553452
4675,-0.03811647
4676,-0.0049743652
4677,0.022155762
4678,0.050140373
4679,0.0741272
4680,0.07943724
4681,0.08413698
4682,0.0770569
4683,0.06375119
4684,0.07458494
4685,0.1017151
4686,0.14050293
4687,0.18533328
4688,0.22518921
4689,0.2383423
4690,0.2378235
4691,0.20852661
4692,0.16918945
4693,0.11883545
4694,0.0696106
4695,0.017578103
4696,-0.016265854
4697,-0.044555686
4698,-0.05725096
4699,-0.051086433
4700,-0.035369888
4701,-0.0015258938
4702,0.025299057
4703,0.050964355
4704,0.06466673
4705,0.077117905
4706,0.11285399
4707,0.14587404
4708,0.18481447
4709,0.2190857
4710,0.2402649
4711,0.23986816
4712,0.22293091
4713,0.18209839
4714,0.14544678
4715,0.11190796
4716,0.0805359
4717,0.065093994
4718,0.04885863
4719,0.024108872
4720,-0.0055541843
4721,-0.027923584
4722,-0.04373169
4723,-0.038604736
4724,-0.029174834
4725,-0.016540498
4726,-0.004364021
4727,0.007781975
4728,0.04019165
4729,0.05813601
4730,0.07626343
4731,0.083129875
4732,0.07525633
4733,0.055603035
4734,0.02557373
4735,-0.009521499
4736,-0.043884277
4737,-0.073028564
4738,-0.106018074
4739,-0.1269226
4740,-0.15863037
4741,-0.18743898
4742,-0.22146603
4743,-0.24926755
4744,-0.26708984
4745,-0.2701111
4746,-0.26312262
4747,-0.2536316
4748,-0.23065189
4749,-0.20751953
4750,-0.19137573
4751,-0.18615723
4752,-0.18164062
4753,-0.17868043
4754,-0.17736816
4755,-0.16549683
4756,-0.15002441
4757,-0.12753296
4758,-0.099090576
4759,-0.06674194
4760,-0.04080201
4761,-0.015380841
4762,-0.0073242337
4763,-0.00857541
4764,-0.02719117
4765,-0.050476044
4766,-0.06976317
4767,-0.08221438
4768,-0.091796875
4769,-0.089080796
4770,-0.083465606
4771,-0.07714842
4772,-0.076660186
4773,-0.076232925
4774,-0.07687381
4775,-0.07879638
4776,-0.07833862
4777,-0.068206795
4778,-0.055206284
4779,-0.037933365
4780,-0.017822273
4781,0.014221169
4782,0.03869628
4783,0.07403566
4784,0.09909056
4785,0.13153079
4786,0.1390381
4787,0.15750122
4788,0.15484619
4789,0.1458435
4790,0.11672974
4791,0.09124755
4792,0.062164307
4793,0.04483033
4794,0.019927956
4795,0.006072983
4796,-0.0075988844
4797,-0.011535637
4798,-0.0050659105
4799,0.007965095
4800,0.027709968
4801,0.05245971
4802,0.07907102
4803,0.104858406
4804,0.12704468
4805,0.14517212
4806,0.15481566
4807,0.16815186
4808,0.17565918
4809,0.19113158
4810,0.19992064
4811,0.20870972
4812,0.20999147
4813,0.21585083
4814,0.21292117
4815,0.21749878
4816,0.20004272
4817,0.17974854
4818,0.15576169
4819,0.12991334
4820,0.11361695
4821,0.11254884
4822,0.12353517
4823,0.13195798
4824,0.14425656
4825,0.14544676
4826,0.13986206
4827,0.11981201
4828,0.096649155
4829,0.080902085
4830,0.06939698
4831,0.060638413
4832,0.049163826
4833,0.03863525
4834,0.03140258
4835,0.022644043
4836,0.02163697
4837,0.02651979
4838,0.01281739
4839,-0.0005188063
4840,-0.0152282715
4841,-0.03454591
4842,-0.037384048
4843,-0.03430173
4844,-0.017425552
4845,-0.007751465
4846,0.013214093
4847,0.026550308
4848,0.04968261
4849,0.05456543
4850,0.06127929
4851,0.06381224
4852,0.05807495
4853,0.047119133
4854,0.038879383
4855,0.032501243
4856,0.035400394
4857,0.045684837
4858,0.060333252
4859,0.07009887
4860,0.08288573
4861,0.0821228
4862,0.089874275
4863,0.07986449
4864,0.07803346
4865,0.07516482
4866,0.07684325
4867,0.07745361
4868,0.083221436
4869,0.09030152
4870,0.09732054
4871,0.0956116
4872,0.0921936
4873,0.078765854
4874,0.061706543
4875,0.062225327
4876,0.0736084
4877,0.08682253
4878,0.10659789
4879,0.11495975
4880,0.112640396
4881,0.09622191
4882,0.0708618
4883,0.029876731
4884,-0.013916001
4885,-0.061645523
4886,-0.099761955
4887,-0.14230348
4888,-0.17623901
4889,-0.19107056
4890,-0.20281981
4891,-0.20233153
4892,-0.18368533
4893,-0.15759277
4894,-0.12542723
4895,-0.09878541
4896,-0.068847656
4897,-0.03610231
4898,0.005859375
4899,0.047576927
4900,0.08679201
4901,0.11373902
4902,0.12112431
4903,0.121154755
4904,0.114715576
4905,0.09030153
4906,0.06335449
4907,0.0295105
4908,-0.011932372
4909,-0.059417732
4910,-0.098846436
4911,-0.13583373
4912,-0.16564941
4913,-0.19149779
4914,-0.20138553
4915,-0.20791627
4916,-0.20477293
4917,-0.2069397
4918,-0.19125366
4919,-0.1786499
4920,-0.15283203
4921,-0.13336182
4922,-0.117553726
4923,-0.118652344
4924,-0.1293335
4925,-0.13754272
4926,-0.15451047
4927,-0.16683963
4928,-0.18252563
4929,-0.19940186
4930,-0.21691895
4931,-0.24398805
4932,-0.26245117
4933,-0.28570557
4934,-0.29803467
4935,-0.309021
4936,-0.29760745
4937,-0.28747562
4938,-0.25866696
4939,-0.2364502
4940,-0.20089722
4941,-0.1894226
4942,-0.17883302
4943,-0.17675781
4944,-0.1793518
4945,-0.18096925
4946,-0.17749023
4947,-0.17156982
4948,-0.16079709
4949,-0.1357422
4950,-0.11212158
4951,-0.09109496
4952,-0.08016967
4953,-0.07177735
4954,-0.06976319
4955,-0.07507324
4956,-0.07818604
4957,-0.07952882
4958,-0.0840759
4959,-0.09088136
4960,-0.090545654
4961,-0.10137938
4962,-0.096832275
4963,-0.096710205
4964,-0.10214235
4965,-0.1100464
4966,-0.11761476
4967,-0.12350465
4968,-0.12225342
4969,-0.121856675
4970,-0.13400269
4971,-0.13241579
4972,-0.1408081
4973,-0.12924193
4974,-0.122711174
4975,-0.09994507
4976,-0.08926393
4977,-0.06454468
4978,-0.046905532
4979,-0.026977552
4980,-0.006072987
4981,0.0128478985
4982,0.026702873
4983,0.037689224
4984,0.04632569
4985,0.04763795
4986,0.03997804
4987,0.03582762
4988,0.035095207
4989,0.043304455
4990,0.07299803
4991,0.107177734
4992,0.14144899
4993,0.18127441
4994,0.19909668
4995,0.21917722
4996,0.21954346
4997,0.22601318
4998,0.22061157
4999,0.2159729
5000,0.19937132
5001,0.18435669
5002,0.16610718
5003,0.15390013
5004,0.14361572
5005,0.13867188
5006,0.13009644
5007,0.12231446
5008,0.10394289
5009,0.08776855
5010,0.07431029
5011,0.069061294
5012,0.078124985
5013,0.10333253
5014,0.128479
5015,0.16345215
5016,0.18521118
5017,0.19909665
5018,0.20516968
5019,0.2064209
5020,0.19793701
5021,0.18939209
5022,0.16586302
5023,0.14419556
5024,0.12451172
5025,0.11016847
5026,0.10357668
5027,0.10989379
5028,0.0965271
5029,0.08813475
5030,0.072998054
5031,0.055908196
5032,0.042083733
5033,0.036651637
5034,0.049346916
5035,0.06521606
5036,0.09680176
5037,0.12356568
5038,0.15243529
5039,0.1665344
5040,0.18527222
5041,0.1928711
5042,0.19732666
5043,0.19943237
5044,0.19284058
5045,0.18338013
5046,0.16571043
5047,0.15048218
5048,0.13543701
5049,0.1274719
5050,0.11203003
5051,0.10714719
5052,0.10525514
5053,0.10052493
5054,0.099609375
5055,0.09851074
5056,0.08163452
5057,0.060821526
5058,0.031219468
5059,-0.005004864
5060,-0.02444458
5061,-0.036499016
5062,-0.032043464
5063,-0.01373291
5064,0.0058593806
5065,0.029052742
5066,0.042724613
5067,0.047302246
5068,0.04595947
5069,0.041320812
5070,0.028076168
5071,0.020935029
5072,0.006317146
5073,-0.0040588547
5074,-0.006744383
5075,-0.0035705343
5076,0.004486098
5077,0.015014648
5078,0.019348145
5079,0.013671871
5080,0.012176505
5081,-0.0076598935
5082,-0.008911131
5083,-0.003143303
5084,0.013397209
5085,0.03839112
5086,0.06478882
5087,0.08877564
5088,0.12896729
5089,0.16790771
5090,0.1972351
5091,0.21566774
5092,0.20776369
5093,0.20358276
5094,0.19207765
5095,0.18432616
5096,0.18325806
5097,0.1766968
5098,0.1618347
5099,0.13629149
5100,0.08865355
5101,0.03250123
5102,-0.016510021
5103,-0.07559204
5104,-0.116760254
5105,-0.144104
5106,-0.16467285
5107,-0.17440799
5108,-0.17785645
5109,-0.18157957
5110,-0.16293335
5111,-0.13162231
5112,-0.09939574
5113,-0.07312009
5114,-0.06280518
5115,-0.048980705
5116,-0.04473874
5117,-0.032257095
5118,-0.026336677
5119,-0.0234375
5120,-0.03335572
5121,-0.050445557
5122,-0.08020018
5123,-0.11959838
5124,-0.1504822
5125,-0.18545532
5126,-0.22378542
5127,-0.2519226
5128,-0.27478027
5129,-0.29418948
5130,-0.30386353
5131,-0.3022461
5132,-0.27017212
5133,-0.22592165
5134,-0.18185425
5135,-0.13677977
5136,-0.111968994
5137,-0.08673094
5138,-0.06668088
5139,-0.045898452
5140,-0.036651626
5141,-0.02853395
5142,-0.036376975
5143,-0.040924076
5144,-0.06127929
5145,-0.076446526
5146,-0.09204103
5147,-0.10284426
5148,-0.11395264
5149,-0.11401366
5150,-0.115539536
5151,-0.11999512
5152,-0.12014772
5153,-0.118957534
5154,-0.123657234
5155,-0.12655638
5156,-0.13040161
5157,-0.13049316
5158,-0.1334839
5159,-0.13195801
5160,-0.13113403
5161,-0.13586426
5162,-0.15011595
5163,-0.16525272
5164,-0.1756897
5165,-0.18572997
5166,-0.17428589
5167,-0.16409302
5168,-0.14385986
5169,-0.11706542
5170,-0.08911132
5171,-0.07037351
5172,-0.062469468
5173,-0.07324217
5174,-0.09494018
5175,-0.123291
5176,-0.1687622
5177,-0.20495607
5178,-0.24288943
5179,-0.26196292
5180,-0.2640686
5181,-0.256073
5182,-0.22756958
5183,-0.2010803
5184,-0.1578064
5185,-0.1123047
5186,-0.050292946
5187,0.007049568
5188,0.0819397
5189,0.1383667
5190,0.1980591
5191,0.24948117
5192,0.28488156
5193,0.3041992
5194,0.29724118
5195,0.27529916
5196,0.23904414
5197,0.19552606
5198,0.13082889
5199,0.0738526
5200,0.018554747
5201,-0.020812988
5202,-0.040893555
5203,-0.051574707
5204,-0.05029297
5205,-0.047973618
5206,-0.037689194
5207,-0.030517578
5208,0.0025939979
5209,0.03170778
5210,0.084198005
5211,0.1248474
5212,0.17074585
5213,0.21905516
5214,0.2648315
5215,0.30197138
5216,0.33840936
5217,0.36932382
5218,0.39624017
5219,0.41308594
5220,0.41812143
5221,0.41024786
5222,0.39074713
5223,0.36557007
5224,0.34552005
5225,0.31607056
5226,0.29196167
5227,0.26312256
5228,0.23733522
5229,0.22039796
5230,0.20339967
5231,0.19360349
5232,0.18600461
5233,0.17196657
5234,0.15151978
5235,0.13726807
5236,0.12084958
5237,0.105041474
5238,0.09277344
5239,0.086639434
5240,0.087768584
5241,0.08871448
5242,0.0812988
5243,0.06121826
5244,0.03387463
5245,-0.011199951
5246,-0.05920416
5247,-0.117767334
5248,-0.18115234
5249,-0.24707022
5250,-0.31201175
5251,-0.36270148
5252,-0.4128418
5253,-0.4446411
5254,-0.46081534
5255,-0.45736694
5256,-0.45639038
5257,-0.44155878
5258,-0.4146728
5259,-0.38363647
5260,-0.3445434
5261,-0.30096447
5262,-0.26922596
5263,-0.24398808
5264,-0.22378549
5265,-0.21130383
5266,-0.19293213
5267,-0.18139648
5268,-0.162323
5269,-0.14367676
5270,-0.12689215
5271,-0.110809356
5272,-0.085754424
5273,-0.053710967
5274,-0.03149408
5275,0.005737424
5276,0.04498294
5277,0.097198576
5278,0.14193723
5279,0.18261725
5280,0.2060546
5281,0.21432507
5282,0.20315564
5283,0.19412225
5284,0.17034912
5285,0.15258795
5286,0.12554932
5287,0.0998534
5288,0.080078214
5289,0.062194884
5290,0.033874422
5291,0.0071411133
5292,-0.031646773
5293,-0.062408477
5294,-0.0888367
5295,-0.09545902
5296,-0.08966063
5297,-0.05981435
5298,-0.027893022
5299,0.03112799
5300,0.08660883
5301,0.14428711
5302,0.18502799
5303,0.22094738
5304,0.24923712
5305,0.28506482
5306,0.3095397
5307,0.34158343
5308,0.37222302
5309,0.39202884
5310,0.41027832
5311,0.427002
5312,0.4216918
5313,0.41052246
5314,0.39025873
5315,0.36639392
5316,0.3321839
5317,0.29809576
5318,0.27236944
5319,0.24850471
5320,0.21887194
5321,0.1977845
5322,0.1795959
5323,0.1590271
5324,0.13565058
5325,0.11795057
5326,0.09414679
5327,0.07565318
5328,0.061157137
5329,0.05676286
5330,0.043487668
5331,0.04342656
5332,0.028961197
5333,0.015258819
5334,-0.015869215
5335,-0.051055893
5336,-0.086822465
5337,-0.12274167
5338,-0.16009521
5339,-0.20672607
5340,-0.24523929
5341,-0.29483038
5342,-0.33856207
5343,-0.38702393
5344,-0.42459106
5345,-0.46670532
5346,-0.49288937
5347,-0.5142822
5348,-0.5278015
5349,-0.5371094
5350,-0.53656
5351,-0.53082275
5352,-0.51745605
5353,-0.48666376
5354,-0.44879156
5355,-0.39517212
5356,-0.3283081
5357,-0.26174927
5358,-0.18991083
5359,-0.12243649
5360,-0.056793198
5361,-0.014312729
5362,0.024047837
5363,0.041625947
5364,0.046966486
5365,0.035156243
5366,0.020751983
5367,-0.0022582859
5368,-0.022369348
5369,-0.042602543
5370,-0.058319155
5371,-0.080719076
5372,-0.09286502
5373,-0.10293579
5374,-0.1022644
5375,-0.093353234
5376,-0.07473759
5377,-0.04785156
5378,-0.0071410835
5379,0.028442405
5380,0.059570335
5381,0.09527595
5382,0.11849977
5383,0.13769534
5384,0.1445007
5385,0.1473083
5386,0.13070677
5387,0.112853974
5388,0.08688355
5389,0.07077025
5390,0.052612342
5391,0.04132078
5392,0.04632561
5393,0.052795343
5394,0.07464598
5395,0.10339356
5396,0.14279175
5397,0.16821294
5398,0.20721433
5399,0.24499509
5400,0.28625494
5401,0.32452393
5402,0.34613037
5403,0.35125735
5404,0.32547
5405,0.29760745
5406,0.25549316
5407,0.21005243
5408,0.15155028
5409,0.09790035
5410,0.030212414
5411,-0.025085468
5412,-0.07702635
5413,-0.10659793
5414,-0.11376959
5415,-0.11630258
5416,-0.10501097
5417,-0.08908083
5418,-0.0753174
5419,-0.0646057
5420,-0.050170913
5421,-0.039398227
5422,-0.021209683
5423,-0.00051881
5424,0.018005408
5425,0.01983647
5426,0.0042419434
5427,-0.011810318
5428,-0.0405884
5429,-0.06384282
5430,-0.08099363
5431,-0.083740264
5432,-0.08676147
5433,-0.07797243
5434,-0.06759641
5435,-0.05252078
5436,-0.037597705
5437,-0.02447518
5438,-0.024078362
5439,-0.03216555
5440,-0.046447776
5441,-0.056274414
5442,-0.06924442
5443,-0.07659915
5444,-0.0714111
5445,-0.060241733
5446,-0.043853745
5447,-0.044708267
5448,-0.041076638
5449,-0.047454834
5450,-0.058746338
5451,-0.06365965
5452,-0.06362914
5453,-0.057922386
5454,-0.03994754
5455,-0.01757814
5456,0.005920425
5457,0.020477295
5458,0.030822724
5459,0.026550218
5460,0.016204834
5461,-0.0004882887
5462,-0.012420639
5463,-0.01641846
5464,-0.029083274
5465,-0.0420227
5466,-0.052734368
5467,-0.07095337
5468,-0.08282471
5469,-0.085906975
5470,-0.08605957
5471,-0.07650755
5472,-0.07174683
5473,-0.06210328
5474,-0.052276604
5475,-0.04174805
5476,-0.015869178
5477,0.0055847242
5478,0.030151382
5479,0.04919432
5480,0.055999763
5481,0.057861317
5482,0.039672874
5483,0.020904541
5484,0.0044555813
5485,-0.012023941
5486,-0.036010742
5487,-0.056365978
5488,-0.07803346
5489,-0.099487305
5490,-0.10443117
5491,-0.10531616
5492,-0.09823611
5493,-0.08639526
5494,-0.07171632
5495,-0.06063843
5496,-0.043579094
5497,-0.033660874
5498,-0.021453857
5499,-0.019470207
5500,-0.0051574595
5501,0.015045151
5502,0.028259262
5503,0.042877197
5504,0.04882817
5505,0.05029296
5506,0.046600357
5507,0.045257576
5508,0.043762222
5509,0.037567135
5510,0.0357666
5511,0.025299072
5512,0.036651604
5513,0.04635621
5514,0.07669065
5515,0.104370125
5516,0.13531491
5517,0.1550293
5518,0.17279053
5519,0.17706302
5520,0.1767273
5521,0.16845705
5522,0.17388918
5523,0.17596434
5524,0.18154906
5525,0.19461061
5526,0.20370486
5527,0.1968689
5528,0.18966675
5529,0.16934203
5530,0.14816286
5531,0.11828613
5532,0.089935295
5533,0.051879875
5534,0.03659057
5535,0.015533455
5536,0.027771004
5537,0.03182985
5538,0.051269516
5539,0.06854248
5540,0.08352662
5541,0.08856203
5542,0.086822554
5543,0.077545166
5544,0.065521255
5545,0.043426514
5546,0.029052734
5547,0.014465347
5548,0.015197769
5549,0.0097045675
5550,0.014587387
5551,0.011474609
5552,0.013946518
5553,0.0075988844
5554,0.0032348856
5555,-0.015563969
5556,-0.022888178
5557,-0.021026604
5558,-0.0067138523
5559,0.007415794
5560,0.023193352
5561,0.035003655
5562,0.032196045
5563,0.021270752
5564,0.008117691
5565,-0.010894783
5566,-0.032440178
5567,-0.0616455
5568,-0.07824707
5569,-0.086822495
5570,-0.082397476
5571,-0.07336427
5572,-0.060577407
5573,-0.0572815
5574,-0.053375244
5575,-0.04345703
5576,-0.047821034
5577,-0.045593258
5578,-0.05117798
5579,-0.050781243
5580,-0.062347412
5581,-0.06906127
5582,-0.07888793
5583,-0.0859375
5584,-0.08789062
5585,-0.092803955
5586,-0.09912109
5587,-0.11209108
5588,-0.1316223
5589,-0.14990234
5590,-0.16873167
5591,-0.18447876
5592,-0.18930054
5593,-0.18255615
5594,-0.17749022
5595,-0.16400146
5596,-0.15151978
5597,-0.123291016
5598,-0.10125732
5599,-0.07052612
5600,-0.050750725
5601,-0.02276612
5602,-0.008880617
5603,0.008758526
5604,0.016448986
5605,0.013610838
5606,0.007904038
5607,-0.00015259907
5608,-0.00848389
5609,-0.009918209
5610,-0.011199944
5611,-0.017913803
5612,-0.021911621
5613,-0.025726326
5614,-0.024963409
5615,-0.023712136
5616,-0.023773193
5617,-0.022186272
5618,-0.022888169
5619,-0.011016838
5620,-0.012542732
5621,-0.0028381273
5622,-0.006683342
5623,-0.0033264235
5624,-0.0046386756
5625,-0.004119886
5626,0.0011291541
5627,-0.0025024489
5628,-0.0020141676
5629,-0.0020141713
5630,-0.007843025
5631,-0.010437016
5632,-0.0154724205
5633,-0.021209713
5634,-0.023071283
5635,-0.027832039
5636,-0.025085464
5637,-0.018310525
5638,-0.012634277
5639,-0.0067443764
5640,0.0001831213
5641,0.0025329678
5642,0.00823974
5643,0.01538087
5644,0.018127443
5645,0.026214596
5646,0.026000973
5647,0.028289791
5648,0.034423828
5649,0.027954102
5650,0.020874009
5651,0.021026602
5652,0.017791737
5653,0.014404299
5654,0.012329081
5655,0.019775394
5656,0.027526848
5657,0.04458619
5658,0.05792235
5659,0.067932144
5660,0.07708739
5661,0.07553101
5662,0.08056642
5663,0.070892334
5664,0.06393432
5665,0.057556164
5666,0.053527825
5667,0.04382323
5668,0.040863015
5669,0.0387268
5670,0.03753662
5671,0.03546142
5672,0.035095226
5673,0.03985597
5674,0.036254875
5675,0.02648927
5676,0.017578118
5677,0.0238037
5678,0.027435321
5679,0.038116455
5680,0.045166023
5681,0.047454834
5682,0.05523682
5683,0.062438972
5684,0.08200073
5685,0.08706666
5686,0.09774782
5687,0.10580443
5688,0.11434935
5689,0.104431145
5690,0.10769653
5691,0.10308838
5692,0.10333251
5693,0.102264404
5694,0.09802246
5695,0.09573366
5696,0.0956726
5697,0.10238648
5698,0.1026306
5699,0.10562132
5700,0.10757448
5701,0.10824585
5702,0.09820558
5703,0.07949829
5704,0.069732666
5705,0.056274418
5706,0.045867916
5707,0.030914307
5708,0.018707275
5709,0.0029296577
5710,-0.008483887
5711,-0.02828981
5712,-0.029876709
5713,-0.045074448
5714,-0.043670654
5715,-0.043945312
5716,-0.036346413
5717,-0.03656006
5718,-0.027862549
5719,-0.0144958645
5720,-0.0014343336
5721,0.0036315843
5722,0.011535637
5723,0.006042488
5724,-0.012634277
5725,-0.030395523
5726,-0.045654286
5727,-0.06384277
5728,-0.076599136
5729,-0.08480836
5730,-0.08905029
5731,-0.09530642
5732,-0.097106926
5733,-0.10220338
5734,-0.09457395
5735,-0.09442136
5736,-0.0831604
5737,-0.07437132
5738,-0.06735228
5739,-0.05578613
5740,-0.041290276
5741,-0.02316286
5742,-0.013641361
5743,-0.0040588267
5744,-0.0009155385
5745,-0.0036010742
5746,-0.013885498
5747,-0.020935081
5748,-0.035949714
5749,-0.053436264
5750,-0.07379152
5751,-0.0900574
5752,-0.096527115
5753,-0.096343994
5754,-0.101501435
5755,-0.09716798
5756,-0.102935806
5757,-0.10379027
5758,-0.10614014
5759,-0.09692383
5760,-0.08639525
5761,-0.070831284
5762,-0.06280517
5763,-0.058105484
5764,-0.0487976
5765,-0.044738755
5766,-0.04803467
5767,-0.055175796
5768,-0.053771965
5769,-0.047973655
5770,-0.042388916
5771,-0.03784179
5772,-0.043792725
5773,-0.04226685
5774,-0.047821037
5775,-0.03933716
5776,-0.032073967
5777,-0.009155262
5778,0.005249014
5779,0.028869625
5780,0.037078865
5781,0.05200195
5782,0.06179809
5783,0.065216064
5784,0.06472779
5785,0.056732185
5786,0.042633057
5787,0.021850586
5788,-0.0016174167
5789,-0.024322521
5790,-0.036956787
5791,-0.04620362
5792,-0.056579597
5793,-0.064941384
5794,-0.08853148
5795,-0.097320534
5796,-0.07955931
5797,-0.045715332
5798,-0.03540039
5799,0.005371105
5800,0.007873528
5801,-0.010284431
5802,-0.04406739
5803,-0.047485337
5804,-0.03427124
5805,0.0026550293
5806,0.060455367
5807,0.118713364
5808,0.16381837
5809,0.17315677
5810,0.14938354
5811,0.0913391
5812,-0.0003357157
5813,-0.0993347
5814,-0.17382815
5815,-0.19021614
5816,-0.16156007
5817,-0.14688115
5818,-0.14721672
5819,-0.1526489
5820,-0.16592404
5821,-0.1741638
5822,-0.18286137
5823,-0.17282107
5824,-0.14776613
5825,-0.15426637
5826,-0.20761107
5827,-0.30453494
5828,-0.4087525
5829,-0.4992371
5830,-0.5358277
5831,-0.50335705
5832,-0.40985107
5833,-0.25445548
5834,-0.06704714
5835,0.123687774
5836,0.28247076
5837,0.44668585
5838,0.5924988
5839,0.6425477
5840,0.6246947
5841,0.5613098
5842,0.4850768
5843,0.39959717
5844,0.3526917
5845,0.3529053
5846,0.4043579
5847,0.432312
5848,0.42648315
5849,0.3692933
5850,0.26214588
5851,0.1373902
5852,0.042632967
5853,0.006469637
5854,0.014373779
5855,0.08520514
5856,0.17959595
5857,0.28350836
5858,0.3609619
5859,0.43453985
5860,0.47259527
5861,0.42965698
5862,0.3059997
5863,0.13702384
5864,-0.011108339
5865,-0.1589051
5866,-0.2588195
5867,-0.30819693
5868,-0.3097839
5869,-0.3379821
5870,-0.388611
5871,-0.46264642
5872,-0.54205334
5873,-0.5854796
5874,-0.59280396
5875,-0.5379945
5876,-0.439026
5877,-0.28836048
5878,-0.12420654
5879,0.054473817
5880,0.19567883
5881,0.2955933
5882,0.34448248
5883,0.39144897
5884,0.46652216
5885,0.56744367
5886,0.6767883
5887,0.7770387
5888,0.85070825
5889,0.8718874
5890,0.8458251
5891,0.7911074
5892,0.72253406
5893,0.63555914
5894,0.5217284
5895,0.37734997
5896,0.18133551
5897,-0.038024902
5898,-0.28121963
5899,-0.52984613
5900,-0.7787171
5901,-0.9818117
5902,-1.1212158
5903,-1.2181091
5904,-1.2557068
5905,-1.198639
5906,-1.0413817
5907,-0.820221
5908,-0.57986456
5909,-0.3477173
5910,-0.16809082
5911,-0.05017075
5912,-0.0084839165
5913,-0.0025022626
5914,-0.030059904
5915,-0.064392135
5916,-0.10784918
5917,-0.1491699
5918,-0.2136535
5919,-0.29144284
5920,-0.3709718
5921,-0.45782465
5922,-0.51916504
5923,-0.5503237
5924,-0.5262146
5925,-0.48464954
5926,-0.40191644
5927,-0.27291882
5928,-0.0879823
5929,0.13458252
5930,0.345581
5931,0.520874
5932,0.65670776
5933,0.74877954
5934,0.78219604
5935,0.79464716
5936,0.7961426
5937,0.77008057
5938,0.71551514
5939,0.6276855
5940,0.51815796
5941,0.38391116
5942,0.25213623
5943,0.115814224
5944,0.01312254
5945,-0.0644227
5946,-0.10147104
5947,-0.13446033
5948,-0.15823364
5949,-0.1565553
5950,-0.14971936
5951,-0.16232295
5952,-0.18002313
5953,-0.20455945
5954,-0.23046881
5955,-0.2512511
5956,-0.27304065
5957,-0.26751733
5958,-0.222229
5959,-0.13607791
5960,-0.015594391
5961,0.12725826
5962,0.2669983
5963,0.3751221
5964,0.4725952
5965,0.5327758
5966,0.5739136
5967,0.5892639
5968,0.5908202
5969,0.5694885
5970,0.52871704
5971,0.4952392
5972,0.45831293
5973,0.4003296
5974,0.31866467
5975,0.23611444
5976,0.13668822
5977,0.04537961
5978,-0.04821779
5979,-0.08917256
5980,-0.08789055
5981,-0.028106712
5982,0.06137094
5983,0.16098018
5984,0.24652098
5985,0.3004456
5986,0.32406616
5987,0.29937738
5988,0.25094604
5989,0.1695252
5990,0.08358759
5991,-0.009491056
5992,-0.08029176
5993,-0.1434936
5994,-0.20690915
5995,-0.27789307
5996,-0.35546878
5997,-0.41192615
5998,-0.4733582
5999,-0.49880996
6000,-0.5115967
6001,-0.48959357
6002,-0.46063226
6003,-0.39093024
6004,-0.31634516
6005,-0.228241
6006,-0.13891605
6007,-0.051116947
6008,0.023895323
6009,0.08306883
6010,0.13531496
6011,0.14981085
6012,0.13836664
6013,0.10910028
6014,0.07424926
6015,0.013702467
6016,-0.07330319
6017,-0.16897579
6018,-0.26855475
6019,-0.3486938
6020,-0.40887454
6021,-0.43460095
6022,-0.43359375
6023,-0.3912049
6024,-0.33856195
6025,-0.25262454
6026,-0.1651611
6027,-0.067138664
6028,0.029144257
6029,0.11712647
6030,0.1742554
6031,0.21524045
6032,0.23056033
6033,0.22601324
6034,0.18975826
6035,0.14724727
6036,0.08441161
6037,0.012786923
6038,-0.083007775
6039,-0.17443845
6040,-0.26870728
6041,-0.34603876
6042,-0.39855957
6043,-0.43844616
6044,-0.45117188
6045,-0.446167
6046,-0.4288025
6047,-0.38601685
6048,-0.32028198
6049,-0.23843382
6050,-0.14544678
6051,-0.06314087
6052,0.009948742
6053,0.0767517
6054,0.11569215
6055,0.1402283
6056,0.14416505
6057,0.14050288
6058,0.11413573
6059,0.09570316
6060,0.06994632
6061,0.05517579
6062,0.043853752
6063,0.03222665
6064,0.033355746
6065,0.025207445
6066,0.019897435
6067,0.019043017
6068,0.019134514
6069,0.012664786
6070,0.014648444
6071,0.0073242094
6072,0.0032043513
6073,-0.007415764
6074,-0.012207031
6075,-0.025299065
6076,-0.034973145
6077,-0.04614256
6078,-0.060089078
6079,-0.07980348
6080,-0.09585573
6081,-0.09820554
6082,-0.09686276
6083,-0.08377074
6084,-0.06448369
6085,-0.04162593
6086,-0.023254398
6087,-0.0037231967
6088,0.016754143
6089,0.02481082
6090,0.04064942
6091,0.048614502
6092,0.06506347
6093,0.06698608
6094,0.06875611
6095,0.060516372
6096,0.063873276
6097,0.055847153
6098,0.06826781
6099,0.07321167
6100,0.087829605
6101,0.0871582
6102,0.0878601
6103,0.08377076
6104,0.08615112
6105,0.084228516
6106,0.09866333
6107,0.106658936
6108,0.11816408
6109,0.12402344
6110,0.12161256
6111,0.11135864
6112,0.1055603
6113,0.08740233
6114,0.08013916
6115,0.06796265
6116,0.06259154
6117,0.04666137
6118,0.04061889
6119,0.026092537
6120,0.02746582
6121,0.03378295
6122,0.044738777
6123,0.059692364
6124,0.06115722
6125,0.067321785
6126,0.07821655
6127,0.08062744
6128,0.08782959
6129,0.091857895
6130,0.09506227
6131,0.0953064
6132,0.099365234
6133,0.09994507
6134,0.10189819
6135,0.093749985
6136,0.088470474
6137,0.07592773
6138,0.05548095
6139,0.028808586
6140,0.007995612
6141,-0.01489257
6142,-0.024108894
6143,-0.031524666
6144,-0.02255249
6145,-0.015686039
6146,-0.02368164
6147,-0.027557373
6148,-0.032440193
6149,-0.046447746
6150,-0.050903305
6151,-0.057006843
6152,-0.05142212
6153,-0.041656494
6154,-0.033081055
6155,-0.016448975
6156,-0.0059509296
6157,0.0009460426
6158,0.0015564149
6159,-0.003692632
6160,-0.018005386
6161,-0.032287613
6162,-0.05133055
6163,-0.068878174
6164,-0.08096314
6165,-0.08981324
6166,-0.090026855
6167,-0.082855225
6168,-0.072753906
6169,-0.058685306
6170,-0.05474854
6171,-0.055877678
6172,-0.059844956
6173,-0.063201904
6174,-0.07357787
6175,-0.07254028
6176,-0.06677246
6177,-0.05523681
6178,-0.04479981
6179,-0.032104485
6180,-0.03219605
6181,-0.03314209
6182,-0.039184574
6183,-0.03692627
6184,-0.048767082
6185,-0.055450447
6186,-0.06271362
6187,-0.07067871
6188,-0.07519531
6189,-0.07562254
6190,-0.06503296
6191,-0.06216432
6192,-0.058776855
6193,-0.046722405
6194,-0.03723144
6195,-0.029266361
6196,-0.015594494
6197,-0.002258297
6198,0.0039977953
6199,0.013336182
6200,0.0250244
6201,0.029693596
6202,0.0319214
6203,0.031860366
6204,0.033020034
6205,0.040740974
6206,0.040618896
6207,0.052917488
6208,0.05117797
6209,0.053405777
6210,0.04440309
6211,0.051116932
6212,0.05932617
6213,0.06939699
6214,0.07943725
6215,0.094635
6216,0.09680176
6217,0.102874756
6218,0.10092162
6219,0.09671019
6220,0.09274291
6221,0.08602906
6222,0.08059691
6223,0.069122314
6224,0.06015016
6225,0.048248306
6226,0.04238893
6227,0.042938247
6228,0.043579098
6229,0.052673347
6230,0.051544182
6231,0.054595962
6232,0.04666139
6233,0.04443358
6234,0.04147339
6235,0.040679935
6236,0.039642327
6237,0.033569314
6238,0.029144276
6239,0.02551268
6240,0.028442383
6241,0.034271218
6242,0.04254148
6243,0.023529045
6244,0.012573227
6245,-0.00061036274
6246,-0.0014343113
6247,0.0005798489
6248,0.007690441
6249,0.028289795
6250,0.046234123
6251,0.068664566
6252,0.07681274
6253,0.082916275
6254,0.074707046
6255,0.06631468
6256,0.061798096
6257,0.053253178
6258,0.048919663
6259,0.03298948
6260,0.019409169
6261,0.0074462816
6262,-0.010162346
6263,-0.037719738
6264,-0.056884784
6265,-0.038482666
6266,-0.0115051195
6267,0.0065612793
6268,0.022857644
6269,0.033142105
6270,0.032318126
6271,0.030700684
6272,0.02416993
6273,0.025939938
6274,0.023498535
6275,0.030639654
6276,0.036193848
6277,0.03204347
6278,0.038787846
6279,0.03253173
6280,0.03536988
6281,0.03445435
6282,0.040954575
6283,0.036743145
6284,0.028106704
6285,0.0047302246
6286,-0.027587876
6287,-0.017150886
6288,0.0011901855
6289,0.013763424
6290,0.0191345
6291,0.021423355
6292,0.013549812
6293,0.0031127948
6294,-0.009613024
6295,-0.0106506385
6296,-0.017028797
6297,-0.015197769
6298,-0.0050964467
6299,-0.008422859
6300,-0.0067138746
6301,-0.0025634617
6302,0.0071106106
6303,0.021942154
6304,0.026153564
6305,0.033142086
6306,0.02816774
6307,-0.0046081394
6308,-0.03195189
6309,-0.014221195
6310,0.0025940016
6311,0.018249523
6312,0.029541
6313,0.035186768
6314,0.024292
6315,0.010925295
6316,-0.0075378274
6317,-0.01074219
6318,-0.017944328
6319,-0.014282241
6320,-0.013336193
6321,-0.013519291
6322,-0.016265865
6323,-0.003204342
6324,-0.0012817252
6325,0.011016857
6326,0.02880862
6327,0.04943848
6328,0.07305911
6329,0.08526611
6330,0.10104371
6331,0.08236694
6332,0.06387328
6333,0.050292965
6334,0.038970932
6335,0.023834229
6336,0.0148315355
6337,0.009094238
6338,0.001831051
6339,-0.003021244
6340,-0.0005187839
6341,-0.008850107
6342,-0.020782486
6343,-0.03283692
6344,-0.04190063
6345,-0.04342651
6346,-0.05194091
6347,-0.05368042
6348,-0.044586156
6349,-0.033081036
6350,-0.011047341
6351,0.0046081543
6352,0.030181885
6353,0.030822758
6354,0.026458744
6355,0.025024414
6356,0.023712143
6357,0.022521973
6358,0.023651121
6359,0.02401734
6360,0.023010246
6361,0.015502933
6362,0.020538319
6363,0.0090637095
6364,-0.0018005334
6365,-0.0127563365
6366,-0.022491455
6367,-0.033630386
6368,-0.04397583
6369,-0.051788323
6370,-0.05099486
6371,-0.04440306
6372,-0.041534424
6373,-0.020843513
6374,-0.010864258
6375,-0.019683823
6376,-0.031097427
6377,-0.03851319
6378,-0.04861451
6379,-0.055633545
6380,-0.052154556
6381,-0.05438233
6382,-0.048858665
6383,-0.051452648
6384,-0.052551266
6385,-0.06134032
6386,-0.06921385
6387,-0.07479857
6388,-0.08581543
6389,-0.086822525
6390,-0.08700562
6391,-0.08374023
6392,-0.09326172
6393,-0.098846436
6394,-0.11676027
6395,-0.11975098
6396,-0.12753296
6397,-0.1463928
6398,-0.16265869
6399,-0.16772461
6400,-0.16485596
6401,-0.15655518
6402,-0.1430359
6403,-0.12908937
6404,-0.114166275
6405,-0.10406495
6406,-0.10308838
6407,-0.09240722
6408,-0.084411606
6409,-0.07391355
6410,-0.07504273
6411,-0.06909181
6412,-0.07025147
6413,-0.07357788
6414,-0.084075935
6415,-0.09411621
6416,-0.105468765
6417,-0.09780884
6418,-0.09332277
6419,-0.10443114
6420,-0.108062744
6421,-0.10000609
6422,-0.08923338
6423,-0.07144164
6424,-0.053070076
6425,-0.02947998
6426,-0.0090027
6427,0.010223374
6428,0.012237571
6429,0.02529908
6430,0.03601075
6431,0.051239014
6432,0.060760505
6433,0.06494139
6434,0.054382313
6435,0.03713989
6436,0.013122552
6437,-0.015563961
6438,-0.028411878
6439,-0.02792358
6440,-0.027435297
6441,-0.0153198205
6442,-0.008880604
6443,0.0038452297
6444,0.0102539025
6445,0.022094727
6446,0.03491211
6447,0.043579113
6448,0.052764904
6449,0.06509398
6450,0.067535415
6451,0.073638916
6452,0.07989503
6453,0.08859253
6454,0.08715822
6455,0.07525635
6456,0.062377933
6457,0.050689697
6458,0.039062493
6459,0.026306152
6460,0.026184075
6461,0.03091431
6462,0.032562263
6463,0.04296875
6464,0.04748535
6465,0.057495125
6466,0.0628357
6467,0.067413345
6468,0.07894899
6469,0.06661989
6470,0.062316906
6471,0.05416869
6472,0.039062515
6473,0.026245117
6474,0.023773186
6475,0.023132306
6476,0.026641857
6477,0.03451538
6478,0.039520275
6479,0.048065178
6480,0.047607414
6481,0.050323483
6482,0.051666256
6483,0.048187263
6484,0.052063003
6485,0.055297844
6486,0.049621593
6487,0.040039044
6488,0.036773685
6489,0.024017336
6490,0.020294202
6491,0.0034484835
6492,-0.0072631687
6493,-0.021484373
6494,-0.032409664
6495,-0.04364013
6496,-0.043762222
6497,-0.047302246
6498,-0.0402832
6499,-0.029327374
6500,-0.007568352
6501,0.016143799
6502,0.045654297
6503,0.06588746
6504,0.085632324
6505,0.08831787
6506,0.09762575
6507,0.093963616
6508,0.09115602
6509,0.08013914
6510,0.072967544
6511,0.0579834
6512,0.0426941
6513,0.021820074
6514,0.008087164
6515,-0.020660391
6516,-0.027526863
6517,-0.04306031
6518,-0.04599001
6519,-0.05068971
6520,-0.033447266
6521,-0.02923581
6522,-0.018646251
6523,-0.02169799
6524,-0.016632088
6525,-0.016906723
6526,-0.012573235
6527,-0.0048827976
6528,0.00027468055
6529,-0.0035400316
6530,-0.003967263
6531,-0.0038757473
6532,0.0040588453
6533,0.021026611
6534,0.03274537
6535,0.044952385
6536,0.04730224
6537,0.033569362
6538,0.032318108
6539,0.012023928
6540,-0.009216309
6541,-0.02758789
6542,-0.045837402
6543,-0.063873276
6544,-0.07141115
6545,-0.08062743
6546,-0.08615114
6547,-0.09039305
6548,-0.09069823
6549,-0.09179687
6550,-0.09466553
6551,-0.09631346
6552,-0.089660645
6553,-0.08627319
6554,-0.07156371
6555,-0.04321289
6556,-0.020599365
6557,0.00042723306
6558,0.012176499
6559,0.01162721
6560,0.00543213
6561,-0.0075378343
6562,-0.030517578
6563,-0.052612305
6564,-0.078704834
6565,-0.09832764
6566,-0.11862184
6567,-0.13055421
6568,-0.14212036
6569,-0.14157103
6570,-0.14117429
6571,-0.12857054
6572,-0.11816406
6573,-0.09899902
6574,-0.07989501
6575,-0.051788345
6576,-0.019561775
6577,0.017150898
6578,0.04287721
6579,0.07128903
6580,0.08175656
6581,0.08599855
6582,0.077636726
6583,0.071868904
6584,0.06329346
6585,0.051971447
6586,0.03689573
6587,0.026855461
6588,0.018218994
6589,0.016937252
6590,0.018493664
6591,0.033935554
6592,0.052642845
6593,0.07388304
6594,0.093048096
6595,0.10211182
6596,0.10305786
6597,0.10186769
6598,0.09158325
6599,0.0770874
6600,0.06622314
6601,0.0651245
6602,0.0625305
6603,0.06710816
6604,0.06942749
6605,0.075439446
6606,0.08303833
6607,0.08410645
6608,0.09008787
6609,0.08459473
6610,0.072052
6611,0.060760498
6612,0.05157472
6613,0.04739379
6614,0.053588867
6615,0.06997678
6616,0.07858276
6617,0.077484146
6618,0.0697937
6619,0.066040054
6620,0.04803466
6621,0.030639645
6622,0.017517075
6623,0.016387925
6624,0.015106193
6625,0.027771004
6626,0.038391117
6627,0.055145264
6628,0.06515503
6629,0.07638551
6630,0.073211655
6631,0.063964844
6632,0.05554201
6633,0.047515884
6634,0.044708267
6635,0.044952367
6636,0.048919674
6637,0.045806862
6638,0.047607426
6639,0.042205825
6640,0.03942871
6641,0.03118898
6642,0.015991224
6643,-0.0010376144
6644,-0.013183605
6645,-0.018188478
6646,-0.016662594
6647,-0.0054321215
6648,0.005157469
6649,0.023345945
6650,0.04116822
6651,0.05142212
6652,0.058074947
6653,0.060089096
6654,0.06195071
6655,0.063751206
6656,0.061798103
6657,0.05667113
6658,0.047424298
6659,0.03521727
6660,0.029907227
6661,0.028350832
6662,0.028381338
6663,0.02972411
6664,0.022796627
6665,0.010070808
6666,-0.003753677
6667,-0.014892561
6668,-0.018402088
6669,-0.01846314
6670,-0.01870728
6671,-0.014221195
6672,-0.013336178
6673,-0.017395027
6674,-0.01800536
6675,-0.022094727
6676,-0.016296383
6677,-0.012329124
6678,-0.008087158
6679,-0.009216294
6680,-0.014434814
6681,-0.032989517
6682,-0.036956776
6683,-0.047851592
6684,-0.04745483
6685,-0.047424316
6686,-0.05221559
6687,-0.06842042
6688,-0.07739258
6689,-0.09402466
6690,-0.10128781
6691,-0.110473655
6692,-0.10070801
6693,-0.08145141
6694,-0.05233765
6695,-0.026184095
6696,0.005554214
6697,0.027618427
6698,0.037841782
6699,0.040740963
6700,0.032592744
6701,0.0078735575
6702,-0.010314941
6703,-0.0357361
6704,-0.049957268
6705,-0.068054214
6706,-0.076080315
6707,-0.07723999
6708,-0.08300783
6709,-0.09106445
6710,-0.100494385
6711,-0.113708496
6712,-0.12585448
6713,-0.1329651
6714,-0.13461304
6715,-0.12811278
6716,-0.11657717
6717,-0.09829713
6718,-0.07901
6719,-0.062316876
6720,-0.04751589
6721,-0.043121334
6722,-0.039428733
6723,-0.051666245
6724,-0.060211174
6725,-0.080841064
6726,-0.08871458
6727,-0.09347537
6728,-0.099151604
6729,-0.100494385
6730,-0.1040039
6731,-0.09167482
6732,-0.08804318
6733,-0.07727049
6734,-0.06872557
6735,-0.05941774
6736,-0.049774185
6737,-0.03414917
6738,-0.0077209473
6739,0.01739502
6740,0.044097908
6741,0.07254028
6742,0.092041016
6743,0.10150148
6744,0.11431885
6745,0.11575316
6746,0.11230469
6747,0.107910186
6748,0.094177246
6749,0.09072876
6750,0.07687377
6751,0.07699585
6752,0.07394411
6753,0.08477783
6754,0.084838875
6755,0.094574
6756,0.10043335
6757,0.10650636
6758,0.103118874
6759,0.09451292
6760,0.077484146
6761,0.058471687
6762,0.043212898
6763,0.038635228
6764,0.035797134
6765,0.037872322
6766,0.04455568
6767,0.060363777
6768,0.061676018
6769,0.0726624
6770,0.06317137
6771,0.057586662
6772,0.04351808
6773,0.030303955
6774,0.020782486
6775,0.02627562
6776,0.02941893
6777,0.048828147
6778,0.060211167
6779,0.07275392
6780,0.07669066
6781,0.06405638
6782,0.030578624
6783,0.0025634766
6784,-0.034423828
6785,-0.05331423
6786,-0.076934814
6787,-0.08715818
6788,-0.09188841
6789,-0.08795168
6790,-0.08673098
6791,-0.074798554
6792,-0.07821658
6793,-0.07873534
6794,-0.08245849
6795,-0.0939026
6796,-0.09838866
6797,-0.094940186
6798,-0.08740237
6799,-0.07247924
6800,-0.05386354
6801,-0.026947014
6802,-0.006164547
6803,0.012542721
6804,0.018707275
6805,0.029266343
6806,0.018920898
6807,0.0067748874
6808,-0.007537842
6809,-0.022430405
6810,-0.037872314
6811,-0.048461914
6812,-0.06414799
6813,-0.067749
6814,-0.06997681
6815,-0.07110597
6816,-0.07031249
6817,-0.0803528
6818,-0.082794175
6819,-0.078491226
6820,-0.068786636
6821,-0.061767586
6822,-0.038208015
6823,-0.021636974
6824,-0.0020751804
6825,0.01739502
6826,0.038787853
6827,0.057830792
6828,0.06838989
6829,0.06491089
6830,0.059204094
6831,0.043396004
6832,0.02664183
6833,0.020935036
6834,0.026885973
6835,0.032928474
6836,0.042785656
6837,0.0456543
6838,0.050537102
6839,0.046874993
6840,0.044403084
6841,0.032928474
6842,0.03494262
6843,0.03039551
6844,0.033081055
6845,0.027893068
6846,0.03295899
6847,0.040679924
6848,0.05856324
6849,0.07638548
6850,0.097198494
6851,0.09918213
6852,0.1038208
6853,0.096221924
6854,0.084930405
6855,0.07736205
6856,0.08294678
6857,0.09100342
6858,0.09988405
6859,0.09899901
6860,0.10394287
6861,0.097839355
6862,0.08886719
6863,0.07098388
6864,0.052978523
6865,0.034240704
6866,0.016296405
6867,-0.0056152344
6868,-0.018890372
6869,-0.039215077
6870,-0.04995729
6871,-0.062072746
6872,-0.06338501
6873,-0.07589721
6874,-0.07727051
6875,-0.087249756
6876,-0.09680178
6877,-0.107543945
6878,-0.107482895
6879,-0.103881866
6880,-0.09625244
6881,-0.08929442
6882,-0.07733154
6883,-0.07519531
6884,-0.06991577
6885,-0.07794188
6886,-0.0840149
6887,-0.09127807
6888,-0.1021118
6889,-0.108184814
6890,-0.10543823
6891,-0.1219177
6892,-0.12585452
6893,-0.1307678
6894,-0.12704468
6895,-0.12042233
6896,-0.101837166
6897,-0.08120728
6898,-0.057769787
6899,-0.035247788
6900,-0.021453843
6901,-0.008575454
6902,0.00064089894
6903,0.012481689
6904,0.015777595
6905,0.015960708
6906,0.01553344
6907,0.00897219
6908,-0.0028381422
6909,-0.022735588
6910,-0.033416748
6911,-0.05239868
6912,-0.0609131
6913,-0.07794188
6914,-0.089965835
6915,-0.09878538
6916,-0.1005249
6917,-0.08636473
6918,-0.07553101
6919,-0.04974366
6920,-0.018951423
6921,0.014068618
6922,0.033416763
6923,0.049407944
6924,0.05282595
6925,0.059783936
6926,0.05224611
6927,0.048553485
6928,0.04815674
6929,0.04257204
6930,0.045196526
6931,0.035339363
6932,0.02343749
6933,0.0111389235
6934,0.0009460319
6935,-0.0062561
6936,-0.022399908
6937,-0.02880858
6938,-0.036804207
6939,-0.030181881
6940,-0.028198235
6941,-0.0072937068
6942,0.011596691
6943,0.035064697
6944,0.054687507
6945,0.06774902
6946,0.07174683
6947,0.07388304
6948,0.0638733
6949,0.05651857
6950,0.039672844
6951,0.03250122
6952,0.021301255
6953,0.013336167
6954,0.0061645284
6955,0.0133056715
6956,0.002777107
6957,0.0076293945
6958,0.00027466402
6959,-0.0020751976
6960,-0.0053100586
6961,-0.007324226
6962,-0.007293701
6963,0.0017395038
6964,0.014526373
6965,0.016632088
6966,0.016113281
6967,0.013305664
6968,0.0057678074
6969,0.0028686486
6970,-0.010711666
6971,-0.023986824
6972,-0.037719727
6973,-0.041595466
6974,-0.042266853
6975,-0.034881596
6976,-0.024261486
6977,-0.00061035156
6978,0.005157467
6979,0.02401733
6980,0.03771973
6981,0.045043938
6982,0.046173092
6983,0.04373168
6984,0.04757691
6985,0.04461669
6986,0.0418091
6987,0.03173829
6988,0.024261475
6989,0.012420654
6990,0.0103149265
6991,0.0077209435
6992,0.01834106
6993,0.020477295
6994,0.027343757
6995,0.033294655
6996,0.033996575
6997,0.042083725
6998,0.056762695
6999,0.06884766
7000,0.07775879
7001,0.097961426
7002,0.12374878
7003,0.14614868
7004,0.16818234
7005,0.1882019
7006,0.20510864
7007,0.2048645
7008,0.20309448
7009,0.18829347
7010,0.17330933
7011,0.15048218
7012,0.14086913
7013,0.12683105
7014,0.1281128
7015,0.12384033
7016,0.12832642
7017,0.12835692
7018,0.13064575
7019,0.14300537
7020,0.14505005
7021,0.1447754
7022,0.14453125
7023,0.14425659
7024,0.14498901
7025,0.14688109
7026,0.14312743
7027,0.13415527
7028,0.12377931
7029,0.09469603
7030,0.062622055
7031,0.016387925
7032,-0.022216797
7033,-0.06484985
7034,-0.093536384
7035,-0.11853027
7036,-0.12362673
7037,-0.12124634
7038,-0.120147705
7039,-0.11105345
7040,-0.108886704
7041,-0.098907486
7042,-0.09442136
7043,-0.08544921
7044,-0.07324218
7045,-0.06735229
7046,-0.06277465
7047,-0.061706528
7048,-0.059509262
7049,-0.062988274
7050,-0.06707764
7051,-0.0814514
7052,-0.09454347
7053,-0.110900894
7054,-0.13641357
7055,-0.15536499
7056,-0.17355347
7057,-0.177948
7058,-0.18023682
7059,-0.17053223
7060,-0.16320802
7061,-0.15222165
7062,-0.14224242
7063,-0.12930298
7064,-0.12075804
7065,-0.11123657
7066,-0.0942993
7067,-0.09484862
7068,-0.09429929
7069,-0.09988403
7070,-0.1083679
7071,-0.118652344
7072,-0.12832642
7073,-0.13034058
7074,-0.13662721
7075,-0.12237549
7076,-0.119384766
7077,-0.111083984
7078,-0.10842896
7079,-0.096771225
7080,-0.089843735
7081,-0.07495116
7082,-0.06436159
7083,-0.050353967
7084,-0.052123997
7085,-0.050720233
7086,-0.05252073
7087,-0.05718994
7088,-0.05441284
7089,-0.05334471
7090,-0.051513642
7091,-0.045288086
7092,-0.039306633
7093,-0.023071289
7094,-0.010162361
7095,0.00390625
7096,0.016632091
7097,0.035217293
7098,0.048675537
7099,0.06484985
7100,0.07406616
7101,0.080352806
7102,0.087341316
7103,0.09689331
7104,0.11077879
7105,0.12271119
7106,0.12423709
7107,0.12722777
7108,0.12234498
7109,0.1157837
7110,0.10815429
7111,0.095092766
7112,0.07858278
7113,0.07366942
7114,0.07015991
7115,0.08200073
7116,0.094726555
7117,0.122161865
7118,0.13604736
7119,0.14916994
7120,0.16357422
7121,0.17462158
7122,0.18536375
7123,0.19113159
7124,0.18728638
7125,0.17858888
7126,0.16369629
7127,0.14910892
7128,0.12420654
7129,0.100982666
7130,0.07852173
7131,0.053131104
7132,0.021636955
7133,-0.0018310547
7134,-0.028259274
7135,-0.044219963
7136,-0.056915294
7137,-0.05007934
7138,-0.04714966
7139,-0.029724106
7140,-0.016479477
7141,-0.005859345
7142,0.014373794
7143,0.03421022
7144,0.052673355
7145,0.06994629
7146,0.07745363
7147,0.07232666
7148,0.069793716
7149,0.055572495
7150,0.04547119
7151,0.02670288
7152,0.008575439
7153,-0.015014648
7154,-0.046936013
7155,-0.07690429
7156,-0.11206055
7157,-0.14788817
7158,-0.17642212
7159,-0.19692995
7160,-0.21340944
7161,-0.21902464
7162,-0.22723386
7163,-0.23083496
7164,-0.2288208
7165,-0.23394778
7166,-0.2260437
7167,-0.22485347
7168,-0.2282715
7169,-0.25247186
7170,-0.2705994
7171,-0.2999573
7172,-0.31430048
7173,-0.33050537
7174,-0.339386
7175,-0.33245844
7176,-0.32342523
7177,-0.28686523
7178,-0.23861693
7179,-0.18682861
7180,-0.12817383
7181,-0.0770569
7182,-0.04080203
7183,-0.014434814
7184,0.011077896
7185,0.03060916
7186,0.055511475
7187,0.07244882
7188,0.095947236
7189,0.10379022
7190,0.1240235
7191,0.13565058
7192,0.15737921
7193,0.17025763
7194,0.19805905
7195,0.2190247
7196,0.22863778
7197,0.24493402
7198,0.25082386
7199,0.2563476
7200,0.26171872
7201,0.26696783
7202,0.26605225
7203,0.25708008
7204,0.23800658
7205,0.22811891
7206,0.21151735
7207,0.19726562
7208,0.17752074
7209,0.15310676
7210,0.121093735
7211,0.07650748
7212,0.040405303
7213,0.010986254
7214,-0.013976991
7215,-0.02569583
7216,-0.019073486
7217,-0.012542784
7218,0.003692627
7219,0.023162901
7220,0.05456543
7221,0.08508295
7222,0.13250732
7223,0.1741944
7224,0.20205688
7225,0.21673582
7226,0.22088622
7227,0.21676636
7228,0.20874023
7229,0.20031737
7230,0.17578125
7231,0.15423588
7232,0.11315918
7233,0.07406607
7234,0.03012091
7235,0.00073236227
7236,-0.030090287
7237,-0.050079346
7238,-0.063201904
7239,-0.067718536
7240,-0.06777954
7241,-0.069885194
7242,-0.071502656
7243,-0.09207159
7244,-0.119506896
7245,-0.16580194
7246,-0.21765134
7247,-0.2655335
7248,-0.2973023
7249,-0.33151245
7250,-0.34756467
7251,-0.36151123
7252,-0.37530524
7253,-0.37832648
7254,-0.37677005
7255,-0.3671875
7256,-0.3633728
7257,-0.35198972
7258,-0.3536988
7259,-0.34786987
7260,-0.34570307
7261,-0.3283387
7262,-0.3020936
7263,-0.27011102
7264,-0.22973627
7265,-0.18774402
7266,-0.15875238
7267,-0.13348395
7268,-0.10171518
7269,-0.0728454
7270,-0.021514833
7271,0.0033265054
7272,0.053253114
7273,0.08056632
7274,0.11953741
7275,0.15869132
7276,0.19458017
7277,0.24057016
7278,0.28445435
7279,0.32684335
7280,0.36361694
7281,0.38143927
7282,0.3891906
7283,0.39474496
7284,0.3898621
7285,0.3814086
7286,0.37622064
7287,0.35769668
7288,0.33056647
7289,0.30587757
7290,0.2851562
7291,0.27154553
7292,0.26287854
7293,0.24111947
7294,0.22744747
7295,0.19583125
7296,0.17724617
7297,0.17068475
7298,0.17657477
7299,0.19262704
7300,0.22174072
7301,0.25439462
7302,0.28704834
7303,0.3147887
7304,0.33135992
7305,0.328949
7306,0.32394403
7307,0.30041498
7308,0.2805176
7309,0.2582398
7310,0.23522949
7311,0.22293091
7312,0.20205694
7313,0.18487549
7314,0.1786499
7315,0.17507938
7316,0.18096924
7317,0.18515007
7318,0.17941296
7319,0.16760245
7320,0.13638315
7321,0.10339363
7322,0.0597229
7323,0.01834111
7324,-0.0211792
7325,-0.05877696
7326,-0.10330202
7327,-0.15301512
7328,-0.19683842
7329,-0.24581912
7330,-0.28527826
7331,-0.3245545
7332,-0.35195926
7333,-0.38580316
7334,-0.4177245
7335,-0.44699112
7336,-0.4750978
7337,-0.49096686
7338,-0.49728394
7339,-0.48303223
7340,-0.47903448
7341,-0.47003174
7342,-0.46557623
7343,-0.46792603
7344,-0.48269653
7345,-0.490448
7346,-0.5045472
7347,-0.50766
7348,-0.51565546
7349,-0.5210571
7350,-0.52395636
7351,-0.53118896
7352,-0.5283507
7353,-0.51361096
7354,-0.49993896
7355,-0.485321
7356,-0.47116077
7357,-0.4562074
7358,-0.42834485
7359,-0.38482672
7360,-0.3352356
7361,-0.26940915
7362,-0.20907599
7363,-0.15316768
7364,-0.1106873
7365,-0.07537844
7366,-0.045227043
7367,-0.016235374
7368,0.013641357
7369,0.042114317
7370,0.069061264
7371,0.09234627
7372,0.114044234
7373,0.13174434
7374,0.13299558
7375,0.13534546
7376,0.13378906
7377,0.12585449
7378,0.12368773
7379,0.11184697
7380,0.09542845
7381,0.076721184
7382,0.04156491
7383,0.018768363
7384,0.001281701
7385,0.00799565
7386,0.016876161
7387,0.023590066
7388,0.041351326
7389,0.05654908
7390,0.08209228
7391,0.106048636
7392,0.15197752
7393,0.19345094
7394,0.23187257
7395,0.26287842
7396,0.28399658
7397,0.3032837
7398,0.30975342
7399,0.31204224
7400,0.31265256
7401,0.30303958
7402,0.2967224
7403,0.28134155
7404,0.25204468
7405,0.2268677
7406,0.20404048
7407,0.1868897
7408,0.17749016
7409,0.15856932
7410,0.14657596
7411,0.123291
7412,0.1227722
7413,0.10958866
7414,0.12145995
7415,0.12774661
7416,0.13912967
7417,0.16287231
7418,0.17996217
7419,0.1984253
7420,0.20428468
7421,0.20739746
7422,0.2145996
7423,0.2175293
7424,0.20916748
7425,0.20309448
7426,0.18408203
7427,0.1735535
7428,0.16665646
7429,0.15753177
7430,0.16232294
7431,0.15609741
7432,0.15304565
7433,0.14337157
7434,0.14642331
7435,0.13037114
7436,0.13348386
7437,0.12313843
7438,0.11016847
7439,0.09744262
7440,0.09436034
7441,0.09100342
7442,0.0753174
7443,0.07354734
7444,0.07733153
7445,0.08511354
7446,0.084747344
7447,0.09585571
7448,0.09957884
7449,0.103363015
7450,0.09997557
7451,0.081298836
7452,0.058685288
7453,0.037109375
7454,0.022064209
7455,0.016967759
7456,0.027313232
7457,0.029937759
7458,0.037048355
7459,0.027893096
7460,0.016143829
7461,0.013702378
7462,0.008727983
7463,0.003906276
7464,0.0051880237
7465,0.0094604045
7466,0.017303452
7467,0.02902223
7468,0.0253296
7469,0.025451645
7470,0.009674078
7471,-0.0019836575
7472,-0.018249534
7473,-0.034179702
7474,-0.04852295
7475,-0.04718019
7476,-0.04919435
7477,-0.04037474
7478,-0.042877182
7479,-0.036132805
7480,-0.04092405
7481,-0.043914802
7482,-0.0399475
7483,-0.042480476
7484,-0.05563355
7485,-0.07818601
7486,-0.099090576
7487,-0.122039795
7488,-0.13931273
7489,-0.15029909
7490,-0.14871216
7491,-0.1419983
7492,-0.12567139
7493,-0.10455323
7494,-0.08282473
7495,-0.063995376
7496,-0.054260246
7497,-0.043487564
7498,-0.04953006
7499,-0.053405747
7500,-0.07446289
7501,-0.08480835
7502,-0.11080931
7503,-0.12499999
7504,-0.13104247
7505,-0.1329346
7506,-0.128479
7507,-0.120697014
7508,-0.106964104
7509,-0.098938
7510,-0.094573975
7511,-0.093841545
7512,-0.088958725
7513,-0.09088134
7514,-0.085388176
7515,-0.08407592
7516,-0.07196045
7517,-0.063324
7518,-0.041656487
7519,-0.018524189
7520,-0.0009765588
7521,0.007873543
7522,-0.0018615499
7523,-0.013488766
7524,-0.039825436
7525,-0.05465697
7526,-0.06503297
7527,-0.07574463
7528,-0.08374022
7529,-0.08978272
7530,-0.09140015
7531,-0.087890625
7532,-0.087005615
7533,-0.0916748
7534,-0.089324936
7535,-0.09921264
7536,-0.09417724
7537,-0.109313965
7538,-0.110870354
7539,-0.118896484
7540,-0.11706541
7541,-0.12390136
7542,-0.11569212
7543,-0.10848999
7544,-0.09906004
7545,-0.085937515
7546,-0.07183838
7547,-0.05926512
7548,-0.051116966
7549,-0.04208374
7550,-0.039245594
7551,-0.030365005
7552,-0.016693115
7553,-0.0035400502
7554,0.006408683
7555,0.008666995
7556,0.009033201
7557,0.009368896
7558,0.00033570454
7559,-0.014038088
7560,-0.028686507
7561,-0.044433594
7562,-0.052673325
7563,-0.060760498
7564,-0.05725096
7565,-0.05456543
7566,-0.045410145
7567,-0.02703857
7568,-0.0028076302
7569,0.03292847
7570,0.06311036
7571,0.087615974
7572,0.09732055
7573,0.097778305
7574,0.09826662
7575,0.090332024
7576,0.07891846
7577,0.0697937
7578,0.05355835
7579,0.05026245
7580,0.036468513
7581,0.026245115
7582,0.0126953125
7583,-0.0086975135
7584,-0.024597177
7585,-0.046142556
7586,-0.059570294
7587,-0.069793686
7588,-0.06356813
7589,-0.05725098
7590,-0.035980217
7591,-0.013366714
7592,0.009002671
7593,0.028137214
7594,0.04116822
7595,0.053039547
7596,0.05801393
7597,0.05603026
7598,0.045623787
7599,0.040740952
7600,0.031341556
7601,0.036468506
7602,0.03790284
7603,0.042510986
7604,0.043457035
7605,0.037811276
7606,0.032928456
7607,0.030212428
7608,0.020446781
7609,0.02023315
7610,0.013000481
7611,0.009460431
7612,0.004791256
7613,0.011108384
7614,0.0052185096
7615,0.0065307766
7616,0.0031738207
7617,0.0017700344
7618,-0.008239738
7619,-0.011840819
7620,-0.014984121
7621,-0.019317642
7622,-0.024688723
7623,-0.026702885
7624,-0.02062988
7625,-0.024017336
7626,-0.021362308
7627,-0.016876224
7628,-0.019836433
7629,-0.007568335
7630,-3.0510128e-05
7631,0.01742553
7632,0.020874023
7633,0.026489247
7634,0.023345932
7635,0.014160141
7636,-0.0018615797
7637,-0.012664773
7638,-0.022888176
7639,-0.0301819
7640,-0.03579712
7641,-0.033721924
7642,-0.022552488
7643,-0.018188486
7644,-0.008575439
7645,-0.007843021
7646,-0.005432129
7647,-0.0028991792
7648,0.004852291
7649,0.017272957
7650,0.030303948
7651,0.05926515
7652,0.089813225
7653,0.12216186
7654,0.13635255
7655,0.1531372
7656,0.1432495
7657,0.1282959
7658,0.11288454
7659,0.08889771
7660,0.060546882
7661,0.03552244
7662,0.013854979
7663,-0.0007324144
7664,-0.0011291532
7665,-0.00012206496
7666,0.015106201
7667,0.035827637
7668,0.065338135
7669,0.093780525
7670,0.120635994
7671,0.13601685
7672,0.1485901
7673,0.14422606
7674,0.14688109
7675,0.12634277
7676,0.11535644
7677,0.09045412
7678,0.06994628
7679,0.04248047
7680,0.03094481
7681,0.00634766
7682,0.0027771033
7683,-0.0013732985
7684,0.004852297
7685,0.016510017
7686,0.029449463
7687,0.054351814
7688,0.06744385
7689,0.092926025
7690,0.118347175
7691,0.13702394
7692,0.14886476
7693,0.14331055
7694,0.1385193
7695,0.10733031
7696,0.085479744
7697,0.048553444
7698,0.017547615
7699,-0.023834214
7700,-0.053039562
7701,-0.08343505
7702,-0.09994506
7703,-0.12109374
7704,-0.11636354
7705,-0.12042236
7706,-0.101959236
7707,-0.09207152
7708,-0.07543947
7709,-0.06262208
7710,-0.05596925
7711,-0.049835194
7712,-0.035369866
7713,-0.026977539
7714,-0.02639769
7715,-0.020172141
7716,-0.028564438
7717,-0.04052736
7718,-0.0593872
7719,-0.08117676
7720,-0.102630615
7721,-0.11904907
7722,-0.120880134
7723,-0.12646483
7724,-0.1281128
7725,-0.12722778
7726,-0.10879518
7727,-0.107910156
7728,-0.084106445
7729,-0.06988524
7730,-0.0541382
7731,-0.052795425
7732,-0.054565445
7733,-0.07199095
7734,-0.08731079
7735,-0.10321047
7736,-0.11248779
7737,-0.11059569
7738,-0.11016844
7739,-0.09219362
7740,-0.08535768
7741,-0.06579588
7742,-0.058349594
7743,-0.0270691
7744,-0.016052246
7745,0.002716057
7746,0.012176536
7747,0.015869133
7748,0.019500725
7749,0.014984112
7750,0.019622788
7751,0.0115356445
7752,0.0061950684
7753,-0.008605957
7754,-0.017700199
7755,-0.03659057
7756,-0.056518577
7757,-0.06582643
7758,-0.06970215
7759,-0.059204094
7760,-0.049438447
7761,-0.032165553
7762,-0.019683853
7763,-0.008819547
7764,0.00482177
7765,0.020385735
7766,0.026184103
7767,0.047637925
7768,0.050628666
7769,0.05865478
7770,0.048736572
7771,0.04980468
7772,0.053894043
7773,0.04638671
7774,0.045104988
7775,0.04556275
7776,0.046081554
7777,0.05032348
7778,0.056213364
7779,0.05908203
7780,0.07171631
7781,0.08334352
7782,0.090728775
7783,0.097167954
7784,0.08950804
7785,0.08374025
7786,0.060699463
7787,0.062805176
7788,0.05578614
7789,0.06726073
7790,0.05920411
7791,0.056396484
7792,0.035491943
7793,0.01580809
7794,0.014617898
7795,0.013641348
7796,0.050262455
7797,0.08477785
7798,0.118560806
7799,0.14404295
7800,0.14215088
7801,0.09466551
7802,0.017913826
7803,-0.04757689
7804,-0.07192993
7805,-0.05035401
7806,0.0029907152
7807,0.10858154
7808,0.20068355
7809,0.25646967
7810,0.26940915
7811,0.23495485
7812,0.18338013
7813,0.14535522
7814,0.10250855
7815,0.050659195
7816,0.01840207
7817,-0.03662105
7818,-0.11447142
7819,-0.20452881
7820,-0.28726196
7821,-0.36972043
7822,-0.40826416
7823,-0.38589472
7824,-0.30969238
7825,-0.24533081
7826,-0.22906494
7827,-0.24841306
7828,-0.30258173
7829,-0.3310242
7830,-0.3556823
7831,-0.34634393
7832,-0.29159537
7833,-0.20788579
7834,-0.08517459
7835,0.08145143
7836,0.26141357
7837,0.44274896
7838,0.5864259
7839,0.69088733
7840,0.7033081
7841,0.65359503
7842,0.5473021
7843,0.41485587
7844,0.3207091
7845,0.30340564
7846,0.34478766
7847,0.38012692
7848,0.35961908
7849,0.2676391
7850,0.12411493
7851,-0.061675996
7852,-0.2597656
7853,-0.4192199
7854,-0.51779175
7855,-0.5591431
7856,-0.55770886
7857,-0.50567627
7858,-0.41940305
7859,-0.28131092
7860,-0.15524283
7861,-0.03970337
7862,-0.031341434
7863,-0.046142638
7864,-0.107421935
7865,-0.1600036
7866,-0.1791687
7867,-0.113220155
7868,0.03466785
7869,0.22085583
7870,0.35488883
7871,0.42077637
7872,0.42419434
7873,0.3998108
7874,0.36267093
7875,0.35586572
7876,0.37121606
7877,0.42736822
7878,0.47311413
7879,0.5177611
7880,0.53692615
7881,0.5291747
7882,0.45693976
7883,0.3370362
7884,0.13375863
7885,-0.09506236
7886,-0.3388976
7887,-0.55770856
7888,-0.7577208
7889,-0.91989124
7890,-1.015442
7891,-0.9959107
7892,-0.867859
7893,-0.6708375
7894,-0.4364931
7895,-0.17480463
7896,0.06872541
7897,0.2700805
7898,0.38293457
7899,0.4331361
7900,0.41424578
7901,0.33895865
7902,0.21469104
7903,0.05426021
7904,-0.13555913
7905,-0.32745343
7906,-0.5205077
7907,-0.6787416
7908,-0.7827146
7909,-0.8396299
7910,-0.8886411
7911,-0.9325253
7912,-0.9389038
7913,-0.8975526
7914,-0.76531994
7915,-0.57226574
7916,-0.3332215
7917,-0.04623401
7918,0.24472025
7919,0.48727423
7920,0.6519166
7921,0.7581178
7922,0.8045962
7923,0.79928577
7924,0.74890125
7925,0.6498412
7926,0.50680536
7927,0.36053473
7928,0.24572751
7929,0.14453128
7930,0.07418829
7931,0.016326949
7932,-0.036010653
7933,-0.11303702
7934,-0.20639032
7935,-0.30386382
7936,-0.3555603
7937,-0.37063617
7938,-0.34649664
7939,-0.33148178
7940,-0.30307022
7941,-0.28952032
7942,-0.28100595
7943,-0.29226685
7944,-0.30694583
7945,-0.33596796
7946,-0.35998532
7947,-0.35882568
7948,-0.33111578
7949,-0.23837285
7950,-0.061584502
7951,0.15042116
7952,0.387268
7953,0.60763544
7954,0.7790222
7955,0.867218
7956,0.8692018
7957,0.8020019
7958,0.7199402
7959,0.6250305
7960,0.5455018
7961,0.43817133
7962,0.34268183
7963,0.25140387
7964,0.16979979
7965,0.087921135
7966,0.015045147
7967,-0.0540466
7968,-0.104370065
7969,-0.14157103
7970,-0.14810187
7971,-0.11181639
7972,-0.018493682
7973,0.09692386
7974,0.23474115
7975,0.35458362
7976,0.44396973
7977,0.46051016
7978,0.40072632
7979,0.29669198
7980,0.19213878
7981,0.10443126
7982,0.04565438
7983,-0.016388059
7984,-0.050414987
7985,-0.0945435
7986,-0.13458261
7987,-0.18621826
7988,-0.22708136
7989,-0.26400754
7990,-0.29400632
7991,-0.30532828
7992,-0.2979737
7993,-0.25912473
7994,-0.17739871
7995,-0.07910153
7996,0.039520245
7997,0.14559928
7998,0.23318477
7999,0.29605094
8000,0.31280518
8001,0.2879334
8002,0.23089613
8003,0.16671765
8004,0.09710701
8005,0.0037230402
8006,-0.08206168
8007,-0.16705325
8008,-0.22354132
8009,-0.26739505
8010,-0.29150397
8011,-0.29440305
8012,-0.28265378
8013,-0.24725337
8014,-0.19152832
8015,-0.11926274
8016,-0.019378684
8017,0.07913208
8018,0.17202756
8019,0.23742667
8020,0.29763788
8021,0.32916248
8022,0.32263184
8023,0.29562384
8024,0.23574835
8025,0.17068493
8026,0.09100346
8027,-0.0054016784
8028,-0.10708611
8029,-0.20938112
8030,-0.28683478
8031,-0.34521487
8032,-0.3846436
8033,-0.41076657
8034,-0.41659543
8035,-0.3957519
8036,-0.35150146
8037,-0.28829956
8038,-0.20516966
8039,-0.11511232
8040,-0.030365001
8041,0.038085893
8042,0.09228511
8043,0.1276855
8044,0.14019771
8045,0.15252696
8046,0.13635258
8047,0.12335214
8048,0.0966187
8049,0.075012125
8050,0.042236388
8051,0.0059814397
8052,-0.02227781
8053,-0.045989998
8054,-0.057678238
8055,-0.0703125
8056,-0.07162477
8057,-0.076354995
8058,-0.077392556
8059,-0.087829605
8060,-0.10943602
8061,-0.12979127
8062,-0.15164183
8063,-0.17837524
8064,-0.19561766
8065,-0.21191406
8066,-0.2210694
8067,-0.23101802
8068,-0.2382812
8069,-0.2319946
8070,-0.22796632
8071,-0.20907596
8072,-0.19247435
8073,-0.17977907
8074,-0.16922
8075,-0.15393068
8076,-0.131073
8077,-0.11734007
8078,-0.10351563
8079,-0.08587648
8080,-0.07302855
8081,-0.06375123
8082,-0.05532836
8083,-0.042144775
8084,-0.028350834
8085,-0.014678939
8086,-0.0013122503
8087,0.014099123
8088,0.032226574
8089,0.03585817
8090,0.03924559
8091,0.038208023
8092,0.041107185
8093,0.05407716
8094,0.061279293
8095,0.07583617
8096,0.07955931
8097,0.079589814
8098,0.07861325
8099,0.07006836
8100,0.058715828
8101,0.046478253
8102,0.037384037
8103,0.021484364
8104,0.008850111
8105,0.0016784668
8106,-0.008361825
8107,-0.0102233775
8108,-0.011566159
8109,-0.0073547326
8110,-0.00073241536
8111,-0.00027463865
8112,0.0103759635
8113,0.0060424996
8114,0.012451175
8115,0.029846195
8116,0.04986572
8117,0.07669066
8118,0.09893797
8119,0.11004636
8120,0.11993407
8121,0.12512207
8122,0.12454225
8123,0.11553954
8124,0.10165405
8125,0.087768555
8126,0.07742309
8127,0.07110597
8128,0.06542968
8129,0.0725708
8130,0.076934814
8131,0.08743285
8132,0.09814454
8133,0.10949707
8134,0.1131897
8135,0.1027832
8136,0.097900406
8137,0.092041016
8138,0.09201049
8139,0.10595702
8140,0.12371824
8141,0.13656618
8142,0.15335083
8143,0.1680603
8144,0.16973878
8145,0.1663208
8146,0.1437378
8147,0.12576294
8148,0.09118652
8149,0.06512453
8150,0.037506096
8151,0.02362061
8152,0.013916024
8153,0.01296995
8154,0.019042976
8155,0.027374249
8156,0.032928474
8157,0.04629516
8158,0.04879761
8159,0.043487553
8160,0.04449462
8161,0.048492428
8162,0.05294799
8163,0.06768802
8164,0.073852554
8165,0.08590698
8166,0.08575441
8167,0.098815925
8168,0.10360717
8169,0.12164308
8170,0.1423645
8171,0.17120361
8172,0.19207764
8173,0.20474242
8174,0.20147705
8175,0.19763184
8176,0.17236327
8177,0.14575195
8178,0.11410524
8179,0.09118651
8180,0.048187245
8181,0.009674087
8182,-0.033416748
8183,-0.06481936
8184,-0.09722901
8185,-0.107482895
8186,-0.11807252
8187,-0.11557007
8188,-0.10983276
8189,-0.090789795
8190,-0.06909179
8191,-0.039825443
8192,-0.009918213
8193,0.019439675
8194,0.02835083
8195,0.032043457
8196,0.014312729
8197,-0.005554192
8198,-0.03964235
8199,-0.06665037
8200,-0.09350587
8201,-0.11489867
8202,-0.14068604
8203,-0.15734863
8204,-0.16879271
8205,-0.18167114
8206,-0.18637083
8207,-0.1781311
8208,-0.17340088
8209,-0.1574707
8210,-0.13394167
8211,-0.107299805
8212,-0.07403564
8213,-0.035491947
8214,0.010925293
8215,0.047698967
8216,0.06893919
8217,0.08566283
8218,0.076354966
8219,0.06454469
8220,0.038879365
8221,0.013000496
8222,-0.011138935
8223,-0.04318236
8224,-0.06549073
8225,-0.09704591
8226,-0.108856186
8227,-0.13189697
8228,-0.13861082
8229,-0.15249635
8230,-0.14318848
8231,-0.14193726
8232,-0.12683107
8233,-0.118896484
8234,-0.11523436
8235,-0.10931397
8236,-0.11001587
8237,-0.11700441
8238,-0.12731937
8239,-0.14309692
8240,-0.15298463
8241,-0.16436768
8242,-0.15881348
8243,-0.15093994
8244,-0.13204956
8245,-0.11273192
8246,-0.08105469
8247,-0.07055667
8248,-0.037780747
8249,-0.02182006
8250,-0.0018005297
8251,0.003173828
8252,0.022613533
8253,0.018402103
8254,0.022705069
8255,0.0184021
8256,0.006805418
8257,-0.010498043
8258,-0.024566658
8259,-0.039123528
8260,-0.035522453
8261,-0.03598023
8262,-0.018066406
8263,0.003540054
8264,0.031921387
8265,0.052246086
8266,0.07928465
8267,0.09112547
8268,0.10519409
8269,0.099609375
8270,0.103332534
8271,0.10211181
8272,0.09811401
8273,0.08642578
8274,0.0845337
8275,0.067016594
8276,0.067352295
8277,0.059082024
8278,0.0593872
8279,0.056671143
8280,0.062744156
8281,0.06436157
8282,0.07678224
8283,0.074340835
8284,0.086578354
8285,0.094573975
8286,0.09628298
8287,0.09939575
8288,0.09225464
8289,0.08160399
8290,0.06533814
8291,0.047637954
8292,0.028198257
8293,0.009094246
8294,0.0021057092
8295,-0.00057984143
8296,-0.015167244
8297,-0.022308346
8298,-0.034881603
8299,-0.05297851
8300,-0.06445311
8301,-0.0671997
8302,-0.06845093
8303,-0.060729973
8304,-0.04797361
8305,-0.04611205
8306,-0.047363266
8307,-0.063812286
8308,-0.08511356
8309,-0.1076355
8310,-0.12750243
8311,-0.13626099
8312,-0.1260681
8313,-0.10299678
8314,-0.08679196
8315,-0.06353761
8316,-0.04602052
8317,-0.02691651
8318,-0.021362312
8319,0.0044250637
8320,0.031799324
8321,0.06698609
8322,0.10095215
8323,0.14297485
8324,0.15933228
8325,0.1734314
8326,0.18740848
8327,0.20407109
8328,0.24636841
8329,0.31158453
8330,0.39120486
8331,0.46096796
8332,0.505432
8333,0.52206415
8334,0.51138294
8335,0.47943103
8336,0.41830438
8337,0.3633423
8338,0.30703738
8339,0.2551575
8340,0.21261601
8341,0.19244389
8342,0.17575078
8343,0.16113284
8344,0.14459227
8345,0.10632325
8346,0.047821015
8347,-0.025878906
8348,-0.10891721
8349,-0.17321786
8350,-0.21188349
8351,-0.21188354
8352,-0.17819202
8353,-0.13659674
8354,-0.09667969
8355,-0.0755617
8356,-0.07196051
8357,-0.083343506
8358,-0.1163941
8359,-0.14376819
8360,-0.16180426
8361,-0.17886356
8362,-0.17535408
8363,-0.15292367
8364,-0.114776686
8365,-0.08029178
8366,-0.04989624
8367,-0.05328369
8368,-0.05438234
8369,-0.073394775
8370,-0.08789064
8371,-0.069488615
8372,-0.037017763
8373,0.027313247
8374,0.08691421
8375,0.14599605
8376,0.17718507
8377,0.17904645
8378,0.14599605
8379,0.087890625
8380,0.014984064
8381,-0.07037343
8382,-0.1287232
8383,-0.18356326
8384,-0.22460943
8385,-0.25411996
8386,-0.2762147
8387,-0.30621344
8388,-0.32977292
8389,-0.3645935
8390,-0.39300537
8391,-0.40093994
8392,-0.41223148
8393,-0.4071046
8394,-0.416748
8395,-0.43365484
8396,-0.46874994
8397,-0.51104736
8398,-0.5440978
8399,-0.5566712
8400,-0.56979364
8401,-0.55795276
8402,-0.52612305
8403,-0.49319452
8404,-0.44909674
8405,-0.4059754
8406,-0.37155157
8407,-0.3354493
8408,-0.30636603
8409,-0.27868658
8410,-0.24722287
8411,-0.21987915
8412,-0.1880493
8413,-0.1301575
8414,-0.078430206
8415,-0.026123002
8416,0.010467522
8417,0.037048347
8418,0.034637377
8419,0.033081092
8420,0.015777603
8421,0.01171881
8422,0.012573272
8423,0.01699832
8424,0.040161125
8425,0.05856318
8426,0.07379156
8427,0.08447267
8428,0.082946815
8429,0.07659919
8430,0.05853275
8431,0.044647243
8432,0.03366089
8433,0.032196034
8434,0.017395027
8435,0.020355202
8436,-0.0026855469
8437,-0.02301021
8438,-0.05868531
8439,-0.081726074
8440,-0.11416635
8441,-0.12472531
8442,-0.13278198
8443,-0.11819453
8444,-0.08044432
8445,-0.036712617
8446,0.03033445
8447,0.09515374
8448,0.14556892
8449,0.19338992
8450,0.21737672
8451,0.23199469
8452,0.23660284
8453,0.24209596
8454,0.23883054
8455,0.25323486
8456,0.27395633
8457,0.28930664
8458,0.2984619
8459,0.29754645
8460,0.2733154
8461,0.23709105
8462,0.18112175
8463,0.14047244
8464,0.09722903
8465,0.0800782
8466,0.10140993
8467,0.13006595
8468,0.17041016
8469,0.21139517
8470,0.26113898
8471,0.30166632
8472,0.33447266
8473,0.34927374
8474,0.35079962
8475,0.33813477
8476,0.31530762
8477,0.30630493
8478,0.2890625
8479,0.26904297
8480,0.2558899
8481,0.23544316
8482,0.21420285
8483,0.1818237
8484,0.16146843
8485,0.14172366
8486,0.14361574
8487,0.14535528
8488,0.1697388
8489,0.19677736
8490,0.22415164
8491,0.2473449
8492,0.2740174
8493,0.3027649
8494,0.33908084
8495,0.36816412
8496,0.39343268
8497,0.4107666
8498,0.40539548
8499,0.39160156
8500,0.37783813
8501,0.33624268
8502,0.30859375
8503,0.2749329
8504,0.2536926
8505,0.23205566
8506,0.24288936
8507,0.24850462
8508,0.27764893
8509,0.2774964
8510,0.2755127
8511,0.25152585
8512,0.21148685
8513,0.16979973
8514,0.124816954
8515,0.094390914
8516,0.079742506
8517,0.066467345
8518,0.05734256
8519,0.047332764
8520,0.029876724
8521,-0.009399414
8522,-0.037017837
8523,-0.09658813
8524,-0.14624022
8525,-0.19650267
8526,-0.22644043
8527,-0.25369263
8528,-0.22763065
8529,-0.1885376
8530,-0.13055421
8531,-0.09167483
8532,-0.06826782
8533,-0.06423952
8534,-0.08261107
8535,-0.10794066
8536,-0.15573122
8537,-0.19241333
8538,-0.22485352
8539,-0.25103763
8540,-0.2613831
8541,-0.25845337
8542,-0.24768065
8543,-0.23233032
8544,-0.1899414
8545,-0.16973877
8546,-0.14166261
8547,-0.12243651
8548,-0.107666
8549,-0.11550903
8550,-0.106536895
8551,-0.10540773
8552,-0.08749392
8553,-0.07043457
8554,-0.054687493
8555,-0.04626467
8556,-0.06164553
8557,-0.07742311
8558,-0.11157228
8559,-0.16177368
8560,-0.2155151
8561,-0.26492313
8562,-0.31033325
8563,-0.35235596
8564,-0.36618036
8565,-0.36325073
8566,-0.3373108
8567,-0.30496216
8568,-0.26586917
8569,-0.2383728
8570,-0.21801756
8571,-0.21850586
8572,-0.22113039
8573,-0.22845457
8574,-0.23687744
8575,-0.22402951
8576,-0.21377563
8577,-0.19406128
8578,-0.17199707
8579,-0.15609741
8580,-0.14416504
8581,-0.15170291
8582,-0.16775514
8583,-0.16845705
8584,-0.18231201
8585,-0.18383788
8586,-0.16653442
8587,-0.12771606
8588,-0.081207275
8589,-0.017150864
8590,0.03106685
8591,0.07427977
8592,0.09451296
8593,0.104217514
8594,0.083374016
8595,0.051300064
8596,0.020507827
8597,-0.0041503385
8598,-0.02423095
8599,-0.03097532
8600,-0.028045662
8601,-0.025726326
8602,-0.030639634
8603,-0.03814699
8604,-0.059021
8605,-0.06256102
8606,-0.07623288
8607,-0.07589721
8608,-0.067047104
8609,-0.04724121
8610,-0.030822739
8611,0.0017700419
8612,0.018066391
8613,0.0337219
8614,0.037170425
8615,0.04193113
8616,0.024353027
8617,0.0064087203
8618,-0.023101792
8619,-0.038452134
8620,-0.06738281
8621,-0.068664536
8622,-0.058044426
8623,-0.03540039
8624,-0.017242424
8625,0.013885478
8626,0.039581288
8627,0.076751724
8628,0.118042
8629,0.16305542
8630,0.20639038
8631,0.23706055
8632,0.24249269
8633,0.2399292
8634,0.21505737
8635,0.19113159
8636,0.16268921
8637,0.14730833
8638,0.12677002
8639,0.11267091
8640,0.09078981
8641,0.07736209
8642,0.05584717
8643,0.05398561
8644,0.045196526
8645,0.051605217
8646,0.064209
8647,0.08502199
8648,0.117370635
8649,0.14102176
8650,0.17126465
8651,0.18615724
8652,0.1914978
8653,0.17871094
8654,0.14154054
8655,0.12249753
8656,0.095367454
8657,0.07745361
8658,0.05194091
8659,0.03881836
8660,0.013153076
8661,0.00057982653
8662,-0.021209719
8663,-0.03277587
8664,-0.043762207
8665,-0.053283714
8666,-0.06317137
8667,-0.07485961
8668,-0.07556153
8669,-0.07708742
8670,-0.061340317
8671,-0.052062966
8672,-0.03524781
8673,-0.016113296
8674,-0.010375984
8675,-0.014434814
8676,-0.033538796
8677,-0.0360718
8678,-0.032897934
8679,-0.0095825195
8680,0.012603754
8681,0.04257202
8682,0.051208492
8683,0.05648802
8684,0.05120848
8685,0.03656006
8686,0.027252179
8687,0.021850556
8688,0.022369407
8689,0.028839104
8690,0.038330063
8691,0.044677734
8692,0.045379654
8693,0.019012451
8694,-0.008270249
8695,-0.045715317
8696,-0.09140016
8697,-0.13439941
8698,-0.17080688
8699,-0.18133546
8700,-0.17172241
8701,-0.14248657
8702,-0.10043336
8703,-0.06683348
8704,-0.05145263
8705,-0.035980225
8706,-0.038360603
8707,-0.035675064
8708,-0.026550293
8709,-0.00805667
8710,0.022125259
8711,0.058685318
8712,0.08975217
8713,0.10610962
8714,0.11160278
8715,0.08505248
8716,0.05712893
8717,0.01727295
8718,-0.020782478
8719,-0.053924564
8720,-0.07922364
8721,-0.113250725
8722,-0.121337906
8723,-0.12765501
8724,-0.11703491
8725,-0.1098938
8726,-0.08731079
8727,-0.070556656
8728,-0.049652126
8729,-0.025634777
8730,0.00967407
8731,0.046661362
8732,0.090789795
8733,0.13626099
8734,0.18273924
8735,0.21362305
8736,0.2328491
8737,0.22030641
8738,0.19906616
8739,0.15576173
8740,0.11410524
8741,0.069610596
8742,0.03558348
8743,-0.0036621168
8744,-0.025360107
8745,-0.05502318
8746,-0.07839966
8747,-0.10952758
8748,-0.12988281
8749,-0.15164185
8750,-0.15805054
8751,-0.14581299
8752,-0.12216186
8753,-0.09759522
8754,-0.06741334
8755,-0.04455567
8756,-0.017669681
8757,0.006011972
8758,0.03659057
8759,0.052581783
8760,0.07357787
8761,0.082855225
8762,0.09423827
8763,0.09924314
8764,0.1071472
8765,0.10339354
8766,0.10165407
8767,0.09255982
8768,0.08560181
8769,0.078186035
8770,0.080963135
8771,0.07330322
8772,0.07608031
8773,0.07006836
8774,0.05957031
8775,0.039123558
8776,0.011657708
8777,-0.024536133
8778,-0.052246083
8779,-0.06558228
8780,-0.07223514
8781,-0.06344603
8782,-0.051818863
8783,-0.0325012
8784,-0.01455687
8785,-0.0039673
8786,0.009399384
8787,0.0152282715
8788,0.0074768215
8789,0.0025634617
8790,-0.0033569336
8791,0.0036316067
8792,0.008880638
8793,0.01470948
8794,0.017333984
8795,0.015930176
8796,0.0105590895
8797,0.005126983
8798,-0.009643567
8799,-0.030639647
8800,-0.051422115
8801,-0.066192634
8802,-0.079406746
8803,-0.07675171
8804,-0.074035645
8805,-0.06427002
8806,-0.05126953
8807,-0.04211425
8808,-0.040344253
8809,-0.04907225
8810,-0.06835937
8811,-0.082580596
8812,-0.095581055
8813,-0.08535765
8814,-0.062164307
8815,-0.03137207
8816,-0.006408686
8817,0.012115464
8818,0.020507831
8819,0.017822288
8820,0.0007019043
8821,-0.019165039
8822,-0.046783447
8823,-0.07232667
8824,-0.09771729
8825,-0.10931398
8826,-0.12893677
8827,-0.12713623
8828,-0.11880492
8829,-0.102447495
8830,-0.0876465
8831,-0.06524658
8832,-0.04067993
8833,-0.016448997
8834,0.002716072
8835,0.021759033
8836,0.033386253
8837,0.035278313
8838,0.040893555
8839,0.04199219
8840,0.043243416
8841,0.044067398
8842,0.03619385
8843,0.030395508
8844,0.008117668
8845,-0.014892565
8846,-0.03573607
8847,-0.05352786
8848,-0.06967163
8849,-0.07885745
8850,-0.082061775
8851,-0.076232895
8852,-0.067138664
8853,-0.04766845
8854,-0.02462767
8855,-0.00042723864
8856,0.02536013
8857,0.046051033
8858,0.054687493
8859,0.056518562
8860,0.060424797
8861,0.058380127
8862,0.055999756
8863,0.052276608
8864,0.045410164
8865,0.053405765
8866,0.046173096
8867,0.040771473
8868,0.02346801
8869,0.0016784705
8870,-0.026184075
8871,-0.050231956
8872,-0.07595826
8873,-0.086059555
8874,-0.07559203
8875,-0.057708733
8876,-0.033020012
8877,-0.00531004
8878,0.021911621
8879,0.0427246
8880,0.048156746
8881,0.051269524
8882,0.047973625
8883,0.034790035
8884,0.029815651
8885,0.029174801
8886,0.04208374
8887,0.058044434
8888,0.070953354
8889,0.074127205
8890,0.07052613
8891,0.06393431
8892,0.058441155
8893,0.049255364
8894,0.046936043
8895,0.04498294
8896,0.038116455
8897,0.025756843
8898,0.020202644
8899,0.014099125
8900,0.006591808
8901,0.0055236705
8902,0.010040291
8903,0.022827141
8904,0.028472908
8905,0.023315411
8906,0.019958485
8907,0.01132201
8908,0.018310556
8909,0.030822746
8910,0.06051635
8911,0.08676149
8912,0.119384766
8913,0.14553833
8914,0.1696472
8915,0.17855836
8916,0.1927185
8917,0.19573975
8918,0.1857605
8919,0.1604309
8920,0.13897705
8921,0.11129759
8922,0.09124755
8923,0.07235718
8924,0.06448364
8925,0.05395507
8926,0.04681399
8927,0.042510983
8928,0.020507801
8929,-0.016204834
8930,-0.035827637
8931,-0.055084225
8932,-0.052551277
8933,-0.048583973
8934,-0.025512673
8935,-0.0010986626
8936,0.037078843
8937,0.05984497
8938,0.08438112
8939,0.08648683
8940,0.073455825
8941,0.048553467
8942,0.018920906
8943,-0.014007565
8944,-0.037109368
8945,-0.053039547
8946,-0.04421998
8947,-0.03720092
8948,-0.022582998
8949,-0.00772094
8950,-0.013061538
8951,-0.03448486
8952,-0.06317141
8953,-0.08724974
8954,-0.10647583
8955,-0.118347175
8956,-0.12512207
8957,-0.122650154
8958,-0.1166687
8959,-0.12008666
8960,-0.12527464
8961,-0.108642586
8962,-0.06799316
8963,-0.0388794
8964,-0.019958496
8965,-0.011901863
8966,-0.0017700344
8967,0.0007324442
8968,0.024505585
8969,0.038085938
8970,0.042114265
8971,0.035186782
8972,0.029785149
8973,0.038574215
8974,0.022644013
8975,-0.01153563
8976,-0.04824829
8977,-0.06851198
8978,-0.08294677
8979,-0.09558106
8980,-0.1140747
8981,-0.12039184
8982,-0.117706284
8983,-0.093627945
8984,-0.05776976
8985,-0.030853275
8986,-0.020080566
8987,-0.011260986
8988,-0.0014343411
8989,-0.0034484714
8990,0.0021362007
8991,0.010742173
8992,0.021911629
8993,0.025970448
8994,0.009643562
8995,-0.0034179762
8996,-0.023468025
8997,-0.029876702
8998,-0.038360603
8999,-0.047027573
9000,-0.06375122
9001,-0.070709236
9002,-0.08544921
9003,-0.09652711
9004,-0.102996826
9005,-0.0933838
9006,-0.07821657
9007,-0.07537842
9008,-0.07888794
9009,-0.07064821
9010,-0.05880738
9011,-0.048614495
9012,-0.035461444
9013,-0.027252214
9014,-0.025482163
9015,-0.03158569
9016,-0.050079323
9017,-0.06637574
9018,-0.08743287
9019,-0.09558104
9020,-0.10671997
9021,-0.11697388
9022,-0.12908937
9023,-0.12042238
9024,-0.08728027
9025,-0.053771976
9026,-0.030242924
9027,-0.028259277
9028,-0.018615738
9029,-0.023468003
9030,-0.029846177
9031,-0.03195189
9032,-0.029296875
9033,-0.029815689
9034,-0.04742433
9035,-0.049682632
9036,-0.024505615
9037,0.0021362007
9038,-0.0066833496
9039,-0.04724121
9040,-0.061248764
9041,-0.033416733
9042,-0.015655518
9043,-0.032867447
9044,-0.054412864
9045,-0.032684356
9046,0.018737786
9047,0.050445545
9048,0.045227032
9049,0.037963875
9050,0.049682602
9051,0.04440308
9052,0.03457644
9053,0.032501236
9054,0.033325203
9055,0.046325654
9056,0.06967163
9057,0.09985351
9058,0.12887573
9059,0.13632202
9060,0.13772583
9061,0.1232605
9062,0.11569215
9063,0.12521362
9064,0.1324158
9065,0.12890625
9066,0.12619016
9067,0.13711546
9068,0.1635437
9069,0.17156982
9070,0.1654663
9071,0.16696167
9072,0.17532349
9073,0.17807005
9074,0.18203735
9075,0.18057252
9076,0.17202759
9077,0.14883421
9078,0.115356445
9079,0.088043205
9080,0.07778929
9081,0.061706543
9082,0.050872818
9083,0.04336548
9084,0.06253054
9085,0.06878662
9086,0.07257079
9087,0.0821228
9088,0.10186765
9089,0.10647582
9090,0.09579467
9091,0.099182114
9092,0.109832734
9093,0.10470582
9094,0.070007324
9095,0.04415892
9096,0.024566637
9097,0.008178707
9098,-0.0222473
9099,-0.0472412
9100,-0.07086182
9101,-0.09100342
9102,-0.11987305
9103,-0.14224242
9104,-0.13864133
9105,-0.08926391
9106,-0.021759026
9107,0.00042723725
9108,0.013580317
9109,0.05200196
9110,0.0882263
9111,0.0780945
9112,0.055358887
9113,0.057159424
9114,0.071411125
9115,0.050720207
9116,0.007781986
9117,0.0063781813
9118,0.022857659
9119,0.03738404
9120,0.03012086
9121,0.017120373
9122,-0.01373291
9123,-0.040130608
9124,-0.07669069
9125,-0.11465454
9126,-0.14834595
9127,-0.13674927
9128,-0.101409905
9129,-0.09616088
9130,-0.09399413
9131,-0.08645632
9132,-0.07046507
9133,-0.07015991
9134,-0.10690306
9135,-0.12829588
9136,-0.14797974
9137,-0.1762085
9138,-0.22601318
9139,-0.2326355
9140,-0.23583984
9141,-0.2290039
9142,-0.2395325
9143,-0.2511597
9144,-0.26885992
9145,-0.2898559
9146,-0.32244873
9147,-0.34304813
9148,-0.3426819
9149,-0.33023074
9150,-0.3094788
9151,-0.27426144
9152,-0.21292114
9153,-0.15811159
9154,-0.106628396
9155,-0.069549546
9156,-0.05825804
9157,-0.0646362
9158,-0.07443237
9159,-0.06607054
9160,-0.044525146
9161,0.0071411133
9162,0.04763794
9163,0.073883
9164,0.085174635
9165,0.07928473
9166,0.069976896
9167,0.055633485
9168,0.049224883
9169,0.047424376
9170,0.045684844
9171,0.020202667
9172,0.0032959282
9173,0.0034484267
9174,0.046661466
9175,0.087402344
9176,0.13235477
9177,0.16052246
9178,0.1696167
9179,0.16210939
9180,0.16131592
9181,0.16213992
9182,0.16473389
9183,0.18240358
9184,0.19192506
9185,0.17514032
9186,0.15066537
9187,0.14398195
9188,0.15457165
9189,0.17263782
9190,0.18945312
9191,0.22247323
9192,0.26885992
9193,0.28756717
9194,0.2813721
9195,0.2724914
9196,0.28146374
9197,0.29162595
9198,0.30316156
9199,0.29699707
9200,0.2984619
9201,0.2988587
9202,0.30279547
9203,0.29083258
9204,0.28878784
9205,0.2611084
9206,0.23809814
9207,0.19702142
9208,0.14349371
9209,0.09085095
9210,0.062408507
9211,0.054748535
9212,0.05242929
9213,0.04800415
9214,0.04574591
9215,0.036071807
9216,-0.00021359324
9217,-0.056732297
9218,-0.12545776
9219,-0.1797485
9220,-0.22164913
9221,-0.26016235
9222,-0.30926505
9223,-0.34652716
9224,-0.37316895
9225,-0.40744027
9226,-0.4518127
9227,-0.5018616
9228,-0.5376282
9229,-0.55477905
9230,-0.5436402
9231,-0.5090942
9232,-0.458252
9233,-0.4022826
9234,-0.35238647
9235,-0.29693612
9236,-0.22961423
9237,-0.16720587
9238,-0.15084836
9239,-0.14895633
9240,-0.15667742
9241,-0.15643302
9242,-0.14688098
9243,-0.13037103
9244,-0.124450654
9245,-0.12106329
9246,-0.079803556
9247,0.003967285
9248,0.09844971
9249,0.1842956
9250,0.25570682
9251,0.30987555
9252,0.35519397
9253,0.37475592
9254,0.37094092
9255,0.35949722
9256,0.33999646
9257,0.32574457
9258,0.3176269
9259,0.30911258
9260,0.2889403
9261,0.2603453
9262,0.20156842
9263,0.15081799
9264,0.10189831
9265,0.054229826
9266,0.01538083
9267,-0.024810873
9268,-0.05560316
9269,-0.071258545
9270,-0.08065802
9271,-0.055877626
9272,-0.010040343
9273,0.03689587
9274,0.09530628
9275,0.15679932
9276,0.20336908
9277,0.2466735
9278,0.28875744
9279,0.3245849
9280,0.35848987
9281,0.39926153
9282,0.43463135
9283,0.4516906
9284,0.43792728
9285,0.42251587
9286,0.39852905
9287,0.37149048
9288,0.36590567
9289,0.346283
9290,0.31393427
9291,0.283722
9292,0.26159656
9293,0.23736578
9294,0.23480216
9295,0.23791516
9296,0.23123157
9297,0.19247437
9298,0.14291376
9299,0.09130856
9300,0.051208556
9301,0.005798295
9302,-0.045105115
9303,-0.065032855
9304,-0.058410674
9305,-0.04391478
9306,-0.06082146
9307,-0.108184874
9308,-0.1764527
9309,-0.22183228
9310,-0.239624
9311,-0.2504577
9312,-0.28436273
9313,-0.33679202
9314,-0.4042359
9315,-0.48522943
9316,-0.5367127
9317,-0.5535583
9318,-0.5541687
9319,-0.5706788
9320,-0.58834827
9321,-0.61630255
9322,-0.63900757
9323,-0.65747076
9324,-0.66864014
9325,-0.64678955
9326,-0.6118773
9327,-0.56072986
9328,-0.49200433
9329,-0.43447882
9330,-0.3792115
9331,-0.30465698
9332,-0.21987912
9333,-0.13595575
9334,-0.067596376
9335,-0.002105712
9336,0.050750755
9337,0.07754511
9338,0.10092166
9339,0.13067625
9340,0.16943362
9341,0.18820181
9342,0.17886353
9343,0.13259888
9344,0.067748934
9345,0.013855055
9346,-0.037200898
9347,-0.064758375
9348,-0.08462523
9349,-0.082427844
9350,-0.059844926
9351,-0.04107669
9352,-0.0373841
9353,-0.037811305
9354,-0.035858124
9355,-0.02688596
9356,-0.024627618
9357,-0.0068664476
9358,0.008178748
9359,0.020294152
9360,0.011138961
9361,-0.0046387017
9362,-0.00674437
9363,0.0066527426
9364,0.02111815
9365,0.028839126
9366,0.030914217
9367,0.049438566
9368,0.07473762
9369,0.09402457
9370,0.08941651
9371,0.0817567
9372,0.07827765
9373,0.0924377
9374,0.09689325
9375,0.09545895
9376,0.083831795
9377,0.05899051
9378,0.0253907
9379,0.0067749284
9380,-0.009490952
9381,-0.031463653
9382,-0.06564326
9383,-0.094879195
9384,-0.10443116
9385,-0.106597945
9386,-0.10455324
9387,-0.092925966
9388,-0.06286627
9389,-0.018310476
9390,0.042938296
9391,0.07998649
9392,0.098053
9393,0.09967046
9394,0.09390259
9395,0.094146706
9396,0.08316037
9397,0.06732177
9398,0.04171755
9399,0.026824921
9400,0.03228762
9401,0.05014035
9402,0.047210716
9403,0.04431151
9404,0.022033729
9405,-0.0048828423
9406,-0.02993773
9407,-0.04385379
9408,-0.05267334
9409,-0.038940385
9410,0.0030516908
9411,0.060943667
9412,0.101379454
9413,0.10070793
9414,0.099609405
9415,0.097015396
9416,0.089416504
9417,0.08694457
9418,0.08642577
9419,0.10125735
9420,0.113708496
9421,0.1359863
9422,0.1529541
9423,0.1720581
9424,0.18884277
9425,0.21395874
9426,0.2312622
9427,0.23931882
9428,0.24325562
9429,0.25805658
9430,0.25781247
9431,0.24951178
9432,0.23419185
9433,0.21365361
9434,0.19900513
9435,0.18338011
9436,0.1866455
9437,0.18945311
9438,0.17425534
9439,0.144104
9440,0.112457275
9441,0.10144044
9442,0.10260008
9443,0.11410521
9444,0.100189194
9445,0.0658264
9446,0.04525757
9447,0.044158936
9448,0.04919432
9449,0.04385376
9450,0.026306182
9451,0.022491455
9452,0.02923584
9453,0.028076187
9454,0.017303448
9455,0.015319809
9456,0.024200449
9457,0.043426525
9458,0.065093994
9459,0.09884645
9460,0.11755371
9461,0.11193848
9462,0.087951675
9463,0.06161497
9464,0.040649407
9465,0.0129699735
9466,-0.02246094
9467,-0.071624756
9468,-0.08242798
9469,-0.09188844
9470,-0.10388184
9471,-0.12545775
9472,-0.14352417
9473,-0.15274051
9474,-0.15270995
9475,-0.15060426
9476,-0.16174318
9477,-0.17193606
9478,-0.15805054
9479,-0.11874389
9480,-0.088531494
9481,-0.06417845
9482,-0.029205337
9483,-0.013580322
9484,-0.011261001
9485,-0.036193855
9486,-0.05612184
9487,-0.060424812
9488,-0.045074455
9489,-0.062011734
9490,-0.08743285
9491,-0.10327148
9492,-0.10247803
9493,-0.0935974
9494,-0.09866334
9495,-0.10824584
9496,-0.105682366
9497,-0.09457399
9498,-0.07846069
9499,-0.055572525
9500,-0.046447765
9501,-0.056091323
9502,-0.08068848
9503,-0.09530638
9504,-0.09262086
9505,-0.08639526
9506,-0.09664919
9507,-0.13516235
9508,-0.16485596
9509,-0.1583252
9510,-0.12606812
9511,-0.10366821
9512,-0.09411621
9513,-0.07736207
9514,-0.047943115
9515,-0.01278685
9516,-0.01937867
9517,-0.044708252
9518,-0.057861313
9519,-0.04849246
9520,-0.03869628
9521,-0.05133059
9522,-0.07745363
9523,-0.11480713
9524,-0.17367555
9525,-0.2380066
9526,-0.25512695
9527,-0.22311401
9528,-0.17422485
9529,-0.14324953
9530,-0.1029358
9531,-0.04077147
9532,0.016998291
9533,0.04141234
9534,0.04403685
9535,0.045745835
9536,0.032897945
9537,0.032257088
9538,0.010589595
9539,-0.0194702
9540,-0.040374763
9541,-0.04110718
9542,-0.019226043
9543,0.013580322
9544,0.02871703
9545,0.016510017
9546,-0.008392364
9547,-0.02416993
9548,-0.031066887
9549,-0.028656013
9550,-0.005187977
9551,0.030059796
9552,0.05892945
9553,0.078125015
9554,0.088775635
9555,0.104614265
9556,0.1109924
9557,0.10397336
9558,0.07690428
9559,0.043823227
9560,0.023406986
9561,0.020477302
9562,0.012420652
9563,0.0023803692
9564,0.006896995
9565,0.019165037
9566,0.023712158
9567,0.0062866304
9568,-0.021514922
9569,-0.067687996
9570,-0.10610962
9571,-0.11083984
9572,-0.07754515
9573,-0.01626588
9574,0.030639678
9575,0.065643325
9576,0.099365234
9577,0.14880371
9578,0.16430663
9579,0.12939452
9580,0.08123779
9581,0.04208373
9582,0.052307118
9583,0.08358766
9584,0.08358765
9585,0.054992676
9586,0.04180909
9587,0.060394302
9588,0.07434082
9589,0.06317139
9590,0.058746304
9591,0.06774903
9592,0.05441284
9593,0.041748077
9594,0.029052734
9595,0.031219482
9596,0.02368164
9597,0.0044860765
9598,-0.0025940016
9599,0.020813007
9600,0.048736587
9601,0.07467653
9602,0.12130737
9603,0.12854001
9604,0.123962395
9605,0.1057434
9606,0.07431031
9607,0.018249504
9608,-0.021728508
9609,-0.042816155
9610,-0.06777954
9611,-0.08407594
9612,-0.06124878
9613,-0.026519777
9614,0.016845688
9615,0.07528689
9616,0.11679076
9617,0.12884521
9618,0.10421754
9619,0.051788315
9620,0.041687004
9621,0.056945816
9622,0.08358766
9623,0.07168583
9624,0.07913207
9625,0.112792954
9626,0.14154053
9627,0.16384888
9628,0.17355348
9629,0.12896729
9630,0.0636902
9631,0.019989036
9632,-0.025482185
9633,-0.04837036
9634,-0.0063171163
9635,0.0746765
9636,0.16622925
9637,0.24496461
9638,0.29364014
9639,0.29315186
9640,0.22979738
9641,0.12899779
9642,0.044281
9643,-0.0050964216
9644,-0.008605943
9645,0.015075714
9646,0.04281614
9647,0.08401489
9648,0.121124275
9649,0.14123534
9650,0.1381531
9651,0.10134889
9652,0.044403087
9653,-0.029357888
9654,-0.108398445
9655,-0.16287231
9656,-0.15539548
9657,-0.114227295
9658,-0.084198
9659,-0.062316902
9660,-0.028778076
9661,-0.0058288425
9662,-0.007385239
9663,-0.01547242
9664,-0.043975838
9665,-0.08447267
9666,-0.120513916
9667,-0.15020752
9668,-0.19888306
9669,-0.2038269
9670,-0.14572144
9671,-0.059936505
9672,0.011932366
9673,0.048065208
9674,0.038696304
9675,-0.017913792
9676,-0.079711914
9677,-0.1145935
9678,-0.13275145
9679,-0.13543701
9680,-0.14880371
9681,-0.17352295
9682,-0.17358398
9683,-0.15350342
9684,-0.13546753
9685,-0.13040161
9686,-0.1880493
9687,-0.23358156
9688,-0.2258301
9689,-0.15383913
9690,-0.12454224
9691,-0.12841798
9692,-0.13623045
9693,-0.1462402
9694,-0.15786745
9695,-0.11370848
9696,-0.058837887
9697,-0.07577513
9698,-0.09207153
9699,-0.09854125
9700,-0.114563
9701,-0.11331176
9702,-0.1215515
9703,-0.13641359
9704,-0.14001465
9705,-0.13934328
9706,-0.097412124
9707,-0.039581306
9708,-0.031951904
9709,-0.006225586
9710,0.025085434
9711,0.040863022
9712,0.022003189
9713,-0.011352539
9714,-0.060058594
9715,-0.08670043
9716,-0.064788826
9717,0.0054016
9718,0.049957253
9719,0.055755608
9720,0.04608155
9721,0.038818352
9722,0.050811753
9723,0.07943725
9724,0.08920289
9725,0.05789183
9726,0.028472904
9727,0.001037579
9728,-0.028991712
9729,-0.050476067
9730,-0.08157347
9731,-0.034179688
9732,0.028808601
9733,0.08572386
9734,0.12695314
9735,0.10647583
9736,0.03784179
9737,-0.037048332
9738,-0.07202147
9739,-0.047302265
9740,-0.0014038235
9741,0.058654767
9742,0.118560806
9743,0.13174438
9744,0.12771608
9745,0.14633179
9746,0.13082886
9747,0.07809445
9748,0.022857655
9749,0.008239724
9750,0.02166748
9751,0.045318604
9752,0.059265126
9753,0.078277595
9754,0.08258059
9755,0.08868408
9756,0.11520387
9757,0.092681885
9758,0.036926262
9759,-0.009979244
9760,-0.01968383
9761,-0.005340593
9762,0.017120354
9763,0.055389386
9764,0.09002686
9765,0.10482787
9766,0.11968996
9767,0.1359253
9768,0.14248656
9769,0.14685059
9770,0.13473509
9771,0.12982176
9772,0.11392214
9773,0.08724974
9774,0.0713501
9775,0.056945786
9776,0.07321168
9777,0.11788942
9778,0.15209961
9779,0.12149045
9780,0.035125732
9781,-0.08306885
9782,-0.1833496
9783,-0.2382202
9784,-0.23712157
9785,-0.18041997
9786,-0.107727036
9787,-0.039337173
9788,-0.034393266
9789,-0.08651738
9790,-0.122039825
9791,-0.14172365
9792,-0.1894226
9793,-0.16024774
9794,-0.08831782
9795,-0.085022
9796,-0.13342285
9797,-0.23913571
9798,-0.3787536
9799,-0.5005799
9800,-0.50521857
9801,-0.38357538
9802,-0.24746704
9803,-0.11322024
9804,0.04754638
9805,0.23867798
9806,0.41284174
9807,0.57229626
9808,0.70031726
9809,0.7634278
9810,0.69528186
9811,0.53610235
9812,0.3953247
9813,0.30950934
9814,0.23660278
9815,0.20095819
9816,0.18905632
9817,0.1496887
9818,0.14093019
9819,0.09207155
9820,-0.00946039
9821,-0.11941534
9822,-0.1759339
9823,-0.12341303
9824,-0.03793335
9825,0.017425537
9826,0.08099356
9827,0.16769409
9828,0.22610474
9829,0.27169806
9830,0.32156372
9831,0.3648072
9832,0.3151244
9833,0.21765149
9834,0.14602661
9835,0.10397345
9836,0.070007354
9837,0.079528704
9838,0.10586542
9839,0.087066635
9840,0.050872803
9841,-0.08270259
9842,-0.28594968
9843,-0.49343878
9844,-0.64785767
9845,-0.70986927
9846,-0.70703125
9847,-0.64285284
9848,-0.54693604
9849,-0.45620722
9850,-0.36517346
9851,-0.29107666
9852,-0.20202637
9853,-0.106689334
9854,-0.048584074
9855,-0.012115359
9856,0.028289765
9857,0.033721894
9858,0.02105704
9859,-0.010559112
9860,-0.0132448375
9861,0.021606445
9862,0.119903624
9863,0.24066167
9864,0.41415405
9865,0.60034186
9866,0.71218866
9867,0.7424315
9868,0.7369387
9869,0.70272833
9870,0.57763696
9871,0.39569098
9872,0.21649146
9873,-0.024353027
9874,-0.2691344
9875,-0.45703134
9876,-0.59796137
9877,-0.6619873
9878,-0.6963196
9879,-0.78656006
9880,-0.89245605
9881,-0.968109
9882,-0.9577026
9883,-0.87112415
9884,-0.76019293
9885,-0.6231079
9886,-0.4261171
9887,-0.20407104
9888,0.010040283
9889,0.13879368
9890,0.24063122
9891,0.33703613
9892,0.32443264
9893,0.2118836
9894,0.08972156
9895,-0.03744498
9896,-0.16146848
9897,-0.3002015
9898,-0.4079284
9899,-0.46365362
9900,-0.5052185
9901,-0.56848145
9902,-0.5843811
9903,-0.56088245
9904,-0.49945065
9905,-0.34854114
9906,-0.15600604
9907,0.043273747
9908,0.27188104
9909,0.49514756
9910,0.70532227
9911,0.8389585
9912,0.94110125
9913,1.001282
9914,0.9700013
9915,0.8611145
9916,0.7265015
9917,0.56222546
9918,0.37640384
9919,0.16879267
9920,-0.019195512
9921,-0.14862068
9922,-0.23461914
9923,-0.24487299
9924,-0.16525258
9925,-0.07653803
9926,-0.02282703
9927,0.06542975
9928,0.15505965
9929,0.16714466
9930,0.16131586
9931,0.13830554
9932,0.09902969
9933,0.010742128
9934,-0.08337411
9935,-0.16738884
9936,-0.23355113
9937,-0.3068543
9938,-0.35665876
9939,-0.33740234
9940,-0.26116943
9941,-0.18585204
9942,-0.08245847
9943,-0.0027466575
9944,0.09078978
9945,0.23751825
9946,0.4005127
9947,0.4967041
9948,0.5303955
9949,0.5660705
9950,0.58370966
9951,0.56289667
9952,0.52551275
9953,0.4555664
9954,0.35400397
9955,0.23211682
9956,0.11312866
9957,0.0069886
9958,-0.048980825
9959,-0.08358771
9960,-0.09130855
9961,-0.07015996
9962,-0.042358443
9963,0.0020752326
9964,0.067657515
9965,0.09613029
9966,0.10516359
9967,0.110076845
9968,0.099243164
9969,0.05404663
9970,0.02124028
9971,-0.007690519
9972,-0.03820794
9973,-0.058837805
9974,-0.13067621
9975,-0.22717276
9976,-0.32754517
9977,-0.39907828
9978,-0.42095953
9979,-0.4064942
9980,-0.3585816
9981,-0.28964236
9982,-0.21319577
9983,-0.11901857
9984,-0.036254942
9985,0.037231468
9986,0.14706422
9987,0.2293396
9988,0.27572632
9989,0.3027038
9990,0.28790283
9991,0.20227046
9992,0.09918213
9993,-0.010864351
9994,-0.12045277
9995,-0.1782836
9996,-0.23239128
9997,-0.28213492
9998,-0.33526614
9999,-0.34551996
10000,-0.34133917
10001,-0.32809454
10002,-0.28170785
10003,-0.229126
10004,-0.19360347
10005,-0.14370729
10006,-0.09625246
10007,-0.040222142
10008,0.06744384
10009,0.15872192
10010,0.2036133
10011,0.22335812
10012,0.23831175
10013,0.2223205
10014,0.17010501
10015,0.08874503
10016,-0.006072879
10017,-0.067291185
10018,-0.10824582
10019,-0.15338126
10020,-0.22473148
10021,-0.25787348
10022,-0.28494263
10023,-0.30416876
10024,-0.30618292
10025,-0.28799438
10026,-0.24575807
10027,-0.17913823
10028,-0.10940556
10029,-0.051086396
10030,0.038543686
10031,0.13143922
10032,0.20922852
10033,0.25961298
10034,0.27362055
10035,0.26126096
10036,0.21664429
10037,0.14086908
10038,0.05587778
10039,0.012847975
10040,0.022399932
10041,0.055786215
10042,0.093658395
10043,0.15524296
10044,0.20492561
10045,0.20907587
10046,0.20065308
10047,0.17697147
10048,0.1403503
10049,0.100158684
10050,0.07818602
10051,0.071807854
10052,0.05624389
10053,0.04693606
10054,0.046142578
10055,0.03030397
10056,-0.0029296875
10057,-0.019927997
10058,-0.032318093
10059,-0.05032352
10060,-0.06942746
10061,-0.07867429
10062,-0.09130864
10063,-0.106170624
10064,-0.11587528
10065,-0.13549805
10066,-0.14678955
10067,-0.13183595
10068,-0.10568236
10069,-0.07382199
10070,-0.058898933
10071,-0.059265148
10072,-0.07235719
10073,-0.06155397
10074,-0.047943123
10075,-0.028564436
10076,0.00067137554
10077,0.025421143
10078,0.03640747
10079,0.053649902
10080,0.06774902
10081,0.0583191
10082,0.05493164
10083,0.043060314
10084,0.010040268
10085,-0.01980592
10086,-0.022094727
10087,-0.009033199
10088,0.011352539
10089,0.014770523
10090,0.040130623
10091,0.097412124
10092,0.11456301
10093,0.093872085
10094,0.058837872
10095,0.04074096
10096,0.029541016
10097,0.041320816
10098,0.06604004
10099,0.07891846
10100,0.077484146
10101,0.0690918
10102,0.06085204
10103,0.06253053
10104,0.0772705
10105,0.059112564
10106,0.008361803
10107,-0.031341568
10108,-0.051452637
10109,-0.0609436
10110,-0.09066773
10111,-0.12457273
10112,-0.14669803
10113,-0.12728883
10114,-0.10903929
10115,-0.11950682
10116,-0.13787842
10117,-0.12539676
10118,-0.09713746
10119,-0.08306886
10120,-0.07827758
10121,-0.052581787
10122,-0.030639626
10123,-0.00967405
10124,-0.00054932013
10125,0.008209251
10126,0.02059934
10127,0.04339601
10128,0.053497322
10129,0.04586793
10130,0.038024917
10131,0.036621086
10132,0.029449455
10133,0.018096926
10134,0.013885478
10135,0.03073119
10136,0.032165557
10137,0.0044860877
10138,-0.01278688
10139,-0.0129394755
10140,-0.039031982
10141,-0.067932144
10142,-0.07733152
10143,-0.062103253
10144,-0.036834717
10145,-0.0032043383
10146,0.016632088
10147,0.053131126
10148,0.10079957
10149,0.15393065
10150,0.17324828
10151,0.16104126
10152,0.13101196
10153,0.103820786
10154,0.062561035
10155,0.020507807
10156,-0.016174326
10157,-0.033142097
10158,-0.041748025
10159,-0.036163345
10160,-0.015197765
10161,0.009033188
10162,-0.013183579
10163,-0.05575561
10164,-0.10394286
10165,-0.13064575
10166,-0.12844849
10167,-0.11437988
10168,-0.107757576
10169,-0.106536835
10170,-0.10726929
10171,-0.07830812
10172,-0.03408812
10173,-0.0005493313
10174,0.0052185208
10175,-0.016387984
10176,-0.03250122
10177,-0.04348754
10178,-0.0519104
10179,-0.02926635
10180,0.023529042
10181,0.09890746
10182,0.16500853
10183,0.18685913
10184,0.15777588
10185,0.104766846
10186,0.021301277
10187,-0.039001483
10188,-0.047698967
10189,-0.0475464
10190,-0.056823738
10191,-0.061920136
10192,-0.07247925
10193,-0.07678224
10194,-0.07662964
10195,-0.08288576
10196,-0.10656737
10197,-0.12954715
10198,-0.12866211
10199,-0.12985228
10200,-0.15768431
10201,-0.18688965
10202,-0.15917969
10203,-0.09042359
10204,-0.03280639
10205,-0.018829335
10206,-0.027069088
10207,-0.05789184
10208,-0.11111451
10209,-0.13684084
10210,-0.1366882
10211,-0.14657593
10212,-0.13290407
10213,-0.097412124
10214,-0.089141846
10215,-0.103149414
10216,-0.08950803
10217,-0.08074953
10218,-0.06167601
10219,-0.06820679
10220,-0.060363784
10221,-0.031280488
10222,-0.014648423
10223,-0.012756333
10224,0.016632065
10225,0.05361937
10226,0.083435066
10227,0.08233643
10228,0.0731201
10229,0.055023193
10230,0.059906006
10231,0.08981323
10232,0.12948605
10233,0.14035037
10234,0.13235474
10235,0.1149597
10236,0.11212161
10237,0.10540769
10238,0.09963989
10239,0.09207152
10240,0.096588135
10241,0.1043396
10242,0.11788938
10243,0.12997438
10244,0.14520265
10245,0.13909912
10246,0.13769531
10247,0.13882443
10248,0.1508179
10249,0.1552124
10250,0.18310547
10251,0.24026491
10252,0.32128906
10253,0.3520813
10254,0.33959958
10255,0.3006897
10256,0.26553345
10257,0.21380615
10258,0.18920901
10259,0.15814206
10260,0.12994385
10261,0.11148071
10262,0.08813475
10263,0.056793213
10264,0.04067993
10265,0.049072266
10266,0.07046509
10267,0.06726076
10268,0.058868393
10269,0.044006348
10270,0.035247803
10271,0.021942154
10272,0.04455565
10273,0.10778807
10274,0.18167114
10275,0.19653319
10276,0.1762085
10277,0.131897
10278,0.088897675
10279,0.04125978
10280,0.01675415
10281,-0.016357407
10282,-0.061614998
10283,-0.10226439
10284,-0.14227295
10285,-0.14965822
10286,-0.10845946
10287,-0.05279545
10288,-0.023590095
10289,-0.04425049
10290,-0.07690431
10291,-0.11370848
10292,-0.13027954
10293,-0.12292479
10294,-0.10330202
10295,-0.0836792
10296,-0.06362917
10297,-0.07952882
10298,-0.10449219
10299,-0.11761475
10300,-0.12139894
10301,-0.13485716
10302,-0.13555911
10303,-0.13156126
10304,-0.10275268
10305,-0.068634
10306,-0.06295779
10307,-0.072906494
10308,-0.041992165
10309,0.017486539
10310,0.045715317
10311,0.047119156
10312,0.03854367
10313,0.012634277
10314,-0.021911636
10315,-0.03048703
10316,-0.054962173
10317,-0.092285156
10318,-0.10906981
10319,-0.13256837
10320,-0.15966798
10321,-0.16937256
10322,-0.12670898
10323,-0.07711791
10324,-0.05606082
10325,-0.04489134
10326,-0.05337526
10327,-0.06732175
10328,-0.058227554
10329,0.004760757
10330,0.07638548
10331,0.14508057
10332,0.16510008
10333,0.18405153
10334,0.19131468
10335,0.17758179
10336,0.15023802
10337,0.11584471
10338,0.08010866
10339,0.041198745
10340,0.0056762807
10341,-0.032257058
10342,-0.08325195
10343,-0.09570314
10344,-0.09625242
10345,-0.08743286
10346,-0.09637453
10347,-0.09017945
10348,-0.1124573
10349,-0.11825559
10350,-0.11325073
10351,-0.08465573
10352,-0.04019166
10353,-0.006347645
10354,0.0053710854
10355,0.014770519
10356,0.006561272
10357,0.003631588
10358,-0.009613059
10359,-0.036895745
10360,-0.07037349
10361,-0.0722046
10362,-0.07214354
10363,-0.074188225
10364,-0.10110473
10365,-0.1284485
10366,-0.13995358
10367,-0.11349487
10368,-0.09716797
10369,-0.06765746
10370,-0.07171632
10371,-0.10910032
10372,-0.13284299
10373,-0.11419676
10374,-0.08151246
10375,-0.060241707
10376,-0.035034172
10377,-0.026428252
10378,-0.06665038
10379,-0.09561157
10380,-0.11550904
10381,-0.14880371
10382,-0.16830441
10383,-0.14782715
10384,-0.11032104
10385,-0.0646057
10386,-0.03775023
10387,-0.0104370415
10388,-0.028442368
10389,-0.050842293
10390,-0.049346924
10391,-0.012390129
10392,0.028533936
10393,0.06448363
10394,0.087036155
10395,0.084228516
10396,0.06579588
10397,0.023986813
10398,0.0073547475
10399,0.006652817
10400,-0.032104477
10401,-0.06015016
10402,-0.090972915
10403,-0.09512328
10404,-0.08795165
10405,-0.068542495
10406,-0.028106693
10407,0.034454353
10408,0.08181762
10409,0.10568237
10410,0.1156311
10411,0.10620117
10412,0.103698745
10413,0.124786384
10414,0.1796875
10415,0.21847531
10416,0.21463013
10417,0.18948364
10418,0.1348877
10419,0.06979369
10420,0.033538826
10421,0.022613509
10422,0.009033201
10423,-0.008728033
10424,-0.030426024
10425,-0.022460938
10426,0.021148682
10427,0.06134034
10428,0.08834839
10429,0.12228395
10430,0.15869142
10431,0.1877136
10432,0.19638062
10433,0.18029785
10434,0.15280153
10435,0.11380005
10436,0.10934451
10437,0.1173706
10438,0.09887694
10439,0.063140884
10440,0.02529908
10441,-0.0071411105
10442,-0.032928474
10443,-0.03475953
10444,-0.027526814
10445,-0.030364998
10446,-0.04025269
10447,-0.010620113
10448,0.023101795
10449,0.046478275
10450,0.057006836
10451,0.0730896
10452,0.08132935
10453,0.053009033
10454,0.020080566
10455,0.013336185
10456,0.012664791
10457,-0.021026608
10458,-0.046051014
10459,-0.064086914
10460,-0.070282005
10461,-0.063323975
10462,-0.07733153
10463,-0.09164427
10464,-0.103210434
10465,-0.09323121
10466,-0.0956421
10467,-0.1019287
10468,-0.09912108
10469,-0.06396483
10470,-0.02633667
10471,0.0046996996
10472,0.015563965
10473,0.004364006
10474,-0.0077209324
10475,-0.024871822
10476,-0.052337643
10477,-0.064727776
10478,-0.064270034
10479,-0.07229613
10480,-0.110565186
10481,-0.12210083
10482,-0.10308841
10483,-0.08453368
10484,-0.060791
10485,-0.031738274
10486,-0.014373779
10487,-0.0052185133
10488,-0.007537842
10489,0.009216309
10490,0.03314212
10491,0.07489015
10492,0.08090211
10493,0.061889637
10494,0.025878906
10495,0.007537827
10496,0.016998298
10497,0.041992217
10498,0.06607054
10499,0.09716797
10500,0.11483765
10501,0.11703493
10502,0.0705261
10503,0.024810791
10504,0.017547607
10505,0.03994751
10506,0.065399155
10507,0.06893923
10508,0.04187011
10509,-0.01458741
10510,-0.052703865
10511,-0.059631348
10512,-0.08172604
10513,-0.11462402
10514,-0.13513184
10515,-0.15933229
10516,-0.20944217
10517,-0.2315674
10518,-0.20547487
10519,-0.12344358
10520,-0.034240715
10521,0.04644773
10522,0.09359743
10523,0.111328125
10524,0.08346557
10525,0.040466316
10526,0.009094257
10527,-0.0057983473
10528,0.026641823
10529,0.06640624
10530,0.10110471
10531,0.07965088
10532,0.06298829
10533,0.059417725
10534,0.051025406
10535,0.010131821
10536,-0.040924087
10537,-0.10409546
10538,-0.17160037
10539,-0.20806885
10540,-0.20098881
10541,-0.14895627
10542,-0.06713868
10543,0.012298562
10544,0.076354995
10545,0.095123276
10546,0.10287474
10547,0.070678726
10548,0.04190066
10549,0.009704584
10550,-0.023895279
10551,-0.04144287
10552,-0.017761242
10553,-0.0023803674
10554,0.0020751897
10555,-0.0050659105
10556,-0.024932863
10557,-0.07995607
10558,-0.110351585
10559,-0.1489563
10560,-0.17871097
10561,-0.19696045
10562,-0.19335942
10563,-0.18859863
10564,-0.16461182
10565,-0.11459351
10566,-0.03387451
10567,0.028717056
10568,0.0479126
10569,0.052825905
10570,0.06378177
10571,0.033233635
10572,-0.027771018
10573,-0.07406616
10574,-0.06640625
10575,-0.045257565
10576,-0.002288824
10577,0.026611324
10578,0.06558226
10579,0.08618164
10580,0.101318374
10581,0.08319092
10582,0.08468628
10583,0.093078606
10584,0.09466551
10585,0.06762697
10586,0.03167724
10587,0.004577648
10588,0.0035095215
10589,0.0270691
10590,0.09054567
10591,0.1618347
10592,0.1977234
10593,0.17562866
10594,0.11410521
10595,0.03814698
10596,-0.010498047
10597,-0.030609125
10598,0.005218502
10599,0.020599358
10600,0.03747557
10601,0.070251465
10602,0.092742935
10603,0.10211182
10604,0.1194458
10605,0.13165283
10606,0.12670901
10607,0.10635376
10608,0.07339479
10609,0.02334595
10610,-0.04208374
10611,-0.08193969
10612,-0.072723374
10613,-0.0009155348
10614,0.064941406
10615,0.07324219
10616,0.03790284
10617,-0.0045166127
10618,-0.045410156
10619,-0.04434205
10620,-0.019683843
10621,-0.023956299
10622,-0.008758562
10623,0.037689205
10624,0.07870484
10625,0.09237671
10626,0.10601807
10627,0.11959839
10628,0.13562012
10629,0.1373596
10630,0.13000488
10631,0.075988784
10632,-0.020965569
10633,-0.0918274
10634,-0.08404542
10635,-0.022796623
10636,0.018798813
10637,0.02368164
10638,0.003173843
10639,-0.019897483
10640,-0.033477798
10641,-0.016296387
10642,-0.010772698
10643,0.002777107
10644,0.044311523
10645,0.086181656
10646,0.10342407
10647,0.101593025
10648,0.08947755
10649,0.06716919
10650,0.057617195
10651,0.056579567
10652,0.05236816
10653,0.027587898
10654,-0.03677367
10655,-0.09173584
10656,-0.107482925
10657,-0.07757567
10658,-0.028564474
10659,-0.005889885
10660,0.023254402
10661,0.032928452
10662,0.04052733
10663,0.044769287
10664,0.030639663
10665,0.062011726
10666,0.119018555
10667,0.15209962
10668,0.12960815
10669,0.08404542
10670,0.055755638
10671,0.04455567
10672,0.027374282
10673,0.0025634766
10674,-0.0064087063
10675,-0.0073242113
10676,-0.012420651
10677,-0.024078371
10678,-0.011749269
10679,0.004150396
10680,0.01489258
10681,0.018371575
10682,0.03265381
10683,0.03390502
10684,0.044555657
10685,0.036376968
10686,0.021362308
10687,0.06564331
10688,0.09518433
10689,0.033538815
10690,-0.023132324
10691,-0.041931156
10692,-0.07119751
10693,-0.07357787
10694,-0.09823608
10695,-0.100036606
10696,-0.0993347
10697,-0.10250856
10698,-0.053222653
10699,-0.031890877
10700,-0.026733397
10701,-0.032836914
10702,-0.06094362
10703,-0.07037354
10704,-0.06985472
10705,-0.04656983
10706,-0.016662594
10707,-0.026306145
10708,-0.056365974
10709,-0.06484985
10710,-0.08197021
10711,-0.059600845
10712,-0.08651735
10713,-0.13900758
10714,-0.1401062
10715,-0.1496582
10716,-0.14401245
10717,-0.18649292
10718,-0.26446533
10719,-0.2772522
10720,-0.24789429
10721,-0.17532349
10722,-0.13513182
10723,-0.13830565
10724,-0.14788817
10725,-0.12091065
10726,-0.11663817
10727,-0.11184693
10728,-0.0823059
10729,-0.060058594
10730,-0.054931656
10731,-0.058166504
10732,-0.06381224
10733,0.022644043
10734,0.08981322
10735,0.11114501
10736,0.1208191
10737,0.087371826
10738,0.09622191
10739,0.06616209
10740,-0.0030822754
10741,-0.016784668
10742,-0.023254395
10743,0.014007583
10744,0.019592315
10745,-0.022033684
10746,-0.039245594
10747,-0.004516609
10748,0.016174328
10749,0.012969982
10750,0.020904552
10751,0.013854984
10752,0.0011901855
10753,-0.033172607
10754,-0.071197495
10755,0.004913356
10756,0.042633034
10757,0.037445053
10758,0.05947876
10759,0.020141587
10760,0.007629387
10761,-0.018676773
10762,-0.032623284
10763,-0.0075378343
10764,-0.03665162
10765,-0.05187986
10766,-0.08483883
10767,-0.12243652
10768,-0.08874511
10769,-0.006683357
10770,0.054534905
10771,0.07775882
10772,0.068481445
10773,0.06448366
10774,0.08453369
10775,0.08865355
10776,0.08163452
10777,0.070556656
10778,0.11447144
10779,0.18023682
10780,0.20123291
10781,0.17858887
10782,0.14474489
10783,0.15142821
10784,0.21188354
10785,0.2477417
10786,0.2605896
10787,0.20755003
10788,0.1242676
10789,0.06671141
10790,0.06622313
10791,0.08654785
10792,0.109313965
10793,0.11102297
10794,0.07873534
10795,0.068542495
10796,0.106658936
10797,0.07626341
10798,-0.00399781
10799,-0.09963989
10800,-0.120910645
10801,-0.08392333
10802,-0.049591072
10803,-0.023803703
10804,-0.0049438253
10805,0.0281372
10806,0.07229614
10807,0.063384995
10808,0.041961655
10809,0.003753662
10810,-0.027618416
10811,-0.036560066
10812,-0.0326233
10813,-0.022857673
10814,0.008758552
10815,0.0524292
10816,0.06356811
10817,0.08874512
10818,0.12207031
10819,0.13522337
10820,0.10751342
10821,0.056304917
10822,0.040283203
10823,0.07897954
10824,0.08255005
10825,0.07830813
10826,0.04388427
10827,0.03582765
10828,0.04260254
10829,0.03170778
10830,0.02572633
10831,0.029968262
10832,0.060241684
10833,0.084869385
10834,0.06222535
10835,0.011230459
10836,-0.035217267
10837,-0.044342056
10838,-0.043853737
10839,-0.031982437
10840,-0.051452614
10841,-0.10852049
10842,-0.15795898
10843,-0.22598265
10844,-0.2838745
10845,-0.2850647
10846,-0.29599
10847,-0.28189087
10848,-0.28390506
10849,-0.25222775
10850,-0.2189331
10851,-0.20486449
10852,-0.17767334
10853,-0.16036984
10854,-0.15313724
10855,-0.14657593
10856,-0.17700195
10857,-0.20495605
10858,-0.19702148
10859,-0.14233398
10860,-0.104644746
10861,-0.0954895
10862,-0.1270752
10863,-0.13137816
10864,-0.10086061
10865,-0.1372986
10866,-0.17391968
10867,-0.17660525
10868,-0.17236333
10869,-0.11907959
10870,-0.095947295
10871,-0.040801972
10872,-0.018585205
10873,0.010955855
10874,0.060546897
10875,0.06466676
10876,0.050994843
10877,0.020202622
10878,-0.039550796
10879,-0.09091186
10880,-0.13980106
10881,-0.14868164
10882,-0.14056395
10883,-0.153656
10884,-0.13186646
10885,-0.117218
10886,-0.06365968
10887,-0.029815678
10888,-0.015899658
10889,-0.035522506
10890,-0.04486087
10891,-0.009704605
10892,0.029144265
10893,0.068939224
10894,0.065673836
10895,0.05160527
10896,0.017272957
10897,-0.034545884
10898,-0.057891876
10899,-0.106170654
10900,-0.15579224
10901,-0.19842531
10902,-0.2338562
10903,-0.25292972
10904,-0.27236935
10905,-0.30606085
10906,-0.2844239
10907,-0.23541258
10908,-0.1401673
10909,-0.0547486
10910,0.01382447
10911,0.101806626
10912,0.18701172
10913,0.27941895
10914,0.35168454
10915,0.39172363
10916,0.38409424
10917,0.36553958
10918,0.3512268
10919,0.34057617
10920,0.38754272
10921,0.39196774
10922,0.35794067
10923,0.2993775
10924,0.21844473
10925,0.16894537
10926,0.14282224
10927,0.041046202
10928,0.012298614
10929,0.054534912
10930,0.10089119
10931,0.19000255
10932,0.2521667
10933,0.30856323
10934,0.35830694
10935,0.3593139
10936,0.36654663
10937,0.35031125
10938,0.31182867
10939,0.2828369
10940,0.27389526
10941,0.25729364
10942,0.25393677
10943,0.2821961
10944,0.302124
10945,0.3297425
10946,0.35736072
10947,0.3861695
10948,0.39511105
10949,0.4934083
10950,0.5393678
10951,0.45004272
10952,0.39074713
10953,0.28915417
10954,0.22937009
10955,0.14343262
10956,-0.010162413
10957,-0.048675478
10958,-0.06863403
10959,-0.10208124
10960,-0.18112189
10961,-0.23864743
10962,-0.22219855
10963,-0.15753168
10964,-0.1285094
10965,-0.0783692
10966,-0.02609247
10967,0.016662598
10968,0.0473938
10969,0.06674209
10970,0.10971066
10971,0.29501355
10972,0.38516247
10973,0.32678223
10974,0.2459107
10975,0.14108284
10976,0.07183835
10977,-0.059631318
10978,-0.28112802
10979,-0.391571
10980,-0.50787354
10981,-0.59255975
10982,-0.6401978
10983,-0.6949463
10984,-0.7192993
10985,-0.71420276
10986,-0.7323913
10987,-0.7215272
10988,-0.6697387
10989,-0.5991212
10990,-0.5014647
10991,-0.3976746
10992,-0.29489142
10993,-0.07324225
10994,0.0071716607
10995,-0.04101564
10996,-0.07418831
10997,-0.13156134
10998,-0.1618347
10999,-0.20965575
11000,-0.32122812
11001,-0.3414001
11002,-0.3807068
11003,-0.41448972
11004,-0.40216073
11005,-0.4066162
11006,-0.37310806
11007,-0.29187012
11008,-0.22930896
11009,-0.17742914
11010,-0.115631044
11011,-0.07757574
11012,-0.05053702
11013,-0.013122469
11014,0.029266477
11015,0.020141631
11016,-0.03680423
11017,-0.022918701
11018,-0.0291138
11019,0.00030514598
11020,0.049774185
11021,0.11059569
11022,0.19335945
11023,0.20794675
11024,0.20452882
11025,0.17227165
11026,0.1852722
11027,0.21652219
11028,0.25192252
11029,0.27218616
11030,0.27716064
11031,0.25646985
11032,0.21340942
11033,0.18960576
11034,0.21353142
11035,0.26428223
11036,0.30508432
11037,0.24395753
11038,0.17074583
11039,0.16333008
11040,0.16369626
11041,0.17358394
11042,0.18054199
11043,0.20346071
11044,0.2960816
11045,0.33328244
11046,0.3728943
11047,0.39190668
11048,0.41131592
11049,0.43173218
11050,0.41830432
11051,0.41595447
11052,0.4409485
11053,0.41998303
11054,0.3677978
11055,0.31381232
11056,0.2643432
11057,0.19934082
11058,0.14709485
11059,0.06814579
11060,0.011718735
11061,-0.0017700344
11062,-0.021942131
11063,-0.031646773
11064,-0.04812619
11065,-0.040344223
11066,0.0102234185
11067,-0.014709502
11068,-0.034698486
11069,-0.039032027
11070,-0.016143754
11071,-0.01165776
11072,-0.064697206
11073,-0.09732059
11074,-0.11651619
11075,-0.13488768
11076,-0.16342169
11077,-0.20666504
11078,-0.23156738
11079,-0.3078004
11080,-0.36883545
11081,-0.45486462
11082,-0.48950207
11083,-0.4708557
11084,-0.4443665
11085,-0.3979798
11086,-0.39324945
11087,-0.35635376
11088,-0.26382446
11089,-0.2584534
11090,-0.23416136
11091,-0.19927981
11092,-0.16229242
11093,-0.16778567
11094,-0.20507808
11095,-0.2136536
11096,-0.18780525
11097,-0.116363525
11098,-0.042785704
11099,-0.023803696
11100,-0.03964234
11101,-0.11566169
11102,-0.18591312
11103,-0.24987799
11104,-0.24865727
11105,-0.19314575
11106,-0.16467285
11107,-0.119445786
11108,-0.10223387
11109,-0.08120729
11110,-0.03933713
11111,-0.07031253
11112,-0.06576538
11113,-0.06161505
11114,-0.04840082
11115,-0.046478294
11116,-0.057678193
11117,-0.066497825
11118,-0.0896302
11119,-0.063079834
11120,-0.027862592
11121,-0.0035705566
11122,0.0027160347
11123,-0.019683897
11124,-0.058227554
11125,-0.06933596
11126,-0.044860862
11127,-0.0019531325
11128,0.022399895
11129,0.035278324
11130,0.03948975
11131,0.030609138
11132,0.014160179
11133,0.012298584
11134,0.031860344
11135,0.05697632
11136,0.04837036
11137,0.022949234
11138,-0.0033569038
11139,-0.015045121
11140,-0.013549827
11141,-0.0018921345
11142,0.02182006
11143,0.057495102
11144,0.0881043
11145,0.12380977
11146,0.13027951
11147,0.14459229
11148,0.16275024
11149,0.18289182
11150,0.18899533
11151,0.17346193
11152,0.15603638
11153,0.14932251
11154,0.13552856
11155,0.13858032
11156,0.12435911
11157,0.13732907
11158,0.16503906
11159,0.20333864
11160,0.21691898
11161,0.20132452
11162,0.17077635
11163,0.13519281
11164,0.118835434
11165,0.13049316
11166,0.15347296
11167,0.18646236
11168,0.19342038
11169,0.1630249
11170,0.14474484
11171,0.14172363
11172,0.14529416
11173,0.13363647
11174,0.14733887
11175,0.1609497
11176,0.17175293
11177,0.19665527
11178,0.21163937
11179,0.23431395
11180,0.25976562
11181,0.28527835
11182,0.3060913
11183,0.29840088
11184,0.27593994
11185,0.24203491
11186,0.22055052
11187,0.19647218
11188,0.15979004
11189,0.13967894
11190,0.12847899
11191,0.103454605
11192,0.096069336
11193,0.09936525
11194,0.10781859
11195,0.096221946
11196,0.1053467
11197,0.10678101
11198,0.10781861
11199,0.11254881
11200,0.103393555
11201,0.08068848
11202,0.0802307
11203,0.106964126
11204,0.140625
11205,0.13583374
11206,0.10595702
11207,0.03408812
11208,-0.048950195
11209,-0.1132507
11210,-0.15780638
11211,-0.16061401
11212,-0.15512085
11213,-0.16540526
11214,-0.1786499
11215,-0.1736145
11216,-0.16241455
11217,-0.13220215
11218,-0.10110474
11219,-0.08377073
11220,-0.072967514
11221,-0.05679323
11222,-0.0593872
11223,-0.07617187
11224,-0.08447264
11225,-0.07864379
11226,-0.077484116
11227,-0.09429931
11228,-0.110198975
11229,-0.1404724
11230,-0.16519165
11231,-0.16958618
11232,-0.17172241
11233,-0.1680298
11234,-0.17098999
11235,-0.1731262
11236,-0.19635008
11237,-0.21679688
11238,-0.23327635
11239,-0.22457886
11240,-0.2036438
11241,-0.17813107
11242,-0.15841673
11243,-0.15643312
11244,-0.18963623
11245,-0.22454834
11246,-0.23635864
11247,-0.20648193
11248,-0.1682434
11249,-0.12963867
11250,-0.10610963
11251,-0.083740234
11252,-0.06866452
11253,-0.04318237
11254,-0.0202942
11255,-0.011413597
11256,-0.009521447
11257,-0.02886964
11258,-0.057586648
11259,-0.08389282
11260,-0.095123276
11261,-0.09091188
11262,-0.08908081
11263,-0.08917235
11264,-0.0784912
11265,-0.082031265
11266,-0.09515381
11267,-0.10498047
11268,-0.11392212
11269,-0.1027832
11270,-0.087554924
11271,-0.06680298
11272,-0.049468998
11273,-0.02041626
11274,0.013214149
11275,0.038207993
11276,0.048919655
11277,0.025390629
11278,0.007110607
11279,-0.009918224
11280,-0.011322018
11281,-0.00036619976
11282,0.013305655
11283,0.015472399
11284,0.007934571
11285,-0.0068969615
11286,-0.011047362
11287,-0.009216301
11288,-0.0040893517
11289,-0.0047912486
11290,-0.017639168
11291,-0.029510507
11292,-0.033996582
11293,-0.033691403
11294,-0.027069105
11295,-0.0041503906
11296,0.01846315
11297,0.027618408
11298,0.020568842
11299,0.012359636
11300,0.015747074
11301,0.020538308
11302,0.033477772
11303,0.048095714
11304,0.054626457
11305,0.060485825
11306,0.049438477
11307,0.039093025
11308,0.04382325
11309,0.06295776
11310,0.088348396
11311,0.100219734
11312,0.08679201
11313,0.05947875
11314,0.032135002
11315,0.0023803636
11316,-0.0061340295
11317,-0.006164536
11318,-0.003295899
11319,-0.0015564095
11320,0.0011291588
11321,0.014495856
11322,0.025451643
11323,0.040893544
11324,0.043273907
11325,0.03509521
11326,0.022613524
11327,0.009002689
11328,-0.0037536696
11329,-0.0067443848
11330,0.0073242113
11331,0.026428234
11332,0.04891967
11333,0.06015014
11334,0.067718506
11335,0.066833496
11336,0.0777893
11337,0.07794189
11338,0.07919313
11339,0.07305908
11340,0.06671141
11341,0.06591796
11342,0.06286621
11343,0.069000244
11344,0.07296752
11345,0.07601928
11346,0.07598876
11347,0.06594849
11348,0.050933845
11349,0.039031986
11350,0.019805899
11351,0.0070190444
11352,-0.0061340425
11353,-0.008087145
11354,0.006195057
11355,0.018524166
11356,0.033386216
11357,0.044555686
11358,0.075836174
11359,0.08453368
11360,0.076110855
11361,0.045806885
11362,0.02386474
11363,0.006652832
11364,0.012786863
11365,0.017944336
11366,0.020294182
11367,0.02075196
11368,0.02386475
11369,0.030731205
11370,0.025482176
11371,0.01626587
11372,-0.0065307617
11373,-0.030120846
11374,-0.06097413
11375,-0.07861327
11376,-0.07672121
11377,-0.087768555
11378,-0.09103392
11379,-0.10437012
11380,-0.10357667
11381,-0.09948729
11382,-0.104187004
11383,-0.10916138
11384,-0.12628174
11385,-0.13912964
11386,-0.14257812
11387,-0.13995361
11388,-0.13537599
11389,-0.12310792
11390,-0.09933472
11391,-0.06396485
11392,-0.02993774
11393,0.017639164
11394,0.050354
11395,0.06564329
11396,0.050964355
11397,0.027740471
11398,-0.0025024489
11399,-0.027709957
11400,-0.039093003
11401,-0.050415047
11402,-0.051696785
11403,-0.032928452
11404,-0.016815193
11405,0.01159668
11406,0.037109368
11407,0.05618284
11408,0.06430054
11409,0.052825913
11410,0.036407486
11411,0.021972664
11412,0.013061509
11413,0.0075378306
11414,0.015533455
11415,0.035614014
11416,0.055664055
11417,0.0717468
11418,0.07559204
11419,0.068939194
11420,0.044494625
11421,0.024780277
11422,0.014007581
11423,-0.0014343411
11424,-0.009674078
11425,-0.002166734
11426,0.016815176
11427,0.035308838
11428,0.051025383
11429,0.064270005
11430,0.0692444
11431,0.049987797
11432,0.027557377
11433,-0.0012207106
11434,-0.024688732
11435,-0.037658695
11436,-0.036315933
11437,-0.021209702
11438,-0.002868645
11439,0.012542717
11440,0.013061538
11441,0.010528564
11442,-0.0022888035
11443,0.0059204064
11444,0.01794434
11445,0.03042603
11446,0.041931152
11447,0.04776001
11448,0.054656968
11449,0.05419922
11450,0.06219481
11451,0.059936516
11452,0.04870606
11453,0.012603767
11454,-0.03182983
11455,-0.07653806
11456,-0.11166383
11457,-0.1324768
11458,-0.15557861
11459,-0.17187499
11460,-0.18005368
11461,-0.17727658
11462,-0.16708373
11463,-0.14193726
11464,-0.10028075
11465,-0.05468751
11466,-0.009155273
11467,0.025604239
11468,0.037933372
11469,0.031433105
11470,0.032073967
11471,0.030975334
11472,0.02810669
11473,0.028991692
11474,0.032409683
11475,0.03646852
11476,0.03646849
11477,0.04421997
11478,0.05014038
11479,0.056610107
11480,0.040649414
11481,0.019195572
11482,0.0030518025
11483,-0.0072936863
11484,-0.0021362007
11485,0.012512237
11486,0.041748047
11487,0.0765686
11488,0.10726929
11489,0.12603758
11490,0.1274414
11491,0.11703491
11492,0.11309814
11493,0.1080017
11494,0.1038208
11495,0.10357666
11496,0.10342407
11497,0.10928346
11498,0.116363525
11499,0.12316896
11500,0.12225342
11501,0.11584473
11502,0.101593025
11503,0.07263182
11504,0.051635765
11505,0.036193836
11506,0.038757335
11507,0.046112064
11508,0.056762673
11509,0.067779556
11510,0.06835936
11511,0.07080078
11512,0.06781007
11513,0.05715941
11514,0.046112046
11515,0.024902344
11516,0.0013122708
11517,-0.00988771
11518,-0.006500244
11519,0.011413574
11520,0.041046157
11521,0.07162474
11522,0.08944704
11523,0.08981322
11524,0.07714845
11525,0.053649858
11526,0.052246116
11527,0.062225334
11528,0.09094241
11529,0.11621094
11530,0.12557983
11531,0.110137984
11532,0.051940918
11533,-0.020843491
11534,-0.11395264
11535,-0.19833374
11536,-0.26739502
11537,-0.2976684
11538,-0.30319208
11539,-0.29248047
11540,-0.2939148
11541,-0.27667242
11542,-0.26916504
11543,-0.25546268
11544,-0.23437497
11545,-0.20126343
11546,-0.16055295
11547,-0.14974976
11548,-0.17355348
11549,-0.24868779
11550,-0.33245853
11551,-0.42935184
11552,-0.4902039
11553,-0.5014649
11554,-0.450592
11555,-0.34957886
11556,-0.23760986
11557,-0.10803226
11558,0.014526337
11559,0.14453119
11560,0.23480219
11561,0.2796936
11562,0.251831
11563,0.19662482
11564,0.12936403
11565,0.080902085
11566,0.07229616
11567,0.118926995
11568,0.20315552
11569,0.29708862
11570,0.35076904
11571,0.34756473
11572,0.30130008
11573,0.21295169
11574,0.1263426
11575,0.078948796
11576,0.07757561
11577,0.10662842
11578,0.14334105
11579,0.18518066
11580,0.23410033
11581,0.28439325
11582,0.3178405
11583,0.31835938
11584,0.265747
11585,0.1893006
11586,0.10494995
11587,0.015960664
11588,-0.046722412
11589,-0.07357788
11590,-0.06372073
11591,-0.04235831
11592,-0.05038464
11593,-0.08334339
11594,-0.13723743
11595,-0.2080077
11596,-0.26480108
11597,-0.27938858
11598,-0.23648071
11599,-0.15762335
11600,-0.048370346
11601,0.05444336
11602,0.14407347
11603,0.19290155
11604,0.20211782
11605,0.16845705
11606,0.12503046
11607,0.06579595
11608,0.023132324
11609,-0.031158477
11610,-0.078704834
11611,-0.12390137
11612,-0.1485901
11613,-0.14529414
11614,-0.10556041
11615,-0.047637746
11616,0.009979352
11617,0.056579635
11618,0.08398441
11619,0.08865354
11620,0.068786636
11621,0.036163278
11622,0.0019531474
11623,-0.037750214
11624,-0.08728023
11625,-0.13836664
11626,-0.17703246
11627,-0.1936035
11628,-0.1819153
11629,-0.149994
11630,-0.075469956
11631,0.005523652
11632,0.09396362
11633,0.13046263
11634,0.12399283
11635,0.07922372
11636,0.03842163
11637,-0.0049438477
11638,-0.025695711
11639,-0.027130008
11640,-0.020690769
11641,-0.03518668
11642,-0.06866445
11643,-0.1195984
11644,-0.17474362
11645,-0.22592163
11646,-0.2790527
11647,-0.31954953
11648,-0.34652707
11649,-0.35061646
11650,-0.3265075
11651,-0.28482056
11652,-0.20272824
11653,-0.092193514
11654,0.02532956
11655,0.11071777
11656,0.1644592
11657,0.19464111
11658,0.22341928
11659,0.26193225
11660,0.30123895
11661,0.342102
11662,0.37344366
11663,0.37136853
11664,0.3310547
11665,0.25817877
11666,0.17941284
11667,0.1097412
11668,0.04934693
11669,0.0042724907
11670,-0.016296342
11671,-0.0076294094
11672,0.018798858
11673,0.058685288
11674,0.119140655
11675,0.19912732
11676,0.2786865
11677,0.32446292
11678,0.3392333
11679,0.32418826
11680,0.3023377
11681,0.29696643
11682,0.29797357
11683,0.30377197
11684,0.29971313
11685,0.26101694
11686,0.17962646
11687,0.07241823
11688,-0.039337166
11689,-0.13909914
11690,-0.2319336
11691,-0.29879755
11692,-0.35128784
11693,-0.3816223
11694,-0.38269037
11695,-0.3607483
11696,-0.34713742
11697,-0.33370963
11698,-0.33807376
11699,-0.34954828
11700,-0.3614502
11701,-0.36691293
11702,-0.33938596
11703,-0.28884897
11704,-0.22824109
11705,-0.15838635
11706,-0.0934448
11707,-0.053588796
11708,-0.04461669
11709,-0.039337143
11710,-0.04986573
11711,-0.047027603
11712,-0.04699704
11713,-0.028015077
11714,-0.0006103441
11715,0.038696274
11716,0.08743285
11717,0.13342276
11718,0.15441893
11719,0.15032959
11720,0.13250734
11721,0.10052495
11722,0.06390384
11723,0.020873934
11724,-0.014190659
11725,-0.05520638
11726,-0.09109508
11727,-0.10891736
11728,-0.12319946
11729,-0.123046845
11730,-0.11529541
11731,-0.09371948
11732,-0.073730476
11733,-0.053955093
11734,-0.032745354
11735,-0.027954089
11736,-0.017364526
11737,-0.009246839
11738,0.010681106
11739,0.023590073
11740,0.020385727
11741,-0.0043640565
11742,-0.03570555
11743,-0.06362914
11744,-0.08737177
11745,-0.091613874
11746,-0.083923325
11747,-0.064300574
11748,-0.040161192
11749,-0.009735206
11750,0.011566125
11751,0.032592773
11752,0.058624245
11753,0.081237815
11754,0.113983154
11755,0.13220215
11756,0.16516113
11757,0.17538454
11758,0.19085693
11759,0.2079773
11760,0.22634885
11761,0.23791501
11762,0.22961424
11763,0.20108029
11764,0.15347293
11765,0.10720822
11766,0.06619267
11767,0.035278294
11768,0.006683346
11769,-0.0010070652
11770,-0.0048828423
11771,-0.0025330037
11772,0.0060729906
11773,0.015624994
11774,0.030059818
11775,0.033569332
11776,0.055786133
11777,0.0612793
11778,0.07427977
11779,0.07434082
11780,0.07299805
11781,0.074859634
11782,0.07861326
11783,0.089843705
11784,0.08242796
11785,0.06573483
11786,0.030120857
11787,0.0073547214
11788,-0.010498013
11789,-0.025939964
11790,-0.035797127
11791,-0.03713987
11792,-0.034240752
11793,-0.028747609
11794,-0.013275161
11795,0.003417965
11796,0.023529042
11797,0.050537102
11798,0.08496094
11799,0.11224367
11800,0.13757324
11801,0.1571045
11802,0.16555786
11803,0.17480469
11804,0.17132567
11805,0.16979976
11806,0.15255736
11807,0.1389465
11808,0.1178589
11809,0.09631345
11810,0.07910157
11811,0.06643678
11812,0.052246116
11813,0.042846695
11814,0.029876713
11815,0.022521965
11816,0.016143784
11817,0.012786873
11818,0.003540054
11819,-0.0048828125
11820,-0.021087654
11821,-0.037506104
11822,-0.05047608
11823,-0.076293975
11824,-0.091705315
11825,-0.106781006
11826,-0.11892701
11827,-0.12905884
11828,-0.14129639
11829,-0.14779663
11830,-0.16665651
11831,-0.17514041
11832,-0.18731688
11833,-0.18597409
11834,-0.1822815
11835,-0.16970825
11836,-0.15686032
11837,-0.13977051
11838,-0.13119508
11839,-0.11492918
11840,-0.10479735
11841,-0.09387206
11842,-0.08563234
11843,-0.0755005
11844,-0.05880737
11845,-0.043212913
11846,-0.019378647
11847,-0.01278688
11848,-0.015197761
11849,-0.030639648
11850,-0.051849376
11851,-0.07846069
11852,-0.09631349
11853,-0.11181641
11854,-0.11495972
11855,-0.11138914
11856,-0.107635505
11857,-0.10202026
11858,-0.097534165
11859,-0.09860229
11860,-0.10437013
11861,-0.10641477
11862,-0.112762436
11863,-0.120422356
11864,-0.133667
11865,-0.14556886
11866,-0.15716553
11867,-0.15734865
11868,-0.1515503
11869,-0.15533447
11870,-0.15365602
11871,-0.16305542
11872,-0.1642151
11873,-0.17697144
11874,-0.18225099
11875,-0.18719482
11876,-0.18582156
11877,-0.18072508
11878,-0.16336061
11879,-0.14154051
11880,-0.112976074
11881,-0.08563232
11882,-0.056701668
11883,-0.036865227
11884,-0.018127423
11885,-0.0018310472
11886,0.007110603
11887,0.012451172
11888,0.010864273
11889,0.017364487
11890,0.025512699
11891,0.032989502
11892,0.046844475
11893,0.05087279
11894,0.044189453
11895,0.0317688
11896,0.0227356
11897,0.0021667592
11898,-0.004180912
11899,0.0007629413
11900,0.008941658
11901,0.019073498
11902,0.03933715
11903,0.0482483
11904,0.0633545
11905,0.06674194
11906,0.086761475
11907,0.095336914
11908,0.10705568
11909,0.11593627
11910,0.11444094
11911,0.09906005
11912,0.079925545
11913,0.050842285
11914,0.03085329
11915,0.015563976
11916,0.0023193564
11917,0.0021362384
11918,-0.006835938
11919,-0.010894768
11920,-0.011169432
11921,-0.007751465
11922,0.00030518323
11923,0.004364025
11924,0.02120971
11925,0.03176881
11926,0.05313112
11927,0.063110344
11928,0.08773804
11929,0.09310912
11930,0.10821535
11931,0.119171135
11932,0.12411502
11933,0.11947632
11934,0.10964967
11935,0.093475334
11936,0.0725403
11937,0.060241703
11938,0.043487556
11939,0.04357911
11940,0.047760017
11941,0.05841064
11942,0.08123779
11943,0.09625244
11944,0.10733032
11945,0.10943603
11946,0.11270139
11947,0.109497055
11948,0.112457275
11949,0.109558105
11950,0.11917113
11951,0.1279602
11952,0.13980103
11953,0.15026855
11954,0.15405273
11955,0.15927126
11956,0.16098022
11957,0.15985107
11958,0.15637209
11959,0.15808107
11960,0.15856934
11961,0.15774533
11962,0.15426639
11963,0.15463258
11964,0.15402222
11965,0.1479187
11966,0.14175415
11967,0.12890624
11968,0.119354226
11969,0.105834946
11970,0.09487915
11971,0.07873535
11972,0.06820678
11973,0.061737083
11974,0.057037372
11975,0.04418946
11976,0.035064694
11977,0.032287616
11978,0.02670288
11979,0.04089357
11980,0.05194091
11981,0.06063842
11982,0.06976318
11983,0.067474365
11984,0.064270034
11985,0.05419922
11986,0.043334976
11987,0.03698732
11988,0.031036377
11989,0.028778091
11990,0.02539064
11991,0.02078247
11992,0.00082398206
11993,-0.013336174
11994,-0.03512574
11995,-0.04690551
11996,-0.061065678
11997,-0.07296751
11998,-0.07983399
11999,-0.084503174
12000,-0.09039306
12001,-0.087707505
12002,-0.08486939
12003,-0.087890625
12004,-0.07989503
12005,-0.07238771
12006,-0.06893921
12007,-0.061462406
12008,-0.05975341
12009,-0.06179809
12010,-0.069732666
12011,-0.0734558
12012,-0.086944565
12013,-0.09750365
12014,-0.1140747
12015,-0.111206055
12016,-0.11993408
12017,-0.12197876
12018,-0.12380981
12019,-0.13208005
12020,-0.13955687
12021,-0.14801024
12022,-0.15841675
12023,-0.1671448
12024,-0.1736145
12025,-0.18170166
12026,-0.17138672
12027,-0.15789795
12028,-0.13113406
12029,-0.10714723
12030,-0.08276368
12031,-0.07061768
12032,-0.065643296
12033,-0.058959953
12034,-0.06875608
12035,-0.06405638
12036,-0.06262207
12037,-0.04693605
12038,-0.04876709
12039,-0.036468513
12040,-0.044403087
12041,-0.058410615
12042,-0.06600952
12043,-0.07659911
12044,-0.07336425
12045,-0.07635499
12046,-0.06869507
12047,-0.060272224
12048,-0.04693604
12049,-0.027923591
12050,-0.0019226111
12051,0.017761227
12052,0.03430176
12053,0.04953001
12054,0.05938722
12055,0.06930542
12056,0.07025146
12057,0.07757569
12058,0.08959961
12059,0.09771729
12060,0.10235596
12061,0.10632326
12062,0.10531616
12063,0.09704591
12064,0.09686278
12065,0.097076416
12066,0.10101317
12067,0.1053772
12068,0.111541755
12069,0.11074828
12070,0.11120607
12071,0.113861114
12072,0.11593628
12073,0.1121521
12074,0.10913086
12075,0.10769652
12076,0.10980226
12077,0.103302
12078,0.10302733
12079,0.09912111
12080,0.10058594
12081,0.09545897
12082,0.095703125
12083,0.0926819
12084,0.08428955
12085,0.086151116
12086,0.08032226
12087,0.073730454
12088,0.0628662
12089,0.042602547
12090,0.019042969
12091,-0.0016479418
12092,-0.022827119
12093,-0.04138183
12094,-0.058319107
12095,-0.07092287
12096,-0.08068846
12097,-0.088378906
12098,-0.08654786
12099,-0.08389284
12100,-0.069488525
12101,-0.06802368
12102,-0.059417736
12103,-0.053039543
12104,-0.03942872
12105,-0.02944946
12106,-0.016387947
12107,0.0031127837
12108,0.0108337235
12109,0.01586914
12110,0.011291496
12111,3.051199e-05
12112,-0.032348633
12113,-0.05984497
12114,-0.07394408
12115,-0.08349609
12116,-0.07556152
12117,-0.060424805
12118,-0.054565415
12119,-0.056304943
12120,-0.06329344
12121,-0.07839967
12122,-0.09466553
12123,-0.10110475
12124,-0.102539085
12125,-0.08712769
12126,-0.05895997
12127,-0.022613525
12128,0.014678944
12129,0.046661355
12130,0.058746345
12131,0.051574692
12132,0.036346428
12133,0.021026636
12134,0.02615358
12135,0.054840103
12136,0.05526735
12137,0.049438484
12138,0.028472893
12139,0.011291504
12140,-0.011413552
12141,-0.018219
12142,-0.024749745
12143,-0.028991716
12144,-0.031677227
12145,-0.032501236
12146,-0.042572036
12147,-0.04956054
12148,-0.05526734
12149,-0.057922367
12150,-0.048126232
12151,-0.03723145
12152,-0.023986794
12153,-0.019714367
12154,-0.016113289
12155,-0.0019225776
12156,0.034728996
12157,0.08059693
12158,0.10504149
12159,0.115844734
12160,0.107238755
12161,0.09124757
12162,0.08065796
12163,0.07382201
12164,0.0713501
12165,0.06668091
12166,0.061309814
12167,0.059509277
12168,0.043975838
12169,0.032714844
12170,0.013214111
12171,-0.008880621
12172,-0.029357927
12173,-0.0369873
12174,-0.056640603
12175,-0.07009888
12176,-0.07876587
12177,-0.084289536
12178,-0.048858635
12179,-0.017730694
12180,0.0018310472
12181,0.0072326735
12182,-0.0067138933
12183,-0.03167725
12184,-0.043334972
12185,-0.05001831
12186,-0.0479126
12187,-0.037261948
12188,-0.03189086
12189,-0.03558351
12190,-0.049926758
12191,-0.06109619
12192,-0.08450317
12193,-0.106994644
12194,-0.13833618
12195,-0.15856934
12196,-0.17514037
12197,-0.17422482
12198,-0.16073605
12199,-0.15194702
12200,-0.14398193
12201,-0.14727782
12202,-0.13583376
12203,-0.12655641
12204,-0.114654556
12205,-0.08859253
12206,-0.06951906
12207,-0.05154419
12208,-0.039947513
12209,-0.023071276
12210,-0.0211792
12211,-0.009185813
12212,-0.0010375977
12213,0.0029601976
12214,0.009704605
12215,0.009429939
12216,-0.0031127706
12217,-0.027038582
12218,-0.04699707
12219,-0.06359861
12220,-0.073089585
12221,-0.08178713
12222,-0.08789062
12223,-0.10040283
12224,-0.10324097
12225,-0.09152223
12226,-0.0776062
12227,-0.051879883
12228,-0.03768923
12229,-0.022796618
12230,-0.026519775
12231,-0.030212391
12232,-0.034667965
12233,-0.028198265
12234,-0.020385742
12235,-0.013366705
12236,-0.009613021
12237,-0.0081481775
12238,-0.005554178
12239,-0.0030517634
12240,0.01229858
12241,0.029266357
12242,0.038146965
12243,0.042846657
12244,0.030212402
12245,0.012054425
12246,0.0060730055
12247,0.012512203
12248,0.031646736
12249,0.05935669
12250,0.081787124
12251,0.09603882
12252,0.09692382
12253,0.09390259
12254,0.09173582
12255,0.10256957
12256,0.11715698
12257,0.1335144
12258,0.13284302
12259,0.12225342
12260,0.12680055
12261,0.1453247
12262,0.15493771
12263,0.16854858
12264,0.17187501
12265,0.16989136
12266,0.15844727
12267,0.13034056
12268,0.118408196
12269,0.11035156
12270,0.1156311
12271,0.11169433
12272,0.10360718
12273,0.08755493
12274,0.07122802
12275,0.059814446
12276,0.05084227
12277,0.042510986
12278,0.04309082
12279,0.043334965
12280,0.05200195
12281,0.07794187
12282,0.06314087
12283,0.053833
12284,0.062133785
12285,0.055450432
12286,0.061889634
12287,0.06561279
12288,0.042877212
12289,0.036071755
12290,0.0423584
12291,0.052215576
12292,0.07473754
12293,0.08422853
12294,0.09033203
12295,0.08700561
12296,0.08422851
12297,0.07220458
12298,0.06335448
12299,0.056488037
12300,0.06259155
12301,0.062072754
12302,0.07550048
12303,0.0995178
12304,0.08471679
12305,0.06509398
12306,0.06274414
12307,0.04461669
12308,0.04537964
12309,0.054565437
12310,0.06127931
12311,0.10440064
12312,0.11361694
12313,0.10922243
12314,0.10934448
12315,0.0831604
12316,0.077606186
12317,0.0664978
12318,0.043792725
12319,0.038391113
12320,0.031799316
12321,0.013977058
12322,-0.0050964355
12323,-0.03799438
12324,-0.056182854
12325,-0.059722908
12326,-0.091033936
12327,-0.12164306
12328,-0.12701415
12329,-0.13949586
12330,-0.12847903
12331,-0.11459349
12332,-0.112548806
12333,-0.07492066
12334,-0.07165527
12335,-0.08013915
12336,-0.08300781
12337,-0.10464475
12338,-0.10064696
12339,-0.099243164
12340,-0.10440064
12341,-0.09368898
12342,-0.08251953
12343,-0.081146225
12344,-0.0897522
12345,-0.11117552
12346,-0.14099121
12347,-0.18325804
12348,-0.19076538
12349,-0.19357298
12350,-0.18814088
12351,-0.17196655
12352,-0.14843751
12353,-0.123291016
12354,-0.100311264
12355,-0.075286865
12356,-0.071136475
12357,-0.083099365
12358,-0.091552734
12359,-0.09957885
12360,-0.09756468
12361,-0.08996581
12362,-0.08203126
12363,-0.05676271
12364,-0.044769276
12365,-0.044128403
12366,-0.049041755
12367,-0.062225312
12368,-0.07739257
12369,-0.09118649
12370,-0.08282471
12371,-0.07983397
12372,-0.0927124
12373,-0.100250244
12374,-0.11911013
12375,-0.1342163
12376,-0.15078735
12377,-0.17257692
12378,-0.1801758
12379,-0.17803955
12380,-0.18115233
12381,-0.1668396
12382,-0.16525269
12383,-0.15634155
12384,-0.13485718
12385,-0.11691285
12386,-0.10467529
12387,-0.08264157
12388,-0.056854248
12389,-0.031158432
12390,-0.011016846
12391,0.01150514
12392,0.044494618
12393,0.06262208
12394,0.061676025
12395,0.060791
12396,0.041107185
12397,0.023193344
12398,0.021057121
12399,-0.008789048
12400,-0.010559082
12401,-0.011291511
12402,-0.008392334
12403,-0.0024108812
12404,0.0039062575
12405,0.01547242
12406,0.034393296
12407,0.04284668
12408,0.055480953
12409,0.0777283
12410,0.09817505
12411,0.13189699
12412,0.14816284
12413,0.16729738
12414,0.19430542
12415,0.2202759
12416,0.22418213
12417,0.2371826
12418,0.23016357
12419,0.21759033
12420,0.21542358
12421,0.18777469
12422,0.1911316
12423,0.19284055
12424,0.19732666
12425,0.19805907
12426,0.196991
12427,0.18399048
12428,0.17807007
12429,0.1578369
12430,0.14355469
12431,0.12960817
12432,0.11859131
12433,0.11282349
12434,0.1054077
12435,0.08685303
12436,0.09622194
12437,0.102722175
12438,0.11105345
12439,0.12600708
12440,0.13494876
12441,0.13864134
12442,0.14675903
12443,0.13400272
12444,0.13552858
12445,0.14071655
12446,0.1460266
12447,0.15725708
12448,0.1584778
12449,0.14984131
12450,0.15267944
12451,0.12911984
12452,0.115814224
12453,0.09356691
12454,0.07769776
12455,0.0593872
12456,0.052947994
12457,0.037109375
12458,0.03555297
12459,0.02377319
12460,0.020721432
12461,0.02035522
12462,0.024200441
12463,0.03231812
12464,0.033691406
12465,0.038238533
12466,0.038757347
12467,0.049682617
12468,0.06393431
12469,0.079711914
12470,0.07788086
12471,0.06729125
12472,0.059448235
12473,0.02645874
12474,-0.0007934496
12475,-0.033905037
12476,-0.053527825
12477,-0.07794191
12478,-0.08850097
12479,-0.10656739
12480,-0.114593506
12481,-0.12667847
12482,-0.12292479
12483,-0.12030028
12484,-0.1194763
12485,-0.11065676
12486,-0.1084595
12487,-0.106750496
12488,-0.10897825
12489,-0.1085205
12490,-0.10104371
12491,-0.091674805
12492,-0.08462525
12493,-0.07650758
12494,-0.06802367
12495,-0.07318115
12496,-0.07366943
12497,-0.08047488
12498,-0.08462524
12499,-0.084045425
12500,-0.082794175
12501,-0.0840149
12502,-0.088775635
12503,-0.08602907
12504,-0.089355454
12505,-0.087371826
12506,-0.099823
12507,-0.099334724
12508,-0.11203003
12509,-0.12158203
12510,-0.12557985
12511,-0.1257019
12512,-0.12368775
12513,-0.11605838
12514,-0.10397341
12515,-0.08892825
12516,-0.07116698
12517,-0.05929565
12518,-0.04708861
12519,-0.054107685
12520,-0.057006843
12521,-0.0706787
12522,-0.082061775
12523,-0.09701538
12524,-0.11538693
12525,-0.12588501
12526,-0.14611816
12527,-0.16345215
12528,-0.1979065
12529,-0.22488403
12530,-0.26428226
12531,-0.29977414
12532,-0.32876587
12533,-0.34912106
12534,-0.37091064
12535,-0.37966925
12536,-0.38619998
12537,-0.3916626
12538,-0.38046262
12539,-0.3664856
12540,-0.34017944
12541,-0.31463623
12542,-0.27441406
12543,-0.23562622
12544,-0.18457031
12545,-0.12649536
12546,-0.070281975
12547,-0.004211426
12548,0.05065918
12549,0.11291505
12550,0.1656494
12551,0.20730594
12552,0.23532112
12553,0.24810782
12554,0.23519897
12555,0.208374
12556,0.16473389
12557,0.114593565
12558,0.068725646
12559,0.027282715
12560,-0.0046387017
12561,-0.023620576
12562,-0.035247803
12563,-0.03643796
12564,-0.033813477
12565,-0.025848389
12566,-0.00674437
12567,0.0262146
12568,0.052764885
12569,0.09170534
12570,0.12539674
12571,0.15524292
12572,0.18685912
12573,0.21191409
12574,0.23648076
12575,0.25646967
12576,0.26809692
12577,0.2710876
12578,0.2654419
12579,0.25146493
12580,0.23858649
12581,0.22930908
12582,0.21508786
12583,0.21795654
12584,0.22741693
12585,0.2566529
12586,0.27560425
12587,0.30062863
12588,0.31579596
12589,0.32614136
12590,0.32369995
12591,0.33001706
12592,0.32824707
12593,0.32400516
12594,0.31832886
12595,0.31243902
12596,0.30871582
12597,0.30621332
12598,0.30316162
12599,0.2971496
12600,0.27993774
12601,0.25885016
12602,0.23016363
12603,0.2036438
12604,0.15475461
12605,0.11773682
12606,0.07342532
12607,0.029449373
12608,-0.020324618
12609,-0.06539911
12610,-0.1194458
12611,-0.17593384
12612,-0.23657228
12613,-0.29617307
12614,-0.36096194
12615,-0.42562872
12616,-0.48211676
12617,-0.526947
12618,-0.55560297
12619,-0.56021106
12620,-0.5492553
12621,-0.51718134
12622,-0.48294073
12623,-0.43148804
12624,-0.38803098
12625,-0.33578488
12626,-0.29714966
12627,-0.25140375
12628,-0.21923822
12629,-0.18499762
12630,-0.16198725
12631,-0.14303583
12632,-0.13568121
12633,-0.13409424
12634,-0.13308716
12635,-0.13143906
12636,-0.122284025
12637,-0.10433969
12638,-0.07373044
12639,-0.04180917
12640,0.00064083934
12641,0.04638672
12642,0.08383173
12643,0.118652314
12644,0.13943487
12645,0.16040033
12646,0.1661376
12647,0.17709345
12648,0.17251587
12649,0.16064449
12650,0.13894653
12651,0.11111441
12652,0.072815
12653,0.03262335
12654,-0.0070191473
12655,-0.0456848
12656,-0.07171631
12657,-0.098052844
12658,-0.10604867
12659,-0.10504159
12660,-0.091522194
12661,-0.073120244
12662,-0.044189483
12663,0.00076295435
12664,0.050659135
12665,0.10855101
12666,0.15695195
12667,0.20669548
12668,0.25015253
12669,0.29278558
12670,0.32989502
12671,0.36315912
12672,0.38391107
12673,0.403656
12674,0.4159546
12675,0.42785645
12676,0.42639154
12677,0.41732788
12678,0.40771484
12679,0.39810187
12680,0.38314816
12681,0.3728943
12682,0.35601813
12683,0.3422241
12684,0.3227843
12685,0.31958008
12686,0.31781
12687,0.32080078
12688,0.3156739
12689,0.30673206
12690,0.28543085
12691,0.25173944
12692,0.22116089
12693,0.1869201
12694,0.15554804
12695,0.12133786
12696,0.08599849
12697,0.045501664
12698,-0.00479123
12699,-0.054077134
12700,-0.09835815
12701,-0.1440736
12702,-0.19338986
12703,-0.23333737
12704,-0.27456668
12705,-0.3100586
12706,-0.34152225
12707,-0.36102283
12708,-0.37088007
12709,-0.3804931
12710,-0.38302615
12711,-0.38345343
12712,-0.38055417
12713,-0.38128662
12714,-0.368927
12715,-0.35345453
12716,-0.335083
12717,-0.3141784
12718,-0.2883301
12719,-0.25955203
12720,-0.23672481
12721,-0.20574951
12722,-0.18423462
12723,-0.15917979
12724,-0.1354675
12725,-0.11303709
12726,-0.08880617
12727,-0.07366945
12728,-0.056549076
12729,-0.04656975
12730,-0.041076634
12731,-0.04766842
12732,-0.052276626
12733,-0.06460573
12734,-0.07342525
12735,-0.07690428
12736,-0.07659912
12737,-0.07699581
12738,-0.07043454
12739,-0.06701652
12740,-0.074829146
12741,-0.08404545
12742,-0.09243773
12743,-0.10028078
12744,-0.116760254
12745,-0.12731944
12746,-0.13552853
12747,-0.1516113
12748,-0.15945433
12749,-0.16610718
12750,-0.16088869
12751,-0.15682977
12752,-0.14575192
12753,-0.1319885
12754,-0.11758426
12755,-0.1038208
12756,-0.086303666
12757,-0.0644836
12758,-0.04345703
12759,-0.021118112
12760,0.0010070894
12761,0.024047917
12762,0.050262403
12763,0.08300779
12764,0.11300662
12765,0.13986206
12766,0.15359497
12767,0.16943353
12768,0.17788698
12769,0.18167116
12770,0.17697144
12771,0.1738587
12772,0.15911864
12773,0.14178471
12774,0.12155156
12775,0.09655764
12776,0.07699581
12777,0.053802505
12778,0.03656012
12779,0.023162879
12780,0.011444092
12781,0.0025635064
12782,0.0021667853
12783,0.0010071024
12784,0.0047607273
12785,0.013824452
12786,0.02005009
12787,0.031860344
12788,0.03787233
12789,0.039459202
12790,0.039764404
12791,0.043304443
12792,0.041625947
12793,0.039947547
12794,0.028869644
12795,0.00598149
12796,-0.012268013
12797,-0.033172593
12798,-0.030914336
12799,-0.020874001
12800,0.0060425475
12801,0.033569366
12802,0.06274415
12803,0.076782234
12804,0.07537844
12805,0.061553985
12806,0.047973637
12807,0.040832516
12808,0.042907722
12809,0.055053703
12810,0.07495117
12811,0.09701539
12812,0.12670898
12813,0.15957642
12814,0.18621825
12815,0.20352176
12816,0.21411133
12817,0.1991272
12818,0.17453003
12819,0.15759276
12820,0.15292358
12821,0.16339114
12822,0.18084717
12823,0.20617676
12824,0.22381592
12825,0.2260742
12826,0.22375488
12827,0.20449829
12828,0.1793213
12829,0.14770508
12830,0.1335144
12831,0.105834976
12832,0.09344482
12833,0.07287597
12834,0.065094
12835,0.047607437
12836,0.03775026
12837,0.018981941
12838,-0.0010070801
12839,-0.031585723
12840,-0.06161499
12841,-0.074249275
12842,-0.08911131
12843,-0.095367424
12844,-0.092681885
12845,-0.091308594
12846,-0.08511351
12847,-0.08190918
12848,-0.08288575
12849,-0.08853151
12850,-0.086273186
12851,-0.08013916
12852,-0.07034303
12853,-0.07910155
12854,-0.0803528
12855,-0.082336426
12856,-0.08856199
12857,-0.09963989
12858,-0.09994507
12859,-0.10089111
12860,-0.10272218
12861,-0.09863284
12862,-0.10345459
12863,-0.10760499
12864,-0.12390135
12865,-0.1345825
12866,-0.15670776
12867,-0.17376709
12868,-0.18908691
12869,-0.18417357
12870,-0.16281128
12871,-0.12539674
12872,-0.08673094
12873,-0.05569458
12874,-0.03411867
12875,-0.034851085
12876,-0.021911643
12877,-0.028808594
12878,-0.02700805
12879,-0.033111587
12880,-0.03030397
12881,-0.031524673
12882,-0.031890854
12883,-0.023040786
12884,-0.018157959
12885,-0.022216812
12886,-0.036834702
12887,-0.05895997
12888,-0.106353775
12889,-0.13214113
12890,-0.16491698
12891,-0.17230223
12892,-0.17077637
12893,-0.15472414
12894,-0.1309204
12895,-0.111480676
12896,-0.09335329
12897,-0.08309939
12898,-0.0700989
12899,-0.06234742
12900,-0.049896218
12901,-0.04211426
12902,-0.026947033
12903,-0.0139160305
12904,0.002868656
12905,0.022369392
12906,0.032440174
12907,0.041534424
12908,0.03552246
12909,0.046783444
12910,0.05154418
12911,0.042144775
12912,0.037506104
12913,0.017150879
12914,0.00042723631
12915,-0.010620113
12916,-0.029388431
12917,-0.051116925
12918,-0.06332399
12919,-0.067718536
12920,-0.06332397
12921,-0.053649925
12922,-0.040557854
12923,-0.025268558
12924,-0.014099121
12925,0.001525864
12926,0.011749276
12927,0.02618409
12928,0.034820553
12929,0.050048828
12930,0.053375244
12931,0.062469468
12932,0.085998535
12933,0.07858276
12934,0.07882692
12935,0.056427002
12936,0.029022224
12937,0.0039978027
12938,-0.02868653
12939,-0.047698982
12940,-0.06848144
12941,-0.07061769
12942,-0.074218735
12943,-0.061462417
12944,-0.05532837
12945,-0.04067991
12946,-0.029449474
12947,-0.013061505
12948,-0.00442506
12949,0.006225586
12950,0.008178707
12951,0.012237549
12952,0.01776123
12953,0.023559554
12954,0.051544197
12955,0.04641725
12956,0.058013912
12957,0.04809571
12958,0.037719734
12959,0.034057617
12960,0.014495842
12961,0.00494383
12962,-0.016357407
12963,-0.017395021
12964,-0.018249497
12965,-0.011505127
12966,-0.010437025
12967,0.0038757436
12968,0.006347634
12969,0.01440431
12970,0.015624994
12971,0.015350349
12972,0.015686043
12973,0.014556877
12974,0.03015137
12975,0.031311035
12976,0.037445083
12977,0.050659187
12978,0.058685303
12979,0.06774902
12980,0.073120125
12981,0.08087158
12982,0.080963135
12983,0.08679199
12984,0.07952882
12985,0.08099365
12986,0.07415773
12987,0.076751724
12988,0.07800292
12989,0.09423828
12990,0.092285156
12991,0.09222413
12992,0.089813225
12993,0.0755005
12994,0.06210328
12995,0.054870598
12996,0.05133056
12997,0.04595948
12998,0.04171752
12999,0.04592896
13000,0.05047606
13001,0.057952873
13002,0.071533196
13003,0.08212281
13004,0.10101318
13005,0.114227295
13006,0.12701416
13007,0.12994386
13008,0.116760254
13009,0.1078186
13010,0.08346557
13011,0.07461547
13012,0.051879898
13013,0.029479982
13014,0.011901848
13015,-0.006500244
13016,-0.014709467
13017,-0.024810798
13018,-0.030578617
13019,-0.04470825
13020,-0.047515884
13021,-0.050384514
13022,-0.057495117
13023,-0.05712891
13024,-0.04858399
13025,-0.042236336
13026,-0.022857666
13027,-0.0020141676
13028,0.016723633
13029,0.02542115
13030,0.026794419
13031,0.030334484
13032,0.021759044
13033,0.020812973
13034,0.016326912
13035,0.0050659217
13036,-0.0024719313
13037,-0.007965088
13038,-0.013275143
13039,-0.018035881
13040,-0.024047865
13041,-0.035278324
13042,-0.05435182
13043,-0.070648186
13044,-0.0927124
13045,-0.102233894
13046,-0.10464478
13047,-0.10028077
13048,-0.08251953
13049,-0.06991579
13050,-0.046813965
13051,-0.03411864
13052,-0.02087405
13053,-0.018249508
13054,-0.020843502
13055,-0.027832044
13056,-0.02944946
13057,-0.020660404
13058,-0.032379147
13059,-0.041717533
13060,-0.04296875
13061,-0.04287719
13062,-0.038452156
13063,-0.033508297
13064,-0.034515396
13065,-0.019012455
13066,-0.021850571
13067,-0.008880608
13068,-0.011688232
13069,-0.015899666
13070,-0.02465821
13071,-0.037353516
13072,-0.04562379
13073,-0.042175293
13074,-0.041534446
13075,-0.041625973
13076,-0.03732299
13077,-0.041961677
13078,-0.049255364
13079,-0.059936523
13080,-0.03390502
13081,0.011657715
13082,0.030029304
13083,0.046844494
13084,0.043701187
13085,0.039947517
13086,0.02319336
13087,0.020996086
13088,0.030242926
13089,0.03738404
13090,0.040496815
13091,0.041900635
13092,0.039154045
13093,0.029022224
13094,0.025665276
13095,0.02404785
13096,0.020812986
13097,0.021270745
13098,0.025634754
13099,0.019226078
13100,0.018341063
13101,0.0048522837
13102,0.034393318
13103,0.07165527
13104,0.09448242
13105,0.09695436
13106,0.08670045
13107,0.06655884
13108,0.04049683
13109,0.025939932
13110,0.027679441
13111,0.031463645
13112,0.037597653
13113,0.03930664
13114,0.039154053
13115,0.03195191
13116,0.0279541
13117,0.0262146
13118,0.03277588
13119,0.03494262
13120,0.045288075
13121,0.036804214
13122,0.03759765
13123,0.008544914
13124,0.022247318
13125,0.04061888
13126,0.043945335
13127,0.03973389
13128,0.038177513
13129,0.03326416
13130,0.01940919
13131,0.0154418945
13132,0.024597164
13133,0.023193348
13134,0.02404783
13135,0.029418953
13136,0.034332264
13137,0.03289795
13138,0.033599854
13139,0.025512695
13140,0.028411876
13141,0.016326906
13142,0.016540518
13143,0.00341798
13144,0.0017089732
13145,-0.0014648563
13146,-0.024017325
13147,-0.056091327
13148,-0.06842041
13149,-0.07485963
13150,-0.056335438
13151,-0.031890873
13152,-0.010284416
13153,0.0138855055
13154,0.023742668
13155,0.036682114
13156,0.036773678
13157,0.03787231
13158,0.030334458
13159,0.015502937
13160,-0.010833748
13161,-0.023834214
13162,-0.018249499
13163,-0.0038452111
13164,0.028045654
13165,0.05029296
13166,0.053955086
13167,0.052185066
13168,0.011627184
13169,-0.019775396
13170,-0.023406975
13171,-0.0039367788
13172,0.024810772
13173,0.065643296
13174,0.095581084
13175,0.10064702
13176,0.052825898
13177,-0.006652847
13178,-0.07922362
13179,-0.14428712
13180,-0.19265744
13181,-0.20013426
13182,-0.17617801
13183,-0.14318846
13184,-0.13226315
13185,-0.122222915
13186,-0.1265564
13187,-0.123992905
13188,-0.11651612
13189,-0.08929442
13190,-0.10150147
13191,-0.1609497
13192,-0.25268555
13193,-0.35745236
13194,-0.45288086
13195,-0.51797473
13196,-0.53146374
13197,-0.48132333
13198,-0.37866202
13199,-0.24136353
13200,-0.09082029
13201,0.056701645
13202,0.19180295
13203,0.30422962
13204,0.3868714
13205,0.40768433
13206,0.3615417
13207,0.26892096
13208,0.15948486
13209,0.08602904
13210,0.07025146
13211,0.12463382
13212,0.181427
13213,0.20379639
13214,0.1881713
13215,0.13693228
13216,0.05255139
13217,-0.031829864
13218,-0.0955506
13219,-0.107177794
13220,-0.067993104
13221,-0.0010376349
13222,0.070220955
13223,0.1430664
13224,0.21121208
13225,0.26535022
13226,0.3068238
13227,0.2996521
13228,0.24258418
13229,0.13732918
13230,-0.003479004
13231,-0.13491823
13232,-0.23007202
13233,-0.2677002
13234,-0.27416995
13235,-0.29711914
13236,-0.32836923
13237,-0.3719483
13238,-0.4270018
13239,-0.4856872
13240,-0.5130615
13241,-0.47552502
13242,-0.3635252
13243,-0.21334836
13244,-0.058288574
13245,0.07208249
13246,0.15182489
13247,0.18557733
13248,0.20465094
13249,0.20053102
13250,0.20358272
13251,0.2050782
13252,0.24520874
13253,0.30395505
13254,0.38629147
13255,0.45568848
13256,0.5228272
13257,0.57662964
13258,0.63406366
13259,0.66564953
13260,0.6520996
13261,0.59143054
13262,0.48202515
13263,0.33016962
13264,0.1567994
13265,-0.017089814
13266,-0.17312622
13267,-0.33160403
13268,-0.47192383
13269,-0.58374023
13270,-0.62725836
13271,-0.6216736
13272,-0.555664
13273,-0.46014404
13274,-0.32574463
13275,-0.20251468
13276,-0.08914189
13277,-0.04321289
13278,-0.025390506
13279,-0.029571563
13280,-0.02206418
13281,-0.02081284
13282,-0.01635757
13283,-0.016082764
13284,-0.023956344
13285,-0.05682379
13286,-0.09820549
13287,-0.14691159
13288,-0.1786499
13289,-0.21060182
13290,-0.23205559
13291,-0.24719238
13292,-0.23129275
13293,-0.19436648
13294,-0.13391104
13295,-0.06149292
13296,0.043090805
13297,0.1526184
13298,0.25830072
13299,0.32061768
13300,0.36026013
13301,0.38735956
13302,0.41107178
13303,0.429657
13304,0.44314563
13305,0.44912714
13306,0.43041986
13307,0.37121582
13308,0.28475952
13309,0.18405148
13310,0.08984375
13311,0.01651004
13312,-0.028259233
13313,-0.061218232
13314,-0.098510765
13315,-0.10906985
13316,-0.1125793
13317,-0.102233894
13318,-0.11233519
13319,-0.13824466
13320,-0.19891357
13321,-0.27371216
13322,-0.32836914
13323,-0.34094238
13324,-0.31057733
13325,-0.25027472
13326,-0.16375734
13327,-0.07141113
13328,0.020294234
13329,0.07476813
13330,0.10488884
13331,0.12429807
13332,0.12820436
13333,0.13784796
13334,0.1470032
13335,0.15536502
13336,0.13647461
13337,0.13293456
13338,0.12576297
13339,0.14160153
13340,0.14663698
13341,0.13070679
13342,0.08636475
13343,0.028411876
13344,-0.026275657
13345,-0.048980724
13346,-0.03854365
13347,-0.006866494
13348,0.05203247
13349,0.10589601
13350,0.15835577
13351,0.17025766
13352,0.14044179
13353,0.103454575
13354,0.04428103
13355,-0.013092026
13356,-0.060150143
13357,-0.08432004
13358,-0.11788938
13359,-0.12704466
13360,-0.133728
13361,-0.12072758
13362,-0.11395264
13363,-0.12094116
13364,-0.13067627
13365,-0.14169309
13366,-0.15795901
13367,-0.16229251
13368,-0.16635129
13369,-0.16882329
13370,-0.14321901
13371,-0.11544796
13372,-0.06912227
13373,-0.030181851
13374,0.010467462
13375,0.045654282
13376,0.0695801
13377,0.09140017
13378,0.11181639
13379,0.1291809
13380,0.12026979
13381,0.10000609
13382,0.07168579
13383,0.040252686
13384,-0.0006713867
13385,-0.032226562
13386,-0.061553933
13387,-0.060302727
13388,-0.0535584
13389,-0.030609127
13390,-0.019561775
13391,-0.0042725243
13392,0.0133362
13393,0.030090323
13394,0.039398246
13395,0.048736602
13396,0.053558297
13397,0.050659165
13398,0.044006355
13399,0.037109368
13400,0.030700684
13401,0.026763922
13402,0.007934583
13403,-0.0057067825
13404,-0.023620598
13405,-0.03643798
13406,-0.06445311
13407,-0.088409424
13408,-0.12188718
13409,-0.13967894
13410,-0.14358526
13411,-0.14276123
13412,-0.13031006
13413,-0.117187515
13414,-0.09808348
13415,-0.08410642
13416,-0.06774898
13417,-0.05322264
13418,-0.033081062
13419,-0.01629639
13420,-0.00088501326
13421,0.0115661565
13422,0.017395018
13423,0.025756828
13424,0.035095215
13425,0.042846695
13426,0.05062865
13427,0.05615235
13428,0.05850219
13429,0.0576172
13430,0.056030273
13431,0.057403564
13432,0.059387177
13433,0.05761721
13434,0.0628662
13435,0.06604005
13436,0.06567382
13437,0.06793213
13438,0.062286377
13439,0.05947876
13440,0.042785652
13441,0.028442383
13442,0.012664789
13443,-0.007141117
13444,-0.018707268
13445,-0.024230964
13446,-0.01980592
13447,-0.012573235
13448,0.006713858
13449,0.011962872
13450,0.012695298
13451,0.0009765811
13452,-0.013458259
13453,-0.0341797
13454,-0.049865734
13455,-0.06533813
13456,-0.07559204
13457,-0.08120729
13458,-0.08343505
13459,-0.07907106
13460,-0.07635497
13461,-0.071166985
13462,-0.05764771
13463,-0.0512085
13464,-0.042999275
13465,-0.03421022
13466,-0.022125237
13467,-0.016204845
13468,0.00048827752
13469,0.012390137
13470,0.028106682
13471,0.037292484
13472,0.03851316
13473,0.042633064
13474,0.028076164
13475,0.01449584
13476,-0.0015258845
13477,-0.009246822
13478,-0.0218811
13479,-0.009765642
13480,-0.006042473
13481,0.0024414025
13482,0.0030212402
13483,0.0038452223
13484,-0.00045775995
13485,-0.013549823
13486,-0.020111099
13487,-0.029907238
13488,-0.039276116
13489,-0.05657959
13490,-0.061645508
13491,-0.071411125
13492,-0.076782234
13493,-0.076171875
13494,-0.08148194
13495,-0.071105964
13496,-0.07235718
13497,-0.07205201
13498,-0.07409668
13499,-0.07589722
13500,-0.07366943
13501,-0.04742433
13502,-0.027160633
13503,-0.0024108943
13504,0.018646238
13505,0.032379158
13506,0.044036865
13507,0.04718016
13508,0.053222653
13509,0.05664061
13510,0.05532837
13511,0.04443358
13512,0.040100113
13513,0.030700698
13514,0.020843506
13515,0.02023317
13516,0.018493652
13517,0.028472904
13518,0.046691887
13519,0.06451416
13520,0.074920654
13521,0.086792
13522,0.08798219
13523,0.0960083
13524,0.09124756
13525,0.08395386
13526,0.08169556
13527,0.07330322
13528,0.058746345
13529,0.043121327
13530,0.028869625
13531,0.016693126
13532,0.005737312
13533,-0.0039978027
13534,-0.016784675
13535,-0.02764891
13536,-0.03817749
13537,-0.0392456
13538,-0.042785633
13539,-0.033966072
13540,-0.013549797
13541,0.008148178
13542,0.027435288
13543,0.045684814
13544,0.04434204
13545,0.03601075
13546,0.022552475
13547,0.004150387
13548,-0.008911138
13549,-0.023315432
13550,-0.026092526
13551,-0.024444578
13552,-0.022003172
13553,-0.0048217773
13554,0.0036010668
13555,0.019104011
13556,0.013030995
13557,0.01593018
13558,0.0015868992
13559,-0.0097351
13560,-0.018035868
13561,-0.022918709
13562,-0.0194702
13563,-0.010681169
13564,0.007171616
13565,0.021331787
13566,0.031005867
13567,0.031005865
13568,0.030853268
13569,0.02023316
13570,0.023803718
13571,0.03500365
13572,0.0422058
13573,0.053619392
13574,0.048156723
13575,0.05108643
13576,0.04083252
13577,0.03933718
13578,0.02331541
13579,0.013854977
13580,-0.0026550489
13581,-0.015136727
13582,-0.022949202
13583,-0.03866579
13584,-0.0444641
13585,-0.050781257
13586,-0.041656494
13587,-0.039367683
13588,-0.021392837
13589,-0.016326893
13590,-0.009033199
13591,-0.0002746433
13592,0.008209238
13593,0.027282707
13594,0.037261955
13595,0.0513611
13596,0.044006355
13597,0.04330443
13598,0.030517567
13599,0.024017356
13600,0.012023911
13601,0.005706787
13602,0.0050354004
13603,-0.0028686598
13604,-0.0058288574
13605,-0.020568829
13606,-0.031402588
13607,-0.035095207
13608,-0.03640747
13609,-0.03442382
13610,-0.01907349
13611,-0.012786865
13612,-0.0034484752
13613,0.009887701
13614,0.016845712
13615,0.032073967
13616,0.040649414
13617,0.049224865
13618,0.04943847
13619,0.04043579
13620,0.035736088
13621,0.021728527
13622,0.014068607
13623,0.0045166016
13624,0.0084533915
13625,0.0057678297
13626,0.012939438
13627,0.012542728
13628,0.013671879
13629,0.009460453
13630,0.0054626465
13631,0.0010070987
13632,-0.0017700195
13633,-0.011962894
13634,-0.011932369
13635,-0.008148201
13636,-0.010803223
13637,-0.01226807
13638,-0.005554214
13639,-0.009216297
13640,-0.0048522763
13641,-0.0093994215
13642,-0.008819573
13643,-0.018035887
13644,-0.019226063
13645,-0.023223877
13646,-0.019866921
13647,-0.025512688
13648,-0.022430433
13649,-0.021514889
13650,-0.027984612
13651,-0.038146973
13652,-0.044647217
13653,-0.053009015
13654,-0.054901112
13655,-0.05630494
13656,-0.048797607
13657,-0.036437992
13658,-0.022125248
13659,-0.00662232
13660,0.0060119536
13661,0.011535656
13662,0.025543222
13663,0.02825928
13664,0.039154075
13665,0.037170403
13666,0.0499878
13667,0.04306029
13668,0.046813976
13669,0.04360962
13670,0.047729485
13671,0.04742431
13672,0.042816166
13673,0.027862549
13674,0.01269532
13675,-0.006103509
13676,-0.01974487
13677,-0.02505493
13678,-0.036224365
13679,-0.031005867
13680,-0.028839113
13681,-0.02139283
13682,-0.01919557
13683,-0.016540516
13684,-0.006317124
13685,-0.0025634803
13686,0.008819584
13687,0.012786857
13688,0.025360107
13689,0.035308845
13690,0.054046635
13691,0.06707764
13692,0.072021484
13693,0.076354995
13694,0.066009514
13695,0.052398697
13696,0.030914314
13697,0.010192863
13698,-0.010070793
13699,-0.026184073
13700,-0.041412354
13701,-0.049926765
13702,-0.061340332
13703,-0.06567383
13704,-0.07208252
13705,-0.065917976
13706,-0.050445557
13707,-0.032623284
13708,-0.010314934
13709,0.0016174242
13710,0.017181396
13711,0.024963388
13712,0.036956783
13713,0.04568482
13714,0.050689697
13715,0.054534927
13716,0.04870604
13717,0.044708267
13718,0.037628174
13719,0.03924559
13720,0.03784179
13721,0.037689205
13722,0.03720092
13723,0.032989495
13724,0.020019524
13725,0.016052261
13726,0.012451187
13727,0.015075684
13728,0.025115961
13729,0.036682136
13730,0.04269409
13731,0.049835198
13732,0.05044555
13733,0.050598152
13734,0.046478264
13735,0.03286743
13736,0.023284912
13737,0.012268066
13738,0.0014953613
13739,0.0022277832
13740,0.010406505
13741,0.023651116
13742,0.04479979
13743,0.052642822
13744,0.06613159
13745,0.064117424
13746,0.066009514
13747,0.062011734
13748,0.05429078
13749,0.042419434
13750,0.036926255
13751,0.030273423
13752,0.019714352
13753,0.01852417
13754,0.021118172
13755,0.0147705
13756,0.0077819824
13757,-0.0029907343
13758,-0.00939941
13759,-0.023498543
13760,-0.02603149
13761,-0.028320316
13762,-0.018768301
13763,-0.009429941
13764,0.011138901
13765,0.017517082
13766,0.024414059
13767,0.01690673
13768,0.014129631
13769,-0.005828835
13770,-0.0262451
13771,-0.047180176
13772,-0.06793212
13773,-0.0904541
13774,-0.10818481
13775,-0.10656739
13776,-0.10879515
13777,-0.10125731
13778,-0.09927369
13779,-0.0892334
13780,-0.08789061
13781,-0.08615114
13782,-0.077362046
13783,-0.07751466
13784,-0.06970214
13785,-0.07009888
13786,-0.059814453
13787,-0.06588745
13788,-0.057159424
13789,-0.06265257
13790,-0.060546875
13791,-0.07546997
13792,-0.08181761
13793,-0.08645631
13794,-0.095977776
13795,-0.10409546
13796,-0.109130844
13797,-0.10504151
13798,-0.102844216
13799,-0.08575439
13800,-0.07711793
13801,-0.051879875
13802,-0.03302001
13803,-0.016998297
13804,0.002532959
13805,0.010223385
13806,0.014465328
13807,0.00738525
13808,-0.0011596624
13809,-0.00491333
13810,-0.004364025
13811,-0.00057983026
13812,0.00057982653
13813,-0.00024412945
13814,0.006469734
13815,0.012603767
13816,0.010833755
13817,0.010375999
13818,0.0062866397
13819,0.0016784705
13820,-0.010620128
13821,-0.017700192
13822,-0.029205337
13823,-0.031555176
13824,-0.029083237
13825,-0.023773199
13826,-0.017578121
13827,-0.0032959022
13828,0.000610346
13829,0.006469734
13830,0.0055847242
13831,0.015777592
13832,0.016723633
13833,0.034210205
13834,0.040985107
13835,0.055511475
13836,0.07043457
13837,0.07952881
13838,0.084472656
13839,0.089111336
13840,0.08847046
13841,0.087707534
13842,0.08331297
13843,0.081237786
13844,0.0795288
13845,0.07299805
13846,0.06613159
13847,0.05743409
13848,0.04360962
13849,0.04043579
13850,0.021118164
13851,0.0055236667
13852,-0.017059326
13853,-0.02334594
13854,-0.043060318
13855,-0.0472107
13856,-0.052276626
13857,-0.053894028
13858,-0.05514528
13859,-0.052673325
13860,-0.054840095
13861,-0.047637932
13862,-0.045135498
13863,-0.029693604
13864,-0.023529075
13865,-0.010040298
13866,0.003082279
13867,0.0052184984
13868,-0.008270271
13869,-0.022186277
13870,-0.043182384
13871,-0.06411742
13872,-0.08978273
13873,-0.10443116
13874,-0.12329103
13875,-0.13568112
13876,-0.14450073
13877,-0.14837646
13878,-0.14846803
13879,-0.14376831
13880,-0.13745119
13881,-0.118896484
13882,-0.10412598
13883,-0.083740234
13884,-0.06387329
13885,-0.043365493
13886,-0.025878921
13887,-0.00039673597
13888,0.01602175
13889,0.0250244
13890,0.023071297
13891,0.017456055
13892,0.0040283054
13893,-0.0062865913
13894,-0.02154541
13895,-0.026397705
13896,-0.040313736
13897,-0.038208008
13898,-0.039764404
13899,-0.03744506
13900,-0.032165542
13901,-0.03021241
13902,-0.027862556
13903,-0.02249144
13904,-0.01278688
13905,-0.0045471117
13906,0.0100402795
13907,0.010894757
13908,0.02270507
13909,0.030242898
13910,0.037323013
13911,0.042480458
13912,0.052337654
13913,0.06878662
13914,0.086090066
13915,0.107391395
13916,0.11264037
13917,0.123687744
13918,0.11920167
13919,0.1145935
13920,0.10556031
13921,0.1044922
13922,0.1109314
13923,0.1269531
13924,0.13528442
13925,0.13647461
13926,0.14245604
13927,0.13275146
13928,0.13107298
13929,0.11880493
13930,0.107116714
13931,0.09045409
13932,0.07797241
13933,0.06842041
13934,0.07241821
13935,0.079254165
13936,0.09625243
13937,0.110595725
13938,0.11752318
13939,0.11230468
13940,0.10327151
13941,0.077117905
13942,0.04833986
13943,0.022644043
13944,0.011505149
13945,0.0051269457
13946,0.0025024563
13947,-0.00494384
13948,-0.009094253
13949,-0.015014648
13950,-0.018371595
13951,-0.02078249
13952,-0.024841294
13953,-0.03491211
13954,-0.038482666
13955,-0.04370117
13956,-0.038269058
13957,-0.026397701
13958,-0.0036621206
13959,0.0019531214
13960,0.019622784
13961,0.021972649
13962,0.02664186
13963,0.009643562
13964,0.0011902153
13965,-0.01025391
13966,-0.008514389
13967,-0.0028991625
13968,0.0048217997
13969,0.0101623535
13970,0.017700195
13971,0.023651108
13972,0.025299087
13973,0.029418938
13974,0.021942146
13975,0.015777588
13976,-0.0006714016
13977,-0.008209214
13978,-0.015167259
13979,-0.012939442
13980,-0.012756348
13981,-0.010284431
13982,0.0040588453
13983,0.012054443
13984,0.01422121
13985,0.016113296
13986,0.019317646
13987,0.016021721
13988,0.025238045
13989,0.025482185
13990,0.03582766
13991,0.04281617
13992,0.05734253
13993,0.066925034
13994,0.07125856
13995,0.06774902
13996,0.06652833
13997,0.058013912
13998,0.03915404
13999,0.033630382
14000,0.02105712
14001,0.017761244
14002,0.009521499
14003,0.009857167
14004,0.011016849
14005,0.015350342
14006,0.015991211
14007,0.027008042
14008,0.036895737
14009,0.046691902
14010,0.06088256
14011,0.07022095
14012,0.079376206
14013,0.08526612
14014,0.08752441
14015,0.083313
14016,0.068603516
14017,0.05545046
14018,0.039916992
14019,0.025695793
14020,0.009185769
14021,0.010681156
14022,0.008575439
14023,0.0050048977
14024,-0.0044555515
14025,-0.0057373196
14026,-0.016021723
14027,-0.02404786
14028,-0.026580807
14029,-0.02496339
14030,-0.020233179
14031,-0.022705078
14032,-0.031951904
14033,-0.050018307
14034,-0.06835939
14035,-0.07818603
14036,-0.091003425
14037,-0.09457396
14038,-0.102966316
14039,-0.10180664
14040,-0.1001587
14041,-0.0974426
14042,-0.088775635
14043,-0.08111574
14044,-0.078826904
14045,-0.082611084
14046,-0.08337402
14047,-0.09216311
14048,-0.10095215
14049,-0.10644532
14050,-0.10525515
14051,-0.1032715
14052,-0.098175064
14053,-0.09289551
14054,-0.108184814
14055,-0.12075804
14056,-0.14138797
14057,-0.15063477
14058,-0.16723633
14059,-0.1708374
14060,-0.1697998
14061,-0.16983032
14062,-0.16461182
14063,-0.15213013
14064,-0.1352539
14065,-0.119018555
14066,-0.10153197
14067,-0.089538574
14068,-0.08535765
14069,-0.07119752
14070,-0.06515502
14071,-0.04766845
14072,-0.035797134
14073,-0.013458252
14074,-0.001892088
14075,0.012420654
14076,0.007598875
14077,0.006683357
14078,-0.004730217
14079,-0.016784687
14080,-0.032440178
14081,-0.04797361
14082,-0.0560913
14083,-0.063201904
14084,-0.06301879
14085,-0.059204094
14086,-0.051971436
14087,-0.0429077
14088,-0.040008545
14089,-0.03857422
14090,-0.033233628
14091,-0.022583008
14092,-0.012145989
14093,-0.0012817308
14094,0.009002678
14095,0.018768314
14096,0.013305669
14097,0.017669678
14098,0.014862063
14099,0.013702395
14100,0.010681144
14101,0.0072936816
14102,-0.0020751879
14103,-0.021026608
14104,-0.030883797
14105,-0.042694088
14106,-0.049072266
14107,-0.051452644
14108,-0.04547119
14109,-0.03143309
14110,-0.007781975
14111,-0.0019226111
14112,0.011077888
14113,0.014770504
14114,0.018066403
14115,0.018402098
14116,0.03103637
14117,0.03527832
14118,0.04382324
14119,0.053283684
14120,0.0652771
14121,0.078277595
14122,0.09051515
14123,0.09942625
14124,0.103820786
14125,0.095306404
14126,0.09674073
14127,0.101928726
14128,0.1081848
14129,0.11093141
14130,0.11877441
14131,0.11770629
14132,0.12524416
14133,0.122222915
14134,0.1244812
14135,0.10876464
14136,0.10006715
14137,0.09191893
14138,0.08956909
14139,0.07904052
14140,0.07809448
14141,0.070373535
14142,0.071044914
14143,0.07284546
14144,0.07724
14145,0.08102416
14146,0.08486938
14147,0.08700561
14148,0.096557625
14149,0.10366822
14150,0.11175536
14151,0.11340332
14152,0.11462402
14153,0.10662842
14154,0.106781006
14155,0.10351563
14156,0.0992737
14157,0.09091185
14158,0.086181656
14159,0.08715819
14160,0.081848145
14161,0.08010863
14162,0.07598877
14163,0.06741332
14164,0.061553955
14165,0.07302857
14166,0.079681404
14167,0.08432005
14168,0.09002685
14169,0.09414672
14170,0.08804321
14171,0.089324966
14172,0.08483886
14173,0.06509401
14174,0.04870604
14175,0.020233143
14176,-0.0025939867
14177,-0.020965584
14178,-0.03421019
14179,-0.044006348
14180,-0.048797607
14181,-0.04937744
14182,-0.054138187
14183,-0.04882812
14184,-0.05715943
14185,-0.05737304
14186,-0.0623474
14187,-0.05783083
14188,-0.054626472
14189,-0.05288695
14190,-0.048858643
14191,-0.0374756
14192,-0.03549196
14193,-0.030670155
14194,-0.029418949
14195,-0.037811276
14196,-0.037994385
14197,-0.04821778
14198,-0.05358886
14199,-0.055969253
14200,-0.05914306
14201,-0.06423949
14202,-0.06643678
14203,-0.07192992
14204,-0.077789314
14205,-0.07727049
14206,-0.08078004
14207,-0.075531
14208,-0.077362046
14209,-0.075988784
14210,-0.07669068
14211,-0.07928465
14212,-0.07437134
14213,-0.06591798
14214,-0.061553963
14215,-0.05572509
14216,-0.05090332
14217,-0.048126213
14218,-0.043701164
14219,-0.043121345
14220,-0.045532227
14221,-0.042633064
14222,-0.04663086
14223,-0.05386351
14224,-0.05902101
14225,-0.06570433
14226,-0.06832887
14227,-0.07192992
14228,-0.06658936
14229,-0.065246575
14230,-0.06265259
14231,-0.0652466
14232,-0.06134034
14233,-0.05831907
14234,-0.04907226
14235,-0.03073121
14236,-0.01022339
14237,0.005981438
14238,0.023315433
14239,0.05044555
14240,0.06072998
14241,0.07495119
14242,0.076263435
14243,0.07461548
14244,0.0569458
14245,0.044921882
14246,0.03164673
14247,0.008026134
14248,-0.008819569
14249,-0.03060913
14250,-0.042846672
14251,-0.06680298
14252,-0.08392334
14253,-0.11145024
14254,-0.13345335
14255,-0.15405272
14256,-0.16619875
14257,-0.18481447
14258,-0.20220947
14259,-0.22109985
14260,-0.23968504
14261,-0.25491333
14262,-0.26950073
14263,-0.26339722
14264,-0.24816898
14265,-0.22106934
14266,-0.17990114
14267,-0.12097168
14268,-0.059448235
14269,0.0016174316
14270,0.07128906
14271,0.12985231
14272,0.18209839
14273,0.21710205
14274,0.24075317
14275,0.24420173
14276,0.2388
14277,0.22445673
14278,0.2045899
14279,0.17462155
14280,0.14715576
14281,0.110748276
14282,0.07772829
14283,0.046844468
14284,0.027496338
14285,0.0166931
14286,0.016601533
14287,0.030090302
14288,0.048644975
14289,0.07214353
14290,0.09069825
14291,0.11123656
14292,0.13049316
14293,0.14743043
14294,0.1591797
14295,0.16665651
14296,0.1625366
14297,0.15048225
14298,0.13946527
14299,0.12564082
14300,0.11141972
14301,0.1067505
14302,0.108367905
14303,0.111694336
14304,0.122711204
14305,0.12823486
14306,0.14233392
14307,0.15008542
14308,0.1673278
14309,0.18600467
14310,0.20648186
14311,0.21499626
14312,0.22207642
14313,0.22744754
14314,0.22592163
14315,0.22534178
14316,0.22183233
14317,0.20471191
14318,0.17953491
14319,0.15667732
14320,0.123290986
14321,0.09567258
14322,0.059417754
14323,0.04190065
14324,0.022766098
14325,0.0077209473
14326,0.0014953613
14327,0.007476777
14328,0.008422941
14329,0.0020142198
14330,-0.01840201
14331,-0.055145353
14332,-0.105529785
14333,-0.17291254
14334,-0.24160762
14335,-0.31469736
14336,-0.38809204
14337,-0.4429626
14338,-0.49151614
14339,-0.5303955
14340,-0.55496216
14341,-0.56854254
14342,-0.5758972
14343,-0.56018066
14344,-0.5420532
14345,-0.50320435
14346,-0.4624024
14347,-0.40759277
14348,-0.35012817
14349,-0.29525763
14350,-0.2505797
14351,-0.21334825
14352,-0.1895751
14353,-0.17898566
14354,-0.16986081
14355,-0.16223139
14356,-0.15640253
14357,-0.14361578
14358,-0.13290417
14359,-0.11380002
14360,-0.08984381
14361,-0.060577363
14362,-0.020599276
14363,0.018493682
14364,0.05279532
14365,0.09173593
14366,0.11773676
14367,0.13699347
14368,0.15850836
14369,0.17306525
14370,0.17480463
14371,0.17910771
14372,0.1678162
14373,0.14987178
14374,0.11602789
14375,0.08810419
14376,0.059753507
14377,0.04214488
14378,0.023254454
14379,0.02066034
14380,0.014800891
14381,0.012847941
14382,0.028686464
14383,0.05682376
14384,0.1085206
14385,0.16104129
14386,0.23339835
14387,0.29693612
14388,0.35919186
14389,0.4092713
14390,0.44961557
14391,0.47122198
14392,0.4754638
14393,0.46954358
14394,0.45080554
14395,0.4232787
14396,0.39462274
14397,0.36453253
14398,0.34194946
14399,0.31771845
14400,0.303894
14401,0.28924567
14402,0.27691644
14403,0.25759882
14404,0.25518802
14405,0.24481209
14406,0.25247195
14407,0.2630005
14408,0.283966
14409,0.29220587
14410,0.29415888
14411,0.28289798
14412,0.2539063
14413,0.20916754
14414,0.1610412
14415,0.11520398
14416,0.071899325
14417,0.03219594
14418,0.0011901557
14419,-0.032989427
14420,-0.061218247
14421,-0.090148956
14422,-0.119262695
14423,-0.15771481
14424,-0.19839472
14425,-0.23529056
14426,-0.2675781
14427,-0.29214478
14428,-0.30426028
14429,-0.31616223
14430,-0.31423944
14431,-0.31127933
14432,-0.29989624
14433,-0.2996521
14434,-0.30892953
14435,-0.3244019
14436,-0.3340454
14437,-0.34753418
14438,-0.34518436
14439,-0.3322448
14440,-0.31237796
14441,-0.29220575
14442,-0.26702884
14443,-0.24234013
14444,-0.21865845
14445,-0.18746945
14446,-0.15853876
14447,-0.1190186
14448,-0.09976195
14449,-0.07952881
14450,-0.0822449
14451,-0.088501036
14452,-0.105987534
14453,-0.11343386
14454,-0.1248779
14455,-0.1350403
14456,-0.14614874
14457,-0.14050294
14458,-0.14062497
14459,-0.12509161
14460,-0.10632327
14461,-0.0925598
14462,-0.09127809
14463,-0.07809444
14464,-0.074462906
14465,-0.06448367
14466,-0.055847164
14467,-0.03588863
14468,-0.023437448
14469,-0.0058594234
14470,-0.0030822381
14471,0.0031738207
14472,-0.011016898
14473,-0.02941899
14474,-0.04644773
14475,-0.065399185
14476,-0.0743408
14477,-0.07162478
14478,-0.06341557
14479,-0.039581317
14480,-0.019256566
14481,0.011535579
14482,0.03869626
14483,0.05474856
14484,0.06509395
14485,0.07205204
14486,0.07440183
14487,0.07284543
14488,0.08551025
14489,0.09359747
14490,0.11602786
14491,0.13507077
14492,0.1549683
14493,0.15933226
14494,0.15768427
14495,0.1540527
14496,0.14300542
14497,0.12283324
14498,0.10748292
14499,0.0949096
14500,0.088836625
14501,0.08721922
14502,0.09274295
14503,0.097289965
14504,0.10116579
14505,0.09878543
14506,0.099426255
14507,0.097351074
14508,0.097503684
14509,0.098846406
14510,0.10473633
14511,0.09039307
14512,0.08636476
14513,0.06689457
14514,0.05401612
14515,0.03225704
14516,0.019683845
14517,-0.0001526326
14518,-0.0119933635
14519,-0.035461444
14520,-0.038604736
14521,-0.04678348
14522,-0.03909307
14523,-0.044006377
14524,-0.032318115
14525,-0.04046634
14526,-0.040801972
14527,-0.0422363
14528,-0.029815674
14529,-0.02072142
14530,0.0061950684
14531,0.039520234
14532,0.07312012
14533,0.09295654
14534,0.11849974
14535,0.12609866
14536,0.13629149
14537,0.13873288
14538,0.14080812
14539,0.13665773
14540,0.13635254
14541,0.138855
14542,0.1427307
14543,0.1458435
14544,0.15316772
14545,0.15472412
14546,0.15237425
14547,0.13796999
14548,0.124115005
14549,0.10751341
14550,0.09390259
14551,0.083404556
14552,0.08703612
14553,0.09207152
14554,0.094177246
14555,0.08453366
14556,0.07424925
14557,0.05175783
14558,0.037078843
14559,0.021392811
14560,-0.00015261024
14561,-0.023132298
14562,-0.048034646
14563,-0.066040054
14564,-0.09063722
14565,-0.09970093
14566,-0.11520384
14567,-0.13070679
14568,-0.15130615
14569,-0.16278073
14570,-0.18133545
14571,-0.19189453
14572,-0.20324707
14573,-0.21420288
14574,-0.22674562
14575,-0.23431396
14576,-0.2413025
14577,-0.25030518
14578,-0.25756836
14579,-0.2484436
14580,-0.23522949
14581,-0.21328735
14582,-0.19671634
14583,-0.17373657
14584,-0.16137692
14585,-0.14465332
14586,-0.13458253
14587,-0.12142944
14588,-0.118896455
14589,-0.11181641
14590,-0.107391365
14591,-0.09933471
14592,-0.097595215
14593,-0.086029015
14594,-0.07546997
14595,-0.065704346
14596,-0.07437135
14597,-0.07904053
14598,-0.09216307
14599,-0.101043686
14600,-0.11160278
14601,-0.10671998
14602,-0.106781
14603,-0.090332046
14604,-0.072509766
14605,-0.04849243
14606,-0.03662111
14607,-0.028717056
14608,-0.02325441
14609,-0.023834243
14610,-0.020050019
14611,-0.018920913
14612,-0.012786865
14613,-0.0125122145
14614,-0.0048523024
14615,0.003143318
14616,0.0105896
14617,0.013183583
14618,0.0069884956
14619,0.007446319
14620,0.008483894
14621,0.021942168
14622,0.030639656
14623,0.04815673
14624,0.052978516
14625,0.0736389
14626,0.09091187
14627,0.11178589
14628,0.12915039
14629,0.14611816
14630,0.15625
14631,0.15948486
14632,0.16290285
14633,0.16824338
14634,0.16500854
14635,0.16275024
14636,0.16622925
14637,0.16217041
14638,0.1652527
14639,0.16888428
14640,0.17474365
14641,0.17056273
14642,0.16793826
14643,0.17572024
14644,0.16799927
14645,0.15823364
14646,0.1434021
14647,0.13815308
14648,0.12722778
14649,0.12301636
14650,0.11135863
14651,0.09967042
14652,0.075683616
14653,0.05630493
14654,0.04510498
14655,0.039093018
14656,0.035888657
14657,0.041900627
14658,0.046997085
14659,0.05215454
14660,0.062133774
14661,0.06842042
14662,0.08093261
14663,0.08239748
14664,0.08581545
14665,0.09399415
14666,0.08895874
14667,0.088958725
14668,0.081848145
14669,0.07748414
14670,0.06692505
14671,0.061370842
14672,0.044158936
14673,0.033355728
14674,0.015625015
14675,-0.0031738244
14676,-0.018646229
14677,-0.030731205
14678,-0.039001472
14679,-0.037902854
14680,-0.038146988
14681,-0.031585664
14682,-0.016601577
14683,-0.004302971
14684,0.013885513
14685,0.022430416
14686,0.027893078
14687,0.03250122
14688,0.027282722
14689,0.015075684
14690,-0.0076599102
14691,-0.03778075
14692,-0.07089232
14693,-0.10494996
14694,-0.1446228
14695,-0.17907715
14696,-0.20230101
14697,-0.21768188
14698,-0.21987915
14699,-0.21716309
14700,-0.20281984
14701,-0.19070436
14702,-0.17269897
14703,-0.1472778
14704,-0.12588502
14705,-0.10742186
14706,-0.0863037
14707,-0.06430054
14708,-0.045928955
14709,-0.034149177
14710,-0.017578121
14711,-0.0087585375
14712,0.0075378306
14713,0.009857178
14714,0.01849366
14715,0.014129639
14716,0.016967796
14717,0.013977051
14718,0.016815186
14719,0.008087173
14720,-0.002960205
14721,-0.019744873
14722,-0.040679954
14723,-0.056823745
14724,-0.066467285
14725,-0.06933592
14726,-0.06655884
14727,-0.06378174
14728,-0.05386351
14729,-0.049469005
14730,-0.04730225
14731,-0.05056764
14732,-0.048736572
14733,-0.049072273
14734,-0.03396606
14735,-0.026916511
14736,-0.021118168
14737,-0.0178833
14738,-0.0033874214
14739,0.006744383
14740,0.022033691
14741,0.036438003
14742,0.045715317
14743,0.047210697
14744,0.046356194
14745,0.039367698
14746,0.025207523
14747,0.013610844
14748,-0.007171631
14749,-0.026763923
14750,-0.049987793
14751,-0.058776855
14752,-0.07516481
14753,-0.083679214
14754,-0.088256836
14755,-0.080688484
14756,-0.057464592
14757,-0.032562263
14758,-0.0048523117
14759,0.024017334
14760,0.057952896
14761,0.08917236
14762,0.12200928
14763,0.14044191
14764,0.14804077
14765,0.15170288
14766,0.14248657
14767,0.13180545
14768,0.111907944
14769,0.09939573
14770,0.080230705
14771,0.06210328
14772,0.036987297
14773,0.02371217
14774,-0.0066528283
14775,-0.01983644
14776,-0.031677246
14777,-0.043243416
14778,-0.05310057
14779,-0.054534905
14780,-0.05541993
14781,-0.051971436
14782,-0.04067994
14783,-0.023071289
14784,-0.0063476576
14785,0.023406979
14786,0.048004143
14787,0.07376098
14788,0.09350587
14789,0.102783225
14790,0.10717773
14791,0.11312864
14792,0.1024475
14793,0.0951233
14794,0.07446289
14795,0.058105484
14796,0.031005856
14797,0.012451163
14798,-0.0028686523
14799,-0.017608637
14800,-0.027801517
14801,-0.025329586
14802,-0.01913452
14803,-0.010070799
14804,0.0076599075
14805,0.022796635
14806,0.0319519
14807,0.043579098
14808,0.05224609
14809,0.058013916
14810,0.054687515
14811,0.052490234
14812,0.053009037
14813,0.052307118
14814,0.050262444
14815,0.05795288
14816,0.059417725
14817,0.0605774
14818,0.066467285
14819,0.0647583
14820,0.0522461
14821,0.040893555
14822,0.024230953
14823,0.011718765
14824,0.000671383
14825,-0.0065612793
14826,-0.0055847242
14827,-0.0053405706
14828,-0.00793457
14829,0.0010986365
14830,0.0076599065
14831,0.016906746
14832,0.026397716
14833,0.034637444
14834,0.033416748
14835,0.02072143
14836,0.005645754
14837,-0.003021244
14838,-0.00082397275
14839,0.008239748
14840,0.037872307
14841,0.06271362
14842,0.09216309
14843,0.11297608
14844,0.122406006
14845,0.116363525
14846,0.1093445
14847,0.08200072
14848,0.04998779
14849,0.014801029
14850,-0.01504517
14851,-0.04196168
14852,-0.06506348
14853,-0.07574464
14854,-0.08102417
14855,-0.079742424
14856,-0.07431029
14857,-0.06668089
14858,-0.060302727
14859,-0.041900646
14860,-0.018951429
14861,0.017089836
14862,0.055450432
14863,0.08981323
14864,0.12390137
14865,0.14120483
14866,0.14431763
14867,0.12075806
14868,0.085083
14869,0.035644505
14870,-0.029327389
14871,-0.08740236
14872,-0.13381958
14873,-0.16781616
14874,-0.18014525
14875,-0.18499757
14876,-0.17373659
14877,-0.16751099
14878,-0.15261841
14879,-0.13925171
14880,-0.12219236
14881,-0.10684204
14882,-0.08682251
14883,-0.074798584
14884,-0.071167
14885,-0.05932618
14886,-0.03753662
14887,-0.028655991
14888,-0.04364015
14889,-0.062805206
14890,-0.082092255
14891,-0.076110855
14892,-0.073333725
14893,-0.058074955
14894,-0.04452513
14895,-0.052764907
14896,-0.07141112
14897,-0.09848024
14898,-0.10250856
14899,-0.08984375
14900,-0.05712893
14901,-0.02661135
14902,0.012085028
14903,0.02575684
14904,0.00076292455
14905,-0.045440674
14906,-0.097351074
14907,-0.17413329
14908,-0.24377441
14909,-0.28756714
14910,-0.29034424
14911,-0.26348877
14912,-0.2523803
14913,-0.24017337
14914,-0.24942017
14915,-0.26193234
14916,-0.27804565
14917,-0.27154538
14918,-0.23617554
14919,-0.21060179
14920,-0.2315979
14921,-0.28408816
14922,-0.37054437
14923,-0.4698486
14924,-0.5374452
14925,-0.5567628
14926,-0.49377435
14927,-0.34744263
14928,-0.14471436
14929,0.01983641
14930,0.15390015
14931,0.26181024
14932,0.3670653
14933,0.44418323
14934,0.4595031
14935,0.39703378
14936,0.29461676
14937,0.17349236
14938,0.07165527
14939,0.042114303
14940,0.08358765
14941,0.16546631
14942,0.21374515
14943,0.24319461
14944,0.21658327
14945,0.15545672
14946,0.08163443
14947,0.03793326
14948,0.046722442
14949,0.12744144
14950,0.24575804
14951,0.32656857
14952,0.36123657
14953,0.3605346
14954,0.36041254
14955,0.34521472
14956,0.29101557
14957,0.18496712
14958,0.052947983
14959,-0.09313974
14960,-0.21627814
14961,-0.25942987
14962,-0.22817992
14963,-0.16125485
14964,-0.11230472
14965,-0.08804324
14966,-0.10040283
14967,-0.14309686
14968,-0.20504764
14969,-0.23281872
14970,-0.18515018
14971,-0.0670777
14972,0.0865784
14973,0.2538452
14974,0.40597534
14975,0.5526733
14976,0.66906726
14977,0.7635192
14978,0.813629
14979,0.8259278
14980,0.80786145
14981,0.75378406
14982,0.67568976
14983,0.58486927
14984,0.46139526
14985,0.3301697
14986,0.22033687
14987,0.12271113
14988,0.037200868
14989,-0.048828125
14990,-0.14825419
14991,-0.24945056
14992,-0.34991467
14993,-0.4433289
14994,-0.52700806
14995,-0.5766297
14996,-0.58691406
14997,-0.560791
14998,-0.5118102
14999,-0.44561756
15000,-0.3582152
15001,-0.25311276
15002,-0.14501947
15003,-0.061218172
15004,-0.0070800185
15005,-0.016296387
15006,-0.09548962
15007,-0.20797727
15008,-0.30749512
15009,-0.38040167
15010,-0.41348267
15011,-0.3975526
15012,-0.35827625
15013,-0.31304908
15014,-0.26831076
15015,-0.25003064
15016,-0.24349976
15017,-0.2252197
15018,-0.17074579
15019,-0.10388175
15020,-0.025634646
15021,0.042755336
15022,0.12908933
15023,0.20462033
15024,0.2829286
15025,0.3482667
15026,0.3891602
15027,0.3774414
15028,0.3151549
15029,0.23660278
15030,0.16806035
15031,0.1246338
15032,0.12310788
15033,0.15991208
15034,0.21612556
15035,0.2591555
15036,0.25866687
15037,0.1999817
15038,0.10662837
15039,0.014312785
15040,-0.06307979
15041,-0.1664733
15042,-0.2712096
15043,-0.3772582
15044,-0.42648312
15045,-0.43383792
15046,-0.39248654
15047,-0.32717884
15048,-0.23809823
15049,-0.17477405
15050,-0.11489874
15051,-0.054992676
15052,0.03652957
15053,0.14892578
15054,0.29550168
15055,0.45544434
15056,0.6134338
15057,0.7268983
15058,0.7669372
15059,0.71899414
15060,0.6159362
15061,0.5107117
15062,0.39144903
15063,0.27734384
15064,0.15084839
15065,0.04940799
15066,-0.0015565008
15067,0.0021361038
15068,0.044982888
15069,0.11154175
15070,0.18179315
15071,0.22009277
15072,0.23559575
15073,0.2354126
15074,0.2558899
15075,0.28268433
15076,0.32666013
15077,0.36798096
15078,0.40643305
15079,0.40576166
15080,0.3516236
15081,0.25051886
15082,0.12319945
15083,0.016021729
15084,-0.07110596
15085,-0.11904906
15086,-0.14468384
15087,-0.15396124
15088,-0.14230339
15089,-0.11862187
15090,-0.084228575
15091,-0.0618591
15092,-0.041839633
15093,-0.048004135
15094,-0.050933782
15095,-0.071716316
15096,-0.07919311
15097,-0.095367424
15098,-0.110961884
15099,-0.11648558
15100,-0.121399045
15101,-0.13311775
15102,-0.15539543
15103,-0.19366449
15104,-0.22869872
15105,-0.24826053
15106,-0.25881958
15107,-0.23544313
15108,-0.21148686
15109,-0.18594371
15110,-0.16339108
15111,-0.14398196
15112,-0.14456183
15113,-0.13977054
15114,-0.14675903
15115,-0.14868163
15116,-0.14395136
15117,-0.1343689
15118,-0.12191774
15119,-0.11547849
15120,-0.10745238
15121,-0.10110469
15122,-0.09497078
15123,-0.08361824
15124,-0.08261104
15125,-0.09561154
15126,-0.10845947
15127,-0.12271121
15128,-0.12646484
15129,-0.13513187
15130,-0.14578249
15131,-0.15545662
15132,-0.16604608
15133,-0.16763309
15134,-0.15966803
15135,-0.14340213
15136,-0.12768553
15137,-0.10736084
15138,-0.07977289
15139,-0.051452637
15140,-0.022857696
15141,-0.002532974
15142,0.0045776516
15143,-0.0010986477
15144,-0.02279666
15145,-0.031005949
15146,-0.043456987
15147,-0.050872806
15148,-0.047668442
15149,-0.04580693
15150,-0.059539795
15151,-0.07745364
15152,-0.109008804
15153,-0.1377564
15154,-0.1643982
15155,-0.16903687
15156,-0.16394046
15157,-0.13464358
15158,-0.10781858
15159,-0.070434615
15160,-0.052337617
15161,-0.03094481
15162,-0.01669316
15163,-0.009033218
15164,-0.012084976
15165,-0.024017327
15166,-0.044342026
15167,-0.059234656
15168,-0.060394254
15169,-0.057098392
15170,-0.042724617
15171,-0.05059816
15172,-0.061340347
15173,-0.094635054
15174,-0.12676999
15175,-0.16897586
15176,-0.1926574
15177,-0.20721433
15178,-0.20675662
15179,-0.1982727
15180,-0.18246457
15181,-0.15542603
15182,-0.14028932
15183,-0.11090088
15184,-0.089843765
15185,-0.060089126
15186,-0.04522708
15187,-0.02502441
15188,-0.019989006
15189,-0.031188965
15190,-0.03375245
15191,-0.03701783
15192,-0.037963852
15193,-0.048248276
15194,-0.054107673
15195,-0.07235719
15196,-0.09069823
15197,-0.1137085
15198,-0.1166687
15199,-0.11569214
15200,-0.10128786
15201,-0.0769348
15202,-0.049591094
15203,-0.024902359
15204,-0.011779785
15205,-0.005157456
15206,-0.005645752
15207,-0.012268066
15208,-0.0111694485
15209,-0.013183579
15210,-0.014434807
15211,-0.02264402
15212,-0.029541016
15213,-0.030883804
15214,-0.047363263
15215,-0.05703734
15216,-0.07406618
15217,-0.09582521
15218,-0.11294555
15219,-0.11682129
15220,-0.10568237
15221,-0.0807495
15222,-0.032836914
15223,0.015686028
15224,0.07449339
15225,0.125061
15226,0.17123415
15227,0.20611575
15228,0.22442627
15229,0.2341919
15230,0.23904419
15231,0.23229982
15232,0.22207642
15233,0.21401978
15234,0.19921875
15235,0.20440674
15236,0.20440675
15237,0.23211668
15238,0.24075319
15239,0.26254272
15240,0.2662048
15241,0.28137207
15242,0.2756958
15243,0.276886
15244,0.27536008
15245,0.26843262
15246,0.258728
15247,0.24664307
15248,0.23101808
15249,0.21884158
15250,0.20922852
15251,0.19436647
15252,0.18136601
15253,0.16601565
15254,0.15115358
15255,0.14065549
15256,0.12023926
15257,0.112640366
15258,0.10403444
15259,0.12338255
15260,0.14212036
15261,0.17172243
15262,0.18710329
15263,0.20413208
15264,0.19326782
15265,0.17907713
15266,0.14260861
15267,0.11349486
15268,0.08309935
15269,0.061492912
15270,0.0472107
15271,0.048919678
15272,0.04397583
15273,0.039886486
15274,0.032836944
15275,0.024780273
15276,0.01882936
15277,0.013793943
15278,0.007720954
15279,0.005950936
15280,0.008911139
15281,0.028472885
15282,0.056884766
15283,0.08572389
15284,0.107543945
15285,0.120513916
15286,0.11239624
15287,0.08639525
15288,0.043701142
15289,0.0060424544
15290,-0.030731197
15291,-0.059082042
15292,-0.07766724
15293,-0.081420906
15294,-0.08969116
15295,-0.098388664
15296,-0.1031494
15297,-0.10662844
15298,-0.104888916
15299,-0.096221924
15300,-0.089843765
15301,-0.09140016
15302,-0.09725952
15303,-0.107086174
15304,-0.11306765
15305,-0.12670897
15306,-0.12661742
15307,-0.12515259
15308,-0.12771605
15309,-0.13031004
15310,-0.12658691
15311,-0.11709596
15312,-0.10467528
15313,-0.088958755
15314,-0.0652771
15315,-0.047393806
15316,-0.035949703
15317,-0.020935059
15318,-0.02066039
15319,-0.022155795
15320,-0.02365113
15321,-0.02206422
15322,-0.021820083
15323,-0.02578735
15324,-0.02835083
15325,-0.040985096
15326,-0.05224611
15327,-0.06707764
15328,-0.082336426
15329,-0.10055543
15330,-0.11828612
15331,-0.14135742
15332,-0.15155026
15333,-0.16741943
15334,-0.17105101
15335,-0.1645813
15336,-0.16223143
15337,-0.15612793
15338,-0.1440735
15339,-0.12994386
15340,-0.11743164
15341,-0.09332277
15342,-0.07107547
15343,-0.054779038
15344,-0.040313713
15345,-0.040832505
15346,-0.040679928
15347,-0.060302727
15348,-0.07330324
15349,-0.088653564
15350,-0.099884026
15351,-0.11038211
15352,-0.11959839
15353,-0.105743416
15354,-0.11010739
15355,-0.1166382
15356,-0.123626694
15357,-0.13156128
15358,-0.12597656
15359,-0.119720474
15360,-0.10983275
15361,-0.088409424
15362,-0.06866455
15363,-0.037017833
15364,-0.0068054274
15365,0.01516724
15366,0.042938255
15367,0.050781265
15368,0.04418945
15369,0.009277321
15370,-0.038116455
15371,-0.08389286
15372,-0.11804198
15373,-0.14373778
15374,-0.14752203
15375,-0.120697014
15376,-0.09176631
15377,-0.045074478
15378,0.008453369
15379,0.05245973
15380,0.09243775
15381,0.12716672
15382,0.15191653
15383,0.16561891
15384,0.18341063
15385,0.19281006
15386,0.20339966
15387,0.20303343
15388,0.21237184
15389,0.20928955
15390,0.22940065
15391,0.26031494
15392,0.3013916
15393,0.34393317
15394,0.4008789
15395,0.43402097
15396,0.44616705
15397,0.45742798
15398,0.43148804
15399,0.40374756
15400,0.35327145
15401,0.3111573
15402,0.2685547
15403,0.23745725
15404,0.2026978
15405,0.17971802
15406,0.15264891
15407,0.119323716
15408,0.09655763
15409,0.060699448
15410,0.028564438
15411,0.0005493164
15412,0.004699692
15413,0.026245087
15414,0.0725708
15415,0.12716684
15416,0.17532349
15417,0.20812985
15418,0.20877078
15419,0.19100952
15420,0.1501159
15421,0.11291504
15422,0.06539914
15423,0.032165557
15424,-0.011962891
15425,-0.04415892
15426,-0.078125
15427,-0.12145994
15428,-0.14642335
15429,-0.17309569
15430,-0.18814087
15431,-0.19656374
15432,-0.1982117
15433,-0.19296265
15434,-0.1586609
15435,-0.11087036
15436,-0.032836914
15437,0.03402719
15438,0.08950806
15439,0.11740109
15440,0.123687804
15441,0.09939575
15442,0.057311952
15443,0.014648407
15444,-0.0379944
15445,-0.077880874
15446,-0.10214235
15447,-0.11224364
15448,-0.112854026
15449,-0.10491942
15450,-0.08123779
15451,-0.054779038
15452,-0.029754639
15453,0.004608169
15454,0.02368164
15455,0.02859497
15456,-0.00076299906
15457,-0.057556167
15458,-0.13220213
15459,-0.22271731
15460,-0.3067932
15461,-0.37649533
15462,-0.41232306
15463,-0.43173218
15464,-0.41809082
15465,-0.3895264
15466,-0.3522644
15467,-0.31613162
15468,-0.27920532
15469,-0.2425537
15470,-0.20434573
15471,-0.16656493
15472,-0.1187744
15473,-0.07492061
15474,-0.042785645
15475,0.005432144
15476,0.04403685
15477,0.07452394
15478,0.0751953
15479,0.0675049
15480,0.033477783
15481,-0.009094272
15482,-0.04510498
15483,-0.07659912
15484,-0.09042363
15485,-0.10751343
15486,-0.09887694
15487,-0.097290024
15488,-0.09243774
15489,-0.09173584
15490,-0.082702644
15491,-0.08755493
15492,-0.0692749
15493,-0.048187293
15494,-0.050079357
15495,-0.004547078
15496,0.018371597
15497,0.052886993
15498,0.08801268
15499,0.099670425
15500,0.091613755
15501,0.074523926
15502,0.016540527
15503,-0.029327422
15504,-0.08908081
15505,-0.14654541
15506,-0.19735724
15507,-0.23550414
15508,-0.23834227
15509,-0.24499512
15510,-0.22161865
15511,-0.20019531
15512,-0.16958618
15513,-0.15109251
15514,-0.110015854
15515,-0.08230593
15516,-0.017517105
15517,-0.068939194
15518,-0.057495095
15519,-0.08264159
15520,-0.1262207
15521,-0.10351561
15522,-0.121917695
15523,-0.12139892
15524,-0.117889404
15525,-0.11483767
15526,-0.11529541
15527,-0.064208955
15528,0.0069884807
15529,0.06344606
15530,0.11880493
15531,0.14657593
15532,0.1555481
15533,0.11706543
15534,0.088714585
15535,0.03326417
15536,0.0004882943
15537,-0.021850575
15538,0.0009765327
15539,-0.0692444
15540,-0.06384278
15541,-0.090209976
15542,-0.14633176
15543,-0.1496277
15544,-0.19653317
15545,-0.23339845
15546,-0.24768066
15547,-0.24987796
15548,-0.23416138
15549,-0.1590881
15550,-0.049835235
15551,0.05157475
15552,0.15155031
15553,0.23776245
15554,0.286438
15555,0.29632568
15556,0.2894287
15557,0.25115967
15558,0.1902771
15559,0.16659547
15560,0.18338013
15561,0.1029968
15562,0.09179687
15563,0.06317136
15564,0.030029327
15565,0.095336884
15566,0.17007443
15567,0.26696783
15568,0.38125622
15569,0.46881098
15570,0.53970337
15571,0.6262512
15572,0.7023316
15573,0.7470397
15574,0.75009155
15575,0.73791504
15576,0.6749573
15577,0.61087036
15578,0.5423584
15579,0.47833252
15580,0.3920898
15581,0.34664923
15582,0.2774048
15583,0.27444452
15584,0.24682613
15585,0.24435425
15586,0.26522827
15587,0.289154
15588,0.34820557
15589,0.38897705
15590,0.41305554
15591,0.42095935
15592,0.39718628
15593,0.33166498
15594,0.2403566
15595,0.14123523
15596,0.02935794
15597,-0.072631836
15598,-0.1595765
15599,-0.20983884
15600,-0.25149542
15601,-0.26184082
15602,-0.28530878
15603,-0.29077157
15604,-0.32321167
15605,-0.28927603
15606,-0.29040518
15607,-0.26739514
15608,-0.21444714
15609,-0.16851795
15610,-0.092041135
15611,-0.0430907
15612,-0.010284364
15613,-0.013183594
15614,-0.03930658
15615,-0.10772696
15616,-0.19354236
15617,-0.28417984
15618,-0.37167358
15619,-0.44647217
15620,-0.49130258
15621,-0.5115356
15622,-0.5097046
15623,-0.47625732
15624,-0.4356994
15625,-0.40103158
15626,-0.40350348
15627,-0.3421935
15628,-0.33065787
15629,-0.31054696
15630,-0.28717053
15631,-0.31988513
15632,-0.35784918
15633,-0.40084833
15634,-0.4554749
15635,-0.49261463
15636,-0.5180054
15637,-0.54574573
15638,-0.57247925
15639,-0.5786133
15640,-0.5718384
15641,-0.5525818
15642,-0.5126344
15643,-0.47018427
15644,-0.42825323
15645,-0.3960266
15646,-0.3567504
15647,-0.3397218
15648,-0.35076904
15649,-0.3076781
15650,-0.29544055
15651,-0.272339
15652,-0.24188246
15653,-0.2480468
15654,-0.24890143
15655,-0.2408752
15656,-0.24264534
15657,-0.22015369
15658,-0.18969722
15659,-0.15173331
15660,-0.11737065
15661,-0.05883783
15662,0.0037536472
15663,0.07064818
15664,0.14920048
15665,0.22158812
15666,0.28305054
15667,0.3302002
15668,0.37442017
15669,0.3856812
15670,0.36657715
15671,0.38327026
15672,0.36764523
15673,0.36373907
15674,0.36090088
15675,0.3209839
15676,0.2898255
15677,0.26205438
15678,0.22717282
15679,0.21365355
15680,0.20498656
15681,0.19876093
15682,0.19897453
15683,0.22122197
15684,0.24914548
15685,0.28237915
15686,0.32968146
15687,0.37405396
15688,0.40072632
15689,0.42166138
15690,0.4421997
15691,0.4297791
15692,0.41912842
15693,0.3895874
15694,0.36608884
15695,0.34616095
15696,0.31549078
15697,0.27658078
15698,0.23883064
15699,0.19308463
15700,0.16403195
15701,0.13519284
15702,0.11587524
15703,0.10839838
15704,0.11383051
15705,0.1246033
15706,0.14624023
15707,0.16351318
15708,0.19137578
15709,0.20285034
15710,0.20339969
15711,0.200531
15712,0.18551631
15713,0.15637209
15714,0.13739014
15715,0.11056516
15716,0.08715819
15717,0.07238774
15718,0.054595973
15719,0.018066376
15720,-0.014861975
15721,-0.03985603
15722,-0.056030277
15723,-0.067413345
15724,-0.060546875
15725,-0.05157476
15726,-0.03610237
15727,-0.010833699
15728,0.013519272
15729,0.042572014
15730,0.06375125
15731,0.0892334
15732,0.110839844
15733,0.12246704
15734,0.13232417
15735,0.13876346
15736,0.13964845
15737,0.12728876
15738,0.10711668
15739,0.08395389
15740,0.068634056
15741,0.044097874
15742,0.032074034
15743,0.012786832
15744,-0.0018615462
15745,-0.016998325
15746,-0.022064231
15747,-0.029724166
15748,-0.040771514
15749,-0.043853745
15750,-0.042572036
15751,-0.04171753
15752,-0.04391475
15753,-0.038055435
15754,-0.021850556
15755,0.0042419545
15756,0.041412305
15757,0.07879642
15758,0.10803223
15759,0.1266784
15760,0.12530515
15761,0.11236574
15762,0.096710235
15763,0.07885739
15764,0.06039433
15765,0.03845209
15766,0.018829364
15767,0.0015563592
15768,-0.0075683966
15769,-0.01953128
15770,-0.027130142
15771,-0.04541014
15772,-0.07522583
15773,-0.11224365
15774,-0.15209962
15775,-0.18490599
15776,-0.207428
15777,-0.2045898
15778,-0.19055179
15779,-0.15545654
15780,-0.13342284
15781,-0.10299685
15782,-0.09100341
15783,-0.08999637
15784,-0.09054563
15785,-0.089416504
15786,-0.09014894
15787,-0.095977806
15788,-0.089874275
15789,-0.08526613
15790,-0.07122807
15791,-0.05737301
15792,-0.029510502
15793,-0.0024413895
15794,0.036224395
15795,0.06857301
15796,0.10354613
15797,0.11679079
15798,0.1149597
15799,0.103424
15800,0.06414792
15801,0.01776126
15802,-0.030731216
15803,-0.06906128
15804,-0.10983276
15805,-0.14129642
15806,-0.16125488
15807,-0.1690979
15808,-0.1769104
15809,-0.17474362
15810,-0.17678833
15811,-0.1741943
15812,-0.16320804
15813,-0.13500977
15814,-0.08303833
15815,-0.019256562
15816,0.05184941
15817,0.11172487
15818,0.15905762
15819,0.18383792
15820,0.17947383
15821,0.14419547
15822,0.07873537
15823,-0.00036615878
15824,-0.08187868
15825,-0.1569519
15826,-0.22247314
15827,-0.26739502
15828,-0.3017273
15829,-0.3215332
15830,-0.32867432
15831,-0.3344116
15832,-0.3343811
15833,-0.32861325
15834,-0.31045532
15835,-0.27990723
15836,-0.2239685
15837,-0.14910889
15838,-0.050628632
15839,0.0390625
15840,0.117157
15841,0.18023682
15842,0.20578
15843,0.19757068
15844,0.1609497
15845,0.10040286
15846,0.03448485
15847,-0.024658218
15848,-0.08020021
15849,-0.122253425
15850,-0.16131593
15851,-0.18951418
15852,-0.21234131
15853,-0.23547362
15854,-0.24768066
15855,-0.24972533
15856,-0.24362181
15857,-0.2343445
15858,-0.21200563
15859,-0.19491577
15860,-0.17965697
15861,-0.16494751
15862,-0.16445921
15863,-0.15335083
15864,-0.1500549
15865,-0.14508054
15866,-0.13955688
15867,-0.13781738
15868,-0.12695312
15869,-0.11465454
15870,-0.09521486
15871,-0.08410643
15872,-0.062805176
15873,-0.046813965
15874,-0.017486587
15875,0.017913792
15876,0.057251
15877,0.08325195
15878,0.101165816
15879,0.097442634
15880,0.080718994
15881,0.046752922
15882,0.01849366
15883,0.004638657
15884,-0.00784301
15885,-0.0047607645
15886,0.0033264607
15887,0.009094246
15888,0.018341042
15889,0.029968232
15890,0.054473884
15891,0.07495118
15892,0.10110472
15893,0.11306763
15894,0.1328125
15895,0.14474487
15896,0.16751099
15897,0.19293213
15898,0.21850587
15899,0.22769167
15900,0.22753909
15901,0.2001648
15902,0.15722658
15903,0.1003418
15904,0.04327391
15905,-0.0016479632
15906,-0.040069573
15907,-0.061309814
15908,-0.061309785
15909,-0.05545041
15910,-0.03143312
15911,0.005004869
15912,0.054870613
15913,0.09988404
15914,0.14312743
15915,0.17654422
15916,0.20230103
15917,0.22055052
15918,0.24145508
15919,0.26205444
15920,0.2680359
15921,0.26431274
15922,0.24761963
15923,0.21517944
15924,0.16302492
15925,0.10134888
15926,0.045074444
15927,-0.010070813
15928,-0.049896237
15929,-0.075805664
15930,-0.08145137
15931,-0.074676484
15932,-0.048675552
15933,-0.008697525
15934,0.031890877
15935,0.081390366
15936,0.12579343
15937,0.15997316
15938,0.17977905
15939,0.19635007
15940,0.19595337
15941,0.18597409
15942,0.17037964
15943,0.16238402
15944,0.13879395
15945,0.11486817
15946,0.07690431
15947,0.029541027
15948,-0.026733402
15949,-0.08691405
15950,-0.13595581
15951,-0.17816162
15952,-0.19198607
15953,-0.18322748
15954,-0.15594484
15955,-0.11309814
15956,-0.06591796
15957,-0.014617931
15958,0.033111565
15959,0.0687561
15960,0.093383774
15961,0.11254882
15962,0.104644775
15963,0.0967407
15964,0.07614133
15965,0.062744126
15966,0.035766594
15967,0.02441407
15968,0.0058288705
15969,-0.010223373
15970,-0.025543213
15971,-0.040557846
15972,-0.04135131
15973,-0.05126953
15974,-0.046234146
15975,-0.038238518
15976,-0.026641853
15977,-0.012054436
15978,0.0054626465
15979,0.019317627
15980,0.0376587
15981,0.04782103
15982,0.049652085
15983,0.051818855
15984,0.03964234
15985,0.030120853
15986,0.0264282
15987,0.029479966
15988,0.03356933
15989,0.03845215
15990,0.040100113
15991,0.038879395
15992,0.03405761
15993,0.015747074
15994,0.005523674
15995,-0.011138905
15996,-0.02239991
15997,-0.027130118
15998,-0.026062006
15999,-0.018402088
16000,-0.013793947
16001,-0.006317131
16002,-0.0016479343
16003,0.009063706
16004,0.0020446628
16005,0.0013122782
16006,-0.011169441
16007,-0.011962879
16008,-0.011474617
16009,0.0010375939
16010,0.013153072
16011,0.028900154
16012,0.038177475
16013,0.05438231
16014,0.05609131
16015,0.053924553
16016,0.053558335
16017,0.056152344
16018,0.051025383
16019,0.052246094
16020,0.0487976
16021,0.03549195
16022,0.015136717
16023,-0.007476799
16024,-0.017913803
16025,-0.028259292
16026,-0.0366211
16027,-0.041473363
16028,-0.046569828
16029,-0.04711914
16030,-0.050018318
16031,-0.03713988
16032,-0.03720095
16033,-0.028717048
16034,-0.027954131
16035,-0.014129661
16036,-0.016296394
16037,-0.007873548
16038,-0.012237567
16039,-0.01953125
16040,-0.033172607
16041,-0.038146965
16042,-0.043731682
16043,-0.051147453
16044,-0.06109619
16045,-0.06680297
16046,-0.071380615
16047,-0.074279785
16048,-0.08050537
16049,-0.0897522
16050,-0.102355964
16051,-0.10229492
16052,-0.10681151
16053,-0.09002685
16054,-0.08062745
16055,-0.06246949
16056,-0.049957305
16057,-0.034301758
16058,-0.025360111
16059,-0.004364021
16060,0.01715089
16061,0.0375061
16062,0.06518553
16063,0.08319092
16064,0.08886719
16065,0.083923325
16066,0.068481445
16067,0.03616333
16068,0.0072021484
16069,-0.025299074
16070,-0.056335434
16071,-0.0887146
16072,-0.11135863
16073,-0.12530519
16074,-0.1344299
16075,-0.13717651
16076,-0.12045289
16077,-0.11172486
16078,-0.09295654
16079,-0.07379152
16080,-0.046112057
16081,-0.024658207
16082,0.010162366
16083,0.038635246
16084,0.07012939
16085,0.078125
16086,0.0845337
16087,0.08035277
16088,0.06628418
16089,0.051818844
16090,0.030303955
16091,0.009155277
16092,-0.014862053
16093,-0.03988647
16094,-0.06436156
16095,-0.08160401
16096,-0.09234617
16097,-0.10580447
16098,-0.09353637
16099,-0.08709715
16100,-0.06066893
16101,-0.031677254
16102,0.008880628
16103,0.037109382
16104,0.0683899
16105,0.09451294
16106,0.11047363
16107,0.11010742
16108,0.099945076
16109,0.0736389
16110,0.03704834
16111,-0.0096740825
16112,-0.05117798
16113,-0.09591675
16114,-0.122222885
16115,-0.13595581
16116,-0.14193724
16117,-0.14813232
16118,-0.14956665
16119,-0.1612549
16120,-0.1643982
16121,-0.17031857
16122,-0.15771481
16123,-0.15020753
16124,-0.12020875
16125,-0.09106445
16126,-0.065917976
16127,-0.04635621
16128,-0.029693605
16129,-0.022918697
16130,-0.011169426
16131,-0.011260975
16132,-0.002868645
16133,0.006073009
16134,0.009887703
16135,0.016998276
16136,0.02545166
16137,0.036590572
16138,0.040954567
16139,0.0376892
16140,0.034942616
16141,0.01934814
16142,0.0019226
16143,-0.014038069
16144,-0.018402092
16145,-0.038726807
16146,-0.037475586
16147,-0.04248047
16148,-0.047637947
16149,-0.05065919
16150,-0.052917495
16151,-0.048797607
16152,-0.040679924
16153,-0.02746581
16154,-0.006408686
16155,0.0077819973
16156,0.02062989
16157,0.03369139
16158,0.03869629
16159,0.036712654
16160,0.040557824
16161,0.028167725
16162,0.017181411
16163,-0.0074157454
16164,-0.026794441
16165,-0.05569458
16166,-0.08209229
16167,-0.12405396
16168,-0.15402225
16169,-0.18807983
16170,-0.20800781
16171,-0.21499635
16172,-0.20986938
16173,-0.19699097
16174,-0.16952515
16175,-0.13430785
16176,-0.09191893
16177,-0.047912583
16178,-0.010223381
16179,0.029876694
16180,0.061340325
16181,0.091003425
16182,0.12155149
16183,0.14526364
16184,0.1712341
16185,0.18515019
16186,0.18322754
16187,0.17401123
16188,0.15292357
16189,0.13043213
16190,0.1088562
16191,0.08862305
16192,0.07476807
16193,0.056365997
16194,0.036651626
16195,0.02142334
16196,0.008117676
16197,0.00079345703
16198,-0.0012512058
16199,0.0016174316
16200,0.00592041
16201,0.026245125
16202,0.039947495
16203,0.06448366
16204,0.08639529
16205,0.1187744
16206,0.14437865
16207,0.173584
16208,0.1913147
16209,0.20584106
16210,0.21087644
16211,0.21807863
16212,0.21029662
16213,0.20925902
16214,0.19473268
16215,0.17074588
16216,0.14065552
16217,0.10757445
16218,0.06439209
16219,0.035461426
16220,0.0074157957
16221,0.0021667518
16222,-0.009765632
16223,0.006408695
16224,0.028320305
16225,0.06619263
16226,0.104888916
16227,0.15475462
16228,0.19805908
16229,0.2374878
16230,0.26416016
16231,0.28527832
16232,0.29208374
16233,0.29632568
16234,0.28253174
16235,0.27093506
16236,0.24179077
16237,0.21469119
16238,0.18511963
16239,0.17120361
16240,0.14831543
16241,0.14041138
16242,0.12710571
16243,0.11123657
16244,0.095397934
16245,0.08303833
16246,0.07522582
16247,0.06417847
16248,0.06600952
16249,0.0708618
16250,0.07620241
16251,0.080657944
16252,0.08981324
16253,0.09326172
16254,0.082244866
16255,0.074157745
16256,0.038360596
16257,3.0517578e-05
16258,-0.044189446
16259,-0.08303834
16260,-0.1175537
16261,-0.13894653
16262,-0.15615845
16263,-0.16796876
16264,-0.17956543
16265,-0.19244385
16266,-0.19802856
16267,-0.21374512
16268,-0.21170041
16269,-0.21875001
16270,-0.20996092
16271,-0.20812988
16272,-0.19689941
16273,-0.18875122
16274,-0.17889403
16275,-0.17413333
16276,-0.17999268
16277,-0.17956543
16278,-0.18429562
16279,-0.19165039
16280,-0.2000122
16281,-0.20797732
16282,-0.21423341
16283,-0.20703125
16284,-0.18341064
16285,-0.1624756
16286,-0.1335449
16287,-0.115661606
16288,-0.09030152
16289,-0.0915222
16290,-0.08862302
16291,-0.102752686
16292,-0.11450192
16293,-0.13195801
16294,-0.1343689
16295,-0.13644409
16296,-0.13296509
16297,-0.12594604
16298,-0.11975098
16299,-0.11141966
16300,-0.10052491
16301,-0.0904236
16302,-0.08532716
16303,-0.08691409
16304,-0.089508064
16305,-0.0982666
16306,-0.09765624
16307,-0.10751344
16308,-0.10586546
16309,-0.11297606
16310,-0.11050415
16311,-0.123352036
16312,-0.12753293
16313,-0.14486693
16314,-0.16250607
16315,-0.19525146
16316,-0.22586058
16317,-0.26123047
16318,-0.28616333
16319,-0.2982788
16320,-0.29055786
16321,-0.27148438
16322,-0.23376463
16323,-0.19857787
16324,-0.16268924
16325,-0.12655643
16326,-0.09002687
16327,-0.05621338
16328,-0.019470196
16329,0.024353027
16330,0.07922363
16331,0.13214114
16332,0.18869019
16333,0.23339845
16334,0.26782227
16335,0.28533936
16336,0.2845459
16337,0.25854492
16338,0.21630861
16339,0.16677856
16340,0.12097168
16341,0.082092285
16342,0.059448257
16343,0.046295166
16344,0.0422363
16345,0.039276153
16346,0.048797637
16347,0.057678223
16348,0.074218735
16349,0.09661867
16350,0.11865234
16351,0.14154053
16352,0.16146848
16353,0.20111084
16354,0.23202516
16355,0.26483154
16356,0.29592896
16357,0.3263855
16358,0.34088135
16359,0.3485718
16360,0.34030154
16361,0.3338318
16362,0.3265381
16363,0.33309942
16364,0.34436035
16365,0.35421753
16366,0.3632812
16367,0.36758423
16368,0.373169
16369,0.37295535
16370,0.37036133
16371,0.36627197
16372,0.35464478
16373,0.34051514
16374,0.3209228
16375,0.31143188
16376,0.28189093
16377,0.26065063
16378,0.23312375
16379,0.20538333
16380,0.16732788
16381,0.13272089
16382,0.08972162
16383,0.050842226
16384,0.0045776367
16385,-0.02859503
16386,-0.07095331
16387,-0.10925293
16388,-0.16262805
16389,-0.20498651
16390,-0.25268558
16391,-0.29577637
16392,-0.33798224
16393,-0.37625116
16394,-0.41195685
16395,-0.4448852
16396,-0.48361203
16397,-0.5147706
16398,-0.5444032
16399,-0.5582276
16400,-0.5596313
16401,-0.54919434
16402,-0.5288696
16403,-0.49569702
16404,-0.46243295
16405,-0.42196655
16406,-0.4008789
16407,-0.3716737
16408,-0.3610534
16409,-0.34799194
16410,-0.3485107
16411,-0.3338318
16412,-0.32763687
16413,-0.31045547
16414,-0.29153448
16415,-0.27371216
16416,-0.26150507
16417,-0.23974615
16418,-0.21911615
16419,-0.20773315
16420,-0.18399048
16421,-0.15606695
16422,-0.12197876
16423,-0.07797253
16424,-0.036499143
16425,0.012145877
16426,0.048706114
16427,0.09109485
16428,0.116607726
16429,0.13140869
16430,0.12872326
16431,0.12939453
16432,0.11065689
16433,0.08697522
16434,0.06478873
16435,0.04095456
16436,0.02355966
16437,0.009216309
16438,0.008575499
16439,0.011444032
16440,0.02096562
16441,0.033355698
16442,0.062499985
16443,0.09585566
16444,0.14013675
16445,0.19781479
16446,0.25549313
16447,0.32305908
16448,0.3892213
16449,0.45510858
16450,0.5140076
16451,0.56042486
16452,0.59817505
16453,0.6206665
16454,0.6398926
16455,0.6503296
16456,0.6472779
16457,0.63638306
16458,0.61288464
16459,0.58255
16460,0.55361944
16461,0.51995844
16462,0.4890747
16463,0.4470216
16464,0.3992921
16465,0.34506232
16466,0.29122925
16467,0.24060053
16468,0.19708237
16469,0.16650373
16470,0.14981088
16471,0.13305658
16472,0.13012695
16473,0.12448138
16474,0.11853039
16475,0.099212736
16476,0.08187884
16477,0.05706799
16478,0.020233184
16479,-0.015868962
16480,-0.05078107
16481,-0.08633423
16482,-0.11355598
16483,-0.14511104
16484,-0.1730652
16485,-0.21054082
16486,-0.24639894
16487,-0.2861023
16488,-0.3302002
16489,-0.37298575
16490,-0.40771487
16491,-0.43823242
16492,-0.45480353
16493,-0.4745788
16494,-0.48400885
16495,-0.49255368
16496,-0.49047846
16497,-0.4983825
16498,-0.4828491
16499,-0.46279904
16500,-0.43469238
16501,-0.40917963
16502,-0.3674621
16503,-0.33572388
16504,-0.29309088
16505,-0.25042725
16506,-0.20111085
16507,-0.15768437
16508,-0.12020877
16509,-0.09774777
16510,-0.10156253
16511,-0.119384676
16512,-0.1470948
16513,-0.18325809
16514,-0.21701053
16515,-0.24563593
16516,-0.2622682
16517,-0.27774045
16518,-0.27709958
16519,-0.27471918
16520,-0.2601013
16521,-0.24731442
16522,-0.22027588
16523,-0.19430536
16524,-0.16018677
16525,-0.11553952
16526,-0.0641785
16527,-0.010986328
16528,0.046966564
16529,0.111022875
16530,0.16482541
16531,0.21029666
16532,0.2333374
16533,0.24105841
16534,0.23306283
16535,0.20483406
16536,0.17572021
16537,0.13623053
16538,0.10391238
16539,0.07693481
16540,0.07034293
16541,0.0710449
16542,0.08670035
16543,0.10839835
16544,0.13620003
16545,0.15829465
16546,0.17059314
16547,0.19049074
16548,0.20251462
16549,0.2189026
16550,0.22799681
16551,0.24432369
16552,0.24624631
16553,0.26086432
16554,0.2663269
16555,0.26513678
16556,0.2535096
16557,0.2318421
16558,0.19790646
16559,0.1626282
16560,0.12887573
16561,0.10220332
16562,0.078643754
16563,0.062347375
16564,0.05303949
16565,0.047912493
16566,0.03268438
16567,0.02957151
16568,0.012359496
16569,0.014282234
16570,0.005798284
16571,0.008300822
16572,-0.0041808933
16573,-0.0075378865
16574,-0.018341117
16575,-0.007385239
16576,0.0024108961
16577,0.022033721
16578,0.029022314
16579,0.03488169
16580,0.024200406
16581,0.016571067
16582,0.0064697415
16583,0.00668329
16584,0.0055846646
16585,0.008483857
16586,0.012878358
16587,0.018157884
16588,0.025787368
16589,0.039428666
16590,0.045715228
16591,0.049987763
16592,0.0503235
16593,0.048828132
16594,0.039550774
16595,0.026031502
16596,0.0152282715
16597,0.006042473
16598,0.009002708
16599,0.013427742
16600,0.028900206
16601,0.03695686
16602,0.050323486
16603,0.060333222
16604,0.0657349
16605,0.06417846
16606,0.060150087
16607,0.051513612
16608,0.03744504
16609,0.020690858
16610,0.01272589
16611,0.016937241
16612,0.015533417
16613,0.023681633
16614,0.0284729
16615,0.026153568
16616,0.024108857
16617,0.014007585
16618,0.009216303
16619,-0.016326915
16620,-0.03762816
16621,-0.070343
16622,-0.08880609
16623,-0.103454515
16624,-0.087371826
16625,-0.06774904
16626,-0.049743585
16627,-0.044708267
16628,-0.05087287
16629,-0.06213382
16630,-0.08215338
16631,-0.097625755
16632,-0.10275267
16633,-0.09497073
16634,-0.08767702
16635,-0.07601929
16636,-0.071777344
16637,-0.07891846
16638,-0.08221436
16639,-0.0915222
16640,-0.096405014
16641,-0.11224367
16642,-0.11978149
16643,-0.13342284
16644,-0.12451173
16645,-0.11584473
16646,-0.08554077
16647,-0.055480957
16648,-0.024169914
16649,0.0010070801
16650,0.021850571
16651,0.024597168
16652,0.017944321
16653,0.008422829
16654,-0.014007561
16655,-0.03503419
16656,-0.05197142
16657,-0.070678696
16658,-0.08801271
16659,-0.10006713
16660,-0.099426284
16661,-0.095733635
16662,-0.08166504
16663,-0.071685776
16664,-0.074707046
16665,-0.07501221
16666,-0.07086182
16667,-0.05789186
16668,-0.045257565
16669,-0.015197758
16670,0.019836424
16671,0.054046623
16672,0.07727051
16673,0.08825685
16674,0.08465575
16675,0.0708618
16676,0.05075073
16677,0.026428215
16678,0.0057067946
16679,-0.023040757
16680,-0.038726795
16681,-0.04879761
16682,-0.048889168
16683,-0.044891354
16684,-0.041290283
16685,-0.04156491
16686,-0.04818727
16687,-0.04846192
16688,-0.038635254
16689,-0.027313251
16690,-0.016052244
16691,-0.004028322
16692,0.0147399735
16693,0.03652954
16694,0.057403564
16695,0.06936646
16696,0.066711426
16697,0.0625305
16698,0.053710934
16699,0.043090828
16700,0.024536153
16701,0.00039673224
16702,-0.021850567
16703,-0.040008545
16704,-0.053924564
16705,-0.06579589
16706,-0.073913574
16707,-0.08459471
16708,-0.09823609
16709,-0.11126706
16710,-0.118621804
16711,-0.11410523
16712,-0.108551025
16713,-0.100524895
16714,-0.08148192
16715,-0.060485825
16716,-0.0376892
16717,-0.0036315955
16718,0.026702885
16719,0.06018067
16720,0.089172356
16721,0.10931396
16722,0.118774414
16723,0.11672974
16724,0.10131836
16725,0.07867432
16726,0.043243423
16727,0.0074768066
16728,-0.017974846
16729,-0.030975342
16730,-0.018737786
16731,-0.0012206901
16732,0.023834221
16733,0.044158943
16734,0.05755617
16735,0.054260276
16736,0.05099488
16737,0.048522945
16738,0.044494636
16739,0.053161614
16740,0.06808472
16741,0.08605959
16742,0.100494385
16743,0.107025154
16744,0.10186769
16745,0.08236691
16746,0.05776979
16747,0.024230942
16748,-0.009521492
16749,-0.042297363
16750,-0.06716919
16751,-0.075622566
16752,-0.06515504
16753,-0.049835205
16754,-0.02734375
16755,-0.0145568885
16756,-0.005554192
16757,-0.008422833
16758,-0.0060119573
16759,-0.016967773
16760,-0.021087639
16761,-0.01498413
16762,0.004608161
16763,0.016204856
16764,0.035583496
16765,0.044921882
16766,0.047729485
16767,0.031158447
16768,0.018554702
16769,-0.0004882952
16770,-0.020263672
16771,-0.03479004
16772,-0.039215088
16773,-0.031738296
16774,0.0004272312
16775,0.03112793
16776,0.0578003
16777,0.05245972
16778,0.044891372
16779,0.016693115
16780,-0.013488771
16781,-0.05282594
16782,-0.08047485
16783,-0.11190796
16784,-0.13095093
16785,-0.14706421
16786,-0.15548705
16787,-0.16543579
16788,-0.16531372
16789,-0.17477417
16790,-0.17791748
16791,-0.1810608
16792,-0.17056274
16793,-0.15624999
16794,-0.14492798
16795,-0.13027957
16796,-0.10620119
16797,-0.082702644
16798,-0.056457505
16799,-0.023468006
16800,0.008178711
16801,0.037750244
16802,0.061279304
16803,0.07360838
16804,0.08258058
16805,0.078887925
16806,0.07669067
16807,0.073669404
16808,0.08169556
16809,0.09613037
16810,0.13134766
16811,0.15802002
16812,0.17932129
16813,0.19064331
16814,0.19943237
16815,0.2039795
16816,0.20501712
16817,0.21246336
16818,0.21044922
16819,0.20599365
16820,0.19363405
16821,0.1855774
16822,0.16687012
16823,0.15203856
16824,0.11172485
16825,0.07720946
16826,0.033050567
16827,-0.010284424
16828,-0.05599975
16829,-0.08856203
16830,-0.118011475
16831,-0.12606812
16832,-0.11087039
16833,-0.081970215
16834,-0.041900635
16835,0.0038452148
16836,0.05236818
16837,0.10076906
16838,0.1431885
16839,0.17001343
16840,0.17813112
16841,0.17254637
16842,0.16479492
16843,0.16369626
16844,0.15270993
16845,0.14840698
16846,0.123748794
16847,0.09274289
16848,0.054229755
16849,0.022491455
16850,-0.020324696
16851,-0.058349617
16852,-0.086578384
16853,-0.09118651
16854,-0.092437774
16855,-0.06683351
16856,-0.035247777
16857,-0.0018920973
16858,0.021331795
16859,0.050567657
16860,0.06909181
16861,0.08294679
16862,0.08224487
16863,0.07592775
16864,0.059814453
16865,0.048065163
16866,0.030303948
16867,0.013702393
16868,-0.014709475
16869,-0.032135013
16870,-0.054626472
16871,-0.06484985
16872,-0.08001707
16873,-0.09097288
16874,-0.107482925
16875,-0.122039795
16876,-0.14135747
16877,-0.13900755
16878,-0.13308716
16879,-0.1109314
16880,-0.08804322
16881,-0.05664061
16882,-0.033050552
16883,-0.0153808445
16884,-0.0037231296
16885,-0.0005187988
16886,-0.006591797
16887,-0.00091555715
16888,-0.004669212
16889,-0.007965058
16890,-0.009338353
16891,0.0036315955
16892,0.015930159
16893,0.043975823
16894,0.07632446
16895,0.10766603
16896,0.13366699
16897,0.13970946
16898,0.13092041
16899,0.11846924
16900,0.092773445
16901,0.06857301
16902,0.03604126
16903,0.0056762695
16904,-0.027557366
16905,-0.041595433
16906,-0.057067856
16907,-0.054931648
16908,-0.050933823
16909,-0.037384026
16910,-0.024658218
16911,-0.01898192
16912,-0.019592289
16913,-0.011322014
16914,-0.010833744
16915,-0.009063728
16916,0.0077209473
16917,0.019104008
16918,0.02505491
16919,0.022491455
16920,0.0121154785
16921,-0.0049133375
16922,-0.027374275
16923,-0.03448488
16924,-0.05014038
16925,-0.064239524
16926,-0.07546996
16927,-0.08618163
16928,-0.101562485
16929,-0.10504154
16930,-0.10290527
16931,-0.10424806
16932,-0.0920105
16933,-0.079254135
16934,-0.068603516
16935,-0.06433104
16936,-0.046081543
16937,-0.033752434
16938,-0.010345468
16939,0.005981449
16940,0.018035887
16941,0.0143127665
16942,0.0005798228
16943,-0.01742554
16944,-0.035125718
16945,-0.044769287
16946,-0.055419914
16947,-0.06842041
16948,-0.08728029
16949,-0.11911011
16950,-0.15795898
16951,-0.19296266
16952,-0.20535278
16953,-0.20770265
16954,-0.17242429
16955,-0.12832639
16956,-0.072845474
16957,-0.037445072
16958,-0.021270733
16959,-0.053100593
16960,-0.10556031
16961,-0.16067506
16962,-0.20257573
16963,-0.21945184
16964,-0.22174071
16965,-0.22268678
16966,-0.23431394
16967,-0.25146478
16968,-0.26608276
16969,-0.28463745
16970,-0.2961731
16971,-0.3018494
16972,-0.27349854
16973,-0.24865724
16974,-0.24139407
16975,-0.26864624
16976,-0.3095398
16977,-0.36083978
16978,-0.37380978
16979,-0.36010745
16980,-0.30096436
16981,-0.1992493
16982,-0.07376099
16983,0.07360837
16984,0.25292975
16985,0.44000238
16986,0.6100463
16987,0.7095643
16988,0.72500604
16989,0.6601562
16990,0.5508118
16991,0.40927124
16992,0.27865598
16993,0.18304443
16994,0.17315672
16995,0.20718385
16996,0.26351932
16997,0.2937011
16998,0.2926941
16999,0.25393677
17000,0.21618655
17001,0.16476457
17002,0.13037108
17003,0.11816402
17004,0.11651607
17005,0.14221188
17006,0.20254521
17007,0.29263297
17008,0.38677973
17009,0.44058233
17010,0.4537047
17011,0.4068908
17012,0.33419806
17013,0.22280884
17014,0.09991452
17015,-0.02154541
17016,-0.1067505
17017,-0.16314697
17018,-0.21478285
17019,-0.27969357
17020,-0.3624574
17021,-0.44772354
17022,-0.518982
17023,-0.55810547
17024,-0.5385742
17025,-0.45092767
17026,-0.3335876
17027,-0.19558719
17028,-0.05297844
17029,0.07620233
17030,0.17727655
17031,0.24581918
17032,0.29040515
17033,0.30441278
17034,0.31237793
17035,0.3053589
17036,0.2924804
17037,0.29714972
17038,0.330658
17039,0.40390027
17040,0.493927
17041,0.58633435
17042,0.6404419
17043,0.6727295
17044,0.6526792
17045,0.60183716
17046,0.5154725
17047,0.4035034
17048,0.26934826
17049,0.10858166
17050,-0.06768802
17051,-0.24996942
17052,-0.41470334
17053,-0.53271484
17054,-0.6008301
17055,-0.615448
17056,-0.58309937
17057,-0.5189209
17058,-0.44741815
17059,-0.36346444
17060,-0.29669195
17061,-0.23855591
17062,-0.19970706
17063,-0.16122422
17064,-0.1502074
17065,-0.13128665
17066,-0.12872326
17067,-0.115478575
17068,-0.121032745
17069,-0.12612906
17070,-0.14016709
17071,-0.1715697
17072,-0.23239136
17073,-0.2999267
17074,-0.3674316
17075,-0.39535522
17076,-0.39837646
17077,-0.3508911
17078,-0.28381354
17079,-0.18933114
17080,-0.06967154
17081,0.064971834
17082,0.1986388
17083,0.33282465
17084,0.45233154
17085,0.5489197
17086,0.6150819
17087,0.6597291
17088,0.6607971
17089,0.62405396
17090,0.5498046
17091,0.44644165
17092,0.33096313
17093,0.20074473
17094,0.06451416
17095,-0.055175725
17096,-0.15020749
17097,-0.19027713
17098,-0.19061276
17099,-0.15649411
17100,-0.11618046
17101,-0.068298414
17102,-0.031188877
17103,-0.024841398
17104,-0.071991086
17105,-0.1414491
17106,-0.21572891
17107,-0.27420053
17108,-0.29367065
17109,-0.29785162
17110,-0.2687071
17111,-0.22528072
17112,-0.18206793
17113,-0.15368648
17114,-0.1267701
17115,-0.100982696
17116,-0.09020996
17117,-0.07708734
17118,-0.06570431
17119,-0.029968299
17120,0.038330104
17121,0.11611946
17122,0.1953735
17123,0.26898193
17124,0.32089233
17125,0.337555
17126,0.29006958
17127,0.21051025
17128,0.10650632
17129,0.016937219
17130,-0.03298962
17131,-0.067687966
17132,-0.055511415
17133,-0.029266387
17134,0.003082268
17135,0.014404237
17136,0.018890306
17137,0.00668332
17138,-0.01736451
17139,-0.0455627
17140,-0.07168576
17141,-0.09356692
17142,-0.09997554
17143,-0.0934448
17144,-0.08450316
17145,-0.06683345
17146,-0.055938724
17147,-0.041259706
17148,-0.04995721
17149,-0.07897948
17150,-0.1336364
17151,-0.18548591
17152,-0.22988892
17153,-0.26651
17154,-0.26562494
17155,-0.23696904
17156,-0.18948364
17157,-0.13546757
17158,-0.07299814
17159,-0.01742559
17160,0.024505613
17161,0.047607422
17162,0.059692368
17163,0.052398674
17164,0.03854371
17165,0.026855476
17166,0.015624989
17167,0.003112819
17168,0.0016173869
17169,0.002136305
17170,0.004119925
17171,0.00454716
17172,0.0017395597
17173,0.004455464
17174,0.0060424805
17175,0.016723648
17176,0.0244141
17177,0.02172853
17178,0.019470222
17179,0.014099076
17180,0.009643471
17181,0.0037841266
17182,0.005859375
17183,-0.004119871
17184,-0.011749282
17185,-0.023223884
17186,-0.032501213
17187,-0.036529534
17188,-0.041625988
17189,-0.045440648
17190,-0.04571538
17191,-0.05661004
17192,-0.059692316
17193,-0.069671586
17194,-0.07449338
17195,-0.0828553
17196,-0.089019805
17197,-0.0866089
17198,-0.09283448
17199,-0.09716798
17200,-0.09085079
17201,-0.080719024
17202,-0.062744185
17203,-0.033416778
17204,0.0014343113
17205,0.022186274
17206,0.03302002
17207,0.02865599
17208,0.02526856
17209,0.020996109
17210,0.024475088
17211,0.033569362
17212,0.04644772
17213,0.055664115
17214,0.06570439
17215,0.06942755
17216,0.07244878
17217,0.07983398
17218,0.08953856
17219,0.09933475
17220,0.1030273
17221,0.10028073
17222,0.09655765
17223,0.08752437
17224,0.08212279
17225,0.0732422
17226,0.07376097
17227,0.061157234
17228,0.04852296
17229,0.026763912
17230,0.0041809008
17231,-0.016082749
17232,-0.023498526
17233,-0.020660399
17234,-0.0175476
17235,-0.010986326
17236,-0.016174302
17237,-0.032012925
17238,-0.049407937
17239,-0.05944825
17240,-0.061584435
17241,-0.050689694
17242,-0.04647828
17243,-0.04229736
17244,-0.050720215
17245,-0.05517578
17246,-0.060882576
17247,-0.058410637
17248,-0.054809574
17249,-0.047607407
17250,-0.048858635
17251,-0.050140392
17252,-0.051025398
17253,-0.05062866
17254,-0.036376957
17255,-0.019592287
17256,0.0010681413
17257,0.013885494
17258,0.017150871
17259,0.003021244
17260,-0.012390152
17261,-0.017944336
17262,-0.015777584
17263,0.0061950795
17264,0.020111077
17265,0.03585815
17266,0.037994385
17267,0.047760017
17268,0.049407966
17269,0.04565429
17270,0.042907722
17271,0.03829957
17272,0.03500367
17273,0.03890989
17274,0.04818725
17275,0.050903335
17276,0.053771988
17277,0.04962159
17278,0.04251099
17279,0.019500725
17280,-0.010253899
17281,-0.04629516
17282,-0.080566406
17283,-0.09863281
17284,-0.10223389
17285,-0.08636473
17286,-0.077178955
17287,-0.06442261
17288,-0.05798341
17289,-0.056182876
17290,-0.05413817
17291,-0.043731682
17292,-0.03302002
17293,-0.015472397
17294,0.012603752
17295,0.045654275
17296,0.08886719
17297,0.1225586
17298,0.1444397
17299,0.1478577
17300,0.13522339
17301,0.10830689
17302,0.075256355
17303,0.03530883
17304,-0.006469719
17305,-0.02227784
17306,-0.026062004
17307,-0.017089814
17308,-0.005523674
17309,0.0024413913
17310,0.011474609
17311,0.012298584
17312,0.008666996
17313,0.009887695
17314,0.008941628
17315,0.01422118
17316,0.039764397
17317,0.062103264
17318,0.08523559
17319,0.09725953
17320,0.1008606
17321,0.09063722
17322,0.07324215
17323,0.05966188
17324,0.038055446
17325,0.023986809
17326,0.011016853
17327,0.014465332
17328,0.011413585
17329,0.012725845
17330,0.006225597
17331,-0.004943859
17332,-0.01580809
17333,-0.026306164
17334,-0.036560073
17335,-0.034484863
17336,-0.03707888
17337,-0.022766128
17338,-0.007812509
17339,0.0014038146
17340,0.009979248
17341,-6.1035156e-05
17342,-0.015533457
17343,-0.03182985
17344,-0.044830345
17345,-0.042114235
17346,-0.039794896
17347,-0.025604248
17348,-0.008270264
17349,0.015014648
17350,0.024017345
17351,0.0388794
17352,0.051422115
17353,0.06625365
17354,0.08462525
17355,0.09906007
17356,0.098419175
17357,0.08676146
17358,0.07012939
17359,0.053588852
17360,0.034179688
17361,0.017089855
17362,-0.002624508
17363,-0.02041626
17364,-0.041900627
17365,-0.05007936
17366,-0.060302727
17367,-0.064758316
17368,-0.06777954
17369,-0.058471676
17370,-0.04849245
17371,-0.038116448
17372,-0.029052734
17373,-0.014892591
17374,-0.0051574744
17375,0.011077872
17376,0.024414055
17377,0.034759533
17378,0.040008552
17379,0.03933716
17380,0.032379158
17381,0.02520751
17382,0.011566153
17383,0.0061340462
17384,-0.0011901855
17385,0.003662102
17386,0.0074157696
17387,0.01779175
17388,0.028869646
17389,0.038604718
17390,0.04391478
17391,0.045684807
17392,0.04406739
17393,0.030853268
17394,0.022033684
17395,0.011932353
17396,0.005859364
17397,0.008087162
17398,-0.0002746582
17399,-0.0051269457
17400,-0.016265865
17401,-0.025421135
17402,-0.037292488
17403,-0.043304436
17404,-0.04928588
17405,-0.04278563
17406,-0.043182373
17407,-0.02072144
17408,-0.0014648447
17409,0.009307865
17410,0.02352906
17411,0.027191145
17412,0.029266344
17413,0.021789545
17414,0.029541023
17415,0.025665278
17416,0.033264138
17417,0.039459236
17418,0.04812622
17419,0.048706062
17420,0.036041252
17421,0.029296868
17422,0.022491463
17423,0.021179203
17424,0.018249508
17425,0.016387952
17426,0.006958017
17427,-0.003143305
17428,-0.010742184
17429,-0.0071105994
17430,0.00015258603
17431,0.0054931454
17432,0.019409185
17433,0.03240966
17434,0.04162596
17435,0.052703857
17436,0.07284548
17437,0.080322266
17438,0.09762573
17439,0.10220338
17440,0.105773926
17441,0.08868407
17442,0.07522584
17443,0.056549065
17444,0.04348756
17445,0.030822761
17446,0.025787348
17447,0.013580322
17448,0.0039367713
17449,-0.0018310472
17450,-0.005249031
17451,0.0014343187
17452,0.0057373047
17453,0.005157441
17454,0.0009460598
17455,-0.00976564
17456,-0.016448975
17457,-0.01782228
17458,-0.0056152344
17459,0.0067748874
17460,0.027313232
17461,0.04162599
17462,0.052947998
17463,0.050628655
17464,0.047576893
17465,0.0329895
17466,0.022644065
17467,0.011016838
17468,0.0030517504
17469,-0.015350342
17470,-0.041748054
17471,-0.063629135
17472,-0.08786013
17473,-0.105316184
17474,-0.1163025
17475,-0.122406036
17476,-0.12542723
17477,-0.12139893
17478,-0.1109314
17479,-0.09915161
17480,-0.084167495
17481,-0.0777588
17482,-0.066009514
17483,-0.06475831
17484,-0.056854248
17485,-0.05120848
17486,-0.044281
17487,-0.040618896
17488,-0.035308845
17489,-0.029174812
17490,-0.031677242
17491,-0.034881603
17492,-0.044738777
17493,-0.060577378
17494,-0.08193972
17495,-0.103698745
17496,-0.12384033
17497,-0.1450806
17498,-0.15887451
17499,-0.15945435
17500,-0.15054321
17501,-0.1348877
17502,-0.110137954
17503,-0.08956909
17504,-0.0772705
17505,-0.0635681
17506,-0.04531861
17507,-0.022827134
17508,0.0014343113
17509,0.028900146
17510,0.04507447
17511,0.050781257
17512,0.047027577
17513,0.04299927
17514,0.030151367
17515,0.01458741
17516,-0.007049566
17517,-0.034149174
17518,-0.060455315
17519,-0.07006836
17520,-0.078796394
17521,-0.0675354
17522,-0.06039428
17523,-0.039184548
17524,-0.026458738
17525,-0.010253904
17526,0.0002746582
17527,0.009490974
17528,0.019958487
17529,0.033813477
17530,0.053741448
17531,0.073028564
17532,0.08572389
17533,0.09225465
17534,0.09472656
17535,0.089965835
17536,0.09329224
17537,0.09152221
17538,0.08166505
17539,0.06280519
17540,0.04034423
17541,0.027160645
17542,0.014831543
17543,0.0072631985
17544,0.004486073
17545,0.0014953539
17546,-0.0056457594
17547,-0.0021057036
17548,-0.002166748
17549,-0.005401602
17550,-0.0057678334
17551,0.0012207059
17552,-0.0028686542
17553,0.006683357
17554,0.007110607
17555,0.011810303
17556,0.007507317
17557,0.0020141564
17558,0.006988518
17559,0.0075683445
17560,0.001586929
17561,-0.018707262
17562,-0.036041267
17563,-0.047821037
17564,-0.051666267
17565,-0.054260246
17566,-0.05139161
17567,-0.053588867
17568,-0.052795418
17569,-0.052886963
17570,-0.058258057
17571,-0.06942749
17572,-0.07702636
17573,-0.07437134
17574,-0.08609008
17575,-0.08480835
17576,-0.07479861
17577,-0.056396488
17578,-0.042236336
17579,-0.027618393
17580,-0.0018921047
17581,0.018920897
17582,0.037628174
17583,0.05123902
17584,0.055480946
17585,0.052612305
17586,0.04483033
17587,0.032745384
17588,0.023468021
17589,0.021881107
17590,0.025726303
17591,0.030944828
17592,0.030761708
17593,0.026947021
17594,0.024871837
17595,0.02267456
17596,0.017517101
17597,0.015533458
17598,0.017883293
17599,0.019012451
17600,0.02389526
17601,0.030273438
17602,0.042297345
17603,0.054840088
17604,0.06756592
17605,0.07983398
17606,0.08477783
17607,0.097442634
17608,0.09738159
17609,0.094024666
17610,0.08721925
17611,0.08776857
17612,0.082611084
17613,0.07168578
17614,0.06329345
17615,0.059814453
17616,0.05792238
17617,0.06192016
17618,0.074768074
17619,0.07244874
17620,0.06918335
17621,0.066192634
17622,0.067688
17623,0.06750488
17624,0.06665039
17625,0.074249275
17626,0.08450317
17627,0.096618645
17628,0.10385133
17629,0.1055603
17630,0.09750368
17631,0.07546997
17632,0.06445314
17633,0.04153443
17634,0.01776123
17635,-0.009216316
17636,-0.027771004
17637,-0.03775026
17638,-0.046539288
17639,-0.050598137
17640,-0.04660032
17641,-0.044158924
17642,-0.050842293
17643,-0.051300056
17644,-0.049102783
17645,-0.044708267
17646,-0.04464722
17647,-0.050292965
17648,-0.0532837
17649,-0.057983395
17650,-0.05371095
17651,-0.050781235
17652,-0.040039074
17653,-0.041625984
17654,-0.030944817
17655,-0.04144287
17656,-0.05493164
17657,-0.07525635
17658,-0.08743286
17659,-0.095458984
17660,-0.0958557
17661,-0.10052489
17662,-0.101562485
17663,-0.10595703
17664,-0.11547853
17665,-0.119628906
17666,-0.122436516
17667,-0.11187746
17668,-0.1017456
17669,-0.08309936
17670,-0.050628666
17671,-0.009918213
17672,0.025146468
17673,0.043762214
17674,0.05270386
17675,0.05093383
17676,0.05325316
17677,0.057342537
17678,0.06610109
17679,0.07339476
17680,0.07601928
17681,0.07781982
17682,0.06661989
17683,0.037384033
17684,0.011932388
17685,-0.014007576
17686,-0.0324707
17687,-0.049713127
17688,-0.055297844
17689,-0.041839615
17690,-0.030487064
17691,-0.0103454515
17692,0.009826653
17693,0.032043453
17694,0.0437622
17695,0.05227662
17696,0.053222656
17697,0.046142578
17698,0.03713989
17699,0.039581306
17700,0.037139907
17701,0.042663574
17702,0.05273436
17703,0.05990599
17704,0.05636596
17705,0.047393784
17706,0.034332268
17707,0.013885494
17708,0.0018920973
17709,-0.011596689
17710,-0.014556868
17711,-0.011718754
17712,-0.010925271
17713,-0.0015869066
17714,0.009338386
17715,0.019744866
17716,0.022705078
17717,0.016998291
17718,0.008422852
17719,0.0026855394
17720,-0.005035404
17721,-0.0062866285
17722,-0.006256085
17723,0.007049566
17724,0.014923081
17725,0.023925766
17726,0.016845686
17727,0.0033263974
17728,-0.015991215
17729,-0.028961184
17730,-0.03164672
17731,-0.033721935
17732,-0.029510505
17733,-0.028991692
17734,-0.021759024
17735,-0.032196045
17736,-0.04986571
17737,-0.08047485
17738,-0.111053474
17739,-0.1418457
17740,-0.15744022
17741,-0.1614685
17742,-0.16461182
17743,-0.16271974
17744,-0.16009523
17745,-0.1540222
17746,-0.14486694
17747,-0.13687134
17748,-0.11709598
17749,-0.101074226
17750,-0.079376236
17751,-0.060333252
17752,-0.039886482
17753,-0.020629898
17754,-0.00848389
17755,-0.005218502
17756,-0.0021056943
17757,-0.014953606
17758,-0.029602036
17759,-0.044921864
17760,-0.06085206
17761,-0.06484986
17762,-0.06008914
17763,-0.042358413
17764,-0.034301773
17765,-0.019897476
17766,-0.0066833794
17767,0.0028991401
17768,0.01071167
17769,0.021972656
17770,0.039001472
17771,0.052398704
17772,0.06674194
17773,0.07986449
17774,0.08480836
17775,0.10372925
17776,0.11270143
17777,0.12341308
17778,0.12982178
17779,0.12881468
17780,0.11572264
17781,0.09826661
17782,0.082672104
17783,0.07641602
17784,0.07562255
17785,0.077484116
17786,0.07238768
17787,0.078247055
17788,0.07531736
17789,0.07269285
17790,0.068786606
17791,0.07229616
17792,0.07971192
17793,0.10021975
17794,0.11959839
17795,0.13674925
17796,0.14767456
17797,0.1546936
17798,0.16271974
17799,0.16305542
17800,0.1572876
17801,0.15447998
17802,0.14514159
17803,0.13354492
17804,0.13342284
17805,0.13934329
17806,0.1463623
17807,0.1532898
17808,0.15405273
17809,0.1543884
17810,0.13900755
17811,0.12756348
17812,0.10473631
17813,0.08309938
17814,0.052154556
17815,0.028228778
17816,0.0010070726
17817,-0.024963379
17818,-0.0362854
17819,-0.047912598
17820,-0.046722412
17821,-0.047271736
17822,-0.035430916
17823,-0.031738304
17824,-0.0317688
17825,-0.032104507
17826,-0.024902336
17827,-0.019104011
17828,-0.01052855
17829,0.0044860914
17830,0.011260994
17831,0.013336178
17832,0.012207035
17833,0.005157478
17834,-0.008483885
17835,-0.029998774
17836,-0.04931641
17837,-0.06762695
17838,-0.07131958
17839,-0.07229614
17840,-0.061950672
17841,-0.06240845
17842,-0.06118776
17843,-0.06771852
17844,-0.06884764
17845,-0.06878663
17846,-0.05627441
17847,-0.038818367
17848,-0.018890366
17849,0.0021057054
17850,0.013397213
17851,0.021331798
17852,0.02478028
17853,0.020965587
17854,0.023742685
17855,0.01403808
17856,0.0053405855
17857,-0.012634275
17858,-0.029083248
17859,-0.049621597
17860,-0.06427003
17861,-0.07846069
17862,-0.08856199
17863,-0.086700454
17864,-0.09356691
17865,-0.09066773
17866,-0.09011841
17867,-0.08901979
17868,-0.071197495
17869,-0.06613161
17870,-0.055755608
17871,-0.053497303
17872,-0.05895997
17873,-0.073028564
17874,-0.08169554
17875,-0.096710175
17876,-0.102020256
17877,-0.1087036
17878,-0.109863274
17879,-0.11572266
17880,-0.117462166
17881,-0.11495971
17882,-0.105163574
17883,-0.090789795
17884,-0.07266234
17885,-0.057220466
17886,-0.04318238
17887,-0.040924065
17888,-0.04351808
17889,-0.04406738
17890,-0.038269043
17891,-0.040283203
17892,-0.037384033
17893,-0.040710427
17894,-0.051055916
17895,-0.06475831
17896,-0.07064818
17897,-0.0807495
17898,-0.08877563
17899,-0.08929442
17900,-0.08676147
17901,-0.08276367
17902,-0.06674195
17903,-0.04272461
17904,-0.023315415
17905,-0.007080108
17906,0.010162368
17907,0.013366707
17908,0.013824448
17909,0.004089363
17910,-0.008087166
17911,-0.022888191
17912,-0.04348755
17913,-0.061676025
17914,-0.08410646
17915,-0.11047363
17916,-0.12332153
17917,-0.13232422
17918,-0.12722778
17919,-0.12139891
17920,-0.1116333
17921,-0.097656235
17922,-0.077484116
17923,-0.059631355
17924,-0.020538338
17925,0.021911638
17926,0.06567384
17927,0.10794066
17928,0.13482665
17929,0.1390686
17930,0.14068602
17931,0.1269226
17932,0.11160279
17933,0.094696045
17934,0.06723024
17935,0.048950184
17936,0.03143311
17937,0.012390126
17938,0.0054626577
17939,-0.0012206975
17940,-0.0068664607
17941,-0.0040893555
17942,-0.0027160663
17943,0.0014343224
17944,0.010803215
17945,0.025299072
17946,0.045043945
17947,0.07836914
17948,0.10055544
17949,0.12994385
17950,0.14007568
17951,0.1518555
17952,0.16357422
17953,0.17819214
17954,0.18554688
17955,0.19708252
17956,0.19503784
17957,0.18386841
17958,0.17282104
17959,0.14749146
17960,0.12588501
17961,0.10174561
17962,0.08087158
17963,0.07299805
17964,0.06018066
17965,0.049835205
17966,0.04171752
17967,0.035034187
17968,0.024780273
17969,0.022277832
17970,0.018310554
17971,0.019897483
17972,0.020721441
17973,0.023712166
17974,0.03228761
17975,0.043823242
17976,0.058837883
17977,0.07409669
17978,0.08251952
17979,0.0831604
17980,0.08535768
17981,0.08181763
17982,0.07690431
17983,0.07348633
17984,0.062225346
17985,0.051666245
17986,0.033264175
17987,0.016723637
17988,-0.004730247
17989,-0.023437507
17990,-0.04901123
17991,-0.07598877
17992,-0.110321045
17993,-0.14920042
17994,-0.17926025
17995,-0.19760132
17996,-0.20703125
17997,-0.20132446
17998,-0.1868286
17999,-0.16619872
18000,-0.14053348
18001,-0.11215208
18002,-0.089721665
18003,-0.067687996
18004,-0.04876708
18005,-0.02990723
18006,-0.02264404
18007,-0.018249534
18008,-0.020172115
18009,-0.017883297
18010,-0.02587891
18011,-0.026580812
18012,-0.03213501
18013,-0.047882088
18014,-0.058349617
18015,-0.074645996
18016,-0.09103396
18017,-0.10076904
18018,-0.10638426
18019,-0.10916139
18020,-0.10971069
18021,-0.116546646
18022,-0.110015884
18023,-0.104888886
18024,-0.09039307
18025,-0.06741333
18026,-0.032928437
18027,-0.007446304
18028,0.015045162
18029,0.023101792
18030,0.024017334
18031,0.027801502
18032,0.019348126
18033,0.023071282
18034,0.013031006
18035,0.00054932013
18036,-0.007476803
18037,-0.012481678
18038,-0.021667495
18039,-0.016723618
18040,-0.018035866
18041,-0.009704605
18042,-0.00689698
18043,-0.012939468
18044,-0.007904083
18045,-0.018066369
18046,-0.018280037
18047,-0.015563972
18048,-0.007995591
18049,-0.0024108961
18050,0.013488764
18051,0.022735594
18052,0.029479964
18053,0.037414536
18054,0.03601074
18055,0.03414917
18056,0.026184082
18057,0.022796636
18058,0.03277588
18059,0.048675537
18060,0.07269287
18061,0.099426284
18062,0.119964615
18063,0.1383972
18064,0.15179443
18065,0.15423584
18066,0.15475462
18067,0.1451111
18068,0.13626099
18069,0.121673584
18070,0.111084
18071,0.102203354
18072,0.10235595
18073,0.09143068
18074,0.088653564
18075,0.08294676
18076,0.07635498
18077,0.061462402
18078,0.056732178
18079,0.049774177
18080,0.04595948
18081,0.05053711
18082,0.054290786
18083,0.05685426
18084,0.055572506
18085,0.055572506
18086,0.058685325
18087,0.063201904
18088,0.06588745
18089,0.076690674
18090,0.07067872
18091,0.06408692
18092,0.055755615
18093,0.044952378
18094,0.039672844
18095,0.030700691
18096,0.033050552
18097,0.022735601
18098,0.019073501
18099,0.008941655
18100,0.0075683594
18101,0.0040283166
18102,-0.0027770996
18103,-0.0032653846
18104,-0.01162719
18105,-0.024078373
18106,-0.03436279
18107,-0.04730222
18108,-0.05810548
18109,-0.053375244
18110,-0.04568478
18111,-0.021728538
18112,0.0036010817
18113,0.034637466
18114,0.063201904
18115,0.08319092
18116,0.08679198
18117,0.0869751
18118,0.076843254
18119,0.060729973
18120,0.05331422
18121,0.046386726
18122,0.029846186
18123,0.018615711
18124,0.0038452037
18125,-0.0040588565
18126,-0.013366677
18127,-0.016235352
18128,-0.007537836
18129,-0.0055846907
18130,-0.0068664663
18131,-0.0010681078
18132,-0.0018005259
18133,0.004516583
18134,0.0115966685
18135,0.029174797
18136,0.03259276
18137,0.03378298
18138,0.02182006
18139,0.0067138635
18140,-0.0131835975
18141,-0.04562378
18142,-0.06320189
18143,-0.08483885
18144,-0.105682366
18145,-0.11892703
18146,-0.12756349
18147,-0.14196779
18148,-0.14205933
18149,-0.13821413
18150,-0.13211058
18151,-0.12298584
18152,-0.1205139
18153,-0.10632321
18154,-0.099823005
18155,-0.08544922
18156,-0.06939697
18157,-0.050476085
18158,-0.046752952
18159,-0.028961169
18160,-0.027587896
18161,-0.03015137
18162,-0.03964235
18163,-0.05255124
18164,-0.063201904
18165,-0.078674324
18166,-0.090637185
18167,-0.10070804
18168,-0.11306764
18169,-0.13323976
18170,-0.1427002
18171,-0.15667726
18172,-0.15866089
18173,-0.1465149
18174,-0.13073727
18175,-0.10925291
18176,-0.08737184
18177,-0.062347397
18178,-0.05053711
18179,-0.04016114
18180,-0.046020526
18181,-0.03808593
18182,-0.036712658
18183,-0.029418953
18184,-0.02035522
18185,-0.018218976
18186,-0.025848385
18187,-0.027709953
18188,-0.0272827
18189,-0.035156265
18190,-0.035064697
18191,-0.049316406
18192,-0.05529786
18193,-0.07247927
18194,-0.0869751
18195,-0.09936525
18196,-0.10253905
18197,-0.105316155
18198,-0.10549927
18199,-0.09005736
18200,-0.0847168
18201,-0.071594246
18202,-0.06335451
18203,-0.046051018
18204,-0.033447262
18205,-0.013458259
18206,-0.0038452074
18207,0.008880615
18208,0.0140380785
18209,0.02566528
18210,0.023315445
18211,0.024353027
18212,0.03146363
18213,0.037445083
18214,0.036834717
18215,0.0385132
18216,0.029296871
18217,0.01940917
18218,0.011444088
18219,0.00039672665
18220,-0.018859858
18221,-0.031372074
18222,-0.052917488
18223,-0.06280517
18224,-0.0751648
18225,-0.07992553
18226,-0.0776062
18227,-0.06311035
18228,-0.04306028
18229,-0.014312763
18230,0.0099182315
18231,0.028381355
18232,0.034484867
18233,0.040832534
18234,0.046112053
18235,0.053222667
18236,0.062194817
18237,0.085174575
18238,0.09640504
18239,0.10754395
18240,0.10910034
18241,0.108398415
18242,0.08706665
18243,0.070953384
18244,0.045776375
18245,0.017730705
18246,-0.0014038011
18247,-0.022308372
18248,-0.03546141
18249,-0.043640137
18250,-0.03582763
18251,-0.011322007
18252,0.02609253
18253,0.061340332
18254,0.10305786
18255,0.13989261
18256,0.16723633
18257,0.19400024
18258,0.20898438
18259,0.22103885
18260,0.22729494
18261,0.23220825
18262,0.2315979
18263,0.22335815
18264,0.21435548
18265,0.18997192
18266,0.16540527
18267,0.13482665
18268,0.12026977
18269,0.09454344
18270,0.098693855
18271,0.10586546
18272,0.14013669
18273,0.17684937
18274,0.21386717
18275,0.24603271
18276,0.2753296
18277,0.28872684
18278,0.28683472
18279,0.2729187
18280,0.25097656
18281,0.21340944
18282,0.17593384
18283,0.13323978
18284,0.095001206
18285,0.054046616
18286,0.029785186
18287,0.0077819973
18288,-0.0018005371
18289,-0.013519287
18290,-0.003112778
18291,-0.007659927
18292,0.013671875
18293,0.028106704
18294,0.052886948
18295,0.073150635
18296,0.09194943
18297,0.10668945
18298,0.113983154
18299,0.11685184
18300,0.11584474
18301,0.11550902
18302,0.10726928
18303,0.095855735
18304,0.08413695
18305,0.05712892
18306,0.036895737
18307,0.009399399
18308,-0.008789046
18309,-0.036865227
18310,-0.05703736
18311,-0.08184813
18312,-0.10433959
18313,-0.12921143
18314,-0.13299559
18315,-0.1423645
18316,-0.13977052
18317,-0.1385498
18318,-0.14297487
18319,-0.15435793
18320,-0.17184448
18321,-0.18350221
18322,-0.20236205
18323,-0.21850587
18324,-0.2312317
18325,-0.23934934
18326,-0.25207523
18327,-0.2586975
18328,-0.2579651
18329,-0.25634766
18330,-0.24279785
18331,-0.22543335
18332,-0.20648193
18333,-0.19000241
18334,-0.1809387
18335,-0.17126463
18336,-0.16815186
18337,-0.17050171
18338,-0.17645264
18339,-0.1805725
18340,-0.18551636
18341,-0.183136
18342,-0.18145752
18343,-0.18069461
18344,-0.17739868
18345,-0.18200684
18346,-0.17892459
18347,-0.17504883
18348,-0.1513062
18349,-0.12133788
18350,-0.07861329
18351,-0.040161125
18352,-0.0013427734
18353,0.016815186
18354,0.028564438
18355,0.027923591
18356,0.017059326
18357,0.005584728
18358,-0.011962883
18359,-0.025512703
18360,-0.039550804
18361,-0.048614495
18362,-0.05758667
18363,-0.052947998
18364,-0.04458618
18365,-0.03445436
18366,-0.024902355
18367,-0.024169907
18368,-0.02685548
18369,-0.03842166
18370,-0.03848271
18371,-0.04229737
18372,-0.04391481
18373,-0.05563355
18374,-0.065856926
18375,-0.08453369
18376,-0.08551027
18377,-0.09609985
18378,-0.10198972
18379,-0.1227112
18380,-0.14788817
18381,-0.18566898
18382,-0.22039795
18383,-0.25152588
18384,-0.2568664
18385,-0.24484254
18386,-0.21939087
18387,-0.17645264
18388,-0.12988281
18389,-0.07763671
18390,-0.021362282
18391,0.039306607
18392,0.09710692
18393,0.15036008
18394,0.18673706
18395,0.2210083
18396,0.23260498
18397,0.2293396
18398,0.23190305
18399,0.22277834
18400,0.22183222
18401,0.21813968
18402,0.21334834
18403,0.19396979
18404,0.17068481
18405,0.14373773
18406,0.12518308
18407,0.10198979
18408,0.09259027
18409,0.102569595
18410,0.107543916
18411,0.13647462
18412,0.16577148
18413,0.20333861
18414,0.22299196
18415,0.2592773
18416,0.2796936
18417,0.31079102
18418,0.3327637
18419,0.3633118
18420,0.3935241
18421,0.42486572
18422,0.45507807
18423,0.4819641
18424,0.48898315
18425,0.47073364
18426,0.440857
18427,0.3937378
18428,0.34725946
18429,0.2969361
18430,0.25326526
18431,0.2105103
18432,0.17202757
18433,0.14108282
18434,0.12319951
18435,0.111694336
18436,0.10076904
18437,0.101867646
18438,0.097076416
18439,0.097351074
18440,0.09500113
18441,0.09097284
18442,0.026062042
18443,0.035949826
18444,0.04034412
18445,0.05453497
18446,0.065460116
18447,0.08532724
18448,0.086395204
18449,0.076568514
18450,0.040496796
18451,-0.010345459
18452,-0.06576538
18453,-0.12567145
18454,-0.18081665
18455,-0.2263489
18456,-0.27215582
18457,-0.3130188
18458,-0.35418692
18459,-0.391571
18460,-0.41876215
18461,-0.43365484
18462,-0.43273932
18463,-0.41745
18464,-0.31915277
18465,-0.33035272
18466,-0.34378052
18467,-0.35281375
18468,-0.3626404
18469,-0.35690305
18470,-0.36096197
18471,-0.36175543
18472,-0.37268057
18473,-0.38693243
18474,-0.4008483
18475,-0.41592416
18476,-0.42340088
18477,-0.42727667
18478,-0.43038946
18479,-0.43173218
18480,-0.43667597
18481,-0.45483392
18482,-0.46893305
18483,-0.47787482
18484,-0.4771729
18485,-0.46905524
18486,-0.3756103
18487,-0.39892572
18488,-0.4225464
18489,-0.43948364
18490,-0.44961554
18491,-0.4387817
18492,-0.4306336
18493,-0.41018683
18494,-0.39312735
18495,-0.38037115
18496,-0.36309806
18497,-0.34759527
18498,-0.3269348
18499,-0.30331427
18500,-0.28436285
18501,-0.26828003
18502,-0.26107782
18503,-0.25625604
18504,-0.24539182
18505,-0.22503662
18506,-0.19418332
18507,-0.14862058
18508,-0.014068624
18509,-0.00021368079
18510,0.0108643025
18511,0.025604237
18512,0.03540043
18513,0.051666193
18514,0.06872563
18515,0.08923344
18516,0.110961914
18517,0.1338501
18518,0.15310666
18519,0.15988164
18520,0.16723633
18521,0.16534427
18522,0.16015628
18523,0.14746094
18524,0.13919064
18525,0.12472533
18526,0.11135862
18527,0.094848655
18528,0.0794678
18529,0.063507125
