0,-0.14340216
1,-0.14318842
2,-0.07052615
3,0.021392837
4,0.12826546
5,0.1908264
6,0.19934082
7,0.2137146
8,0.21258546
9,0.16311646
10,0.14196777
11,0.18020631
12,0.21490479
13,0.2619324
14,0.30136114
15,0.3472291
16,0.3668518
17,0.33291626
18,0.25656134
19,0.12008667
20,-0.01300052
21,-0.10449217
22,-0.14700326
23,-0.1618957
24,-0.2112122
25,-0.23254395
26,-0.2373962
27,-0.29446414
28,-0.31427008
29,-0.29193118
30,-0.23645018
31,-0.19738764
32,-0.20336911
33,-0.19406126
34,-0.20327759
35,-0.27465814
36,-0.29238892
37,-0.2379151
38,-0.11102289
39,0.080566466
40,0.2941895
41,0.4819641
42,0.6182862
43,0.7034912
44,0.67987067
45,0.6354674
46,0.5501099
47,0.3801271
48,0.20285028
49,0.07141106
50,-0.03582771
51,-0.10372926
52,-0.10809325
53,-0.05166623
54,0.061920196
55,0.1341858
56,0.17330945
57,0.19329828
58,0.16018671
59,0.15716538
60,0.17718512
61,0.23626721
62,0.29946905
63,0.38372803
64,0.4542237
65,0.4734497
66,0.38781753
67,0.23678565
68,0.07269287
69,-0.051574677
70,-0.17062394
71,-0.3240357
72,-0.41647345
73,-0.41934207
74,-0.35327154
75,-0.24243166
76,-0.13269043
77,0.015930116
78,0.13998413
79,0.24328607
80,0.28930664
81,0.2740172
82,0.18173212
83,0.08267215
84,-0.027130157
85,-0.16625977
86,-0.24523935
87,-0.24124146
88,-0.13665763
89,0.00579834
90,0.09390259
91,0.17373645
92,0.22839355
93,0.28414923
94,0.3498537
95,0.3527527
96,0.29245
97,0.18420398
98,-0.07144177
99,-0.4507447
100,-0.8298341
101,-1.1801451
102,-1.4369204
103,-1.6027222
104,-1.612152
105,-1.4808046
106,-1.2318118
107,-0.892395
108,-0.54321283
109,-0.25183105
110,0.013946652
111,0.2609864
112,0.44015515
113,0.54620373
114,0.59252954
115,0.6332704
116,0.6384585
117,0.6164247
118,0.5880128
119,0.5388793
120,0.5095519
121,0.47024536
122,0.43197644
123,0.39529407
124,0.34347522
125,0.27215588
126,0.1672669
127,0.034240603
128,-0.11734021
129,-0.26013178
130,-0.401062
131,-0.5172424
132,-0.6511538
133,-0.7792357
134,-0.84176636
135,-0.8540652
136,-0.82192993
137,-0.7757263
138,-0.7120972
139,-0.65237415
140,-0.5792237
141,-0.4940491
142,-0.41851807
143,-0.31134033
144,-0.18551648
145,-0.032226503
146,0.10601811
147,0.21441646
148,0.30160517
149,0.36535636
150,0.40811148
151,0.45257574
152,0.5013733
153,0.5825501
154,0.7184143
155,0.85614026
156,0.9756166
157,1.081543
158,1.1433717
159,1.1724855
160,1.1842043
161,1.1541443
162,1.0595399
163,0.9062499
164,0.7147826
165,0.46426392
166,0.22012329
167,-0.019927954
168,-0.20712289
169,-0.35293564
170,-0.44503772
171,-0.5102234
172,-0.53485113
173,-0.5489502
174,-0.5545654
175,-0.5680847
176,-0.5737916
177,-0.5808716
178,-0.57220465
179,-0.57101446
180,-0.55975336
181,-0.54422
182,-0.5370179
183,-0.51660144
184,-0.47695923
185,-0.4327087
186,-0.33743283
187,-0.1856079
188,-0.021911606
189,0.12112428
190,0.26940924
191,0.40499878
192,0.51852417
193,0.5774536
194,0.6029968
195,0.58938605
196,0.54092413
197,0.46942145
198,0.3722533
199,0.24868774
200,0.13626106
201,0.038269073
202,-0.042114317
203,-0.111084014
204,-0.15908818
205,-0.17916872
206,-0.17864992
207,-0.14883423
208,-0.09609982
209,-0.03390506
210,0.031982407
211,0.079284675
212,0.10662843
213,0.11160274
214,0.09896846
215,0.07858282
216,0.052551314
217,0.021911591
218,0.005676224
219,-0.006500259
220,-0.0019225477
221,-0.0072327554
222,-6.106449e-05
223,0.013641385
224,0.021850571
225,0.025238007
226,0.03057863
227,0.04467769
228,0.033355728
229,0.021698028
230,0.020050041
231,0.020965558
232,0.008575451
233,0.0042724553
234,0.0024108868
235,0.0023193406
236,-0.017761232
237,-0.02807612
238,-0.04492185
239,-0.06735232
240,-0.08053592
241,-0.09982301
242,-0.105285615
243,-0.09579471
244,-0.0816651
245,-0.0774231
246,-0.06082153
247,-0.042846695
248,-0.03753663
249,-0.03460694
250,-0.029693602
251,-0.015106201
252,-0.010467522
253,0.0010070652
254,0.007415764
255,0.01171875
256,0.0034179613
257,-0.006408721
258,-0.020263694
259,-0.031768784
260,-0.0434265
261,-0.053405777
262,-0.06201172
263,-0.072662316
264,-0.086639404
265,-0.08633423
266,-0.093627945
267,-0.091094956
268,-0.09085082
269,-0.08258059
270,-0.08187866
271,-0.068420425
272,-0.051055893
273,-0.021820063
274,0.0032653897
275,0.036407474
276,0.059204116
277,0.08285521
278,0.08752442
279,0.09057616
280,0.07827758
281,0.06546021
282,0.044708267
283,0.033050545
284,0.019256614
285,0.009216312
286,-6.104261e-05
287,-0.004272461
288,-0.010131851
289,-0.014282219
290,-0.013275161
291,-0.012817398
292,-0.006927468
293,-0.0078125
294,-0.015258789
295,-0.018524192
296,-0.026489265
297,-0.044860855
298,-0.06707764
299,-0.07492065
300,-0.08642576
301,-0.08584593
302,-0.09759519
303,-0.09945679
304,-0.11401367
305,-0.11932373
306,-0.12792969
307,-0.13229372
308,-0.13830566
309,-0.14697266
310,-0.1452026
311,-0.14599611
312,-0.14160158
313,-0.1343689
314,-0.128479
315,-0.13226321
316,-0.12786865
317,-0.11801149
318,-0.10354616
319,-0.09252929
320,-0.079498306
321,-0.054321297
322,-0.03848265
323,-0.025817871
324,-0.015716553
325,-0.013214096
326,-0.016357407
327,-0.017547578
328,-0.022521965
329,-0.015594475
330,-0.0066528246
331,0.006042462
332,0.014801022
333,0.03176882
334,0.039459217
335,0.056274433
336,0.06100462
337,0.051696792
338,0.044708237
339,0.027343765
340,0.015136726
341,0.013854995
342,0.025817856
343,0.03640747
344,0.053771958
345,0.06826783
346,0.09893799
347,0.11233519
348,0.13272093
349,0.1494751
350,0.15261841
351,0.15499878
352,0.14279175
353,0.12588498
354,0.103790306
355,0.078704834
356,0.05325316
357,0.031402607
358,0.008972172
359,-0.012390122
360,-0.02432251
361,-0.04248047
362,-0.0487976
363,-0.050567634
364,-0.04830934
365,-0.048065193
366,-0.038848884
367,-0.028320288
368,-0.0074767917
369,0.013549786
370,0.03469847
371,0.042388927
372,0.053741455
373,0.05047606
374,0.047851577
375,0.033142075
376,0.022888191
377,0.0057678
378,-0.00488279
379,-0.023620598
380,-0.024536135
381,-0.024597172
382,-0.0138855
383,0.00033569615
384,0.015014648
385,0.030487068
386,0.03320313
387,0.036346436
388,0.034851067
389,0.030456541
390,0.027008057
391,0.014984133
392,0.013092043
393,-0.0007324144
394,-0.0041198656
395,-0.0054015983
396,0.0037231436
397,0.013122551
398,0.030883774
399,0.04928591
400,0.067413315
401,0.08898925
402,0.09841918
403,0.11248781
404,0.110443085
405,0.11245729
406,0.10357667
407,0.1027832
408,0.10369873
409,0.10241698
410,0.104858376
411,0.09936524
412,0.10333252
413,0.1121521
414,0.1295471
415,0.14868164
416,0.17114258
417,0.18234253
418,0.18386841
419,0.19006348
420,0.17883302
421,0.16729736
422,0.14727783
423,0.13122559
424,0.11343381
425,0.10144042
426,0.08584594
427,0.07064818
428,0.051300045
429,0.022369377
430,-0.001312254
431,-0.03869628
432,-0.06808471
433,-0.09768678
434,-0.12426759
435,-0.138855
436,-0.14425658
437,-0.13626099
438,-0.121582046
439,-0.11108398
440,-0.100402825
441,-0.09674069
442,-0.0883789
443,-0.08999636
444,-0.0836487
445,-0.09906006
446,-0.098846436
447,-0.09777832
448,-0.083435036
449,-0.0753174
450,-0.068359375
451,-0.07144165
452,-0.07354738
453,-0.080261216
454,-0.09069823
455,-0.0939026
456,-0.10803224
457,-0.122222915
458,-0.13629149
459,-0.15011597
460,-0.15618898
461,-0.15823363
462,-0.15338133
463,-0.14331053
464,-0.12832642
465,-0.10317994
466,-0.08258057
467,-0.06106568
468,-0.0486145
469,-0.034667987
470,-0.03866577
471,-0.04727175
472,-0.05233764
473,-0.055847175
474,-0.04754635
475,-0.030609123
476,-0.008392334
477,0.018768318
478,0.03622438
479,0.05117797
480,0.053710938
481,0.061920173
482,0.061614998
483,0.07199096
484,0.073333725
485,0.08224488
486,0.074615486
487,0.06796265
488,0.044799812
489,0.03167726
490,0.016021747
491,0.0024108887
492,-0.005645752
493,-0.015441902
494,-0.013275135
495,-0.022277832
496,-0.021942075
497,-0.032684322
498,-0.039794922
499,-0.049407963
500,-0.050353993
501,-0.06115725
502,-0.073516816
503,-0.09234617
504,-0.11239624
505,-0.12850949
506,-0.14474487
507,-0.16159058
508,-0.17144775
509,-0.18917848
510,-0.19714358
511,-0.20761108
512,-0.209198
513,-0.21386719
514,-0.20040892
515,-0.19293217
516,-0.17694093
517,-0.1545105
518,-0.1297912
519,-0.1027832
520,-0.07797242
521,-0.04794311
522,-0.027832026
523,0.0050048903
524,0.032592766
525,0.05380249
526,0.05990602
527,0.06546023
528,0.07052614
529,0.083923325
530,0.10018922
531,0.12484741
532,0.16229248
533,0.2006836
534,0.24649048
535,0.283844
536,0.31558228
537,0.34170535
538,0.3586731
539,0.37268066
540,0.37033075
541,0.36535645
542,0.3570557
543,0.3468628
544,0.33773804
545,0.3334961
546,0.3272094
547,0.32028195
548,0.2972412
549,0.27981567
550,0.2618103
551,0.2384033
552,0.21627808
553,0.20056154
554,0.18966675
555,0.19348145
556,0.19552612
557,0.20217894
558,0.19937135
559,0.19653326
560,0.18533327
561,0.15875246
562,0.11410515
563,0.0740051
564,0.030029342
565,-0.029449448
566,-0.06216432
567,-0.10363766
568,-0.13653564
569,-0.16235353
570,-0.1822815
571,-0.19781497
572,-0.20285036
573,-0.20394899
574,-0.19680788
575,-0.19284058
576,-0.18786621
577,-0.19256592
578,-0.20489503
579,-0.23730467
580,-0.27676392
581,-0.3093567
582,-0.3454895
583,-0.37304688
584,-0.3896484
585,-0.39205933
586,-0.3840027
587,-0.36431885
588,-0.33566287
589,-0.2850647
590,-0.23220824
591,-0.17541504
592,-0.13009644
593,-0.08593751
594,-0.053375214
595,-0.025573716
596,0.009704601
597,0.04776001
598,0.09182741
599,0.12521362
600,0.16165161
601,0.18655396
602,0.210083
603,0.22839361
604,0.23468018
605,0.23175049
606,0.21578972
607,0.20086671
608,0.17956541
609,0.16040039
610,0.13848877
611,0.117309555
612,0.08343507
613,0.061035164
614,0.044464126
615,0.02578734
616,0.016632076
617,0.0060729906
618,-0.004425036
619,-0.015716556
620,-0.039978027
621,-0.061584476
622,-0.09136964
623,-0.10101321
624,-0.100982666
625,-0.0866089
626,-0.06835937
627,-0.04409789
628,-0.018890351
629,-0.0044250563
630,0.006713867
631,0.007659927
632,-0.0036010668
633,-0.026794441
634,-0.042266823
635,-0.05935671
636,-0.057342544
637,-0.052124053
638,-0.049255356
639,-0.042968735
640,-0.05212407
641,-0.055694595
642,-0.07366942
643,-0.090148926
644,-0.096832246
645,-0.096862786
646,-0.09396364
647,-0.08786012
648,-0.07196048
649,-0.04397583
650,-0.0016479418
651,0.034393333
652,0.072082505
653,0.10205077
654,0.1147156
655,0.116912834
656,0.11380006
657,0.109680176
658,0.11022948
659,0.11584473
660,0.10427859
661,0.09454346
662,0.07617186
663,0.049011216
664,0.010803245
665,-0.017120346
666,-0.033447288
667,-0.039367676
668,-0.042266876
669,-0.041870132
670,-0.0406799
671,-0.04171753
672,-0.040985107
673,-0.030517608
674,-0.020935029
675,0.005584702
676,0.03378296
677,0.05978395
678,0.07250975
679,0.08041383
680,0.07476807
681,0.055603035
682,0.038238518
683,0.016235352
684,-0.0024719313
685,-0.034576405
686,-0.057464607
687,-0.08572386
688,-0.10681154
689,-0.12124635
690,-0.124755844
691,-0.12606812
692,-0.121398896
693,-0.10888672
694,-0.10000612
695,-0.09878543
696,-0.1036987
697,-0.10848999
698,-0.11111449
699,-0.09658815
700,-0.06427004
701,-0.026245108
702,0.020843498
703,0.062194802
704,0.09661866
705,0.11471557
706,0.123077385
707,0.12664793
708,0.13897705
709,0.15530396
710,0.16989136
711,0.18814088
712,0.19940187
713,0.19165039
714,0.17727661
715,0.16757202
716,0.15811157
717,0.15008548
718,0.14410403
719,0.12585446
720,0.0966797
721,0.058227554
722,0.010803224
723,-0.039184585
724,-0.09225465
725,-0.13040158
726,-0.15594482
727,-0.16522217
728,-0.15997311
729,-0.14334103
730,-0.11648562
731,-0.09658815
732,-0.10272218
733,-0.12118527
734,-0.15460204
735,-0.18469235
736,-0.21746825
737,-0.25567627
738,-0.28799438
739,-0.3106079
740,-0.3232422
741,-0.3203125
742,-0.30737302
743,-0.28118896
744,-0.25482178
745,-0.23486327
746,-0.22515869
747,-0.22073363
748,-0.21130371
749,-0.2013855
750,-0.18151855
751,-0.15515137
752,-0.13323976
753,-0.10803224
754,-0.08697509
755,-0.07089233
756,-0.05477906
757,-0.038726795
758,-0.024536155
759,-0.00827026
760,-0.00036621466
761,-6.1012805e-05
762,-0.0067444146
763,-0.011596657
764,-0.014068611
765,-0.019165032
766,-0.017608639
767,-0.020355225
768,-0.0070495494
769,0.00094604306
770,0.019775389
771,0.05117797
772,0.08795166
773,0.1283264
774,0.17156982
775,0.20669557
776,0.22506712
777,0.23141482
778,0.22647095
779,0.22817993
780,0.22387695
781,0.23406981
782,0.23815921
783,0.24081421
784,0.23532104
785,0.22836305
786,0.2158203
787,0.1864624
788,0.16137695
789,0.13516235
790,0.119384766
791,0.11248779
792,0.108947754
793,0.10940555
794,0.10543826
795,0.10653688
796,0.09790038
797,0.08801271
798,0.07223511
799,0.048706066
800,0.028289765
801,0.014709469
802,0.010772698
803,-0.00085449964
804,-0.004363999
805,0.0024414137
806,0.016906716
807,0.038269058
808,0.06582639
809,0.100891106
810,0.14099121
811,0.17788696
812,0.20681763
813,0.22650142
814,0.23291016
815,0.21606448
816,0.17639162
817,0.13018799
818,0.07199098
819,0.018707275
820,-0.012512207
821,-0.028778113
822,-0.036773667
823,-0.032562263
824,-0.020233147
825,-0.015350327
826,-0.010467514
827,-0.008422874
828,-0.012664817
829,-0.0187378
830,-0.028869659
831,-0.032257088
832,-0.041229263
833,-0.043701172
834,-0.044158936
835,-0.050994877
836,-0.061462402
837,-0.07327272
838,-0.08139041
839,-0.094543464
840,-0.09762571
841,-0.09793091
842,-0.090515144
843,-0.08181763
844,-0.068115234
845,-0.05841063
846,-0.047760002
847,-0.039520264
848,-0.036346428
849,-0.028564475
850,-0.01831054
851,-0.014129657
852,0.005096428
853,0.020172127
854,0.034393296
855,0.050018337
856,0.06311034
857,0.067871064
858,0.07495119
859,0.07302858
860,0.06390381
861,0.05838014
862,0.055633545
863,0.058502197
864,0.057128906
865,0.063751206
866,0.0713501
867,0.07553099
868,0.08074951
869,0.084167495
870,0.09805299
871,0.10623169
872,0.11834715
873,0.12680052
874,0.12857054
875,0.12844849
876,0.12167358
877,0.10693358
878,0.077270515
879,0.057861328
880,0.026428208
881,0.007324215
882,-0.008880623
883,-0.020446792
884,-0.024139378
885,-0.02508546
886,-0.024902344
887,-0.014495857
888,-0.010467518
889,-0.016082749
890,-0.030944828
891,-0.0502014
892,-0.082092285
893,-0.10668945
894,-0.13189697
895,-0.14794923
896,-0.16082764
897,-0.16720581
898,-0.17156982
899,-0.17871095
900,-0.17770386
901,-0.16799924
902,-0.16452023
903,-0.15423587
904,-0.13320926
905,-0.12368772
906,-0.10958862
907,-0.09124758
908,-0.0828247
909,-0.07275389
910,-0.06658936
911,-0.05914307
912,-0.06030274
913,-0.0499878
914,-0.04794312
915,-0.040252674
916,-0.035888657
917,-0.042663578
918,-0.05447388
919,-0.06973266
920,-0.07144166
921,-0.08154297
922,-0.07647705
923,-0.07867431
924,-0.081878655
925,-0.08309938
926,-0.09063719
927,-0.0925293
928,-0.10021976
929,-0.10479736
930,-0.10586548
931,-0.10675049
932,-0.09805298
933,-0.0897522
934,-0.07217407
935,-0.065551765
936,-0.037902836
937,-0.038299546
938,-0.027832022
939,-0.025695793
940,-0.019500721
941,-0.018188477
942,-0.020935066
943,-0.013092034
944,-0.026092527
945,-0.039154056
946,-0.043914802
947,-0.046447746
948,-0.046264656
949,-0.039276138
950,-0.039215095
951,-0.04461669
952,-0.0512085
953,-0.060424794
954,-0.06530763
955,-0.06835937
956,-0.069000244
957,-0.060089104
958,-0.043121323
959,-0.014678951
960,0.016418451
961,0.04141235
962,0.052642826
963,0.04653931
964,0.03912354
965,0.028655991
966,0.0194702
967,0.0072021484
968,0.010833733
969,0.0032348707
970,-0.0029296875
971,-0.008605942
972,-0.005493164
973,-0.008178726
974,0.00399781
975,0.0016174167
976,0.008239761
977,0.011169419
978,0.017730713
979,0.025299042
980,0.03115844
981,0.04095457
982,0.044830333
983,0.05072022
984,0.04641723
985,0.050811786
986,0.058502182
987,0.066040054
988,0.08444214
989,0.099090576
990,0.11306763
991,0.115753174
992,0.11889649
993,0.11703489
994,0.112915054
995,0.10772706
996,0.105987534
997,0.09997557
998,0.08532716
999,0.07965088
1000,0.07873535
1001,0.07531737
1002,0.07995606
1003,0.08026123
1004,0.08432006
1005,0.08450318
1006,0.0881958
1007,0.08605957
1008,0.0649109
1009,0.06353758
1010,0.046508797
1011,0.042297363
1012,0.048004135
1013,0.06649782
1014,0.09631345
1015,0.12997437
1016,0.15664673
1017,0.17538452
1018,0.17993164
1019,0.18515015
1020,0.18615723
1021,0.18240356
1022,0.1637268
1023,0.15145874
1024,0.121124275
1025,0.09588623
1026,0.07388306
1027,0.06152343
1028,0.06039427
1029,0.06109619
1030,0.071716316
1031,0.073577866
1032,0.08770752
1033,0.10342407
1034,0.105316155
1035,0.11853027
1036,0.11975098
1037,0.123107925
1038,0.13000488
1039,0.14511104
1040,0.16186523
1041,0.17095947
1042,0.18081668
1043,0.16760254
1044,0.15368651
1045,0.12271118
1046,0.079711884
1047,0.036071777
1048,-0.004791267
1049,-0.029510498
1050,-0.051513676
1051,-0.064117424
1052,-0.07296754
1053,-0.07467651
1054,-0.07354736
1055,-0.06253052
1056,-0.06698606
1057,-0.07751466
1058,-0.095184326
1059,-0.12420656
1060,-0.15606688
1061,-0.19097899
1062,-0.21920776
1063,-0.24700929
1064,-0.27679443
1065,-0.29553223
1066,-0.3031006
1067,-0.29116818
1068,-0.27755737
1069,-0.25097656
1070,-0.21878052
1071,-0.18579103
1072,-0.15835571
1073,-0.13909912
1074,-0.13095096
1075,-0.1342163
1076,-0.14285278
1077,-0.14953613
1078,-0.1642761
1079,-0.16790773
1080,-0.16644284
1081,-0.15637207
1082,-0.16040038
1083,-0.15240479
1084,-0.14706422
1085,-0.13064575
1086,-0.11212158
1087,-0.08856202
1088,-0.068298325
1089,-0.051544175
1090,-0.0202942
1091,-0.016296402
1092,-0.0036925972
1093,-0.0119323805
1094,0.009124763
1095,0.022186274
1096,0.048400868
1097,0.06439209
1098,0.082519524
1099,0.08120727
1100,0.07687377
1101,0.06423952
1102,0.03784182
1103,0.010437019
1104,-0.015777603
1105,-0.035736077
1106,-0.0449524
1107,-0.04235837
1108,-0.04000853
1109,-0.030853286
1110,-0.0049438626
1111,0.014373779
1112,0.047027595
1113,0.06417845
1114,0.065551735
1115,0.059783943
1116,0.057342537
1117,0.058563225
1118,0.058471665
1119,0.06182862
1120,0.059417732
1121,0.05041504
1122,0.05648804
1123,0.045288082
1124,0.041564956
1125,0.041381843
1126,0.062683105
1127,0.06823735
1128,0.074554436
1129,0.067932114
1130,0.07104492
1131,0.06259152
1132,0.048584
1133,0.031249985
1134,0.018249504
1135,0.009338357
1136,-0.017211914
1137,-0.042266853
1138,-0.069610596
1139,-0.079132095
1140,-0.08862305
1141,-0.08987425
1142,-0.106597915
1143,-0.11666872
1144,-0.11224364
1145,-0.10925295
1146,-0.10595705
1147,-0.1014404
1148,-0.09567264
1149,-0.080322266
1150,-0.074859604
1151,-0.06466673
1152,-0.05184938
1153,-0.028625503
1154,-0.010009773
1155,0.0035400167
1156,0.01397704
1157,0.031890858
1158,0.04278565
1159,0.051452637
1160,0.03921508
1161,0.026641846
1162,0.024353042
1163,0.039367676
1164,0.06289673
1165,0.07781981
1166,0.07907103
1167,0.06958008
1168,0.046142563
1169,0.017364532
1170,-0.012634292
1171,-0.04074098
1172,-0.08154296
1173,-0.104125954
1174,-0.12362668
1175,-0.12762451
1176,-0.12210083
1177,-0.117340095
1178,-0.11608888
1179,-0.091674805
1180,-0.06103518
1181,-0.019256592
1182,0.0043640286
1183,0.016998269
1184,0.019134529
1185,0.034820538
1186,0.05856324
1187,0.086822495
1188,0.11431885
1189,0.13388062
1190,0.15768431
1191,0.16781616
1192,0.19128418
1193,0.22103882
1194,0.24697876
1195,0.2399292
1196,0.23239133
1197,0.2208557
1198,0.20062256
1199,0.16882324
1200,0.10421754
1201,0.043518066
1202,0.010711685
1203,-0.0015868992
1204,-0.02148439
1205,-0.04940796
1206,-0.0737915
1207,-0.08337401
1208,-0.07971194
1209,-0.052764896
1210,-0.026275627
1211,0.0019836389
1212,0.033416744
1213,0.061523423
1214,0.08212282
1215,0.10168454
1216,0.12188722
1217,0.13467409
1218,0.12612912
1219,0.11990355
1220,0.11413576
1221,0.12594604
1222,0.120239265
1223,0.10662842
1224,0.095459014
1225,0.07455444
1226,0.04922484
1227,0.027221695
1228,0.011718735
1229,-0.018524155
1230,-0.03173831
1231,-0.03952025
1232,-0.04339598
1233,-0.041839585
1234,-0.020507783
1235,-0.00869751
1236,-0.037048317
1237,-0.07867431
1238,-0.09054563
1239,-0.10061647
1240,-0.118011475
1241,-0.12646483
1242,-0.13858029
1243,-0.12969968
1244,-0.106536895
1245,-0.09197998
1246,-0.08862305
1247,-0.09796142
1248,-0.07785033
1249,-0.033111557
1250,0.0037536696
1251,0.0045165718
1252,-0.0059509575
1253,-0.041168213
1254,-0.05728148
1255,-0.037353516
1256,-0.0040282914
1257,0.028289795
1258,0.06231691
1259,0.08395383
1260,0.11846925
1261,0.14605717
1262,0.16952512
1263,0.1799621
1264,0.20339964
1265,0.2204895
1266,0.24240112
1267,0.2654724
1268,0.27896118
1269,0.29708862
1270,0.3145752
1271,0.3106079
1272,0.29000854
1273,0.24902344
1274,0.21621706
1275,0.19107057
1276,0.1573181
1277,0.13781738
1278,0.12112428
1279,0.11578367
1280,0.10437012
1281,0.08468631
1282,0.05508422
1283,0.050354
1284,0.053680412
1285,0.03781128
1286,0.013305675
1287,-0.0333252
1288,-0.06073
1289,-0.089324936
1290,-0.13049316
1291,-0.18081665
1292,-0.20611575
1293,-0.20678712
1294,-0.20681763
1295,-0.2088928
1296,-0.22283934
1297,-0.22793579
1298,-0.22528079
1299,-0.21655275
1300,-0.22827147
1301,-0.24551393
1302,-0.26431277
1303,-0.28091428
1304,-0.29318237
1305,-0.2935181
1306,-0.27954102
1307,-0.250885
1308,-0.23794556
1309,-0.2477112
1310,-0.2559204
1311,-0.2562561
1312,-0.23983768
1313,-0.224884
1314,-0.1972351
1315,-0.16268921
1316,-0.12680052
1317,-0.09677124
1318,-0.07705687
1319,-0.08956908
1320,-0.116394006
1321,-0.15631106
1322,-0.19833377
1323,-0.20907591
1324,-0.17837527
1325,-0.13601682
1326,-0.12557982
1327,-0.11230473
1328,-0.09338377
1329,-0.07659915
1330,-0.07092286
1331,-0.06594846
1332,-0.06213381
1333,-0.06915282
1334,-0.08187866
1335,-0.08953858
1336,-0.109558105
1337,-0.12161252
1338,-0.1138611
1339,-0.07992554
1340,-0.06253052
1341,-0.039276145
1342,-0.012512156
1343,0.014495812
1344,0.032165527
1345,0.039398234
1346,0.035034176
1347,0.03140264
1348,0.035980254
1349,0.031951845
1350,0.031555235
1351,0.024749715
1352,0.012298629
1353,-0.012115441
1354,-0.04357913
1355,-0.09039308
1356,-0.12768555
1357,-0.13912964
1358,-0.15670778
1359,-0.1593323
1360,-0.15664673
1361,-0.13742064
1362,-0.10464476
1363,-0.06399536
1364,-0.03079217
1365,-0.023742698
1366,-0.038391136
1367,-0.03692628
1368,-0.015594475
1369,-0.0022887662
1370,0.008026145
1371,0.011840746
1372,0.023529083
1373,0.041076645
1374,0.05551149
1375,0.104065
1376,0.1609192
1377,0.21859738
1378,0.2611084
1379,0.3050537
1380,0.3382263
1381,0.33535773
1382,0.33810422
1383,0.34564212
1384,0.35580444
1385,0.36080936
1386,0.36569205
1387,0.34817508
1388,0.3363952
1389,0.32165524
1390,0.30752563
1391,0.30908194
1392,0.3270263
1393,0.34460452
1394,0.33123764
1395,0.2953797
1396,0.28097528
1397,0.30090326
1398,0.32836926
1399,0.36346433
1400,0.37924188
1401,0.37103266
1402,0.32931513
1403,0.2748108
1404,0.20907593
1405,0.15686041
1406,0.1130371
1407,0.083984375
1408,0.04800406
1409,0.03466803
1410,0.03652948
1411,0.04244992
1412,0.037597597
1413,0.053527772
1414,0.080017
1415,0.09567264
1416,0.10494985
1417,0.100036606
1418,0.09631337
1419,0.08572382
1420,0.06906144
1421,0.059997514
1422,0.04431151
1423,0.030303895
1424,0.016723543
1425,-0.000427261
1426,-0.046386722
1427,-0.11474605
1428,-0.19567867
1429,-0.2692566
1430,-0.3415222
1431,-0.42468262
1432,-0.4989013
1433,-0.56900024
1434,-0.62646496
1435,-0.6861876
1436,-0.738861
1437,-0.77697754
1438,-0.814453
1439,-0.8446656
1440,-0.8462218
1441,-0.8295288
1442,-0.79937756
1443,-0.75802606
1444,-0.710083
1445,-0.65603644
1446,-0.5661011
1447,-0.4794007
1448,-0.37438965
1449,-0.26470953
1450,-0.15725711
1451,-0.06213379
1452,0.033996493
1453,0.1253968
1454,0.2185669
1455,0.2669983
1456,0.29589838
1457,0.32394403
1458,0.31872547
1459,0.3091128
1460,0.29046643
1461,0.27755746
1462,0.25604248
1463,0.23538202
1464,0.2032165
1465,0.18414322
1466,0.1748352
1467,0.17413336
1468,0.18240368
1469,0.19577026
1470,0.21398926
1471,0.22601303
1472,0.25018314
1473,0.2839967
1474,0.31903064
1475,0.36257935
1476,0.41598517
1477,0.48889148
1478,0.5613098
1479,0.6262512
1480,0.6706848
1481,0.70880127
1482,0.7462159
1483,0.76412976
1484,0.7796632
1485,0.74960333
1486,0.69891334
1487,0.6467285
1488,0.6200257
1489,0.58349615
1490,0.5262757
1491,0.47317517
1492,0.40060425
1493,0.32315058
1494,0.22680664
1495,0.12695318
1496,0.026306212
1497,-0.058624268
1498,-0.13909918
1499,-0.21014398
1500,-0.27859485
1501,-0.37570176
1502,-0.46188328
1503,-0.52731335
1504,-0.5690612
1505,-0.58618164
1506,-0.5914
1507,-0.5921937
1508,-0.5853578
1509,-0.5839539
1510,-0.60043335
1511,-0.6316834
1512,-0.67181396
1513,-0.6987916
1514,-0.7150574
1515,-0.7241821
1516,-0.7146913
1517,-0.7112123
1518,-0.6804198
1519,-0.61865234
1520,-0.5402528
1521,-0.472412
1522,-0.40249634
1523,-0.32327265
1524,-0.2591553
1525,-0.19769289
1526,-0.13467401
1527,-0.036377028
1528,0.030700434
1529,0.098053046
1530,0.1524049
1531,0.20648195
1532,0.26574713
1533,0.3401795
1534,0.40725714
1535,0.45596325
1536,0.49246216
1537,0.5327453
1538,0.57781994
1539,0.61376965
1540,0.6341857
1541,0.62609863
1542,0.5909119
1543,0.5711974
1544,0.5531617
1545,0.53131104
1546,0.51580817
1547,0.4996642
1548,0.46856678
1549,0.42843634
1550,0.38967907
1551,0.34252927
1552,0.29861444
1553,0.25033563
1554,0.20172115
1555,0.13452142
1556,0.049377404
1557,-0.027496353
1558,-0.090423584
1559,-0.1511535
1560,-0.22430429
1561,-0.2990418
1562,-0.35952747
1563,-0.40975952
1564,-0.44735724
1565,-0.48956287
1566,-0.53167725
1567,-0.56823725
1568,-0.5827941
1569,-0.60226446
1570,-0.6025696
1571,-0.59555066
1572,-0.57611096
1573,-0.5436402
1574,-0.5005186
1575,-0.45327762
1576,-0.40667725
1577,-0.34564212
1578,-0.27365118
1579,-0.21044925
1580,-0.13702396
1581,-0.09176633
1582,-0.044464055
1583,-0.008300789
1584,0.016632091
1585,0.019592287
1586,0.02438356
1587,0.01638794
1588,0.010620027
1589,0.0097350925
1590,0.013671823
1591,0.021759063
1592,0.020721465
1593,0.030364934
1594,0.012542717
1595,0.0062866583
1596,0.004241962
1597,-0.003112737
1598,-0.016052263
1599,-0.015075687
1600,0.007965099
1601,0.03186035
1602,0.056488026
1603,0.08111573
1604,0.11422734
1605,0.15142822
1606,0.1870422
1607,0.21121216
1608,0.22369388
1609,0.23059076
1610,0.228302
1611,0.23791504
1612,0.24621579
1613,0.2557068
1614,0.27368164
1615,0.27978516
1616,0.2866822
1617,0.28253174
1618,0.27218622
1619,0.24707034
1620,0.2287903
1621,0.20263673
1622,0.18032835
1623,0.15597534
1624,0.14523315
1625,0.14300537
1626,0.13098145
1627,0.12866211
1628,0.12371826
1629,0.12869263
1630,0.12432861
1631,0.13342285
1632,0.13790894
1633,0.13745117
1634,0.12875368
1635,0.11047362
1636,0.0939331
1637,0.05035401
1638,0.020935073
1639,-0.012207046
1640,-0.02838137
1641,-0.03106688
1642,-0.025665268
1643,-0.020599335
1644,-0.019744888
1645,-0.01971437
1646,-0.03274536
1647,-0.048065186
1648,-0.075866684
1649,-0.09060668
1650,-0.11230467
1651,-0.12649539
1652,-0.13729858
1653,-0.13717651
1654,-0.1368103
1655,-0.13043213
1656,-0.12207031
1657,-0.111816406
1658,-0.108367905
1659,-0.10897829
1660,-0.10171507
1661,-0.098205544
1662,-0.09732057
1663,-0.106719986
1664,-0.11367799
1665,-0.12152099
1666,-0.12377929
1667,-0.11138917
1668,-0.117553726
1669,-0.105651826
1670,-0.095733635
1671,-0.086456284
1672,-0.076965325
1673,-0.06619263
1674,-0.069793686
1675,-0.072448745
1676,-0.07595825
1677,-0.07476806
1678,-0.06686401
1679,-0.052673347
1680,-0.043914787
1681,-0.029052742
1682,-0.01077269
1683,0.0099487305
1684,0.024017334
1685,0.036285385
1686,0.043823265
1687,0.050567627
1688,0.0583191
1689,0.06927492
1690,0.082458526
1691,0.07260132
1692,0.06353758
1693,0.037689224
1694,0.017272934
1695,0.0021362416
1696,-0.0048828013
1697,-0.017761225
1698,-0.022949215
1699,-0.03698732
1700,-0.059051514
1701,-0.081481926
1702,-0.10861207
1703,-0.13562012
1704,-0.15405273
1705,-0.1654968
1706,-0.1647644
1707,-0.1583252
1708,-0.14904788
1709,-0.15066528
1710,-0.15246582
1711,-0.16275024
1712,-0.17364505
1713,-0.18014525
1714,-0.17736816
1715,-0.17077634
1716,-0.14871217
1717,-0.11178588
1718,-0.059356704
1719,-0.016174302
1720,0.03567505
1721,0.07235718
1722,0.11740111
1723,0.15359497
1724,0.19696045
1725,0.22793576
1726,0.25076294
1727,0.2605896
1728,0.26083377
1729,0.25177002
1730,0.24734496
1731,0.24905394
1732,0.23318481
1733,0.22091675
1734,0.20687866
1735,0.1904297
1736,0.17886353
1737,0.1774292
1738,0.16198732
1739,0.14434817
1740,0.13000488
1741,0.12194824
1742,0.11663818
1743,0.10818482
1744,0.100006096
1745,0.09649659
1746,0.08563233
1747,0.088562
1748,0.08099367
1749,0.08126831
1750,0.069549575
1751,0.06564331
1752,0.051177964
1753,0.03866577
1754,0.020050041
1755,-0.010314941
1756,-0.027954131
1757,-0.044708267
1758,-0.047699004
1759,-0.04428099
1760,-0.044677727
1761,-0.063049324
1762,-0.08453369
1763,-0.098754875
1764,-0.10394286
1765,-0.0965576
1766,-0.09564209
1767,-0.09307862
1768,-0.08691406
1769,-0.0701599
1770,-0.060668968
1771,-0.053009015
1772,-0.044799797
1773,-0.03903197
1774,-0.026458748
1775,-0.02279663
1776,-0.0018615872
1777,0.015167222
1778,0.038177483
1779,0.069122314
1780,0.1043701
1781,0.14047241
1782,0.16934206
1783,0.18640137
1784,0.19375607
1785,0.18606564
1786,0.15826413
1787,0.122802764
1788,0.084350556
1789,0.056701653
1790,0.04199219
1791,0.026947021
1792,0.012786867
1793,0.007568352
1794,0.0007323995
1795,-0.01593019
1796,-0.035461433
1797,-0.034851074
1798,-0.008972153
1799,0.028656006
1800,0.04617311
1801,0.059997566
1802,0.056579605
1803,0.052520752
1804,0.052978516
1805,0.05987549
1806,0.07556154
1807,0.10076902
1808,0.1031494
1809,0.08700563
1810,0.057434067
1811,0.03573609
1812,0.0054321177
1813,-0.037841797
1814,-0.09088135
1815,-0.15673828
1816,-0.21566771
1817,-0.24725343
1818,-0.269104
1819,-0.2758789
1820,-0.28424072
1821,-0.29629517
1822,-0.30715942
1823,-0.31069946
1824,-0.30718994
1825,-0.33026123
1826,-0.34561157
1827,-0.37838748
1828,-0.40478516
1829,-0.41586304
1830,-0.3963623
1831,-0.36758423
1832,-0.3355713
1833,-0.3109131
1834,-0.2866821
1835,-0.2503662
1836,-0.22323608
1837,-0.19403075
1838,-0.18399048
1839,-0.16134645
1840,-0.14422604
1841,-0.1335144
1842,-0.12512207
1843,-0.11953735
1844,-0.10037229
1845,-0.080688454
1846,-0.05715941
1847,-0.02850342
1848,0.0026550144
1849,0.036376975
1850,0.075714126
1851,0.085449204
1852,0.08950801
1853,0.07568357
1854,0.06884767
1855,0.05953978
1856,0.056610107
1857,0.04132081
1858,0.040008545
1859,0.051788308
1860,0.081512436
1861,0.10064695
1862,0.10903929
1863,0.109130844
1864,0.11203006
1865,0.11715698
1866,0.10934447
1867,0.10391235
1868,0.08734132
1869,0.07211304
1870,0.062438965
1871,0.070739746
1872,0.073455825
1873,0.08230594
1874,0.081115715
1875,0.09725951
1876,0.12719727
1877,0.14480591
1878,0.15942383
1879,0.15167236
1880,0.1347351
1881,0.11975096
1882,0.115539566
1883,0.12402343
1884,0.14169312
1885,0.15252684
1886,0.13619997
1887,0.10348509
1888,0.08230591
1889,0.06808473
1890,0.05047609
1891,0.033325195
1892,0.010589615
1893,-0.017608657
1894,-0.053253204
1895,-0.095184326
1896,-0.11956786
1897,-0.13641359
1898,-0.13162231
1899,-0.12307739
1900,-0.1111145
1901,-0.07653809
1902,-0.020935047
1903,0.03140259
1904,0.069610596
1905,0.09408572
1906,0.12127685
1907,0.14147949
1908,0.15600586
1909,0.17453003
1910,0.19564821
1911,0.1982727
1912,0.19857788
1913,0.2187805
1914,0.24798585
1915,0.26757812
1916,0.2625122
1917,0.24810793
1918,0.24160767
1919,0.24203491
1920,0.24111938
1921,0.23452757
1922,0.21414185
1923,0.19766238
1924,0.20245361
1925,0.20675656
1926,0.21612549
1927,0.21032716
1928,0.2142334
1929,0.21096802
1930,0.20584108
1931,0.20098878
1932,0.19500731
1933,0.18750001
1934,0.19732665
1935,0.19485472
1936,0.18075567
1937,0.1747131
1938,0.16937256
1939,0.18624878
1940,0.20596316
1941,0.23587036
1942,0.24124147
1943,0.23672485
1944,0.20214844
1945,0.16241455
1946,0.112396225
1947,0.07113648
1948,0.0574646
1949,0.061126728
1950,0.054626472
1951,0.054687463
1952,0.039733846
1953,-0.0022582933
1954,-0.070251495
1955,-0.14666747
1956,-0.23217776
1957,-0.31524658
1958,-0.3922425
1959,-0.46151736
1960,-0.49322504
1961,-0.4641113
1962,-0.3837891
1963,-0.289032
1964,-0.2101135
1965,-0.15142822
1966,-0.12475585
1967,-0.1383667
1968,-0.15069583
1969,-0.14718625
1970,-0.13732907
1971,-0.11642452
1972,-0.08749392
1973,-0.032409713
1974,-0.0023498684
1975,-0.015350349
1976,-0.063873276
1977,-0.11846924
1978,-0.16723634
1979,-0.20230103
1980,-0.25228888
1981,-0.30184937
1982,-0.33633417
1983,-0.32919306
1984,-0.276062
1985,-0.21597293
1986,-0.17718506
1987,-0.16894531
1988,-0.18032837
1989,-0.1913147
1990,-0.21630858
1991,-0.22146608
1992,-0.2097778
1993,-0.17218015
1994,-0.11303708
1995,-0.059448287
1996,-0.03192146
1997,-0.030456528
1998,-0.04837039
1999,-0.096343994
2000,-0.1810608
2001,-0.2633667
2002,-0.29180914
2003,-0.2543335
2004,-0.18542475
2005,-0.15292354
2006,-0.1496582
2007,-0.14587402
2008,-0.12872314
2009,-0.110900864
2010,-0.088256836
2011,-0.06591796
2012,-0.07135009
2013,-0.13290405
2014,-0.22927853
2015,-0.34979245
2016,-0.4811706
2017,-0.5942077
2018,-0.62493896
2019,-0.54895014
2020,-0.40954596
2021,-0.2145081
2022,-0.013427705
2023,0.18771365
2024,0.3721924
2025,0.54324347
2026,0.6703185
2027,0.6943358
2028,0.61242676
2029,0.48284918
2030,0.34533685
2031,0.25231922
2032,0.23220825
2033,0.23690793
2034,0.22500613
2035,0.19323725
2036,0.13406363
2037,0.036468446
2038,-0.07144165
2039,-0.16601562
2040,-0.21517944
2041,-0.1930542
2042,-0.12649532
2043,-0.020019516
2044,0.117218055
2045,0.25714105
2046,0.35525516
2047,0.42962652
2048,0.480255
2049,0.5180968
2050,0.54144293
2051,0.5246888
2052,0.47219843
2053,0.37359613
2054,0.26098633
2055,0.16329949
2056,0.089447066
2057,0.021453813
2058,-0.054138258
2059,-0.10723883
2060,-0.13986209
2061,-0.183075
2062,-0.22406009
2063,-0.25711066
2064,-0.28677365
2065,-0.34152222
2066,-0.40274045
2067,-0.4371338
2068,-0.40377814
2069,-0.35021973
2070,-0.30923453
2071,-0.29797357
2072,-0.33584598
2073,-0.3802491
2074,-0.39877325
2075,-0.36526483
2076,-0.28875732
2077,-0.17559817
2078,-0.05496213
2079,0.045806855
2080,0.11138919
2081,0.13458246
2082,0.13256824
2083,0.123169065
2084,0.14120507
2085,0.20065308
2086,0.30310076
2087,0.44381726
2088,0.59909064
2089,0.70248395
2090,0.7106019
2091,0.62048346
2092,0.48568714
2093,0.33471674
2094,0.17074591
2095,0.01208511
2096,-0.10635379
2097,-0.16595456
2098,-0.15783694
2099,-0.106994554
2100,-0.008667052
2101,0.14041147
2102,0.34271225
2103,0.56121814
2104,0.7463073
2105,0.86297596
2106,0.8920593
2107,0.8132936
2108,0.6539612
2109,0.440155
2110,0.2089538
2111,-0.022399873
2112,-0.2311706
2113,-0.40127563
2114,-0.52502435
2115,-0.55288696
2116,-0.48245242
2117,-0.34741208
2118,-0.19992058
2119,-0.09265135
2120,-0.058166564
2121,-0.09121698
2122,-0.1533204
2123,-0.24069202
2124,-0.34472656
2125,-0.44738758
2126,-0.5238342
2127,-0.55288696
2128,-0.55267334
2129,-0.5545044
2130,-0.54833996
2131,-0.5435182
2132,-0.5403138
2133,-0.5326842
2134,-0.50341797
2135,-0.46426392
2136,-0.4056701
2137,-0.32513422
2138,-0.25527954
2139,-0.17459115
2140,-0.098175064
2141,-0.0030822307
2142,0.10317993
2143,0.22195432
2144,0.34609985
2145,0.49728394
2146,0.6598511
2147,0.8200378
2148,0.95275867
2149,1.0346375
2150,1.0659791
2151,1.0447998
2152,0.9980165
2153,0.93063366
2154,0.8407898
2155,0.72686756
2156,0.59390265
2157,0.4465027
2158,0.29776
2159,0.1586914
2160,0.04882815
2161,-0.029144209
2162,-0.07962033
2163,-0.123168945
2164,-0.17004398
2165,-0.23428336
2166,-0.29544073
2167,-0.36398306
2168,-0.42300418
2169,-0.48233026
2170,-0.53637683
2171,-0.57666016
2172,-0.6092835
2173,-0.61581415
2174,-0.6047975
2175,-0.56640637
2176,-0.5009461
2177,-0.41076648
2178,-0.3044434
2179,-0.1842651
2180,-0.060485855
2181,0.043670647
2182,0.14239505
2183,0.21411131
2184,0.25738525
2185,0.26437372
2186,0.25006104
2187,0.20935051
2188,0.15383913
2189,0.07174678
2190,-0.02273558
2191,-0.122985795
2192,-0.21710208
2193,-0.28829956
2194,-0.34503174
2195,-0.367096
2196,-0.37194824
2197,-0.35665888
2198,-0.3265381
2199,-0.28051758
2200,-0.21475223
2201,-0.14242554
2202,-0.070892334
2203,-0.022094756
2204,-0.004943855
2205,-0.016754165
2206,-0.04534915
2207,-0.07952884
2208,-0.11151122
2209,-0.12088018
2210,-0.12911981
2211,-0.11279301
2212,-0.09167479
2213,-0.047729492
2214,-0.005157508
2215,0.032684304
2216,0.069671616
2217,0.093810976
2218,0.1256104
2219,0.14605719
2220,0.16925052
2221,0.1792297
2222,0.17117307
2223,0.15185547
2224,0.11611937
2225,0.07675169
2226,0.045715317
2227,0.01855468
2228,-0.0036621243
2229,-0.009033181
2230,-0.022705086
2231,-0.03512571
2232,-0.03912351
2233,-0.04071045
2234,-0.025817882
2235,-0.016967762
2236,-0.0025634542
2237,0.010314949
2238,0.023284905
2239,0.03875737
2240,0.061767556
2241,0.07849122
2242,0.09588621
2243,0.103027344
2244,0.10562129
2245,0.09402467
2246,0.072876
2247,0.04611208
2248,0.025878899
2249,-0.005157464
2250,-0.021820046
2251,-0.041656494
2252,-0.044647194
2253,-0.05035401
2254,-0.048248276
2255,-0.060241707
2256,-0.062561035
2257,-0.06231687
2258,-0.05615235
2259,-0.047088638
2260,-0.03985595
2261,-0.022949219
2262,-0.019805916
2263,-0.017883306
2264,-0.033966042
2265,-0.036804177
2266,-0.04724121
2267,-0.049194366
2268,-0.04870607
2269,-0.04241944
2270,-0.0397339
2271,-0.036376946
2272,-0.027587906
2273,-0.016906738
2274,-0.008270276
2275,0.018188484
2276,0.039764397
2277,0.060913086
2278,0.07824707
2279,0.10293579
2280,0.12631224
2281,0.15420532
2282,0.18408202
2283,0.20941162
2284,0.22265625
2285,0.23208617
2286,0.2281494
2287,0.20895386
2288,0.17199707
2289,0.15341187
2290,0.1402893
2291,0.13784792
2292,0.13482666
2293,0.14529417
2294,0.15023805
2295,0.1578064
2296,0.15509033
2297,0.15942383
2298,0.15362549
2299,0.14941406
2300,0.13439938
2301,0.118774414
2302,0.09353639
2303,0.07366943
2304,0.046539314
2305,0.01690676
2306,-0.023345962
2307,-0.047790535
2308,-0.06085205
2309,-0.06466674
2310,-0.05969237
2311,-0.05197144
2312,-0.03744508
2313,-0.01907348
2314,0.0051574707
2315,0.020416258
2316,0.026947029
2317,0.020477274
2318,0.030334476
2319,0.027526852
2320,0.016754147
2321,-0.005401617
2322,-0.035675064
2323,-0.06900025
2324,-0.098907456
2325,-0.12808226
2326,-0.16149902
2327,-0.19549562
2328,-0.22750854
2329,-0.23962402
2330,-0.24780273
2331,-0.2364502
2332,-0.22079468
2333,-0.20602417
2334,-0.17596436
2335,-0.13867188
2336,-0.09808349
2337,-0.06094359
2338,-0.038421627
2339,-0.020416275
2340,-0.022644036
2341,-0.028472897
2342,-0.03802491
2343,-0.03857422
2344,-0.043060303
2345,-0.040313713
2346,-0.035766594
2347,-0.037200928
2348,-0.049713127
2349,-0.05789186
2350,-0.07528686
2351,-0.08563231
2352,-0.10681151
2353,-0.13644409
2354,-0.1404419
2355,-0.14804079
2356,-0.14608765
2357,-0.14074707
2358,-0.13433838
2359,-0.13397215
2360,-0.13250732
2361,-0.14114378
2362,-0.15539552
2363,-0.16021729
2364,-0.1775818
2365,-0.17965697
2366,-0.19030762
2367,-0.19763185
2368,-0.17974854
2369,-0.1549072
2370,-0.11199951
2371,-0.072937
2372,-0.04635622
2373,-0.046142563
2374,-0.034851067
2375,-0.029113777
2376,0.001403816
2377,0.017028838
2378,0.027648944
2379,0.029663071
2380,0.029510517
2381,0.030700676
2382,0.028015122
2383,0.02505494
2384,0.021087643
2385,-0.0017089918
2386,-0.023223877
2387,-0.026245117
2388,-0.01950071
2389,-0.018096939
2390,-9.158254e-05
2391,0.005554199
2392,0.023132317
2393,0.04071044
2394,0.07608032
2395,0.09887694
2396,0.12838744
2397,0.14663693
2398,0.14767456
2399,0.14907837
2400,0.14038089
2401,0.13446042
2402,0.124023445
2403,0.109283455
2404,0.097564705
2405,0.08239748
2406,0.077545196
2407,0.059631374
2408,0.056823745
2409,0.051635757
2410,0.051757842
2411,0.043670647
2412,0.03381347
2413,0.038940404
2414,0.05575559
2415,0.08099364
2416,0.11569217
2417,0.13638304
2418,0.13760376
2419,0.14996336
2420,0.13720703
2421,0.1304016
2422,0.10473633
2423,0.07055664
2424,0.02542112
2425,-0.01980593
2426,-0.052124023
2427,-0.062103253
2428,-0.06954956
2429,-0.059906017
2430,-0.031066902
2431,-0.019592272
2432,-0.014617905
2433,-0.011047371
2434,-0.007904045
2435,-0.0063171387
2436,0.017425537
2437,0.037322987
2438,0.061401363
2439,0.0713501
2440,0.086791985
2441,0.0961914
2442,0.116058365
2443,0.12686159
2444,0.13757324
2445,0.13381958
2446,0.11349488
2447,0.11663817
2448,0.12234497
2449,0.12490843
2450,0.1195984
2451,0.12307739
2452,0.12957765
2453,0.1288452
2454,0.13220215
2455,0.13461304
2456,0.11862182
2457,0.10693358
2458,0.08886719
2459,0.06341553
2460,0.039978035
2461,0.046478257
2462,0.069671616
2463,0.09005737
2464,0.09674072
2465,0.10580442
2466,0.10311889
2467,0.10220338
2468,0.1236572
2469,0.14801025
2470,0.16983034
2471,0.17803955
2472,0.18060303
2473,0.18264769
2474,0.19586185
2475,0.20733644
2476,0.21926878
2477,0.23007202
2478,0.21417236
2479,0.20205687
2480,0.18109132
2481,0.14813232
2482,0.10574342
2483,0.05285646
2484,-0.014831543
2485,-0.06900023
2486,-0.11633304
2487,-0.14593504
2488,-0.14608766
2489,-0.14779662
2490,-0.14047243
2491,-0.11636354
2492,-0.098175064
2493,-0.070373565
2494,-0.054595962
2495,-0.055206306
2496,-0.0602417
2497,-0.06411743
2498,-0.07067871
2499,-0.07580566
2500,-0.065979004
2501,-0.06628418
2502,-0.07455441
2503,-0.09255981
2504,-0.10934447
2505,-0.12393187
2506,-0.14001465
2507,-0.1675415
2508,-0.17462157
2509,-0.18362427
2510,-0.18185422
2511,-0.17150879
2512,-0.16827391
2513,-0.17544556
2514,-0.1839905
2515,-0.20147705
2516,-0.21505737
2517,-0.21612546
2518,-0.22241214
2519,-0.2263794
2520,-0.23580931
2521,-0.24310303
2522,-0.23013306
2523,-0.21133423
2524,-0.21688844
2525,-0.2284851
2526,-0.24166869
2527,-0.24325563
2528,-0.22518921
2529,-0.20993042
2530,-0.21029662
2531,-0.21514893
2532,-0.21728514
2533,-0.18939209
2534,-0.13836671
2535,-0.092926025
2536,-0.04296875
2537,-0.0051574716
2538,0.040924072
2539,0.078857414
2540,0.087890625
2541,0.11080933
2542,0.15014647
2543,0.1927185
2544,0.2128601
2545,0.21310425
2546,0.20333864
2547,0.21865846
2548,0.24346927
2549,0.25637817
2550,0.24090575
2551,0.22802734
2552,0.19595338
2553,0.1689148
2554,0.1348877
2555,0.09777834
2556,0.056152374
2557,0.005279511
2558,-0.04617311
2559,-0.082855225
2560,-0.101501465
2561,-0.1081848
2562,-0.114715576
2563,-0.12854005
2564,-0.15042111
2565,-0.15734863
2566,-0.17962646
2567,-0.18753052
2568,-0.1798706
2569,-0.16845702
2570,-0.14865112
2571,-0.14883421
2572,-0.15893555
2573,-0.15780643
2574,-0.14059448
2575,-0.11276245
2576,-0.11685176
2577,-0.1451721
2578,-0.16656494
2579,-0.1736145
2580,-0.17037965
2581,-0.1413574
2582,-0.099029526
2583,-0.056427002
2584,-0.010437015
2585,0.01986694
2586,0.025756832
2587,0.021148685
2588,0.014343259
2589,0.024536125
2590,0.028228752
2591,0.022155754
2592,0.008880628
2593,-0.0037536696
2594,-0.0007324228
2595,0.0048828237
2596,0.0005187951
2597,0.0036926232
2598,0.013122538
2599,0.013214106
2600,0.01449585
2601,0.01843264
2602,0.025604237
2603,0.048034668
2604,0.058288574
2605,0.07452391
2606,0.09429933
2607,0.10702515
2608,0.117767334
2609,0.12701416
2610,0.11654662
2611,0.10412599
2612,0.102752686
2613,0.121826164
2614,0.14508055
2615,0.16461183
2616,0.18572995
2617,0.1973877
2618,0.20584106
2619,0.21057129
2620,0.2284851
2621,0.24441528
2622,0.25146484
2623,0.24032591
2624,0.21231079
2625,0.1809082
2626,0.16738892
2627,0.14831543
2628,0.14581297
2629,0.1315918
2630,0.12536621
2631,0.11392211
2632,0.10287477
2633,0.09506226
2634,0.08657837
2635,0.061218243
2636,0.023620592
2637,0.022796622
2638,0.022583019
2639,0.022552483
2640,0.036743164
2641,0.042724594
2642,0.052490227
2643,0.0647888
2644,0.0732727
2645,0.10406494
2646,0.12844849
2647,0.13342285
2648,0.11843872
2649,0.08679201
2650,0.058013886
2651,0.029388443
2652,0.009277351
2653,-0.015838638
2654,-0.004669197
2655,-0.015228257
2656,-0.0074462965
2657,-0.020111084
2658,-0.036499016
2659,-0.024566654
2660,-0.005096428
2661,0.016509995
2662,0.02496339
2663,0.012634264
2664,0.0017699858
2665,-0.01150514
2666,-0.031860344
2667,-0.07281496
2668,-0.093505844
2669,-0.10052491
2670,-0.09753419
2671,-0.08096312
2672,-0.08526612
2673,-0.09405518
2674,-0.09063721
2675,-0.07907103
2676,-0.062866226
2677,-0.046112042
2678,-0.03845215
2679,-0.013427723
2680,0.023254389
2681,0.024047839
2682,0.014495842
2683,-0.0053711087
2684,-0.0115661435
2685,-0.019531237
2686,-0.017303437
2687,-0.007843029
2688,-0.007171653
2689,-0.019866973
2690,-0.018371567
2691,-0.02224734
2692,-0.027160652
2693,-0.04959105
2694,-0.06491088
2695,-0.061981194
2696,-0.051055893
2697,-0.052642837
2698,-0.047332738
2699,-0.04589845
2700,-0.027893063
2701,-0.00057982653
2702,0.014373789
2703,0.037780777
2704,0.04119873
2705,0.04901123
2706,0.044555668
2707,0.018249512
2708,-0.02471924
2709,-0.0463562
2710,-0.04873656
2711,-0.019470196
2712,-0.005554214
2713,-0.03546143
2714,-0.09451294
2715,-0.13882445
2716,-0.18273926
2717,-0.20629883
2718,-0.21566772
2719,-0.20965579
2720,-0.19171141
2721,-0.17193605
2722,-0.15142824
2723,-0.119506836
2724,-0.09448243
2725,-0.0961609
2726,-0.10699462
2727,-0.10876465
2728,-0.10507202
2729,-0.07705688
2730,-0.052215584
2731,-0.05551147
2732,-0.07983396
2733,-0.12738037
2734,-0.14910889
2735,-0.14468384
2736,-0.12411502
2737,-0.11224362
2738,-0.11499022
2739,-0.10018922
2740,-0.08123781
2741,-0.05410765
2742,-0.04702758
2743,-0.030364998
2744,-0.037658684
2745,-0.041931167
2746,-0.03363038
2747,-0.039886475
2748,-0.040527347
2749,-0.055328354
2750,-0.059661876
2751,-0.053649895
2752,-0.02914429
2753,-0.0020752028
2754,0.021087646
2755,0.032165512
2756,0.044250503
2757,0.0593872
2758,0.07217408
2759,0.089630105
2760,0.11785892
2761,0.15231322
2762,0.16516115
2763,0.1699524
2764,0.16900635
2765,0.15631104
2766,0.12152098
2767,0.07962036
2768,0.043273933
2769,0.01828004
2770,0.017944336
2771,0.031341553
2772,0.029296868
2773,0.0132141
2774,-0.008270271
2775,0.0044250377
2776,0.028656017
2777,0.059631336
2778,0.05847167
2779,0.050415047
2780,0.05371095
2781,0.070373535
2782,0.08169557
2783,0.08224487
2784,0.07626341
2785,0.07086183
2786,0.059478786
2787,0.03143311
2788,-0.0029602237
2789,-0.029846206
2790,-0.057861336
2791,-0.057342533
2792,-0.05831908
2793,-0.05703734
2794,-0.048278797
2795,0.00067137927
2796,0.05334474
2797,0.08456421
2798,0.07977296
2799,0.06774901
2800,0.050689682
2801,0.056335464
2802,0.061126724
2803,0.05950927
2804,0.048095677
2805,0.021972671
2806,0.00036621094
2807,-0.01568602
2808,-0.035491936
2809,-0.035034187
2810,-0.0065917773
2811,0.018096931
2812,0.028869634
2813,0.030761724
2814,0.04177857
2815,0.058380127
2816,0.08532715
2817,0.10296631
2818,0.09954834
2819,0.07473755
2820,0.07781981
2821,0.09347534
2822,0.11312868
2823,0.13479616
2824,0.13705447
2825,0.12719725
2826,0.1222229
2827,0.115905754
2828,0.10385132
2829,0.08374023
2830,0.069030754
2831,0.06259157
2832,0.058563218
2833,0.030548101
2834,-0.0014038067
2835,-0.024261462
2836,-0.03527831
2837,-0.045776367
2838,-0.055389404
2839,-0.07983399
2840,-0.112640366
2841,-0.12609863
2842,-0.1322632
2843,-0.13928221
2844,-0.1630249
2845,-0.19165038
2846,-0.20755002
2847,-0.21853639
2848,-0.20324707
2849,-0.19515991
2850,-0.18496704
2851,-0.18203735
2852,-0.1633606
2853,-0.13095094
2854,-0.08935547
2855,-0.052001953
2856,-0.027618414
2857,-0.012817387
2858,-0.014282236
2859,-0.00915527
2860,0.012207042
2861,0.045135498
2862,0.075592056
2863,0.0916443
2864,0.116485596
2865,0.13589478
2866,0.13812256
2867,0.1223755
2868,0.0974121
2869,0.08325193
2870,0.08712768
2871,0.098602295
2872,0.10531616
2873,0.10836792
2874,0.09497069
2875,0.06988526
2876,0.045074448
2877,0.030761704
2878,0.028747553
2879,0.03979492
2880,0.051727276
2881,0.06600952
2882,0.0767517
2883,0.07781984
2884,0.07711791
2885,0.08029175
2886,0.09130858
2887,0.10559083
2888,0.13253784
2889,0.14636229
2890,0.15280151
2891,0.16351318
2892,0.17150879
2893,0.17654417
2894,0.16369627
2895,0.13186646
2896,0.11682126
2897,0.124359146
2898,0.12847899
2899,0.13327025
2900,0.14532472
2901,0.15130615
2902,0.14501953
2903,0.10946655
2904,0.08200073
2905,0.059570324
2906,0.042541504
2907,0.01879882
2908,-0.01626587
2909,-0.044952415
2910,-0.052337646
2911,-0.048217803
2912,-0.028930657
2913,-0.03131105
2914,-0.059936542
2915,-0.10748291
2916,-0.1409912
2917,-0.16143799
2918,-0.1571655
2919,-0.17272949
2920,-0.17300414
2921,-0.15780638
2922,-0.1071472
2923,-0.079315186
2924,-0.0690918
2925,-0.07510376
2926,-0.09274292
2927,-0.11602782
2928,-0.13153076
2929,-0.14306642
2930,-0.16711426
2931,-0.17352298
2932,-0.17175293
2933,-0.16073608
2934,-0.13534547
2935,-0.1092529
2936,-0.09118652
2937,-0.060577407
2938,-0.017242458
2939,0.022186264
2940,0.038543716
2941,0.015625011
2942,-0.035919197
2943,-0.08621216
2944,-0.12304689
2945,-0.15536499
2946,-0.16253664
2947,-0.15264896
2948,-0.14297488
2949,-0.14709471
2950,-0.13650513
2951,-0.120849624
2952,-0.107666016
2953,-0.10192873
2954,-0.07266235
2955,-0.050354004
2956,-0.04989624
2957,-0.054748524
2958,-0.068969734
2959,-0.07714842
2960,-0.07626343
2961,-0.06121826
2962,-0.059906
2963,-0.05822754
2964,-0.054443367
2965,-0.048675537
2966,-0.05508422
2967,-0.06597901
2968,-0.060058594
2969,-0.045654293
2970,-0.029388428
2971,-0.037536636
2972,-0.04974366
2973,-0.07608032
2974,-0.08660887
2975,-0.10559082
2976,-0.10580443
2977,-0.089965835
2978,-0.07507324
2979,-0.08242795
2980,-0.09338379
2981,-0.096252434
2982,-0.0880737
2983,-0.07211307
2984,-0.056579575
2985,-0.039398193
2986,-0.02697751
2987,-0.024078354
2988,-0.0065307766
2989,0.013366699
2990,0.04046631
2991,0.0647888
2992,0.066467285
2993,0.041870132
2994,0.02725219
2995,0.03613282
2996,0.052551266
2997,0.033294678
2998,-0.021881107
2999,-0.06524657
3000,-0.07882689
3001,-0.055877656
3002,-0.0150756575
3003,0.040618896
3004,0.082916245
3005,0.11672973
3006,0.15188596
3007,0.18524168
3008,0.19476318
3009,0.18484497
3010,0.1411743
3011,0.1116638
3012,0.10998533
3013,0.13607788
3014,0.15167236
3015,0.17346191
3016,0.17269897
3017,0.17068481
3018,0.16485593
3019,0.16961671
3020,0.17123413
3021,0.15078737
3022,0.10751341
3023,0.07540892
3024,0.054351814
3025,0.039154064
3026,0.031005874
3027,0.03387452
3028,0.039062485
3029,0.042297356
3030,0.06607056
3031,0.09844971
3032,0.103332534
3033,0.098480225
3034,0.07415773
3035,0.033416767
3036,0.011566162
3037,0.023620598
3038,0.04821779
3039,0.07186889
3040,0.1008606
3041,0.12979127
3042,0.14779666
3043,0.14083862
3044,0.13400267
3045,0.11691283
3046,0.11599733
3047,0.08984375
3048,0.023956299
3049,-0.051818855
3050,-0.111938484
3051,-0.1297302
3052,-0.11935425
3053,-0.110198975
3054,-0.10784912
3055,-0.09631346
3056,-0.09280396
3057,-0.109497055
3058,-0.13708496
3059,-0.13156128
3060,-0.11587524
3061,-0.09576416
3062,-0.08349608
3063,-0.06478883
3064,-0.053680427
3065,-0.03247071
3066,-0.009429932
3067,0.020843495
3068,0.040344246
3069,0.061523452
3070,0.07717893
3071,0.072753936
3072,0.05538939
3073,0.03543091
3074,0.017059311
3075,0.0115356445
3076,0.01196292
3077,0.02539064
3078,0.028900132
3079,0.032989517
3080,0.030792266
3081,0.05203248
3082,0.079559326
3083,0.10235594
3084,0.100494385
3085,0.110260025
3086,0.11138916
3087,0.1121216
3088,0.105316155
3089,0.09118651
3090,0.05288697
3091,0.016143788
3092,0.008422852
3093,0.012084968
3094,0.017913844
3095,0.02273557
3096,0.023406971
3097,0.037597656
3098,0.057495117
3099,0.059692398
3100,0.049011216
3101,0.04904177
3102,0.04620359
3103,0.023223864
3104,0.007781988
3105,-0.0025634766
3106,-0.0062255897
3107,-0.021423347
3108,-0.035217296
3109,-0.056854278
3110,-0.06759644
3111,-0.06726073
3112,-0.05300904
3113,-0.047027603
3114,-0.06417846
3115,-0.06478882
3116,-0.07012939
3117,-0.079986565
3118,-0.10232544
3119,-0.13183594
3120,-0.13879393
3121,-0.13763428
3122,-0.12786864
3123,-0.10415652
3124,-0.0762329
3125,-0.06921387
3126,-0.07910158
3127,-0.099182114
3128,-0.13079834
3129,-0.13232422
3130,-0.11596678
3131,-0.07009889
3132,-0.025970455
3133,0.008544941
3134,0.023681642
3135,0.03814698
3136,0.08233642
3137,0.14004517
3138,0.17260744
3139,0.19692993
3140,0.20455933
3141,0.19473267
3142,0.17980957
3143,0.1758728
3144,0.16354369
3145,0.15789795
3146,0.14184573
3147,0.114715576
3148,0.07037355
3149,0.045715317
3150,0.0303955
3151,0.021820042
3152,-0.0018615872
3153,-0.018615708
3154,-0.020812988
3155,-0.019439705
3156,-0.035614002
3157,-0.08322145
3158,-0.12597655
3159,-0.14843751
3160,-0.13809203
3161,-0.11370849
3162,-0.077117935
3163,-0.044097908
3164,-0.030944832
3165,-0.053741463
3166,-0.08929445
3167,-0.11724852
3168,-0.1188965
3169,-0.12683104
3170,-0.15304562
3171,-0.17797853
3172,-0.17254639
3173,-0.1701965
3174,-0.16699216
3175,-0.15603638
3176,-0.15753174
3177,-0.16781615
3178,-0.15640259
3179,-0.12942505
3180,-0.11709596
3181,-0.1093445
3182,-0.09918215
3183,-0.08798219
3184,-0.08831787
3185,-0.094146736
3186,-0.09045409
3187,-0.061523445
3188,-0.029235823
3189,-0.037384033
3190,-0.05523681
3191,-0.058105458
3192,-0.04510497
3193,-0.05441285
3194,-0.071197495
3195,-0.07015991
3196,-0.042907707
3197,-0.0068969727
3198,0.009124778
3199,0.011840828
3200,-0.005126957
3201,-0.024932854
3202,-0.025115982
3203,-0.03799437
3204,-0.062194824
3205,-0.0897522
3206,-0.09625246
3207,-0.07864379
3208,-0.041290276
3209,0.0013427883
3210,0.03436279
3211,0.03677368
3212,0.048950203
3213,0.08035277
3214,0.11288452
3215,0.12884521
3216,0.12966919
3217,0.12475586
3218,0.12887575
3219,0.11593627
3220,0.117492676
3221,0.12149045
3222,0.13775635
3223,0.16430666
3224,0.17169191
3225,0.16473389
3226,0.1622925
3227,0.16281128
3228,0.17849733
3229,0.18475343
3230,0.1661377
3231,0.12554933
3232,0.108123794
3233,0.109954834
3234,0.11676027
3235,0.11026
3236,0.11169433
3237,0.12048341
3238,0.15063478
3239,0.1360779
3240,0.11010742
3241,0.069946274
3242,0.031158445
3243,-0.0005493127
3244,-0.012939453
3245,-0.0020141671
3246,0.0020751893
3247,-0.004119903
3248,-0.0045776377
3249,0.0006103385
3250,-0.012268066
3251,-0.015808096
3252,-0.0016479502
3253,0.034332275
3254,0.05804445
3255,0.07406615
3256,0.081085205
3257,0.10275268
3258,0.13027954
3259,0.1569519
3260,0.16119383
3261,0.14901733
3262,0.13165282
3263,0.10037233
3264,0.07028198
3265,0.04010009
3266,0.01928709
3267,0.008361816
3268,0.008697521
3269,0.007110603
3270,-0.012054455
3271,-0.035217293
3272,-0.056274414
3273,-0.066040054
3274,-0.073211685
3275,-0.08224488
3276,-0.08828736
3277,-0.07159422
3278,-0.06271363
3279,-0.055542022
3280,-0.05340581
3281,-0.051116943
3282,-0.05050663
3283,-0.039520234
3284,-0.03448485
3285,-0.035430916
3286,-0.03750614
3287,-0.02600098
3288,-0.021026615
3289,-0.024414077
3290,-0.042846654
3291,-0.057434097
3292,-0.06381224
3293,-0.08703613
3294,-0.11788939
3295,-0.15615845
3296,-0.21386725
3297,-0.26904303
3298,-0.30697635
3299,-0.30242914
3300,-0.2832642
3301,-0.27822876
3302,-0.26013187
3303,-0.21987915
3304,-0.17547609
3305,-0.1300354
3306,-0.10983277
3307,-0.0862732
3308,-0.06417848
3309,-0.038726777
3310,-0.01828003
3311,-0.0105590895
3312,-0.0073852614
3313,-0.014129631
3314,-0.029846177
3315,-0.049407937
3316,-0.06713869
3317,-0.09643553
3318,-0.115814246
3319,-0.13061526
3320,-0.14428712
3321,-0.17465204
3322,-0.19555669
3323,-0.20965576
3324,-0.21505745
3325,-0.21453863
3326,-0.20089719
3327,-0.16159058
3328,-0.104980454
3329,-0.04165642
3330,0.026672348
3331,0.08425902
3332,0.13360591
3333,0.17526244
3334,0.21395874
3335,0.24215701
3336,0.27148435
3337,0.28582767
3338,0.28332523
3339,0.27127075
3340,0.25872806
3341,0.23367313
3342,0.21136475
3343,0.18090813
3344,0.1571655
3345,0.12945566
3346,0.10253909
3347,0.07916257
3348,0.056671232
3349,0.049224883
3350,0.047454834
3351,0.055053756
3352,0.06338495
3353,0.06808467
3354,0.06668093
3355,0.0593261
3356,0.055511475
3357,0.07116703
3358,0.09420778
3359,0.12081914
3360,0.16043103
3361,0.19549558
3362,0.23077394
3363,0.25817877
3364,0.2846374
3365,0.30645746
3366,0.33148193
3367,0.3496705
3368,0.37231445
3369,0.3825683
3370,0.38748178
3371,0.37554944
3372,0.35702515
3373,0.3239746
3374,0.27182
3375,0.21380612
3376,0.15777588
3377,0.09234613
3378,0.039916977
3379,-0.02133178
3380,-0.07586667
3381,-0.12609857
3382,-0.15536492
3383,-0.18548593
3384,-0.2051697
3385,-0.23800658
3386,-0.2673645
3387,-0.32385242
3388,-0.39004514
3389,-0.45431525
3390,-0.5296021
3391,-0.5960998
3392,-0.6569824
3393,-0.70434576
3394,-0.73941046
3395,-0.75112927
3396,-0.747467
3397,-0.7351075
3398,-0.70294183
3399,-0.6651916
3400,-0.6061706
3401,-0.5486451
3402,-0.47503653
3403,-0.39675903
3404,-0.31643677
3405,-0.24938972
3406,-0.18930052
3407,-0.13491815
3408,-0.09445195
3409,-0.05218509
3410,-0.027435236
3411,0.01083374
3412,0.035919294
3413,0.053070188
3414,0.07211304
3415,0.08444208
3416,0.094207734
3417,0.104034364
3418,0.11740127
3419,0.12475589
3420,0.12121582
3421,0.124542356
3422,0.12426764
3423,0.14562982
3424,0.1658935
3425,0.21502674
3426,0.26367173
3427,0.34506235
3428,0.43228152
3429,0.5381774
3430,0.63098145
3431,0.7268066
3432,0.80822754
3433,0.86932373
3434,0.9123535
3435,0.93743896
3436,0.9372864
3437,0.91687
3438,0.8754273
3439,0.8283387
3440,0.7619934
3441,0.7031556
3442,0.6485595
3443,0.606659
3444,0.55108637
3445,0.49798584
3446,0.42959586
3447,0.34915155
3448,0.25176996
3449,0.14721684
3450,0.031158477
3451,-0.081573606
3452,-0.18865946
3453,-0.28231815
3454,-0.36227405
3455,-0.4254762
3456,-0.4774474
3457,-0.5177916
3458,-0.55877703
3459,-0.5819092
3460,-0.5971985
3461,-0.6039125
3462,-0.5966186
3463,-0.5745239
3464,-0.5494079
3465,-0.51318353
3466,-0.48367304
3467,-0.44915777
3468,-0.42260736
3469,-0.40426633
3470,-0.39773566
3471,-0.40188602
3472,-0.41918945
3473,-0.43084714
3474,-0.45776364
3475,-0.46221924
3476,-0.45690918
3477,-0.43823236
3478,-0.3899842
3479,-0.33218396
3480,-0.25228888
3481,-0.16558824
3482,-0.066100955
3483,0.01663217
3484,0.09420776
3485,0.15408334
3486,0.190216
3487,0.22244263
3488,0.23602298
3489,0.25350952
3490,0.27059925
3491,0.2945861
3492,0.3179626
3493,0.35186774
3494,0.3851319
3495,0.41003412
3496,0.43283087
3497,0.43856806
3498,0.4560241
3499,0.45358276
3500,0.44149786
3501,0.41867065
3502,0.38369757
3503,0.33142084
3504,0.2712402
3505,0.20419315
3506,0.13113397
3507,0.06262209
3508,0.0050048754
3509,-0.041229304
3510,-0.07345583
3511,-0.109558076
3512,-0.15100098
3513,-0.18365476
3514,-0.2213744
3515,-0.259491
3516,-0.2949829
3517,-0.32583615
3518,-0.3382873
3519,-0.35147095
3520,-0.36111444
3521,-0.3597412
3522,-0.36325073
3523,-0.35516363
3524,-0.34844977
3525,-0.33438098
3526,-0.31655884
3527,-0.2880249
3528,-0.24880983
3529,-0.21063237
3530,-0.1646423
3531,-0.13565066
3532,-0.10665896
3533,-0.09475709
3534,-0.09252928
3535,-0.09930417
3536,-0.10726923
3537,-0.11758428
3538,-0.121093765
3539,-0.11834713
3540,-0.111328185
3541,-0.09701532
3542,-0.10446171
3543,-0.11135865
3544,-0.1279297
3545,-0.13711546
3546,-0.13891596
3547,-0.14093018
3548,-0.13717654
3549,-0.12557983
3550,-0.105987534
3551,-0.090789795
3552,-0.0734253
3553,-0.062896736
3554,-0.044097878
3555,-0.028289795
3556,0.0056152493
3557,0.023742631
3558,0.064208984
3559,0.10253906
3560,0.15002443
3561,0.19580078
3562,0.24392697
3563,0.28274536
3564,0.30737302
3565,0.3283081
3566,0.3340149
3567,0.32769778
3568,0.31930542
3569,0.30838007
3570,0.2976074
3571,0.2894287
3572,0.28912354
3573,0.28112793
3574,0.27056885
3575,0.2540283
3576,0.2425537
3577,0.22216797
3578,0.20404053
3579,0.19497679
3580,0.18911745
3581,0.18426514
3582,0.1902771
3583,0.21035767
3584,0.24438478
3585,0.27600098
3586,0.29916382
3587,0.31011966
3588,0.31628418
3589,0.30767822
3590,0.28219604
3591,0.25512695
3592,0.21411131
3593,0.18661499
3594,0.15863037
3595,0.13360596
3596,0.117980935
3597,0.10275269
3598,0.08142089
3599,0.060150154
3600,0.041687015
3601,0.016784672
3602,-0.01388552
3603,-0.04962159
3604,-0.081817634
3605,-0.12335206
3606,-0.166687
3607,-0.19503781
3608,-0.20870972
3609,-0.21081543
3610,-0.19024658
3611,-0.15600586
3612,-0.11712645
3613,-0.08258055
3614,-0.05038453
3615,-0.040954605
3616,-0.029876716
3617,-0.028411847
3618,-0.035186775
3619,-0.033081055
3620,-0.03842164
3621,-0.03735353
3622,-0.032684308
3623,-0.017303463
3624,-0.0058899075
3625,0.018310554
3626,0.030120842
3627,0.04238891
3628,0.042602528
3629,0.034057602
3630,0.02725219
3631,0.020446807
3632,0.018096939
3633,0.0032043606
3634,-0.0010986328
3635,-0.015106216
3636,-0.017150864
3637,-0.03384398
3638,-0.05572512
3639,-0.072448716
3640,-0.08865356
3641,-0.10327148
3642,-0.11376953
3643,-0.12347413
3644,-0.14532469
3645,-0.15756223
3646,-0.17166139
3647,-0.16992188
3648,-0.18124391
3649,-0.1914978
3650,-0.20767212
3651,-0.22607422
3652,-0.2350769
3653,-0.24728394
3654,-0.24511719
3655,-0.24334715
3656,-0.23037718
3657,-0.21371461
3658,-0.1940613
3659,-0.181427
3660,-0.17395018
3661,-0.15490723
3662,-0.14141846
3663,-0.12384032
3664,-0.1149292
3665,-0.10494993
3666,-0.10217287
3667,-0.09497071
3668,-0.09408569
3669,-0.09613037
3670,-0.093566895
3671,-0.10412598
3672,-0.10656739
3673,-0.11096193
3674,-0.10629271
3675,-0.09951782
3676,-0.10391237
3677,-0.097900406
3678,-0.09051514
3679,-0.08929443
3680,-0.09487914
3681,-0.09860231
3682,-0.11145022
3683,-0.12109376
3684,-0.12948608
3685,-0.1406555
3686,-0.13986206
3687,-0.12734985
3688,-0.10015869
3689,-0.066528305
3690,-0.02554322
3691,0.017395027
3692,0.053802498
3693,0.0802002
3694,0.08886718
3695,0.08566283
3696,0.06732179
3697,0.042755127
3698,0.00869754
3699,-0.020843484
3700,-0.059570298
3701,-0.08029176
3702,-0.09677125
3703,-0.08920289
3704,-0.0827942
3705,-0.06573487
3706,-0.024871834
3707,0.005523704
3708,0.053131092
3709,0.0863037
3710,0.118865974
3711,0.11883545
3712,0.12384036
3713,0.11035155
3714,0.098938
3715,0.08187865
3716,0.07971193
3717,0.08126833
3718,0.087677
3719,0.09326172
3720,0.10153199
3721,0.11135866
3722,0.11654663
3723,0.12850954
3724,0.14141846
3725,0.15356445
3726,0.17004396
3727,0.17898558
3728,0.17123413
3729,0.16491699
3730,0.15267944
3731,0.14880371
3732,0.14285278
3733,0.13317871
3734,0.13235475
3735,0.12298584
3736,0.12283325
3737,0.12640381
3738,0.13696289
3739,0.14807127
3740,0.1581726
3741,0.15686034
3742,0.15579224
3743,0.14962769
3744,0.14215088
3745,0.13189699
3746,0.11331177
3747,0.10491942
3748,0.092010505
3749,0.0840454
3750,0.07232666
3751,0.06680298
3752,0.06552123
3753,0.060607918
3754,0.06591798
3755,0.06930542
3756,0.08245848
3757,0.084472656
3758,0.09133912
3759,0.101074226
3760,0.10943605
3761,0.11901856
3762,0.12176511
3763,0.1288452
3764,0.12673952
3765,0.119018555
3766,0.105590805
3767,0.095581055
3768,0.09506225
3769,0.09741211
3770,0.109741196
3771,0.11209106
3772,0.11398317
3773,0.107727066
3774,0.09732053
3775,0.074096665
3776,0.049072266
3777,0.01303101
3778,-0.03268431
3779,-0.08050537
3780,-0.13009647
3781,-0.17062376
3782,-0.20101929
3783,-0.21710205
3784,-0.21920776
3785,-0.20196532
3786,-0.18130493
3787,-0.15130615
3788,-0.11627197
3789,-0.08261107
3790,-0.044891357
3791,-0.022888165
3792,-0.00042725354
3793,0.005401604
3794,0.0019226372
3795,-0.008972172
3796,-0.03259277
3797,-0.047882084
3798,-0.07260133
3799,-0.07522583
3800,-0.077819854
3801,-0.06570433
3802,-0.047821045
3803,-0.026153568
3804,-0.011169441
3805,0.0049133208
3806,0.01937866
3807,0.022979734
3808,0.03594973
3809,0.036224365
3810,0.046264663
3811,0.051605225
3812,0.05050659
3813,0.04830931
3814,0.034912102
3815,0.034240745
3816,0.032440193
3817,0.034881584
3818,0.030273452
3819,0.023437515
3820,0.010589588
3821,0.0094604455
3822,0.0086059645
3823,0.015167244
3824,0.02474977
3825,0.027587868
3826,0.025695808
3827,0.0050048903
3828,-0.014709465
3829,-0.03350828
3830,-0.053497337
3831,-0.058227547
3832,-0.055816665
3833,-0.060668945
3834,-0.06878664
3835,-0.07965085
3836,-0.08642579
3837,-0.089386
3838,-0.08456421
3839,-0.07180785
3840,-0.056152344
3841,-0.040039074
3842,-0.023590095
3843,-0.014282215
3844,-0.011993403
3845,-0.004852265
3846,-0.006805416
3847,-0.0055847093
3848,-0.013763413
3849,-0.02667234
3850,-0.048950173
3851,-0.073333725
3852,-0.10705565
3853,-0.1427002
3854,-0.1785278
3855,-0.21533202
3856,-0.2409668
3857,-0.25177002
3858,-0.25790405
3859,-0.25305173
3860,-0.23516847
3861,-0.20928957
3862,-0.18124387
3863,-0.14678955
3864,-0.12765503
3865,-0.10974122
3866,-0.109436035
3867,-0.10165407
3868,-0.0897522
3869,-0.07647705
3870,-0.05895996
3871,-0.041412354
3872,-0.032409675
3873,-0.025634777
3874,-0.008972157
3875,-0.004028335
3876,-0.003143303
3877,-0.011932371
3878,-0.028198225
3879,-0.050262466
3880,-0.057495102
3881,-0.05136107
3882,-0.049926773
3883,-0.049102794
3884,-0.05029297
3885,-0.023956291
3886,0.009063719
3887,0.052093513
3888,0.091918975
3889,0.12899779
3890,0.13763428
3891,0.14056396
3892,0.15136719
3893,0.16674805
3894,0.19311525
3895,0.23861694
3896,0.27575684
3897,0.28604126
3898,0.25814825
3899,0.20858765
3900,0.13812256
3901,0.05441284
3902,-0.020385727
3903,-0.08468628
3904,-0.15393066
3905,-0.21102902
3906,-0.23294063
3907,-0.20687863
3908,-0.13751224
3909,-0.06521609
3910,-0.0036620647
3911,0.009857196
3912,-0.0101623535
3913,-0.037536606
3914,-0.06497191
3915,-0.0546875
3916,-0.031829793
3917,-0.003601119
3918,0.03570559
3919,0.07373042
3920,0.09585575
3921,0.12039183
3922,0.117797896
3923,0.095703125
3924,0.06555177
3925,0.01461792
3926,-0.035308838
3927,-0.09014894
3928,-0.12728879
3929,-0.13375849
3930,-0.09832771
3931,-0.05807496
3932,-0.023467973
3933,-0.016265884
3934,-0.024505615
3935,-0.06027223
3936,-0.07965088
3937,-0.072967544
3938,-0.042358354
3939,-0.010192893
3940,0.015441924
3941,0.061584413
3942,0.09088136
3943,0.098144546
3944,0.10202029
3945,0.09445191
3946,0.06274414
3947,0.02413942
3948,-0.00039672107
3949,-0.003997787
3950,-0.0013427548
3951,-0.02764887
3952,-0.074920714
3953,-0.12713625
3954,-0.15188597
3955,-0.143219
3956,-0.101867676
3957,-0.056365967
3958,-0.04531862
3959,-0.07666013
3960,-0.13156128
3961,-0.20236209
3962,-0.2722779
3963,-0.32080078
3964,-0.31427008
3965,-0.25488287
3966,-0.14288332
3967,0.012329092
3968,0.14920047
3969,0.27014154
3970,0.3770752
3971,0.47702023
3972,0.52346796
3973,0.46490467
3974,0.3199464
3975,0.13665771
3976,-0.021576047
3977,-0.119903535
3978,-0.12286374
3979,-0.048858702
3980,0.047454864
3981,0.12643436
3982,0.18020616
3983,0.19738775
3984,0.20141599
3985,0.21292128
3986,0.25396723
3987,0.3200684
3988,0.40313724
3989,0.47488403
3990,0.53759766
3991,0.5657653
3992,0.5628052
3993,0.5249023
3994,0.4717406
3995,0.40798944
3996,0.33743292
3997,0.27084354
3998,0.21286002
3999,0.17120364
4000,0.11929327
4001,0.086029
4002,0.076110825
4003,0.10607909
4004,0.16055284
4005,0.23553473
4006,0.2920532
4007,0.32254034
4008,0.29129037
4009,0.21139538
4010,0.10855104
4011,-0.0047302544
4012,-0.13458255
4013,-0.26898187
4014,-0.37945557
4015,-0.44671625
4016,-0.48989868
4017,-0.54745483
4018,-0.61389166
4019,-0.64749146
4020,-0.6569824
4021,-0.61459345
4022,-0.5591735
4023,-0.50250244
4024,-0.50042725
4025,-0.54345703
4026,-0.61718756
4027,-0.6819763
4028,-0.71679693
4029,-0.713562
4030,-0.6480714
4031,-0.52795416
4032,-0.3835144
4033,-0.22470096
4034,-0.046051055
4035,0.14471433
4036,0.3230896
4037,0.4510193
4038,0.538452
4039,0.62438965
4040,0.7006836
4041,0.7543336
4042,0.75961304
4043,0.7203063
4044,0.6689758
4045,0.6153565
4046,0.5941466
4047,0.576599
4048,0.55630493
4049,0.5115662
4050,0.45373535
4051,0.34686285
4052,0.20553601
4053,0.043060303
4054,-0.1447449
4055,-0.3298034
4056,-0.47354126
4057,-0.55862427
4058,-0.6013795
4059,-0.61172473
4060,-0.57568353
4061,-0.44937137
4062,-0.24252322
4063,-0.00881958
4064,0.18994147
4065,0.31124863
4066,0.33303818
4067,0.28292856
4068,0.18450925
4069,0.08459473
4070,-0.013061419
4071,-0.08609015
4072,-0.15060426
4073,-0.1997376
4074,-0.24682614
4075,-0.28533942
4076,-0.31695563
4077,-0.33456415
4078,-0.33502197
4079,-0.34497073
4080,-0.34625244
4081,-0.36761484
4082,-0.3861083
4083,-0.43234253
4084,-0.48330683
4085,-0.53701794
4086,-0.57562256
4087,-0.59402466
4088,-0.58529663
4089,-0.5702515
4090,-0.5402526
4091,-0.49957263
4092,-0.44171143
4093,-0.37380987
4094,-0.28411865
4095,-0.18518074
4096,-0.053863555
4097,0.056457505
4098,0.16247563
4099,0.23840328
4100,0.31365964
4101,0.38961792
4102,0.4671327
4103,0.52392566
4104,0.5757446
4105,0.6245119
4106,0.69149774
4107,0.74484265
4108,0.77087414
4109,0.7507019
4110,0.71868896
4111,0.65518194
4112,0.5895386
4113,0.5087279
4114,0.42404187
4115,0.32144165
4116,0.21002197
4117,0.09228514
4118,-0.020965576
4119,-0.12826541
4120,-0.20571907
4121,-0.25726312
4122,-0.29531854
4123,-0.32571414
4124,-0.3619996
4125,-0.3897094
4126,-0.42303464
4127,-0.4673463
4128,-0.5259399
4129,-0.5824281
4130,-0.61050427
4131,-0.60946655
4132,-0.5827942
4133,-0.543335
4134,-0.49426258
4135,-0.4288634
4136,-0.35574344
4137,-0.2654419
4138,-0.16668701
4139,-0.05444333
4140,0.052001957
4141,0.15991214
4142,0.26330572
4143,0.35665894
4144,0.41116333
4145,0.4380188
4146,0.4319154
4147,0.41717517
4148,0.39141846
4149,0.3572694
4150,0.2991944
4151,0.23229977
4152,0.18716428
4153,0.14904793
4154,0.13088994
4155,0.13195796
4156,0.15002438
4157,0.17163083
4158,0.19946286
4159,0.23104858
4160,0.25683597
4161,0.27807617
4162,0.28427124
4163,0.28457642
4164,0.26119995
4165,0.22946164
4166,0.17910764
4167,0.13406374
4168,0.079681374
4169,0.051117007
4170,0.02334593
4171,-3.0502677e-05
4172,-0.019989043
4173,-0.03704831
4174,-0.053649887
4175,-0.06542966
4176,-0.07598871
4177,-0.078063965
4178,-0.07504271
4179,-0.0778809
4180,-0.07669068
4181,-0.084747314
4182,-0.09252928
4183,-0.09207154
4184,-0.09500119
4185,-0.086486824
4186,-0.08367922
4187,-0.07446288
4188,-0.07006836
4189,-0.06246948
4190,-0.05825813
4191,-0.04736322
4192,-0.044769287
4193,-0.027526867
4194,-0.019714378
4195,-0.003784202
4196,0.0003662184
4197,0.019531243
4198,0.03738401
4199,0.06072998
4200,0.066619866
4201,0.06524658
4202,0.04632566
4203,0.026672356
4204,0.0101318285
4205,0.0013122708
4206,-0.017059343
4207,-0.03204346
4208,-0.047821045
4209,-0.06027222
4210,-0.06295777
4211,-0.069366455
4212,-0.062133785
4213,-0.060485832
4214,-0.05126953
4215,-0.03445435
4216,-0.011566175
4217,0.005584711
4218,0.029418953
4219,0.049102806
4220,0.07083128
4221,0.092071526
4222,0.13339233
4223,0.17245482
4224,0.20187378
4225,0.22854611
4226,0.22634889
4227,0.21008302
4228,0.18518066
4229,0.15844727
4230,0.12899777
4231,0.104980476
4232,0.0862732
4233,0.064361565
4234,0.044830322
4235,0.017913826
4236,-0.0037841834
4237,-0.022338867
4238,-0.036773685
4239,-0.045410145
4240,-0.05737306
4241,-0.06414795
4242,-0.07965089
4243,-0.09979248
4244,-0.1178589
4245,-0.12615967
4246,-0.12615968
4247,-0.12387087
4248,-0.11575319
4249,-0.11697389
4250,-0.104339585
4251,-0.100555405
4252,-0.08981323
4253,-0.089263916
4254,-0.08636476
4255,-0.10073852
4256,-0.11047364
4257,-0.1314392
4258,-0.14370728
4259,-0.15008548
4260,-0.15414427
4261,-0.15148926
4262,-0.15426636
4263,-0.15127563
4264,-0.14208986
4265,-0.12945555
4266,-0.1294861
4267,-0.11608886
4268,-0.10507204
4269,-0.09136962
4270,-0.079315215
4271,-0.07452393
4272,-0.07006835
4273,-0.074401855
4274,-0.0713806
4275,-0.06726074
4276,-0.051239006
4277,-0.035125725
4278,-0.009948738
4279,0.016754143
4280,0.035461437
4281,0.045288075
4282,0.056091316
4283,0.05477905
4284,0.054992657
4285,0.057403564
4286,0.05200195
4287,0.04006957
4288,0.037261955
4289,0.030303953
4290,0.03631592
4291,0.038299553
4292,0.041717537
4293,0.042968765
4294,0.046661377
4295,0.050720215
4296,0.04891968
4297,0.04598999
4298,0.045776375
4299,0.055725105
4300,0.06417847
4301,0.08294676
4302,0.08853148
4303,0.08312988
4304,0.06600954
4305,0.04129028
4306,0.024627667
4307,0.0039672926
4308,-0.015716538
4309,-0.022949189
4310,-0.03610231
4311,-0.052490227
4312,-0.059448242
4313,-0.065917954
4314,-0.064209
4315,-0.064697295
4316,-0.06909178
4317,-0.073761
4318,-0.07510373
4319,-0.080474846
4320,-0.07897948
4321,-0.06225585
4322,-0.05023194
4323,-0.023590088
4324,-0.00796509
4325,-0.0031433068
4326,-0.009979244
4327,-0.021453857
4328,-0.029357895
4329,-0.037384026
4330,-0.046874996
4331,-0.041839592
4332,-0.04458617
4333,-0.043792717
4334,-0.052520737
4335,-0.04449462
4336,-0.043579094
4337,-0.027465818
4338,-0.009643566
4339,-0.00015257299
4340,0.0081787
4341,0.011566162
4342,0.002288811
4343,-0.004455559
4344,-0.018310532
4345,-0.027191155
4346,-0.024505585
4347,-0.021667488
4348,-0.020324726
4349,-0.0030822894
4350,0.008911137
4351,0.023681618
4352,0.034210227
4353,0.04513547
4354,0.05783081
4355,0.063384995
4356,0.05972291
4357,0.050506577
4358,0.036529563
4359,0.02923584
4360,0.016021702
4361,0.009643551
4362,-0.0018005408
4363,0.0035095103
4364,0.00387571
4365,0.007995598
4366,0.015686039
4367,0.015106209
4368,0.016479488
4369,0.019378666
4370,0.038543716
4371,0.063293464
4372,0.088501
4373,0.107543945
4374,0.12866211
4375,0.13278198
4376,0.13394162
4377,0.13757321
4378,0.12942506
4379,0.11813356
4380,0.098938
4381,0.08065793
4382,0.062499993
4383,0.05508423
4384,0.04220581
4385,0.0475769
4386,0.04327391
4387,0.042327866
4388,0.040100083
4389,0.022674564
4390,0.009582505
4391,-0.006988528
4392,-0.025543215
4393,-0.044464104
4394,-0.06674194
4395,-0.09274293
4396,-0.104339585
4397,-0.11718749
4398,-0.12411496
4399,-0.12301637
4400,-0.122741714
4401,-0.12457276
4402,-0.11999512
4403,-0.12249754
4404,-0.11590576
4405,-0.10772705
4406,-0.09570314
4407,-0.090332046
4408,-0.08383178
4409,-0.07995604
4410,-0.07977292
4411,-0.08947754
4412,-0.08569336
4413,-0.07763672
4414,-0.06250001
4415,-0.039550778
4416,-0.025024414
4417,-0.006988533
4418,0.009307875
4419,0.020355217
4420,0.03552246
4421,0.05102539
4422,0.06744385
4423,0.07678223
4424,0.08666994
4425,0.08651733
4426,0.08786012
4427,0.088256836
4428,0.09176635
4429,0.09176633
4430,0.100860626
4431,0.103515625
4432,0.11013794
4433,0.12649536
4434,0.13796994
4435,0.15594482
4436,0.1619873
4437,0.1581726
4438,0.14923096
4439,0.13864136
4440,0.12515259
4441,0.11343384
4442,0.10369872
4443,0.09481811
4444,0.100494385
4445,0.09484863
4446,0.09902954
4447,0.0953064
4448,0.09887697
4449,0.096405044
4450,0.10525513
4451,0.09936522
4452,0.10739137
4453,0.10760498
4454,0.112335205
4455,0.124176025
4456,0.131073
4457,0.14001465
4458,0.15356444
4459,0.16229248
4460,0.17385861
4461,0.18292236
4462,0.17834474
4463,0.16409302
4464,0.14166258
4465,0.104095474
4466,0.07302857
4467,0.036590576
4468,0.012603769
4469,-0.0078735305
4470,-0.026885971
4471,-0.041870125
4472,-0.047698986
4473,-0.07073973
4474,-0.08862304
4475,-0.10238646
4476,-0.11782837
4477,-0.12893677
4478,-0.1385498
4479,-0.13983153
4480,-0.13027954
4481,-0.11221315
4482,-0.08877562
4483,-0.060394302
4484,-0.04785157
4485,-0.030029327
4486,-0.01776123
4487,-0.014923096
4488,-0.0194702
4489,-0.032897957
4490,-0.038970947
4491,-0.05599976
4492,-0.06930542
4493,-0.09033203
4494,-0.10675048
4495,-0.12762448
4496,-0.15155031
4497,-0.18002321
4498,-0.20614627
4499,-0.22052005
4500,-0.22201535
4501,-0.2104187
4502,-0.20562743
4503,-0.19940189
4504,-0.1925354
4505,-0.19042966
4506,-0.18814085
4507,-0.18041995
4508,-0.17352295
4509,-0.1728821
4510,-0.16336057
4511,-0.15826419
4512,-0.15881349
4513,-0.16021727
4514,-0.15997317
4515,-0.15441896
4516,-0.15206908
4517,-0.13208005
4518,-0.11685182
4519,-0.092865005
4520,-0.07772826
4521,-0.063140884
4522,-0.056335434
4523,-0.051910385
4524,-0.037872314
4525,-0.018066421
4526,0.004730195
4527,0.027191155
4528,0.057342544
4529,0.07107543
4530,0.074249275
4531,0.080200225
4532,0.077331536
4533,0.08560181
4534,0.08724973
4535,0.101562515
4536,0.10391234
4537,0.11477662
4538,0.10894777
4539,0.12353514
4540,0.12286376
4541,0.12673952
4542,0.12854004
4543,0.1227112
4544,0.115539566
4545,0.10293582
4546,0.09039308
4547,0.074279785
4548,0.055419907
4549,0.036621112
4550,0.020538352
4551,0.0099792415
4552,0.0034485012
4553,0.0061340276
4554,0.0076293796
4555,0.016357414
4556,0.028808579
4557,0.045043945
4558,0.057830796
4559,0.05831909
4560,0.054107666
4561,0.044799805
4562,0.034912094
4563,0.026580796
4564,0.021392807
4565,0.0112915
4566,-0.001495339
4567,-0.019470215
4568,-0.03771971
4569,-0.06307983
4570,-0.089263946
4571,-0.11181638
4572,-0.13006592
4573,-0.14559937
4574,-0.15148926
4575,-0.16174316
4576,-0.16525267
4577,-0.16250612
4578,-0.15689087
4579,-0.1402893
4580,-0.12527464
4581,-0.109375
4582,-0.09317016
4583,-0.07559205
4584,-0.059783924
4585,-0.04071045
4586,-0.024139408
4587,-0.011871312
4588,-0.0030517802
4589,0.0048828274
4590,0.0122375265
4591,0.026550278
4592,0.040771477
4593,0.04907225
4594,0.059783936
4595,0.062561035
4596,0.067840576
4597,0.073211655
4598,0.08364866
4599,0.10931398
4600,0.122222915
4601,0.13803102
4602,0.14559935
4603,0.1498108
4604,0.14852905
4605,0.14340205
4606,0.14157104
4607,0.12115481
4608,0.10839844
4609,0.09530641
4610,0.08328248
4611,0.06542969
4612,0.055847175
4613,0.041229255
4614,0.035797123
4615,0.032714833
4616,0.033233617
4617,0.044555664
4618,0.05734252
4619,0.07489012
4620,0.081817634
4621,0.08715822
4622,0.085693374
4623,0.0909729
4624,0.089202866
4625,0.088165276
4626,0.09555052
4627,0.09609985
4628,0.10998537
4629,0.11199951
4630,0.11395264
4631,0.10519409
4632,0.09106447
4633,0.07614135
4634,0.06048584
4635,0.05175782
4636,0.053070087
4637,0.053436276
4638,0.063476555
4639,0.07635498
4640,0.08496093
4641,0.083404526
4642,0.07650759
4643,0.05612181
4644,0.035949692
4645,0.012573213
4646,-0.0053100577
4647,-0.0215149
4648,-0.030914322
4649,-0.02841188
4650,-0.033050522
4651,-0.015106187
4652,-0.018310547
4653,-0.019012444
4654,-0.0353699
4655,-0.043273956
4656,-0.058258057
4657,-0.072326675
4658,-0.082489
4659,-0.093505874
4660,-0.10339356
4661,-0.10983275
4662,-0.12719727
4663,-0.14587404
4664,-0.16848755
4665,-0.19241333
4666,-0.21435547
4667,-0.22946167
4668,-0.23428345
4669,-0.21658324
4670,-0.19415283
4671,-0.16088866
4672,-0.119934104
4673,-0.076660156
4674,-0.03335569
4675,0.016815178
4676,0.058013916
4677,0.08084107
4678,0.08520507
4679,0.06460574
4680,0.039520264
4681,0.018127438
4682,0.00024414808
4683,-0.01351928
4684,-0.040496834
4685,-0.058502167
4686,-0.08169555
4687,-0.10351561
4688,-0.112548836
4689,-0.109924346
4690,-0.09176636
4691,-0.057708725
4692,-0.031036394
4693,-0.022979736
4694,-0.026153572
4695,-0.051269554
4696,-0.07101438
4697,-0.08886718
4698,-0.075561516
4699,-0.062072754
4700,-0.036010742
4701,-0.012695327
4702,0.0041504167
4703,0.017822262
4704,0.02474977
4705,0.020080552
4706,0.0038146884
4707,-0.0032653753
4708,-0.0014038086
4709,0.0078735575
4710,0.032073982
4711,0.050262466
4712,0.07177735
4713,0.07525636
4714,0.072021484
4715,0.06695555
4716,0.0654297
4717,0.068664536
4718,0.08621215
4719,0.109344475
4720,0.12802123
4721,0.15014645
4722,0.15960692
4723,0.16546634
4724,0.16088867
4725,0.15255739
4726,0.13040163
4727,0.11041259
4728,0.11489868
4729,0.12332155
4730,0.1354065
4731,0.14804077
4732,0.14895631
4733,0.13360596
4734,0.10421753
4735,0.067291275
4736,0.038055427
4737,0.010009777
4738,-0.0063171387
4739,-0.01678469
4740,-0.013793945
4741,-0.014221229
4742,-0.0025634617
4743,0.006713867
4744,0.017822266
4745,0.025238052
4746,0.027557328
4747,0.02651976
4748,0.022857666
4749,0.018981911
4750,0.03457641
4751,0.05224612
4752,0.07278444
4753,0.09176635
4754,0.10351561
4755,0.10037231
4756,0.09295654
4757,0.07681273
4758,0.043914802
4759,-0.006866444
4760,-0.065704346
4761,-0.13842773
4762,-0.20718381
4763,-0.2738037
4764,-0.31201172
4765,-0.3409729
4766,-0.33901978
4767,-0.31027228
4768,-0.256958
4769,-0.20498657
4770,-0.14654544
4771,-0.10012817
4772,-0.06668091
4773,-0.053894047
4774,-0.043182362
4775,-0.040344246
4776,-0.044006355
4777,-0.04339598
4778,-0.048980717
4779,-0.057434067
4780,-0.055633552
4781,-0.037414577
4782,-0.011291496
4783,0.030639641
4784,0.06768796
4785,0.09307861
4786,0.0940857
4787,0.07940675
4788,0.052948005
4789,0.021148685
4790,-0.013275176
4791,-0.048736542
4792,-0.073425315
4793,-0.09570315
4794,-0.08654787
4795,-0.06854247
4796,-0.048889175
4797,-0.026824951
4798,-0.020446785
4799,-0.027191162
4800,-0.047821052
4801,-0.066284195
4802,-0.08517456
4803,-0.09426879
4804,-0.10449219
4805,-0.09973143
4806,-0.10198973
4807,-0.10202025
4808,-0.10971067
4809,-0.107879624
4810,-0.10385133
4811,-0.10064698
4812,-0.1027527
4813,-0.096893325
4814,-0.09927371
4815,-0.09799193
4816,-0.10198976
4817,-0.1027832
4818,-0.105529785
4819,-0.104187004
4820,-0.09988402
4821,-0.08566285
4822,-0.06506346
4823,-0.03393556
4824,-0.011657722
4825,0.009216301
4826,0.015350342
4827,0.025421154
4828,0.029174812
4829,0.036315933
4830,0.044769287
4831,0.05368042
4832,0.054656968
4833,0.058410622
4834,0.056213394
4835,0.056060806
4836,0.05487062
4837,0.056457534
4838,0.042205803
4839,0.029693596
4840,0.012878388
4841,0.004089363
4842,-0.0007629618
4843,0.0025940016
4844,0.006744407
4845,0.012390144
4846,0.01760862
4847,0.023162827
4848,0.027709968
4849,0.032775857
4850,0.03692625
4851,0.054107662
4852,0.0692444
4853,0.07824707
4854,0.072845474
4855,0.05776976
4856,0.032104477
4857,0.005218478
4858,-0.010070808
4859,-0.013763431
4860,-0.013885524
4861,0.0036620796
4862,0.025512692
4863,0.057708748
4864,0.08847046
4865,0.12396242
4866,0.15704346
4867,0.17486572
4868,0.19573973
4869,0.20071411
4870,0.19793701
4871,0.17681888
4872,0.15115356
4873,0.12124633
4874,0.089355454
4875,0.056640625
4876,0.029388417
4877,0.008911151
4878,-0.0007019006
4879,0.007293731
4880,0.015594475
4881,0.026733428
4882,0.03836058
4883,0.051208496
4884,0.06289672
4885,0.062408432
4886,0.07125856
4887,0.08392334
4888,0.09933471
4889,0.11050411
4890,0.119079605
4891,0.12826537
4892,0.12869263
4893,0.1312561
4894,0.13265991
4895,0.14199828
4896,0.13613893
4897,0.140686
4898,0.13000487
4899,0.12301636
4900,0.11380006
4901,0.10531616
4902,0.10583498
4903,0.10211182
4904,0.10391234
4905,0.09313968
4906,0.09100343
4907,0.087463364
4908,0.093170166
4909,0.09466555
4910,0.09414673
4911,0.10247804
4912,0.10690306
4913,0.11273197
4914,0.117126465
4915,0.11672975
4916,0.104400605
4917,0.0880432
4918,0.07049561
4919,0.068542466
4920,0.08584595
4921,0.10897829
4922,0.14346313
4923,0.16772464
4924,0.17919922
4925,0.17831418
4926,0.16702269
4927,0.13464355
4928,0.10083006
4929,0.06399536
4930,0.02551271
4931,-0.0061340183
4932,-0.030273438
4933,-0.046295166
4934,-0.055786133
4935,-0.06375122
4936,-0.0670777
4937,-0.06628418
4938,-0.06521605
4939,-0.06488038
4940,-0.06503297
4941,-0.06820679
4942,-0.06347655
4943,-0.060943574
4944,-0.05996705
4945,-0.064056374
4946,-0.081451416
4947,-0.095947266
4948,-0.10659789
4949,-0.11660765
4950,-0.12576294
4951,-0.14483644
4952,-0.15707397
4953,-0.18594363
4954,-0.19976807
4955,-0.2227478
4956,-0.23721312
4957,-0.24816893
4958,-0.2423706
4959,-0.2306824
4960,-0.20489499
4961,-0.17544556
4962,-0.14526367
4963,-0.120605476
4964,-0.09866336
4965,-0.08267213
4966,-0.07897948
4967,-0.07800295
4968,-0.084991425
4969,-0.09310913
4970,-0.0927124
4971,-0.09725952
4972,-0.080566406
4973,-0.0680847
4974,-0.050476052
4975,-0.040435784
4976,-0.030395515
4977,-0.024810776
4978,-0.013854995
4979,-0.00582885
4980,-0.002593968
4981,-0.010040276
4982,-0.02035524
4983,-0.04470824
4984,-0.049987793
4985,-0.051147465
4986,-0.03775025
4987,-0.026977547
4988,-0.01278688
4989,-0.014923103
4990,-0.025238037
4991,-0.048461907
4992,-0.08898925
4993,-0.12231448
4994,-0.16638184
4995,-0.1927185
4996,-0.2215576
4997,-0.23779298
4998,-0.2527161
4999,-0.25634766
5000,-0.2515259
5001,-0.2416382
5002,-0.22573853
5003,-0.2048035
5004,-0.18048096
5005,-0.1616211
5006,-0.13146973
5007,-0.12112426
5008,-0.12072754
5009,-0.119415276
5010,-0.122344956
5011,-0.11532594
5012,-0.108459465
5013,-0.09268188
5014,-0.07897949
5015,-0.055084236
5016,-0.03991699
5017,-0.018798819
5018,-0.0114440955
5019,0.0027160645
5020,0.014007566
5021,0.016632078
5022,0.018463133
5023,0.016296402
5024,0.015106205
5025,0.008728024
5026,0.00048831105
5027,-0.008941628
5028,-0.019012444
5029,-0.028411843
5030,-0.042083748
5031,-0.051940948
5032,-0.060638458
5033,-0.06552124
5034,-0.045135505
5035,-0.016906723
5036,0.015960708
5037,0.053802475
5038,0.08111572
5039,0.099334694
5040,0.11267091
5041,0.11495972
5042,0.11108397
5043,0.1085205
5044,0.099365205
5045,0.094757065
5046,0.09466552
5047,0.0969238
5048,0.10916136
5049,0.11932374
5050,0.12750244
5051,0.13131714
5052,0.12860109
5053,0.12304687
5054,0.1210327
5055,0.119842544
5056,0.13070679
5057,0.14541626
5058,0.16140747
5059,0.190094
5060,0.20022583
5061,0.1995239
5062,0.18365479
5063,0.16159058
5064,0.13018799
5065,0.10293579
5066,0.0593872
5067,0.020385742
5068,-0.023529056
5069,-0.05224609
5070,-0.065216064
5071,-0.076110855
5072,-0.085418716
5073,-0.08700562
5074,-0.09216309
5075,-0.09466551
5076,-0.091735825
5077,-0.07910155
5078,-0.066528305
5079,-0.047668472
5080,-0.037719727
5081,-0.02999877
5082,-0.021545418
5083,-0.0122985765
5084,0.0061645433
5085,0.027038582
5086,0.04940796
5087,0.0744934
5088,0.08575441
5089,0.082580574
5090,0.08389279
5091,0.08044432
5092,0.07666017
5093,0.07907103
5094,0.07241823
5095,0.06384277
5096,0.06396486
5097,0.06600953
5098,0.0744934
5099,0.08410646
5100,0.10440062
5101,0.12524414
5102,0.15002441
5103,0.16564943
5104,0.19204712
5105,0.20571898
5106,0.22369385
5107,0.23657227
5108,0.24969482
5109,0.24835205
5110,0.23724364
5111,0.21673584
5112,0.19265747
5113,0.16574095
5114,0.14767456
5115,0.1264343
5116,0.11602783
5117,0.104156494
5118,0.100189224
5119,0.096862815
5120,0.099029556
5121,0.0960388
5122,0.08065795
5123,0.06314087
5124,0.038665768
5125,0.01586916
5126,0.0016174428
5127,-0.00784301
5128,-0.014404293
5129,-0.008911133
5130,-0.009246821
5131,-0.0038757194
5132,0.016296383
5133,0.04196166
5134,0.0617676
5135,0.07424931
5136,0.07278445
5137,0.07009888
5138,0.054077163
5139,0.046386704
5140,0.040801972
5141,0.03134156
5142,0.012145989
5143,-0.007781975
5144,-0.040771484
5145,-0.08148194
5146,-0.11328125
5147,-0.15924072
5148,-0.19772342
5149,-0.22058105
5150,-0.22787476
5151,-0.22344974
5152,-0.20281982
5153,-0.175354
5154,-0.119812
5155,-0.063568115
5156,-0.0025939941
5157,0.044830337
5158,0.06930542
5159,0.09060669
5160,0.099487334
5161,0.11141965
5162,0.111084
5163,0.10720827
5164,0.08459469
5165,0.057617173
5166,0.0055236816
5167,-0.03747557
5168,-0.09103395
5169,-0.13821411
5170,-0.1821289
5171,-0.21356198
5172,-0.2347717
5173,-0.24252324
5174,-0.23977661
5175,-0.23132323
5176,-0.21636966
5177,-0.20303348
5178,-0.18640138
5179,-0.16931152
5180,-0.15612794
5181,-0.14685059
5182,-0.13601685
5183,-0.12957764
5184,-0.13217163
5185,-0.12576297
5186,-0.12692262
5187,-0.11984253
5188,-0.111145005
5189,-0.09243774
5190,-0.0708313
5191,-0.04660035
5192,-0.027862526
5193,-0.010101289
5194,-0.0027770698
5195,-0.008239761
5196,-0.022338882
5197,-0.031616196
5198,-0.03314212
5199,-0.02172853
5200,-0.013946559
5201,0.00015260233
5202,0.0048828274
5203,0.01882936
5204,0.025421157
5205,0.03167725
5206,0.036285415
5207,0.02239991
5208,0.008087143
5209,-0.018188465
5210,-0.04113771
5211,-0.06961061
5212,-0.08148193
5213,-0.09716798
5214,-0.10375977
5215,-0.11303708
5216,-0.12704468
5217,-0.15197757
5218,-0.1768799
5219,-0.20993035
5220,-0.25415036
5221,-0.28573605
5222,-0.30661017
5223,-0.3090821
5224,-0.28829956
5225,-0.25558472
5226,-0.20764159
5227,-0.151886
5228,-0.089965805
5229,-0.029632576
5230,0.043457046
5231,0.10223389
5232,0.16476437
5233,0.20245361
5234,0.23226929
5235,0.25234982
5236,0.25094602
5237,0.23870844
5238,0.2199401
5239,0.19870004
5240,0.18051142
5241,0.1682739
5242,0.15628058
5243,0.14178476
5244,0.12377933
5245,0.115417466
5246,0.10971071
5247,0.10122681
5248,0.10604861
5249,0.10247807
5250,0.10043336
5251,0.10101319
5252,0.11248778
5253,0.126831
5254,0.14288329
5255,0.15887448
5256,0.17532349
5257,0.19784544
5258,0.2337952
5259,0.27801508
5260,0.32727045
5261,0.3714905
5262,0.4164123
5263,0.44723505
5264,0.4690857
5265,0.47790536
5266,0.46862796
5267,0.4411621
5268,0.41162115
5269,0.37561035
5270,0.33087158
5271,0.27966312
5272,0.22030643
5273,0.14660645
5274,0.06472777
5275,-0.029235892
5276,-0.111022994
5277,-0.20648196
5278,-0.28863522
5279,-0.3625793
5280,-0.41293335
5281,-0.4612427
5282,-0.4942932
5283,-0.52832043
5284,-0.5534667
5285,-0.584137
5286,-0.6111756
5287,-0.63027966
5288,-0.6408081
5289,-0.6514588
5290,-0.64123535
5291,-0.6277771
5292,-0.6001892
5293,-0.56164545
5294,-0.5010987
5295,-0.42147833
5296,-0.35021973
5297,-0.27038574
5298,-0.1949767
5299,-0.12460329
5300,-0.07324217
5301,-0.031402573
5302,-0.016113281
5303,-0.007293768
5304,-0.009948775
5305,-0.0072632283
5306,-0.014465317
5307,-0.017669827
5308,-0.014770597
5309,-0.020141631
5310,-0.008758485
5311,0.0043029785
5312,0.020050019
5313,0.040283203
5314,0.055267274
5315,0.066467255
5316,0.0713501
5317,0.08056638
5318,0.09384155
5319,0.12783825
5320,0.16687015
5321,0.238617
5322,0.3078613
5323,0.3912964
5324,0.47640985
5325,0.557129
5326,0.6345826
5327,0.7082825
5328,0.7652892
5329,0.81207293
5330,0.8437501
5331,0.85375977
5332,0.8416748
5333,0.81039435
5334,0.75390625
5335,0.6886902
5336,0.6063232
5337,0.5239867
5338,0.43902594
5339,0.36877447
5340,0.29336554
5341,0.23095708
5342,0.17019646
5343,0.11203009
5344,0.062469423
5345,0.012481719
5346,-0.044281095
5347,-0.104675174
5348,-0.17285144
5349,-0.23471057
5350,-0.29193112
5351,-0.33700562
5352,-0.38424683
5353,-0.4212037
5354,-0.45703116
5355,-0.49148554
5356,-0.53714
5357,-0.5776062
5358,-0.60821533
5359,-0.62945545
5360,-0.63403326
5361,-0.62982184
5362,-0.6017151
5363,-0.5746155
5364,-0.5337524
5365,-0.48953247
5366,-0.44442743
5367,-0.41040036
5368,-0.37658688
5369,-0.3390503
5370,-0.31072995
5371,-0.27920526
5372,-0.26397705
5373,-0.25317383
5374,-0.24664307
5375,-0.22711174
5376,-0.20593266
5377,-0.17016602
5378,-0.12478638
5379,-0.07290648
5380,-0.005065948
5381,0.062316835
5382,0.1395569
5383,0.19308478
5384,0.25051883
5385,0.294159
5386,0.34008777
5387,0.3735047
5388,0.4151916
5389,0.4449463
5390,0.47622675
5391,0.48690808
5392,0.48294067
5393,0.47164923
5394,0.46328723
5395,0.45532238
5396,0.44464123
5397,0.43856817
5398,0.41696173
5399,0.39395148
5400,0.35610956
5401,0.30767822
5402,0.24359135
5403,0.19067387
5404,0.1390686
5405,0.09490968
5406,0.05371093
5407,0.013030946
5408,-0.03952028
5409,-0.10113528
5410,-0.16140746
5411,-0.21990967
5412,-0.27459714
5413,-0.32046512
5414,-0.34613034
5415,-0.36624143
5416,-0.36456293
5417,-0.35485843
5418,-0.3238831
5419,-0.30355832
5420,-0.2634888
5421,-0.22763063
5422,-0.18701172
5423,-0.15084839
5424,-0.1150207
5425,-0.07382198
5426,-0.04675293
5427,-0.020965593
5428,-3.053248e-05
5429,0.00830075
5430,0.0029602349
5431,-0.0066528395
5432,-0.03512568
5433,-0.06121827
5434,-0.091308564
5435,-0.10443117
5436,-0.111114554
5437,-0.110717855
5438,-0.10473631
5439,-0.09405522
5440,-0.093139686
5441,-0.088958725
5442,-0.078216545
5443,-0.063507125
5444,-0.041748002
5445,-0.009613022
5446,0.018035896
5447,0.031280532
5448,0.034362786
5449,0.028900139
5450,0.01632689
5451,0.0051880004
5452,0.002105713
5453,0.0073547363
5454,0.0062865876
5455,0.012725819
5456,0.021850567
5457,0.028167717
5458,0.044372506
5459,0.06298824
5460,0.091094956
5461,0.11990357
5462,0.14642335
5463,0.16842651
5464,0.19155884
5465,0.2152405
5466,0.23931883
5467,0.26412964
5468,0.2673645
5469,0.25778198
5470,0.23446658
5471,0.20996095
5472,0.1803894
5473,0.16073608
5474,0.13632204
5475,0.12231445
5476,0.111022934
5477,0.1094055
5478,0.09762573
5479,0.0860901
5480,0.075042725
5481,0.05447387
5482,0.028869595
5483,-0.0008850042
5484,-0.024932846
5485,-0.04855347
5486,-0.07354738
5487,-0.10021973
5488,-0.123992905
5489,-0.14608765
5490,-0.16769409
5491,-0.17782591
5492,-0.19143677
5493,-0.1959839
5494,-0.20483397
5495,-0.20401001
5496,-0.20462035
5497,-0.1958008
5498,-0.17910768
5499,-0.15432741
5500,-0.14056396
5501,-0.12704468
5502,-0.12408446
5503,-0.12466433
5504,-0.12979124
5505,-0.12402345
5506,-0.12139893
5507,-0.1083679
5508,-0.098236084
5509,-0.08007814
5510,-0.06732177
5511,-0.04693605
5512,-0.034851044
5513,-0.030822761
5514,-0.044433594
5515,-0.059051517
5516,-0.076263435
5517,-0.09848023
5518,-0.1076355
5519,-0.115173355
5520,-0.11486821
5521,-0.12020873
5522,-0.106903076
5523,-0.085693374
5524,-0.064636245
5525,-0.043701187
5526,-0.033508286
5527,-0.02249144
5528,-0.018707253
5529,-0.007812515
5530,-0.008300766
5531,-0.0069580004
5532,-0.0026245415
5533,0.0027160794
5534,0.013885468
5535,0.02523804
5536,0.040496796
5537,0.05783081
5538,0.07260132
5539,0.089874275
5540,0.11437987
5541,0.13891605
5542,0.16775513
5543,0.19482423
5544,0.22354127
5545,0.25006104
5546,0.25646973
5547,0.25708008
5548,0.23373415
5549,0.19454956
5550,0.15402223
5551,0.11392212
5552,0.07858276
5553,0.0371704
5554,0.01083374
5555,-0.022796657
5556,-0.035522453
5557,-0.049591064
5558,-0.030700661
5559,-0.019409172
5560,0.0012206882
5561,0.01879882
5562,0.02313234
5563,0.01852417
5564,0.008575447
5565,0.0015564002
5566,-0.003967263
5567,-0.01211548
5568,-0.0072021503
5569,-0.001953139
5570,0.020416282
5571,0.039611794
5572,0.06823729
5573,0.08636476
5574,0.11050415
5575,0.11923218
5576,0.124115005
5577,0.113342285
5578,0.10784912
5579,0.09780885
5580,0.088623054
5581,0.08035281
5582,0.07858275
5583,0.07739258
5584,0.07745362
5585,0.07693483
5586,0.07400513
5587,0.059936523
5588,0.050018296
5589,0.04116819
5590,0.036621094
5591,0.0391846
5592,0.03701783
5593,0.037353516
5594,0.03555298
5595,0.026885957
5596,0.011444099
5597,-0.004089363
5598,-0.017028816
5599,-0.028503422
5600,-0.031341568
5601,-0.036407467
5602,-0.03918457
5603,-0.0432434
5604,-0.05075073
5605,-0.048004143
5606,-0.04327392
5607,-0.03805541
5608,-0.030548066
5609,-0.024841316
5610,-0.02273558
5611,-0.022491448
5612,-0.028411873
5613,-0.035705555
5614,-0.042449947
5615,-0.052368186
5616,-0.06414795
5617,-0.06887816
5618,-0.066741966
5619,-0.05770874
5620,-0.04806517
5621,-0.03863527
5622,-0.031951882
5623,-0.021545414
5624,-0.007934557
5625,0.004028326
5626,0.007904051
5627,0.011688229
5628,0.0046691857
5629,-0.012725834
5630,-0.028533937
5631,-0.03945922
5632,-0.05310056
5633,-0.07550048
5634,-0.08862303
5635,-0.10317995
5636,-0.1034546
5637,-0.09841918
5638,-0.089538574
5639,-0.07980348
5640,-0.079467766
5641,-0.065582275
5642,-0.06692505
5643,-0.063446045
5644,-0.06921386
5645,-0.06973265
5646,-0.08468627
5647,-0.09466553
5648,-0.101074204
5649,-0.10809327
5650,-0.1036377
5651,-0.09552003
5652,-0.08401489
5653,-0.073211685
5654,-0.06484986
5655,-0.065460205
5656,-0.06970215
5657,-0.08102416
5658,-0.0899353
5659,-0.088714585
5660,-0.09036255
5661,-0.08395385
5662,-0.08551025
5663,-0.07577514
5664,-0.06616212
5665,-0.05258177
5666,-0.043701172
5667,-0.01742554
5668,-0.0052795485
5669,0.013732901
5670,0.023071293
5671,0.025482174
5672,0.021087639
5673,0.0163269
5674,0.00860595
5675,0.00067139696
5676,0.0018310575
5677,0.007232677
5678,0.015991192
5679,0.031250004
5680,0.04672239
5681,0.059997573
5682,0.06292723
5683,0.061706554
5684,0.06478883
5685,0.062896736
5686,0.058654774
5687,0.06103517
5688,0.05895996
5689,0.05618286
5690,0.0465393
5691,0.042846676
5692,0.035858154
5693,0.02966309
5694,0.026428215
5695,0.026245123
5696,0.017761223
5697,0.0044250507
5698,-0.013641349
5699,-0.018157963
5700,-0.026641833
5701,-0.024505623
5702,-0.012756333
5703,-0.0012512133
5704,0.013885509
5705,0.028900143
5706,0.04531862
5707,0.05078125
5708,0.060455326
5709,0.06207275
5710,0.07098389
5711,0.07003784
5712,0.0746765
5713,0.078796364
5714,0.08093262
5715,0.07626341
5716,0.06985474
5717,0.06680298
5718,0.06231689
5719,0.059112564
5720,0.063110344
5721,0.06570433
5722,0.07443237
5723,0.08578492
5724,0.09429932
5725,0.094390884
5726,0.10440062
5727,0.11212158
5728,0.12536621
5729,0.13281253
5730,0.13140869
5731,0.1257019
5732,0.11886594
5733,0.10131835
5734,0.09933472
5735,0.08996583
5736,0.088958725
5737,0.0874939
5738,0.08526612
5739,0.07797241
5740,0.07443237
5741,0.07379151
5742,0.06784057
5743,0.065063454
5744,0.06692506
5745,0.06533814
5746,0.05358887
5747,0.039398193
5748,0.023010258
5749,0.0042419396
5750,-0.007873546
5751,-0.025146484
5752,-0.030883797
5753,-0.043060325
5754,-0.04730223
5755,-0.062469497
5756,-0.07089232
5757,-0.08767697
5758,-0.09121704
5759,-0.101684555
5760,-0.10461424
5761,-0.10717774
5762,-0.10043335
5763,-0.0886841
5764,-0.0803833
5765,-0.06936645
5766,-0.060852073
5767,-0.05270385
5768,-0.050842285
5769,-0.047698986
5770,-0.04467772
5771,-0.055145267
5772,-0.063018814
5773,-0.06442264
5774,-0.07116701
5775,-0.08346559
5776,-0.0802307
5777,-0.08880617
5778,-0.07577516
5779,-0.05911255
5780,-0.042938225
5781,-0.031860366
5782,-0.020324692
5783,-0.005187977
5784,-0.0012817308
5785,-0.0021362342
5786,-0.0023193285
5787,-0.003143303
5788,-0.0029907152
5789,-0.006286636
5790,-0.00051878765
5791,0.009185769
5792,0.014282227
5793,0.0058288723
5794,-0.015930176
5795,-0.013183588
5796,0.0031127967
5797,0.036499023
5798,0.058532696
5799,0.08227539
5800,0.08843996
5801,0.08520509
5802,0.06726074
5803,0.07391359
5804,0.09747314
5805,0.14685059
5806,0.20309454
5807,0.260437
5808,0.2890625
5809,0.27899173
5810,0.23635866
5811,0.16009516
5812,0.07226564
5813,-0.020874035
5814,-0.10195926
5815,-0.18737797
5816,-0.2746277
5817,-0.31716925
5818,-0.32336426
5819,-0.30297852
5820,-0.2756042
5821,-0.22470091
5822,-0.20016484
5823,-0.19589235
5824,-0.21606445
5825,-0.22229005
5826,-0.20294186
5827,-0.17343146
5828,-0.116882265
5829,-0.06518559
5830,-0.022857636
5831,-0.01620479
5832,-0.028808594
5833,-0.072265655
5834,-0.12509157
5835,-0.18063356
5836,-0.22262573
5837,-0.26074225
5838,-0.27743533
5839,-0.26080322
5840,-0.21447751
5841,-0.15655512
5842,-0.11376953
5843,-0.06402586
5844,-0.032562315
5845,-0.020080626
5846,-0.025390625
5847,-0.006042525
5848,0.022644088
5849,0.08786008
5850,0.16354379
5851,0.23123161
5852,0.2814026
5853,0.30896
5854,0.30349734
5855,0.2696838
5856,0.21072388
5857,0.13354497
5858,0.06771844
5859,0.05313105
5860,0.07489012
5861,0.06280517
5862,0.01834111
5863,-0.049560457
5864,-0.14138791
5865,-0.23168947
5866,-0.31365976
5867,-0.34857184
5868,-0.33935547
5869,-0.32754523
5870,-0.33706662
5871,-0.36981204
5872,-0.40472412
5873,-0.41564947
5874,-0.35861212
5875,-0.24887094
5876,-0.08590695
5877,0.12207037
5878,0.3545227
5879,0.56579596
5880,0.72888184
5881,0.8626709
5882,0.94461066
5883,0.9248353
5884,0.7937316
5885,0.60754395
5886,0.43637082
5887,0.26681525
5888,0.17266852
5889,0.14349365
5890,0.1819763
5891,0.200592
5892,0.212677
5893,0.17047125
5894,0.10534662
5895,0.023864806
5896,-0.037109464
5897,-0.04772958
5898,-0.016174316
5899,0.06845099
5900,0.16702268
5901,0.26889044
5902,0.31762695
5903,0.32299805
5904,0.26837158
5905,0.1842652
5906,0.09277344
5907,-0.021606565
5908,-0.13418576
5909,-0.22155759
5910,-0.3040465
5911,-0.3956909
5912,-0.46469116
5913,-0.49981678
5914,-0.50384533
5915,-0.43737787
5916,-0.33865356
5917,-0.20895374
5918,-0.10260007
5919,-0.023651123
5920,-0.0043946505
5921,-0.030090332
5922,-0.12612915
5923,-0.2308045
5924,-0.31719965
5925,-0.35043347
5926,-0.3307801
5927,-0.284546
5928,-0.21020497
5929,-0.08944714
5930,0.045837402
5931,0.16244519
5932,0.25616467
5933,0.3299256
5934,0.36590564
5935,0.32479876
5936,0.20050043
5937,-0.009857237
5938,-0.2626344
5939,-0.5231323
5940,-0.7449951
5941,-0.894806
5942,-0.96917737
5943,-0.9598387
5944,-0.8683472
5945,-0.7301027
5946,-0.5851439
5947,-0.45837387
5948,-0.3461914
5949,-0.23171985
5950,-0.09222424
5951,0.07369995
5952,0.25228852
5953,0.41882336
5954,0.589203
5955,0.7310183
5956,0.84436035
5957,0.92871106
5958,1.0041199
5959,1.0302124
5960,1.0019226
5961,0.9082032
5962,0.75909424
5963,0.5757141
5964,0.37445065
5965,0.1720581
5966,-0.016693145
5967,-0.17126474
5968,-0.27590957
5969,-0.36370838
5970,-0.4401855
5971,-0.4799807
5972,-0.49649048
5973,-0.5154725
5974,-0.5284728
5975,-0.54235864
5976,-0.57357794
5977,-0.6312865
5978,-0.70135486
5979,-0.7548524
5980,-0.7736207
5981,-0.73553467
5982,-0.63021845
5983,-0.46368408
5984,-0.28265375
5985,-0.12335202
5986,0.017730609
5987,0.11764528
5988,0.1811829
5989,0.2393798
5990,0.30404663
5991,0.37832648
5992,0.46554568
5993,0.57968134
5994,0.72756946
5995,0.894165
5996,1.0377808
5997,1.146576
5998,1.215149
5999,1.2425233
6000,1.2230529
6001,1.1669617
6002,1.0862427
6003,0.9510498
6004,0.78283685
6005,0.5668945
6006,0.3420105
6007,0.123199455
6008,-0.062622055
6009,-0.22125238
6010,-0.3342591
6011,-0.42623907
6012,-0.48941046
6013,-0.5358886
6014,-0.55792236
6015,-0.575531
6016,-0.5926819
6017,-0.63342273
6018,-0.66561896
6019,-0.6841431
6020,-0.69067395
6021,-0.65689087
6022,-0.60360706
6023,-0.52496344
6024,-0.43359375
6025,-0.31835938
6026,-0.20498651
6027,-0.08078002
6028,0.038757283
6029,0.15869142
6030,0.27084354
6031,0.3658447
6032,0.45907593
6033,0.52337646
6034,0.57144153
6035,0.5859681
6036,0.5879517
6037,0.54379267
6038,0.46127307
6039,0.35208124
6040,0.22943126
6041,0.10998528
6042,-0.0069884807
6043,-0.0987854
6044,-0.17065431
6045,-0.21325696
6046,-0.23590085
6047,-0.21874997
6048,-0.18844604
6049,-0.13186643
6050,-0.06781006
6051,-0.0010681115
6052,0.04171753
6053,0.07583618
6054,0.08200076
6055,0.0778809
6056,0.05279543
6057,0.032836854
6058,0.0056457445
6059,-0.01617428
6060,-0.033050485
6061,-0.04644776
6062,-0.06271364
6063,-0.06719965
6064,-0.06744382
6065,-0.07183846
6066,-0.07394412
6067,-0.0709533
6068,-0.07955932
6069,-0.083007835
6070,-0.09054566
6071,-0.091461174
6072,-0.09576417
6073,-0.098785415
6074,-0.11035156
6075,-0.11209104
6076,-0.1348572
6077,-0.15866089
6078,-0.19750977
6079,-0.21859743
6080,-0.24307251
6081,-0.25686646
6082,-0.27145386
6083,-0.26687622
6084,-0.26791388
6085,-0.26245114
6086,-0.25085452
6087,-0.2351685
6088,-0.21624757
6089,-0.1868591
6090,-0.15948486
6091,-0.12661743
6092,-0.09854125
6093,-0.07592773
6094,-0.057403564
6095,-0.03881834
6096,-0.026214585
6097,-0.016845718
6098,-0.0090026725
6099,-0.0038757094
6100,0.0069885273
6101,-0.0019225944
6102,0.0015258808
6103,-0.0015563909
6104,-0.01181029
6105,-0.015838616
6106,-0.018890383
6107,-0.021789549
6108,-0.02420044
6109,-0.027313232
6110,-0.028259277
6111,-0.036956765
6112,-0.044403076
6113,-0.049011245
6114,-0.050415054
6115,-0.047851555
6116,-0.03381347
6117,-0.017974857
6118,0.0034484714
6119,0.024902347
6120,0.04403686
6121,0.059509274
6122,0.064697266
6123,0.07296753
6124,0.08038329
6125,0.08984376
6126,0.10266113
6127,0.11505127
6128,0.1282959
6129,0.13946533
6130,0.1463318
6131,0.14401245
6132,0.1399231
6133,0.1295166
6134,0.12588501
6135,0.1156311
6136,0.118133545
6137,0.121429436
6138,0.12844849
6139,0.12768555
6140,0.13177487
6141,0.12719727
6142,0.12402345
6143,0.123291016
6144,0.11468506
6145,0.10617066
6146,0.0897522
6147,0.07672119
6148,0.07293701
6149,0.07531738
6150,0.081024155
6151,0.08343506
6152,0.09020996
6153,0.09136963
6154,0.08813476
6155,0.073089585
6156,0.062164318
6157,0.044342037
6158,0.035522465
6159,0.016357422
6160,-6.105006e-05
6161,-0.027984615
6162,-0.0359497
6163,-0.045532227
6164,-0.03839112
6165,-0.032043464
6166,-0.0053405836
6167,0.0038452037
6168,0.0051574744
6169,0.005401617
6170,0.004119877
6171,-0.01586914
6172,-0.0241394
6173,-0.035278324
6174,-0.046020508
6175,-0.05450439
6176,-0.059173577
6177,-0.053131096
6178,-0.054138184
6179,-0.0506897
6180,-0.052703843
6181,-0.048980713
6182,-0.05072023
6183,-0.049652115
6184,-0.049865723
6185,-0.061950684
6186,-0.06335449
6187,-0.06774904
6188,-0.0694275
6189,-0.0687561
6190,-0.06851196
6191,-0.06344606
6192,-0.06060791
6193,-0.056793205
6194,-0.054351807
6195,-0.046478268
6196,-0.043243393
6197,-0.030548096
6198,-0.015136724
6199,0.0003356859
6200,0.015136735
6201,0.035186775
6202,0.04922484
6203,0.059509277
6204,0.05709839
6205,0.047973625
6206,0.028259275
6207,0.0064086895
6208,-0.011444092
6209,-0.031097412
6210,-0.0418396
6211,-0.04959105
6212,-0.05493164
6213,-0.06399537
6214,-0.07354736
6215,-0.076477036
6216,-0.07449339
6217,-0.07785035
6218,-0.071014404
6219,-0.06542967
6220,-0.068939194
6221,-0.069152825
6222,-0.07669067
6223,-0.08642578
6224,-0.10189818
6225,-0.11517334
6226,-0.11691286
6227,-0.12158203
6228,-0.1227722
6229,-0.117614746
6230,-0.11077881
6231,-0.09848023
6232,-0.080688484
6233,-0.057373054
6234,-0.03845215
6235,-0.01837158
6236,-0.005676262
6237,0.010223394
6238,0.01431274
6239,0.018005382
6240,0.018005352
6241,0.023834225
6242,0.03567505
6243,0.035614017
6244,0.034271225
6245,0.035552975
6246,0.03491213
6247,0.036834728
6248,0.03726197
6249,0.048339855
6250,0.05758666
6251,0.062438976
6252,0.06417846
6253,0.057006847
6254,0.04449464
6255,0.037200928
6256,0.026641846
6257,0.023223884
6258,0.019348122
6259,0.021270745
6260,0.019683842
6261,0.029052734
6262,0.04293823
6263,0.06820677
6264,0.089324936
6265,0.0826416
6266,0.07308959
6267,0.064331055
6268,0.06442262
6269,0.061248783
6270,0.06555177
6271,0.06777954
6272,0.07040404
6273,0.06988526
6274,0.06451415
6275,0.0586548
6276,0.03912355
6277,0.035339348
6278,0.035308838
6279,0.034271237
6280,0.0300598
6281,0.015228242
6282,0.005889885
6283,-0.009124763
6284,-0.024993893
6285,-0.027313244
6286,-0.02841188
6287,-0.056518555
6288,-0.077728264
6289,-0.0993042
6290,-0.11517335
6291,-0.121582024
6292,-0.11151124
6293,-0.09310913
6294,-0.07232666
6295,-0.05532837
6296,-0.038635254
6297,-0.023986813
6298,-0.0061950684
6299,-0.0013732873
6300,0.0053710956
6301,-0.008239757
6302,-0.008361813
6303,-0.01559449
6304,-0.02255252
6305,-0.034881596
6306,-0.04177858
6307,-0.05853272
6308,-0.0747986
6309,-0.038848888
6310,0.0034179688
6311,0.03326415
6312,0.060485832
6313,0.08233645
6314,0.08361819
6315,0.0829773
6316,0.082092285
6317,0.08740236
6318,0.083404526
6319,0.08898927
6320,0.09469606
6321,0.10046386
6322,0.10385132
6323,0.10858155
6324,0.11874389
6325,0.12545776
6326,0.12301636
6327,0.122863755
6328,0.10427857
6329,0.079315186
6330,0.04675295
6331,0.056365967
6332,0.062133797
6333,0.06759645
6334,0.064880356
6335,0.05615235
6336,0.040466316
6337,0.015594484
6338,-0.010803206
6339,-0.030944824
6340,-0.052246083
6341,-0.058471687
6342,-0.060333267
6343,-0.06423951
6344,-0.06185914
6345,-0.053314205
6346,-0.0502014
6347,-0.046081547
6348,-0.04019165
6349,-0.04132082
6350,-0.033935517
6351,-0.03732299
6352,-0.032165527
6353,-0.054504402
6354,-0.07086181
6355,-0.08319092
6356,-0.087341316
6357,-0.08441162
6358,-0.0793457
6359,-0.059295654
6360,-0.046569817
6361,-0.024963375
6362,-0.0067443773
6363,0.006225571
6364,0.017150862
6365,0.019470204
6366,0.023010258
6367,0.021301277
6368,0.018920906
6369,0.02062989
6370,0.029205337
6371,0.041931167
6372,0.061645523
6373,0.055145267
6374,0.061279297
6375,0.10317993
6376,0.14193726
6377,0.16537476
6378,0.17907712
6379,0.17691042
6380,0.16098024
6381,0.13760377
6382,0.114471436
6383,0.095214844
6384,0.09100342
6385,0.08203125
6386,0.07104492
6387,0.06564331
6388,0.06781007
6389,0.07000734
6390,0.07513428
6391,0.08691407
6392,0.11053468
6393,0.13049316
6394,0.14682008
6395,0.1673584
6396,0.17395023
6397,0.15417479
6398,0.12719725
6399,0.10299681
6400,0.075836174
6401,0.04989624
6402,0.03540039
6403,0.016845712
6404,0.0024719182
6405,-0.021850577
6406,-0.032501224
6407,-0.059997573
6408,-0.07901001
6409,-0.103027344
6410,-0.122833274
6411,-0.13345337
6412,-0.13626099
6413,-0.1378479
6414,-0.14523315
6415,-0.14117432
6416,-0.14694214
6417,-0.15081787
6418,-0.14770511
6419,-0.16531372
6420,-0.17984009
6421,-0.19128418
6422,-0.18975829
6423,-0.18048096
6424,-0.16934206
6425,-0.14675905
6426,-0.12582399
6427,-0.101745605
6428,-0.084716804
6429,-0.06488036
6430,-0.058105458
6431,-0.047821023
6432,-0.04690551
6433,-0.037963886
6434,-0.03625489
6435,-0.03555298
6436,-0.033020012
6437,-0.030303948
6438,-0.03427124
6439,-0.032501236
6440,-0.032104507
6441,-0.038299553
6442,-0.033416763
6443,-0.03131105
6444,-0.029113784
6445,-0.03274536
6446,-0.036773704
6447,-0.031768806
6448,-0.027801536
6449,-0.025909426
6450,-0.02017211
6451,-0.010864237
6452,-0.0060729943
6453,-0.001220692
6454,0.0026550293
6455,-0.0004577674
6456,-0.0023498647
6457,-0.0066223135
6458,-0.00927735
6459,-0.020385742
6460,-0.026000982
6461,-0.022644037
6462,-0.027221674
6463,-0.018463131
6464,-0.010467522
6465,0.0073242374
6466,0.017242435
6467,0.037841797
6468,0.04736329
6469,0.060394302
6470,0.06515503
6471,0.07028198
6472,0.06515503
6473,0.06369016
6474,0.065521255
6475,0.06726074
6476,0.062255852
6477,0.051910385
6478,0.032562256
6479,0.0076904334
6480,-0.027465824
6481,-0.051483165
6482,-0.07577515
6483,-0.08099365
6484,-0.09231569
6485,-0.093109116
6486,-0.09915162
6487,-0.09976195
6488,-0.10568238
6489,-0.103790276
6490,-0.09259034
6491,-0.081604004
6492,-0.06503296
6493,-0.030365016
6494,-0.018585175
6495,0.00497438
6496,0.016113298
6497,0.03225708
6498,0.029113788
6499,0.036407463
6500,0.035369877
6501,0.04690551
6502,0.050323486
6503,0.05105591
6504,0.055603027
6505,0.04473877
6506,0.043792725
6507,0.044250473
6508,0.04537963
6509,0.045623768
6510,0.04779053
6511,0.033721928
6512,0.025848396
6513,0.0065307654
6514,-0.0050964206
6515,-0.014984136
6516,-0.020385738
6517,-0.017150879
6518,-0.0059814584
6519,0.0021362267
6520,0.018096928
6521,0.032196052
6522,0.047454845
6523,0.06317138
6524,0.08499146
6525,0.102661125
6526,0.11898803
6527,0.13143921
6528,0.14602663
6529,0.15603638
6530,0.15872192
6531,0.15936278
6532,0.15319826
6533,0.13894655
6534,0.12283327
6535,0.10217288
6536,0.084747314
6537,0.0644226
6538,0.051086426
6539,0.033905014
6540,0.03381347
6541,0.032745358
6542,0.050567627
6543,0.062286373
6544,0.07406616
6545,0.07308961
6546,0.07003784
6547,0.058654778
6548,0.047271714
6549,0.034362786
6550,0.021606453
6551,0.004119873
6552,-0.018707272
6553,-0.050109863
6554,-0.08117676
6555,-0.10794069
6556,-0.123229995
6557,-0.13598633
6558,-0.13403319
6559,-0.12954713
6560,-0.110198975
6561,-0.10101318
6562,-0.096984856
6563,-0.09170532
6564,-0.09335326
6565,-0.100616425
6566,-0.09527587
6567,-0.09045409
6568,-0.080780044
6569,-0.07922362
6570,-0.07836914
6571,-0.08837889
6572,-0.097106926
6573,-0.10476684
6574,-0.09408569
6575,-0.07843019
6576,-0.047210675
6577,-0.015075669
6578,0.008911148
6579,0.015350327
6580,0.015472397
6581,-0.005004868
6582,-0.01977539
6583,-0.03982543
6584,-0.058105484
6585,-0.07006837
6586,-0.075805664
6587,-0.06707764
6588,-0.06106568
6589,-0.055847168
6590,-0.056121845
6591,-0.05148313
6592,-0.05676268
6593,-0.055664048
6594,-0.052795395
6595,-0.042724606
6596,-0.033813458
6597,-0.028778091
6598,-0.012329103
6599,0.010162359
6600,0.024383552
6601,0.04388427
6602,0.04852294
6603,0.046875007
6604,0.033081055
6605,0.015014652
6606,-0.003204342
6607,-0.024383545
6608,-0.041198738
6609,-0.0517273
6610,-0.059417747
6611,-0.06237795
6612,-0.06314087
6613,-0.0653076
6614,-0.062591545
6615,-0.05581665
6616,-0.05389405
6617,-0.04583741
6618,-0.04354859
6619,-0.038055412
6620,-0.037292488
6621,-0.030975338
6622,-0.028259281
6623,-0.022064216
6624,-0.013916012
6625,-0.006744392
6626,0.002960205
6627,0.011383053
6628,0.016174316
6629,0.023010258
6630,0.026794426
6631,0.017822284
6632,0.0056457445
6633,-0.009246811
6634,-0.018646248
6635,-0.014373772
6636,-0.0026244894
6637,0.021362312
6638,0.035064697
6639,0.0397339
6640,0.043548584
6641,0.055633545
6642,0.07055664
6643,0.08474732
6644,0.102447525
6645,0.114105195
6646,0.11370847
6647,0.11221316
6648,0.10632326
6649,0.09475709
6650,0.08383179
6651,0.077240005
6652,0.0653076
6653,0.06723021
6654,0.064331055
6655,0.07089235
6656,0.072784424
6657,0.079925545
6658,0.08706666
6659,0.09344481
6660,0.09555054
6661,0.097656265
6662,0.090545654
6663,0.06936646
6664,0.047790542
6665,0.029937737
6666,0.014648419
6667,0.011657725
6668,0.010437011
6669,0.020172128
6670,0.0141601525
6671,0.01278686
6672,0.0032348623
6673,-0.010803215
6674,-0.028259281
6675,-0.046630874
6676,-0.06079101
6677,-0.06964113
6678,-0.0689697
6679,-0.06323244
6680,-0.060302746
6681,-0.049743656
6682,-0.04171753
6683,-0.026245115
6684,-0.015136717
6685,0.00091551826
6686,0.009765625
6687,0.015350351
6688,0.016632084
6689,0.022521965
6690,0.03201294
6691,0.04104614
6692,0.054748543
6693,0.06933593
6694,0.085174575
6695,0.095947266
6696,0.10342406
6697,0.10067749
6698,0.10632327
6699,0.10775757
6700,0.10903931
6701,0.11975097
6702,0.12911987
6703,0.13345335
6704,0.13955688
6705,0.1287842
6706,0.124969475
6707,0.11373901
6708,0.103759766
6709,0.07693482
6710,0.06512448
6711,0.042114254
6712,0.027587883
6713,0.010589613
6714,0.0040893555
6715,-0.010284418
6716,-0.025390627
6717,-0.042358413
6718,-0.048339836
6719,-0.0543518
6720,-0.059600838
6721,-0.058685318
6722,-0.06726076
6723,-0.08407591
6724,-0.09637452
6725,-0.111328155
6726,-0.11709593
6727,-0.122680664
6728,-0.11682128
6729,-0.11495972
6730,-0.11297609
6731,-0.11529542
6732,-0.116149895
6733,-0.12368775
6734,-0.1314392
6735,-0.13806154
6736,-0.14178467
6737,-0.13000487
6738,-0.11611941
6739,-0.09613038
6740,-0.08636474
6741,-0.08108519
6742,-0.080261245
6743,-0.08544923
6744,-0.09048463
6745,-0.105072014
6746,-0.11282347
6747,-0.13214113
6748,-0.1304016
6749,-0.12579347
6750,-0.11383056
6751,-0.096496575
6752,-0.082702644
6753,-0.07415772
6754,-0.071441635
6755,-0.07415773
6756,-0.07525633
6757,-0.076232925
6758,-0.069641106
6759,-0.052062977
6760,-0.012878416
6761,0.019378664
6762,0.062438957
6763,0.09228516
6764,0.12258911
6765,0.13931273
6766,0.14956662
6767,0.15090944
6768,0.15414429
6769,0.1510315
6770,0.1506958
6771,0.14822386
6772,0.1377258
6773,0.13687134
6774,0.12927246
6775,0.12396242
6776,0.113555916
6777,0.10302735
6778,0.089782715
6779,0.073028564
6780,0.053527817
6781,0.02523803
6782,-0.0032958984
6783,-0.031585693
6784,-0.04165648
6785,-0.040130608
6786,-0.03298951
6787,-0.021606445
6788,-0.0021667406
6789,0.012298584
6790,0.020751975
6791,0.023712162
6792,0.017730728
6793,0.013183586
6794,0.0071716383
6795,0.00845338
6796,0.009185791
6797,0.01565551
6798,0.019714374
6799,0.028869644
6800,0.026245136
6801,0.02606202
6802,0.024597146
6803,0.029479973
6804,0.028411863
6805,0.028808609
6806,0.020294191
6807,0.024902333
6808,0.012969978
6809,0.011627205
6810,0.0071716458
6811,0.0019836351
6812,-0.011230476
6813,-0.014739968
6814,-0.029785186
6815,-0.034576405
6816,-0.04302977
6817,-0.045471188
6818,-0.04745483
6819,-0.03930665
6820,-0.04205325
6821,-0.029998783
6822,-0.02438356
6823,-0.0061645433
6824,-0.0055541955
6825,-0.014099121
6826,-0.04177856
6827,-0.06466675
6828,-0.095397964
6829,-0.11526491
6830,-0.12335205
6831,-0.1243286
6832,-0.11773682
6833,-0.10458375
6834,-0.0979004
6835,-0.09158323
6836,-0.084564224
6837,-0.07574463
6838,-0.07507325
6839,-0.078552246
6840,-0.0772705
6841,-0.06265258
6842,-0.044342045
6843,-0.02407835
6844,0.0029601827
6845,0.026702873
6846,0.048706047
6847,0.07135008
6848,0.09234622
6849,0.11090086
6850,0.12017824
6851,0.13104247
6852,0.13137817
6853,0.1300049
6854,0.12869266
6855,0.12387083
6856,0.11325071
6857,0.104827896
6858,0.09320068
6859,0.081054695
6860,0.074920654
6861,0.07366942
6862,0.074218765
6863,0.07199097
6864,0.077056885
6865,0.07131958
6866,0.07617188
6867,0.073761
6868,0.07284546
6869,0.09014892
6870,0.103302
6871,0.112518296
6872,0.11541749
6873,0.104095444
6874,0.082672134
6875,0.05731201
6876,0.020935051
6877,-0.0026245043
6878,-0.015930189
6879,-0.022308342
6880,-0.023834243
6881,-0.030609146
6882,-0.02835082
6883,-0.031707764
6884,-0.03594971
6885,-0.040222187
6886,-0.041992195
6887,-0.031127958
6888,-0.03125
6889,-0.028167738
6890,-0.027618388
6891,-0.035125718
6892,-0.043914795
6893,-0.04653932
6894,-0.04959108
6895,-0.06274414
6896,-0.06393433
6897,-0.07791137
6898,-0.08633424
6899,-0.09768678
6900,-0.085083015
6901,-0.07952881
6902,-0.0619812
6903,-0.052520745
6904,-0.038055442
6905,-0.034027115
6906,-0.032073982
6907,-0.033874497
6908,-0.037811268
6909,-0.041686997
6910,-0.040740952
6911,-0.038116455
6912,-0.026489256
6913,-0.016235353
6914,0.015960693
6915,0.03790283
6916,0.06564333
6917,0.07778932
6918,0.09475707
6919,0.09307861
6920,0.088348374
6921,0.069824226
6922,0.03964234
6923,0.021209702
6924,0.0067749247
6925,-0.0010986328
6926,0.0007934645
6927,0.0057067946
6928,0.017303482
6929,0.020507812
6930,0.021850586
6931,0.011993423
6932,0.008331329
6933,-0.0109253
6934,-0.017639175
6935,-0.040496815
6936,-0.058105487
6937,-0.08172605
6938,-0.095581055
6939,-0.1014099
6940,-0.10913086
6941,-0.10726929
6942,-0.10595705
6943,-0.08093262
6944,-0.05590819
6945,-0.03387452
6946,-0.019714333
6947,-0.0071411133
6948,-0.0020446628
6949,0.004699722
6950,0.008453362
6951,0.0023803934
6952,0.00042723864
6953,-0.0004882738
6954,-0.014434826
6955,-0.031188957
6956,-0.038513184
6957,-0.057647698
6958,-0.08129883
6959,-0.088134766
6960,-0.09475709
6961,-0.08578491
6962,-0.0791626
6963,-0.055755615
6964,-0.026580807
6965,0.0018920824
6966,0.02874756
6967,0.053680427
6968,0.065094
6969,0.073181145
6970,0.06436158
6971,0.055755623
6972,0.0423889
6973,0.035675064
6974,0.025390627
6975,0.0056762695
6976,-0.00897217
6977,-0.017639168
6978,-0.029724117
6979,-0.03604126
6980,-0.04760743
6981,-0.059417725
6982,-0.071563706
6983,-0.083618164
6984,-0.09323121
6985,-0.09436035
6986,-0.09762574
6987,-0.103393555
6988,-0.117645256
6989,-0.12353517
6990,-0.13104248
6991,-0.13052365
6992,-0.13372803
6993,-0.13195801
6994,-0.12930296
6995,-0.12316895
6996,-0.111022964
6997,-0.10586547
6998,-0.094116226
6999,-0.074157715
7000,-0.06478882
7001,-0.051818844
7002,-0.042053215
7003,-0.036773674
7004,-0.03103638
7005,-0.023376465
7006,-0.015991218
7007,0.005279539
7008,0.027313245
7009,0.062866226
7010,0.097229004
7011,0.12493897
7012,0.1427002
7013,0.1557617
7014,0.15136722
7015,0.14315796
7016,0.1277771
7017,0.1127014
7018,0.09732054
7019,0.08953857
7020,0.088012666
7021,0.08114624
7022,0.06817627
7023,0.07019043
7024,0.06954956
7025,0.0751953
7026,0.07830809
7027,0.08453368
7028,0.08963013
7029,0.092041
7030,0.10052492
7031,0.097686775
7032,0.10623169
7033,0.10946655
7034,0.11685179
7035,0.11419678
7036,0.12054442
7037,0.11285401
7038,0.11743165
7039,0.11608885
7040,0.121368416
7041,0.12173462
7042,0.11981202
7043,0.118255615
7044,0.116363525
7045,0.124084465
7046,0.13552855
7047,0.14529419
7048,0.15417477
7049,0.1559143
7050,0.16061401
7051,0.14559937
7052,0.1234436
7053,0.08502197
7054,0.053009026
7055,0.017852783
7056,0.0027770996
7057,-0.016265877
7058,-0.013519311
7059,-0.013061522
7060,-0.013610819
7061,-0.013153108
7062,-0.012420669
7063,-0.0045165997
7064,0.003112791
7065,0.018585214
7066,0.02517701
7067,0.028839106
7068,0.035247795
7069,0.034240723
7070,0.036010742
7071,0.024810806
7072,0.013946533
7073,-0.0026245117
7074,-0.013031036
7075,-0.030181892
7076,-0.05126954
7077,-0.071899414
7078,-0.09661866
7079,-0.109497085
7080,-0.1315918
7081,-0.14215088
7082,-0.15600586
7083,-0.16223142
7084,-0.16134644
7085,-0.1541748
7086,-0.14608763
7087,-0.14160158
7088,-0.13031006
7089,-0.12695311
7090,-0.12750244
7091,-0.13372801
7092,-0.14605711
7093,-0.16067505
7094,-0.17376709
7095,-0.19384766
7096,-0.20419312
7097,-0.20501712
7098,-0.20529175
7099,-0.20147705
7100,-0.19702148
7101,-0.18862915
7102,-0.16571045
7103,-0.14233398
7104,-0.113525406
7105,-0.0895996
7106,-0.0673828
7107,-0.05523684
7108,-0.04244993
7109,-0.03353882
7110,-0.0070190355
7111,0.012146004
7112,0.040588394
7113,0.0657959
7114,0.0918579
7115,0.11093141
7116,0.12676999
7117,0.13763428
7118,0.14025876
7119,0.14907837
7120,0.1399536
7121,0.13378906
7122,0.12731934
7123,0.12155152
7124,0.114959724
7125,0.119903564
7126,0.11938475
7127,0.12704468
7128,0.124481216
7129,0.13275146
7130,0.13098145
7131,0.13534546
7132,0.13159178
7133,0.123596184
7134,0.11099244
7135,0.101348855
7136,0.085815445
7137,0.0687561
7138,0.05410768
7139,0.040771477
7140,0.030303929
7141,0.016937256
7142,0.008972168
7143,0.00491333
7144,-0.012146004
7145,-0.02023314
7146,-0.033691406
7147,-0.029571524
7148,-0.03274536
7149,-0.021240199
7150,-0.024932865
7151,-0.022644054
7152,-0.018981926
7153,-0.02178955
7154,-0.025787368
7155,-0.038818344
7156,-0.06390381
7157,-0.08407591
7158,-0.10189818
7159,-0.10116577
7160,-0.091552734
7161,-0.07189939
7162,-0.05044554
7163,-0.026855469
7164,-0.0041503906
7165,0.022216745
7166,0.047058113
7167,0.0744324
7168,0.09298706
7169,0.09799198
7170,0.102752656
7171,0.09371946
7172,0.0817566
7173,0.06079101
7174,0.046325654
7175,0.01956177
7176,0.0012207553
7177,-0.017517067
7178,-0.028503403
7179,-0.03723146
7180,-0.0411072
7181,-0.03640747
7182,-0.031555176
7183,-0.016632102
7184,-0.013641372
7185,-0.00280758
7186,0.010742202
7187,0.02200313
7188,0.045501724
7189,0.06927496
7190,0.08648682
7191,0.09143072
7192,0.09457396
7193,0.08886722
7194,0.07153322
7195,0.055236846
7196,0.029968277
7197,0.0076293796
7198,-0.031982414
7199,-0.054473855
7200,-0.08654785
7201,-0.1137085
7202,-0.13265991
7203,-0.14849855
7204,-0.1633606
7205,-0.18670651
7206,-0.20037839
7207,-0.22616579
7208,-0.234375
7209,-0.24871829
7210,-0.25372314
7211,-0.26370233
7212,-0.26327515
7213,-0.2681579
7214,-0.26254275
7215,-0.2600708
7216,-0.24530026
7217,-0.23272702
7218,-0.2197876
7219,-0.19335938
7220,-0.16690062
7221,-0.13171387
7222,-0.091979966
7223,-0.04177858
7224,0.014373794
7225,0.06539916
7226,0.10424802
7227,0.15249634
7228,0.18466187
7229,0.21954347
7230,0.24719237
7231,0.26556402
7232,0.28555295
7233,0.29296866
7234,0.3006592
7235,0.29672235
7236,0.29556277
7237,0.2885743
7238,0.29238886
7239,0.28329474
7240,0.2731629
7241,0.25695795
7242,0.24224845
7243,0.23046866
7244,0.23535155
7245,0.23904426
7246,0.23022462
7247,0.21878047
7248,0.18408199
7249,0.16809079
7250,0.1348267
7251,0.12234502
7252,0.10003659
7253,0.080902204
7254,0.05133052
7255,0.016235262
7256,-0.013183534
7257,-0.03338632
7258,-0.0471801
7259,-0.04748538
7260,-0.041656464
7261,-0.03427136
7262,-0.026428193
7263,-0.019988924
7264,-0.020904481
7265,-0.029083341
7266,-0.03845218
7267,-0.061431825
7268,-0.08953853
7269,-0.12960821
7270,-0.16094977
7271,-0.20056154
7272,-0.23641965
7273,-0.2709961
7274,-0.3158875
7275,-0.3653565
7276,-0.41946414
7277,-0.47180176
7278,-0.5328369
7279,-0.58639526
7280,-0.64144903
7281,-0.68167114
7282,-0.70907587
7283,-0.7082825
7284,-0.6922913
7285,-0.6482848
7286,-0.5946959
7287,-0.530365
7288,-0.46310425
7289,-0.39779666
7290,-0.32440186
7291,-0.25021362
7292,-0.1797791
7293,-0.12390137
7294,-0.06222534
7295,-0.013091981
7296,0.047515795
7297,0.113556
7298,0.19277945
7299,0.27291864
7300,0.35888678
7301,0.43960562
7302,0.5096131
7303,0.5652772
7304,0.6115112
7305,0.6516724
7306,0.6747743
7307,0.68310535
7308,0.6784056
7309,0.6544801
7310,0.60720825
7311,0.5621338
7312,0.5137938
7313,0.47518933
7314,0.44671643
7315,0.42648324
7316,0.4068298
7317,0.37915033
7318,0.3622437
7319,0.34585565
7320,0.32763684
7321,0.31881723
7322,0.31652832
7323,0.3128663
7324,0.31188965
7325,0.3051452
7326,0.29714966
7327,0.28268427
7328,0.27374265
7329,0.26248175
7330,0.2633057
7331,0.2617494
7332,0.27563486
7333,0.2906798
7334,0.30435175
7335,0.30740362
7336,0.30484018
7337,0.26736456
7338,0.23065181
7339,0.16946404
7340,0.10488899
7341,0.04019153
7342,-0.02117911
7343,-0.06802358
7344,-0.11685181
7345,-0.1579284
7346,-0.19692995
7347,-0.23327641
7348,-0.2754211
7349,-0.3122253
7350,-0.34909064
7351,-0.37911987
7352,-0.408966
7353,-0.43853766
7354,-0.472107
7355,-0.50189203
7356,-0.53140247
7357,-0.53961194
7358,-0.5382997
7359,-0.5177613
7360,-0.47393793
7361,-0.42523187
7362,-0.37451178
7363,-0.33078
7364,-0.2789612
7365,-0.23687746
7366,-0.20050052
7367,-0.16876227
7368,-0.15335083
7369,-0.13385017
7370,-0.1327209
7371,-0.13452153
7372,-0.13433836
7373,-0.1411744
7374,-0.13772583
7375,-0.12631223
7376,-0.10900879
7377,-0.08609007
7378,-0.062438935
7379,-0.042053223
7380,-0.016815186
7381,0.022522002
7382,0.06747432
7383,0.12066646
7384,0.16406256
7385,0.19549556
7386,0.19558723
7387,0.19497685
7388,0.18032841
7389,0.17089848
7390,0.15560919
7391,0.14129637
7392,0.11773674
7393,0.096222
7394,0.06890871
7395,0.03509524
7396,0.011993393
7397,-0.016143821
7398,-0.021850593
7399,-0.03521733
7400,-0.05392457
7401,-0.07672119
7402,-0.10867311
7403,-0.15362552
7404,-0.20617674
7405,-0.26165766
7406,-0.31808475
7407,-0.35491943
7408,-0.38107306
7409,-0.3947754
7410,-0.39587402
7411,-0.3837281
7412,-0.37179565
7413,-0.33691415
7414,-0.30664057
7415,-0.2710572
7416,-0.23101813
7417,-0.19555663
7418,-0.18670645
7419,-0.1728211
7420,-0.17510992
7421,-0.17959584
7422,-0.18887317
7423,-0.19610606
7424,-0.18020642
7425,-0.15780644
7426,-0.12445067
7427,-0.08270262
7428,-0.03851323
7429,0.009857208
7430,0.050262406
7431,0.07489013
7432,0.08950805
7433,0.08303832
7434,0.072723374
7435,0.05538944
7436,0.051818814
7437,0.05895999
7438,0.0704346
7439,0.08526608
7440,0.10717772
7441,0.12936404
7442,0.14993289
7443,0.15914914
7444,0.17785642
7445,0.1834412
7446,0.1815186
7447,0.17037967
7448,0.15332028
7449,0.14144899
7450,0.13586427
7451,0.13760379
7452,0.14767452
7453,0.14898682
7454,0.156189
7455,0.15814209
7456,0.17681885
7457,0.17761236
7458,0.19580075
7459,0.20477296
7460,0.2009888
7461,0.19964598
7462,0.21261595
7463,0.22729492
7464,0.23480228
7465,0.25134274
7466,0.2582702
7467,0.26660162
7468,0.26693726
7469,0.2647705
7470,0.25045776
7471,0.2245178
7472,0.19772339
7473,0.16082765
7474,0.13504028
7475,0.11459352
7476,0.11294557
7477,0.115905754
7478,0.13839722
7479,0.15393066
7480,0.17486572
7481,0.17663576
7482,0.1802368
7483,0.1842041
7484,0.16363525
7485,0.14199832
7486,0.10964966
7487,0.08789063
7488,0.07528688
7489,0.06851196
7490,0.05398558
7491,0.050628662
7492,0.040863022
7493,0.039825432
7494,0.028869629
7495,0.026916511
7496,0.009277344
7497,-0.010253906
7498,-0.03341677
7499,-0.052398667
7500,-0.06887819
7501,-0.08407593
7502,-0.08480836
7503,-0.08847048
7504,-0.09533689
7505,-0.1034546
7506,-0.094696045
7507,-0.090026855
7508,-0.07858276
7509,-0.075317375
7510,-0.068939194
7511,-0.06005861
7512,-0.053710952
7513,-0.0423584
7514,-0.03659059
7515,-0.016510032
7516,-0.0058593974
7517,-0.00061035156
7518,0.00036619604
7519,0.008941621
7520,0.0008544773
7521,-0.0032958984
7522,-0.012573235
7523,-0.020812988
7524,-0.044769257
7525,-0.06500245
7526,-0.07629393
7527,-0.0794983
7528,-0.080078125
7529,-0.08190917
7530,-0.079956055
7531,-0.079559326
7532,-0.080322266
7533,-0.075836174
7534,-0.06744383
7535,-0.06002807
7536,-0.044189446
7537,-0.028381346
7538,-0.005676277
7539,0.015136709
7540,0.036102302
7541,0.060760494
7542,0.075195305
7543,0.090728775
7544,0.08624268
7545,0.08206178
7546,0.06146241
7547,0.03851319
7548,0.020477284
7549,-0.0076599196
7550,-0.035858136
7551,-0.060760483
7552,-0.093505874
7553,-0.112121575
7554,-0.1255188
7555,-0.13928223
7556,-0.14102173
7557,-0.1496582
7558,-0.1426697
7559,-0.14486694
7560,-0.14376831
7561,-0.13516235
7562,-0.13342284
7563,-0.13455202
7564,-0.13040163
7565,-0.13174438
7566,-0.13449097
7567,-0.13671876
7568,-0.13729858
7569,-0.13580321
7570,-0.1361084
7571,-0.12469484
7572,-0.1034546
7573,-0.07608033
7574,-0.030639648
7575,0.00509644
7576,0.03781127
7577,0.05834961
7578,0.07241821
7579,0.06591797
7580,0.05047608
7581,0.030914305
7582,0.018737795
7583,0.00869751
7584,0.016326904
7585,0.023345929
7586,0.03674318
7587,0.04098511
7588,0.047393817
7589,0.053436294
7590,0.058319107
7591,0.06536865
7592,0.081054695
7593,0.087646484
7594,0.08410646
7595,0.07153319
7596,0.057556152
7597,0.039825436
7598,0.022460926
7599,0.008605969
7600,0.0044250637
7601,0.009185799
7602,0.016113281
7603,0.026580814
7604,0.033935554
7605,0.0350647
7606,0.032287598
7607,0.014190682
7608,-0.0020751993
7609,-0.016662598
7610,-0.01730347
7611,-0.012695307
7612,0.002960207
7613,0.021636963
7614,0.035614006
7615,0.045532215
7616,0.054443356
7617,0.06613159
7618,0.06692506
7619,0.067626946
7620,0.056793213
7621,0.05081177
7622,0.029693596
7623,0.021636963
7624,0.0006103581
7625,-0.01779175
7626,-0.043792717
7627,-0.07199097
7628,-0.09307861
7629,-0.112854004
7630,-0.1255493
7631,-0.13867188
7632,-0.13806152
7633,-0.14608768
7634,-0.13522339
7635,-0.120147705
7636,-0.10733033
7637,-0.08398436
7638,-0.06381227
7639,-0.04629515
7640,-0.02526855
7641,-0.0128479
7642,-0.0070800707
7643,-0.0033569448
7644,-0.0075683594
7645,-0.021209719
7646,-0.03463745
7647,-0.051696785
7648,-0.06262207
7649,-0.06951904
7650,-0.07489015
7651,-0.0719299
7652,-0.07553098
7653,-0.057373025
7654,-0.04913331
7655,-0.027313251
7656,-0.0122985765
7657,0.0034179576
7658,0.005676277
7659,0.014740005
7660,0.007904064
7661,0.0053100586
7662,-0.011230472
7663,-0.024536144
7664,-0.035186764
7665,-0.05038453
7666,-0.049072262
7667,-0.042541504
7668,-0.03555298
7669,-0.021484382
7670,-0.007171638
7671,0.01635743
7672,0.027923577
7673,0.063385025
7674,0.08325194
7675,0.112243645
7676,0.123413086
7677,0.14611816
7678,0.14712523
7679,0.15646362
7680,0.15692139
7681,0.1565857
7682,0.14239502
7683,0.12991333
7684,0.10263062
7685,0.08682251
7686,0.07257081
7687,0.06250001
7688,0.04931641
7689,0.035522457
7690,0.017639158
7691,0.002166748
7692,-0.0071411207
7693,-0.02075195
7694,-0.01849366
7695,-0.016998282
7696,0.00363159
7697,0.012847902
7698,0.031005854
7699,0.025421143
7700,0.020385746
7701,-0.0015869215
7702,-0.010406525
7703,-0.025146483
7704,-0.03625486
7705,-0.033172615
7706,-0.029907225
7707,-0.023223879
7708,-0.0154724065
7709,-0.0003662149
7710,0.024322517
7711,0.05059814
7712,0.08612062
7713,0.11584474
7714,0.14132692
7715,0.15066528
7716,0.16085815
7717,0.14349365
7718,0.12884521
7719,0.1021118
7720,0.07827759
7721,0.04776001
7722,0.025146473
7723,0.006195072
7724,-0.00927734
7725,-0.023132311
7726,-0.026123052
7727,-0.027709955
7728,-0.032104485
7729,-0.0231018
7730,-0.014312749
7731,0.0015869159
7732,0.010253906
7733,0.03640747
7734,0.062744156
7735,0.07815553
7736,0.08627321
7737,0.085784905
7738,0.0723877
7739,0.054290764
7740,0.037872322
7741,0.015045136
7742,-0.0039672703
7743,-0.025878884
7744,-0.03253176
7745,-0.049560536
7746,-0.04815674
7747,-0.05554199
7748,-0.04220582
7749,-0.047088638
7750,-0.042999268
7751,-0.039825432
7752,-0.037292488
7753,-0.038085945
7754,-0.049743667
7755,-0.071563706
7756,-0.10037231
7757,-0.11791994
7758,-0.14202881
7759,-0.1557007
7760,-0.16314697
7761,-0.16409302
7762,-0.15454102
7763,-0.14834595
7764,-0.13360596
7765,-0.12545776
7766,-0.1140747
7767,-0.113128655
7768,-0.10409546
7769,-0.10247803
7770,-0.09692383
7771,-0.09136963
7772,-0.08178711
7773,-0.07913207
7774,-0.07995606
7775,-0.083526626
7776,-0.06735231
7777,-0.05487059
7778,-0.027282715
7779,0.0024108812
7780,0.035552986
7781,0.0620117
7782,0.07873537
7783,0.079132065
7784,0.060577385
7785,0.01928714
7786,-0.0146484375
7787,-0.03057862
7788,-0.040527336
7789,-0.024200454
7790,-0.016876206
7791,-0.020050041
7792,-0.019165054
7793,-0.017791748
7794,-0.023559585
7795,-0.010070808
7796,0.020141605
7797,0.07040405
7798,0.1116028
7799,0.164093
7800,0.18481445
7801,0.1690979
7802,0.1277771
7803,0.089202896
7804,0.07226564
7805,0.0842285
7806,0.11697387
7807,0.15371704
7808,0.18228146
7809,0.19705196
7810,0.17950435
7811,0.1532898
7812,0.10043338
7813,0.030364983
7814,-0.059631348
7815,-0.15075685
7816,-0.21853645
7817,-0.28060907
7818,-0.27597046
7819,-0.25341797
7820,-0.20065305
7821,-0.149353
7822,-0.116394006
7823,-0.12002561
7824,-0.16238403
7825,-0.1949768
7826,-0.20983885
7827,-0.17828366
7828,-0.12570187
7829,-0.054809574
7830,0.0151977
7831,0.07443231
7832,0.113708474
7833,0.12179567
7834,0.111572266
7835,0.0925293
7836,0.05303956
7837,-0.00036625192
7838,-0.02322393
7839,-0.03366087
7840,0.019683808
7841,0.078277625
7842,0.1638794
7843,0.22946161
7844,0.27401733
7845,0.25341794
7846,0.18942267
7847,0.084136955
7848,0.012908995
7849,-0.030639634
7850,-0.044708245
7851,-0.020019548
7852,0.004547123
7853,0.016021647
7854,-0.001983732
7855,-0.043792754
7856,-0.07449346
7857,-0.09799191
7858,-0.09283444
7859,-0.07852171
7860,-0.043182403
7861,3.053248e-05
7862,0.037414543
7863,0.079376265
7864,0.10910033
7865,0.13919061
7866,0.18365473
7867,0.271759
7868,0.36389166
7869,0.40396124
7870,0.3490296
7871,0.22018442
7872,0.05459605
7873,-0.13055427
7874,-0.29211414
7875,-0.43286124
7876,-0.480133
7877,-0.466919
7878,-0.3928834
7879,-0.25521845
7880,-0.090667695
7881,0.10702513
7882,0.29113778
7883,0.4424132
7884,0.5264282
7885,0.5577088
7886,0.52490216
7887,0.4641112
7888,0.4391478
7889,0.47601303
7890,0.5527649
7891,0.61614996
7892,0.5826111
7893,0.4693604
7894,0.2737732
7895,0.010040224
7896,-0.28137198
7897,-0.485321
7898,-0.60711664
7899,-0.6549683
7900,-0.65838635
7901,-0.6253662
7902,-0.56378174
7903,-0.47042835
7904,-0.3527221
7905,-0.22583008
7906,-0.12921134
7907,-0.052063048
7908,-0.003326416
7909,0.028015196
7910,0.025604248
7911,-0.002532959
7912,-0.03060925
7913,-0.0040891767
7914,0.08630362
7915,0.21270755
7916,0.36248776
7917,0.56469727
7918,0.7496338
7919,0.87463385
7920,0.9082643
7921,0.88391125
7922,0.8110964
7923,0.7095641
7924,0.58657825
7925,0.41775513
7926,0.20907593
7927,-0.061706364
7928,-0.42599475
7929,-0.78491217
7930,-1.1195676
7931,-1.3899229
7932,-1.5762937
7933,-1.6242979
7934,-1.5393984
7935,-1.3779602
7936,-1.2167053
7937,-1.0591125
7938,-0.92245495
7939,-0.7635193
7940,-0.58843994
7941,-0.4001159
7942,-0.1960448
7943,0.02972418
7944,0.24209607
7945,0.4394836
7946,0.5889586
7947,0.7041013
7948,0.7401429
7949,0.7373961
7950,0.70755005
7951,0.64196783
7952,0.5452881
7953,0.44430542
7954,0.34185788
7955,0.23852542
7956,0.15051281
7957,0.081115425
7958,0.06286609
7959,0.0648191
7960,0.07803333
7961,0.05795303
7962,-0.0010988414
7963,-0.055664122
7964,-0.13735974
7965,-0.23123169
7966,-0.34494022
7967,-0.4732666
7968,-0.5901489
7969,-0.6744994
7970,-0.6998902
7971,-0.67166126
7972,-0.58602893
7973,-0.45596325
7974,-0.295349
7975,-0.124877855
7976,0.010101408
7977,0.08139056
7978,0.11508179
7979,0.14910898
7980,0.2154845
7981,0.30374146
7982,0.4216615
7983,0.59298706
7984,0.7811583
7985,0.92544574
7986,1.0148623
7987,1.0550538
7988,1.0603335
7989,1.0326537
7990,0.97875965
7991,0.8590392
7992,0.69775385
7993,0.5009461
7994,0.29006955
7995,0.0752564
7996,-0.118591234
7997,-0.2905578
7998,-0.4361571
7999,-0.5484314
8000,-0.63705444
8001,-0.71401995
8002,-0.7600707
8003,-0.7856141
8004,-0.78161633
8005,-0.7807006
8006,-0.7578125
8007,-0.7204896
8008,-0.66885394
8009,-0.6189575
8010,-0.5556336
8011,-0.48565668
8012,-0.41320798
8013,-0.31701654
8014,-0.21231079
8015,-0.07275395
8016,0.09524533
8017,0.27001953
8018,0.44604486
8019,0.60720813
8020,0.7425841
8021,0.84341425
8022,0.90298474
8023,0.88943475
8024,0.83734125
8025,0.7442627
8026,0.6362916
8027,0.48989868
8028,0.34362793
8029,0.21524058
8030,0.111236595
8031,0.03170774
8032,-0.035827663
8033,-0.07870482
8034,-0.10494989
8035,-0.10324089
8036,-0.07629396
8037,-0.032775886
8038,0.029754631
8039,0.08758545
8040,0.1382751
8041,0.17239374
8042,0.200592
8043,0.20962518
8044,0.19128415
8045,0.1847535
8046,0.16235358
8047,0.14248668
8048,0.116302535
8049,0.08151236
8050,0.054779127
8051,0.017425535
8052,-0.0068969633
8053,-0.034912106
8054,-0.057769775
8055,-0.07580568
8056,-0.090026855
8057,-0.10702513
8058,-0.12106325
8059,-0.13314818
8060,-0.14459229
8061,-0.15487671
8062,-0.16171263
8063,-0.16912845
8064,-0.18170166
8065,-0.18719482
8066,-0.1915894
8067,-0.17984004
8068,-0.16567987
8069,-0.14630124
8070,-0.12863159
8071,-0.11477667
8072,-0.108795136
8073,-0.10681154
8074,-0.107055694
8075,-0.10101317
8076,-0.09710692
8077,-0.088867195
8078,-0.07595828
8079,-0.06317138
8080,-0.051239
8081,-0.041595466
8082,-0.042053215
8083,-0.044067383
8084,-0.045013417
8085,-0.05102539
8086,-0.04718017
8087,-0.053009033
8088,-0.055664077
8089,-0.06393434
8090,-0.08444213
8091,-0.08941651
8092,-0.101715095
8093,-0.105224594
8094,-0.109008804
8095,-0.11679077
8096,-0.12075804
8097,-0.11825562
8098,-0.11172485
8099,-0.109374985
8100,-0.107086174
8101,-0.097167976
8102,-0.08502197
8103,-0.07556152
8104,-0.057708737
8105,-0.04537965
8106,-0.034912106
8107,-0.035583492
8108,-0.03875733
8109,-0.041412342
8110,-0.04513549
8111,-0.044769276
8112,-0.036315925
8113,-0.01812744
8114,-0.0048523056
8115,0.0052185087
8116,0.0032653902
8117,-0.013305675
8118,-0.031341545
8119,-0.055847183
8120,-0.076354995
8121,-0.09899901
8122,-0.108367935
8123,-0.11975099
8124,-0.11505124
8125,-0.11520387
8126,-0.10980223
8127,-0.10238649
8128,-0.09121703
8129,-0.08325195
8130,-0.0692749
8131,-0.060333237
8132,-0.04925538
8133,-0.04696653
8134,-0.03814698
8135,-0.046356194
8136,-0.038970944
8137,-0.018188484
8138,0.0032043308
8139,0.031890873
8140,0.049377434
8141,0.06542966
8142,0.079193115
8143,0.08483885
8144,0.09036255
8145,0.08721923
8146,0.07827758
8147,0.062133785
8148,0.041107178
8149,0.020538349
8150,0.003448477
8151,0.00073242607
8152,0.0014648484
8153,0.00628661
8154,0.021789558
8155,0.032043453
8156,0.035217278
8157,0.029449478
8158,0.03515626
8159,0.043212887
8160,0.054656982
8161,0.074951164
8162,0.09945678
8163,0.104583725
8164,0.11331175
8165,0.11575318
8166,0.109741226
8167,0.094055176
8168,0.07595825
8169,0.052154537
8170,0.026824955
8171,0.0004577674
8172,-0.015289307
8173,-0.025878895
8174,-0.022552483
8175,-0.012847908
8176,0.005371105
8177,0.023162834
8178,0.048645027
8179,0.074981675
8180,0.096710205
8181,0.10635376
8182,0.11416625
8183,0.114898674
8184,0.11471556
8185,0.11270143
8186,0.110534675
8187,0.10772705
8188,0.094329834
8189,0.08480836
8190,0.063201904
8191,0.047424324
8192,0.025695799
8193,0.015594494
8194,0.011596689
8195,0.012634277
8196,0.022552498
8197,0.03445433
8198,0.0480652
8199,0.064910874
8200,0.072479255
8201,0.08441162
8202,0.08865358
8203,0.1000061
8204,0.10009764
8205,0.11642455
8206,0.11483763
8207,0.12884523
8208,0.11911011
8209,0.118560776
8210,0.10620119
8211,0.105651855
8212,0.10778807
8213,0.11383057
8214,0.12271118
8215,0.13925171
8216,0.14392091
8217,0.15048216
8218,0.13742065
8219,0.12414551
8220,0.09197996
8221,0.058868412
8222,0.022094736
8223,-0.008666994
8224,-0.053588882
8225,-0.07754514
8226,-0.11260987
8227,-0.1359253
8228,-0.15252684
8229,-0.15881348
8230,-0.1654358
8231,-0.15328978
8232,-0.13800049
8233,-0.11798096
8234,-0.088592514
8235,-0.05603028
8236,-0.017639153
8237,0.010070778
8238,0.022827134
8239,0.030578613
8240,0.020324707
8241,0.00491333
8242,-0.020935073
8243,-0.03860472
8244,-0.06155395
8245,-0.076660156
8246,-0.09249878
8247,-0.106536865
8248,-0.11651611
8249,-0.13323975
8250,-0.1376648
8251,-0.13516235
8252,-0.123413086
8253,-0.10848999
8254,-0.09768677
8255,-0.084228516
8256,-0.08483885
8257,-0.0824585
8258,-0.09552003
8259,-0.10659791
8260,-0.12515262
8261,-0.13101196
8262,-0.14221191
8263,-0.14724731
8264,-0.13809204
8265,-0.12911987
8266,-0.10784915
8267,-0.0847473
8268,-0.050994866
8269,-0.028839141
8270,0.008392341
8271,0.033355717
8272,0.04675293
8273,0.053649902
8274,0.058166508
8275,0.04815673
8276,0.0423584
8277,0.040679924
8278,0.043731682
8279,0.04660035
8280,0.06539918
8281,0.08432005
8282,0.10305786
8283,0.111145
8284,0.110839844
8285,0.105011
8286,0.08767698
8287,0.062133797
8288,0.0440979
8289,0.01907349
8290,-0.008087166
8291,-0.032379147
8292,-0.048339844
8293,-0.05911257
8294,-0.06600952
8295,-0.08233644
8296,-0.074493416
8297,-0.08740236
8298,-0.089263916
8299,-0.10470581
8300,-0.120208725
8301,-0.1451111
8302,-0.16018677
8303,-0.18148804
8304,-0.19381715
8305,-0.20742795
8306,-0.21508789
8307,-0.23281865
8308,-0.2448731
8309,-0.24459839
8310,-0.236084
8311,-0.21838374
8312,-0.18392941
8313,-0.15106197
8314,-0.099884
8315,-0.062713645
8316,-0.019927982
8317,0.018218996
8318,0.042907722
8319,0.054779045
8320,0.061920166
8321,0.06323242
8322,0.06497192
8323,0.08218384
8324,0.1077881
8325,0.14102173
8326,0.18539429
8327,0.21725468
8328,0.23867796
8329,0.24319458
8330,0.22888176
8331,0.20599365
8332,0.18206787
8333,0.163086
8334,0.15478517
8335,0.14672853
8336,0.14895634
8337,0.14938347
8338,0.14315799
8339,0.13934326
8340,0.1202393
8341,0.09786992
8342,0.06497196
8343,0.040008575
8344,0.01953125
8345,0.02566529
8346,0.026855469
8347,0.043518066
8348,0.054595962
8349,0.03552252
8350,0.013519265
8351,-0.034362823
8352,-0.0753785
8353,-0.116546616
8354,-0.1446533
8355,-0.14706415
8356,-0.13302612
8357,-0.09240721
8358,-0.062286362
8359,-0.011291556
8360,0.018920923
8361,0.049469
8362,0.073028594
8363,0.10159307
8364,0.12847906
8365,0.16186526
8366,0.18722533
8367,0.20599365
8368,0.20892334
8369,0.19238281
8370,0.18548588
8371,0.1896973
8372,0.22290039
8373,0.2875062
8374,0.37493896
8375,0.45883173
8376,0.52856433
8377,0.55523676
8378,0.56018054
8379,0.5328368
8380,0.4778747
8381,0.41952515
8382,0.35998538
8383,0.30505374
8384,0.26684576
8385,0.24291995
8386,0.23922734
8387,0.23349
8388,0.23400876
8389,0.22061157
8390,0.20382692
8391,0.15597534
8392,0.10165405
8393,0.05432123
8394,0.021331847
8395,0.012573242
8396,0.021423489
8397,0.03652948
8398,0.042297363
8399,0.030547917
8400,-0.0050049424
8401,-0.054779053
8402,-0.117614776
8403,-0.18292224
8404,-0.22268683
8405,-0.25546268
8406,-0.27633676
8407,-0.2850953
8408,-0.30014047
8409,-0.31933597
8410,-0.34317014
8411,-0.37734985
8412,-0.3988953
8413,-0.40875244
8414,-0.40875244
8415,-0.39974982
8416,-0.40087885
8417,-0.4241029
8418,-0.44848633
8419,-0.4840088
8420,-0.50167835
8421,-0.5049134
8422,-0.4976501
8423,-0.47106922
8424,-0.44909668
8425,-0.42263788
8426,-0.40228277
8427,-0.38940436
8428,-0.3679505
8429,-0.343628
8430,-0.30154425
8431,-0.25445563
8432,-0.20373534
8433,-0.16317749
8434,-0.13275148
8435,-0.093627945
8436,-0.042419434
8437,0.026886001
8438,0.123413086
8439,0.24630743
8440,0.3614502
8441,0.45123285
8442,0.5106505
8443,0.5269775
8444,0.48461902
8445,0.41784656
8446,0.3460998
8447,0.2687378
8448,0.19775395
8449,0.13360599
8450,0.07867437
8451,0.028930692
8452,-0.018005338
8453,-0.067352265
8454,-0.098815925
8455,-0.14401245
8456,-0.18289183
8457,-0.21350099
8458,-0.27108765
8459,-0.3348084
8460,-0.4158935
8461,-0.498169
8462,-0.5866394
8463,-0.6461487
8464,-0.7001952
8465,-0.71221924
8466,-0.7003173
8467,-0.66680896
8468,-0.60595703
8469,-0.5420837
8470,-0.4742127
8471,-0.41033942
8472,-0.36975104
8473,-0.32803354
8474,-0.30297858
8475,-0.27005008
8476,-0.23776242
8477,-0.18789674
8478,-0.13290402
8479,-0.051208504
8480,0.02453611
8481,0.106628485
8482,0.15908813
8483,0.20123293
8484,0.19369498
8485,0.18786624
8486,0.15853885
8487,0.14938363
8488,0.16067508
8489,0.18167114
8490,0.21115112
8491,0.23617545
8492,0.25030524
8493,0.2543335
8494,0.2407532
8495,0.21820076
8496,0.19787604
8497,0.17858887
8498,0.15902708
8499,0.17050171
8500,0.15948485
8501,0.16677856
8502,0.17089844
8503,0.16928102
8504,0.16708371
8505,0.16567993
8506,0.15060423
8507,0.12042239
8508,0.09417722
8509,0.07901004
8510,0.07070921
8511,0.084259026
8512,0.115631096
8513,0.16183466
8514,0.22543341
8515,0.2867432
8516,0.35110477
8517,0.4035645
8518,0.44113165
8519,0.45812988
8520,0.46365353
8521,0.44543457
8522,0.41799927
8523,0.37646484
8524,0.3340454
8525,0.28570557
8526,0.24752806
8527,0.21881104
8528,0.20504764
8529,0.2130127
8530,0.21615604
8531,0.20751953
8532,0.21426392
8533,0.20062256
8534,0.189209
8535,0.16735843
8536,0.1625061
8537,0.1668396
8538,0.1863098
8539,0.20425415
8540,0.21890257
8541,0.23382565
8542,0.22207642
8543,0.19888304
8544,0.16189574
8545,0.111145034
8546,0.060119644
8547,0.029541016
8548,0.007690437
8549,0.010192856
8550,0.03427124
8551,0.060394257
8552,0.10476684
8553,0.12145994
8554,0.13034059
8555,0.12164306
8556,0.09765624
8557,0.07153319
8558,0.025299072
8559,-0.0013732761
8560,-0.027557358
8561,-0.05819702
8562,-0.06661987
8563,-0.074584976
8564,-0.09188843
8565,-0.11495971
8566,-0.11758424
8567,-0.14447021
8568,-0.14337155
8569,-0.15194702
8570,-0.14596559
8571,-0.16000366
8572,-0.15026855
8573,-0.14871214
8574,-0.14239502
8575,-0.13412479
8576,-0.13385013
8577,-0.1324463
8578,-0.14334105
8579,-0.14511108
8580,-0.13684085
8581,-0.13513182
8582,-0.120330796
8583,-0.11837769
8584,-0.11419682
8585,-0.1235962
8586,-0.114715554
8587,-0.11489869
8588,-0.10702516
8589,-0.10394288
8590,-0.09490967
8591,-0.09381099
8592,-0.08062743
8593,-0.07650755
8594,-0.04763794
8595,-0.013336197
8596,0.029663071
8597,0.059936516
8598,0.09533693
8599,0.10479736
8600,0.10360718
8601,0.08084109
8602,0.05148316
8603,0.007446289
8604,-0.03759766
8605,-0.07226564
8606,-0.114135735
8607,-0.14218138
8608,-0.16830444
8609,-0.17312622
8610,-0.15872192
8611,-0.13931274
8612,-0.12063601
8613,-0.10003663
8614,-0.09722899
8615,-0.0966797
8616,-0.10958864
8617,-0.1317444
8618,-0.14376831
8619,-0.14987181
8620,-0.14877321
8621,-0.15097046
8622,-0.14593506
8623,-0.14233401
8624,-0.15585326
8625,-0.17297363
8626,-0.21109009
8627,-0.23553467
8628,-0.26602173
8629,-0.28289795
8630,-0.2842407
8631,-0.26867676
8632,-0.23495483
8633,-0.2019043
8634,-0.16616823
8635,-0.14056398
8636,-0.11370848
8637,-0.101532
8638,-0.09295656
8639,-0.08837886
8640,-0.09451291
8641,-0.0908203
8642,-0.097229004
8643,-0.08407591
8644,-0.06365966
8645,-0.039306626
8646,-0.014160149
8647,0.013427738
8648,0.034790028
8649,0.06329347
8650,0.08950805
8651,0.11822511
8652,0.15991211
8653,0.20947264
8654,0.25094604
8655,0.28811646
8656,0.30374146
8657,0.30340576
8658,0.29336548
8659,0.27703857
8660,0.25915527
8661,0.23596191
8662,0.22561646
8663,0.213501
8664,0.20434573
8665,0.19638065
8666,0.18099973
8667,0.16720581
8668,0.15597534
8669,0.14611816
8670,0.14410402
8671,0.1610718
8672,0.17596437
8673,0.18914795
8674,0.19570926
8675,0.18524171
8676,0.15771487
8677,0.119110115
8678,0.06616212
8679,0.014770491
8680,-0.04241944
8681,-0.073242195
8682,-0.09591676
8683,-0.10345459
8684,-0.1165161
8685,-0.11917113
8686,-0.1347046
8687,-0.1486206
8688,-0.163208
8689,-0.17687988
8690,-0.18515012
8691,-0.17642215
8692,-0.15786743
8693,-0.12490844
8694,-0.08773806
8695,-0.0428772
8696,-0.009002686
8697,0.018035889
8698,0.031158462
8699,0.05889888
8700,0.07162478
8701,0.093536355
8702,0.10391236
8703,0.11682128
8704,0.11087036
8705,0.10583496
8706,0.09722902
8707,0.07418825
8708,0.047882095
8709,0.020233154
8710,-0.014221188
8711,-0.048889156
8712,-0.08428954
8713,-0.111602776
8714,-0.12982175
8715,-0.14611816
8716,-0.15078732
8717,-0.1435852
8718,-0.13586426
8719,-0.1234131
8720,-0.11126707
8721,-0.08340453
8722,-0.050384518
8723,-0.012298565
8724,0.027893063
8725,0.058837898
8726,0.07693482
8727,0.0918579
8728,0.09445189
8729,0.09191893
8730,0.088043205
8731,0.08905028
8732,0.09445192
8733,0.11007691
8734,0.12496945
8735,0.1300354
8736,0.1267395
8737,0.1161194
8738,0.10009766
8739,0.07629394
8740,0.04837037
8741,0.015228298
8742,-0.022277817
8743,-0.066101074
8744,-0.103088394
8745,-0.12634277
8746,-0.13717651
8747,-0.13735962
8748,-0.13198854
8749,-0.11492921
8750,-0.10971071
8751,-0.09335327
8752,-0.070800796
8753,-0.042205848
8754,-0.009277333
8755,0.030334458
8756,0.06362915
8757,0.08309937
8758,0.092620865
8759,0.07254028
8760,0.045471206
8761,0.00082398904
8762,-0.04510498
8763,-0.07608031
8764,-0.09600829
8765,-0.09472658
8766,-0.07330322
8767,-0.056762695
8768,-0.046051025
8769,-0.05484009
8770,-0.069824226
8771,-0.09048461
8772,-0.099243164
8773,-0.10131836
8774,-0.0901184
8775,-0.083648704
8776,-0.06350708
8777,-0.053558342
8778,-0.038879402
8779,-0.03344726
8780,-0.025543224
8781,-0.025177002
8782,-0.02087403
8783,-0.010620117
8784,0.004852295
8785,0.020019516
8786,0.041992184
8787,0.0513916
8788,0.07110596
8789,0.07882693
8790,0.09277344
8791,0.09078978
8792,0.0921936
8793,0.07852173
8794,0.07565306
8795,0.070495605
8796,0.06768797
8797,0.07662964
8798,0.09399414
8799,0.11904907
8800,0.15301512
8801,0.19335939
8802,0.22857665
8803,0.25173953
8804,0.2753296
8805,0.27072147
8806,0.25872806
8807,0.22970581
8808,0.19760132
8809,0.15692139
8810,0.1031189
8811,0.055755626
8812,0.016571045
8813,-0.011291487
8814,-0.02920533
8815,-0.030273438
8816,-0.041656487
8817,-0.04116822
8818,-0.04815673
8819,-0.058532715
8820,-0.07656862
8821,-0.10055542
8822,-0.12066649
8823,-0.13421631
8824,-0.1380005
8825,-0.13055418
8826,-0.11758423
8827,-0.09774779
8828,-0.08035278
8829,-0.06436157
8830,-0.052764907
8831,-0.05215454
8832,-0.055786133
8833,-0.06378177
8834,-0.08123779
8835,-0.0848999
8836,-0.0748291
8837,-0.06597901
8838,-0.048736572
8839,-0.040039062
8840,-0.03018188
8841,-0.030639626
8842,-0.03640748
8843,-0.060333252
8844,-0.07244873
8845,-0.085113525
8846,-0.09359742
8847,-0.087402344
8848,-0.08413698
8849,-0.06668089
8850,-0.045257546
8851,-0.03100586
8852,-0.024200454
8853,-0.015258789
8854,-0.013366698
8855,-0.012786882
8856,-0.014099122
8857,-0.016204804
8858,-0.023040757
8859,-0.02990722
8860,-0.033508293
8861,-0.026855469
8862,-0.022918683
8863,-0.011352535
8864,-0.008422844
8865,0.00067139417
8866,-0.000701908
8867,0.003051756
8868,0.009002692
8869,0.0103759635
8870,0.012268083
8871,0.012756342
8872,0.011657696
8873,0.014007557
8874,0.015136723
8875,0.026153559
8876,0.034729
8877,0.051727295
8878,0.073913574
8879,0.095458984
8880,0.11242676
8881,0.123321526
8882,0.12542723
8883,0.121398926
8884,0.10873413
8885,0.09143068
8886,0.05673218
8887,0.02352906
8888,-0.0288391
8889,-0.0748291
8890,-0.12622072
8891,-0.16329955
8892,-0.20239256
8893,-0.21917726
8894,-0.23953247
8895,-0.24313352
8896,-0.2308655
8897,-0.20605466
8898,-0.17819212
8899,-0.14767456
8900,-0.12725829
8901,-0.108093254
8902,-0.10879516
8903,-0.111114495
8904,-0.10775759
8905,-0.10494994
8906,-0.078186035
8907,-0.03747559
8908,0.0071411114
8909,0.052337646
8910,0.087066635
8911,0.108093254
8912,0.10876464
8913,0.09454346
8914,0.07040405
8915,0.043243393
8916,0.018859856
8917,0.0019226111
8918,-0.0069580115
8919,-0.011138916
8920,-0.005950913
8921,-0.0014953464
8922,0.002166748
8923,0.00094603375
8924,-0.0074768104
8925,-0.0069274902
8926,-0.010406487
8927,-0.011047382
8928,-0.0045776293
8929,0.0043029673
8930,0.028259298
8931,0.05734252
8932,0.086883545
8933,0.10998537
8934,0.13342285
8935,0.14749146
8936,0.16012572
8937,0.17474367
8938,0.19259644
8939,0.19616699
8940,0.1803894
8941,0.16876219
8942,0.16796875
8943,0.17056274
8944,0.17199709
8945,0.17465207
8946,0.16918948
8947,0.1587219
8948,0.14505005
8949,0.12521362
8950,0.10375975
8951,0.074462906
8952,0.05630494
8953,0.040283192
8954,0.035156243
8955,0.030883808
8956,0.040313724
8957,0.05395507
8958,0.07916259
8959,0.08810425
8960,0.093811035
8961,0.079864524
8962,0.05075073
8963,0.019073494
8964,-0.012725826
8965,-0.0466919
8966,-0.077758774
8967,-0.09448241
8968,-0.10870361
8969,-0.11837767
8970,-0.120391846
8971,-0.109191895
8972,-0.09490967
8973,-0.0909729
8974,-0.0789795
8975,-0.07122801
8976,-0.050628662
8977,-0.029510528
8978,-0.010345459
8979,-0.004486084
8980,-0.0037536696
8981,-0.007873528
8982,-0.014526367
8983,-0.02468872
8984,-0.025909409
8985,-0.02645874
8986,-0.02420044
8987,-0.029937733
8988,-0.03274537
8989,-0.03723145
8990,-0.027160648
8991,-0.019012447
8992,-0.012786852
8993,-0.004516598
8994,0.006256085
8995,0.019104015
8996,0.027893063
8997,0.019470215
8998,0.009338371
8999,0.0008544923
9000,-0.0025939625
9001,-0.009826677
9002,-0.024932869
9003,-0.032531716
9004,-0.023803681
9005,0.0035705566
9006,0.022216814
9007,0.046386715
9008,0.06686399
9009,0.08132933
9010,0.09005739
9011,0.09658815
9012,0.12081909
9013,0.13342284
9014,0.12265015
9015,0.0986023
9016,0.09136964
9017,0.10839844
9018,0.08862303
9019,0.04971313
9020,0.0133972205
9021,0.009002696
9022,0.0149231
9023,0.004180922
9024,-0.026031477
9025,-0.048736572
9026,-0.055694576
9027,-0.047943138
9028,-0.03811645
9029,-0.029968273
9030,-0.03112794
9031,-0.035614032
9032,-0.03405764
9033,-0.044189423
9034,-0.06646732
9035,-0.09390259
9036,-0.1087341
9037,-0.10333252
9038,-0.11553954
9039,-0.13092043
9040,-0.14099123
9041,-0.1448364
9042,-0.14309695
9043,-0.14685059
9044,-0.1627197
9045,-0.17724611
9046,-0.19146731
9047,-0.19509889
9048,-0.1975708
9049,-0.21215817
9050,-0.22323608
9051,-0.23611447
9052,-0.24868773
9053,-0.24645995
9054,-0.23602295
9055,-0.21432495
9056,-0.18374634
9057,-0.1503601
9058,-0.11859129
9059,-0.08999635
9060,-0.07284546
9061,-0.07083129
9062,-0.08087158
9063,-0.06274413
9064,-0.05700683
9065,-0.06875609
9066,-0.09481811
9067,-0.08837892
9068,-0.05709839
9069,-0.04165649
9070,-0.037872296
9071,-0.013397224
9072,0.04165648
9073,0.07809448
9074,0.113281265
9075,0.14019775
9076,0.17037962
9077,0.19451904
9078,0.21588133
9079,0.23553464
9080,0.2488098
9081,0.24288939
9082,0.23278809
9083,0.20550536
9084,0.16314697
9085,0.13626099
9086,0.11093141
9087,0.079009995
9088,0.06570432
9089,0.08276366
9090,0.11932373
9091,0.14331055
9092,0.14773558
9093,0.15496826
9094,0.16622925
9095,0.14761351
9096,0.11135864
9097,0.078765884
9098,0.062438965
9099,0.0507202
9100,0.03799437
9101,0.036804184
9102,0.067535415
9103,0.10513304
9104,0.10791014
9105,0.06555176
9106,0.04653932
9107,0.065063484
9108,0.08993529
9109,0.091369644
9110,0.07540892
9111,0.0675659
9112,0.071838364
9113,0.05798337
9114,0.040466286
9115,0.026550312
9116,0.0137329
9117,-0.015869133
9118,-0.034637444
9119,-0.043640137
9120,-0.046875
9121,-0.041839607
9122,-0.020599354
9123,-0.0081787035
9124,-0.0075683594
9125,-0.018890366
9126,-0.006072983
9127,0.03024292
9128,0.054229744
9129,0.03860473
9130,-0.0025329515
9131,-0.015319824
9132,-0.02056887
9133,-0.0343628
9134,-0.032287598
9135,-0.0017700158
9136,0.043090828
9137,0.06320189
9138,0.0713501
9139,0.07727051
9140,0.09613038
9141,0.10461429
9142,0.10516356
9143,0.09353635
9144,0.058441095
9145,0.033416778
9146,0.013549766
9147,-0.0028381795
9148,-0.019042976
9149,-0.0010071024
9150,0.03585816
9151,0.047821067
9152,0.0325317
9153,0.016296357
9154,0.008728012
9155,0.0007629469
9156,-0.013671868
9157,-0.011260994
9158,-0.024536148
9159,-0.043365486
9160,-0.07647705
9161,-0.09237672
9162,-0.11367799
9163,-0.11077879
9164,-0.1082764
9165,-0.09457399
9166,-0.078064024
9167,-0.06732173
9168,-0.07574462
9169,-0.09960939
9170,-0.13558963
9171,-0.14871219
9172,-0.14639285
9173,-0.13369747
9174,-0.10760501
9175,-0.08334349
9176,-0.076110825
9177,-0.08053588
9178,-0.112548806
9179,-0.1585083
9180,-0.19656372
9181,-0.21386717
9182,-0.23379517
9183,-0.2217102
9184,-0.20303345
9185,-0.17596436
9186,-0.15493777
9187,-0.15896614
9188,-0.1869202
9189,-0.23358154
9190,-0.2717896
9191,-0.29571533
9192,-0.30059814
9193,-0.30386356
9194,-0.2850647
9195,-0.25549307
9196,-0.20797727
9197,-0.16421515
9198,-0.11505129
9199,-0.06591799
9200,-0.020507835
9201,0.032440245
9202,0.083618194
9203,0.12228398
9204,0.15777588
9205,0.19473267
9206,0.21749878
9207,0.21936029
9208,0.20391856
9209,0.18890384
9210,0.17666636
9211,0.1712035
9212,0.16888426
9213,0.1739808
9214,0.17630011
9215,0.17111209
9216,0.18060306
9217,0.19961545
9218,0.23736586
9219,0.2702331
9220,0.2964477
9221,0.30462644
9222,0.3314209
9223,0.34368902
9224,0.32739264
9225,0.28726196
9226,0.26083374
9227,0.24346925
9228,0.22326662
9229,0.19348139
9230,0.16552745
9231,0.16436768
9232,0.18490615
9233,0.2167052
9234,0.24462888
9235,0.2536622
9236,0.23400886
9237,0.19250487
9238,0.14239508
9239,0.101257354
9240,0.0853883
9241,0.060180593
9242,0.04043573
9243,0.029754579
9244,-0.00762935
9245,-0.046905458
9246,-0.07943718
9247,-0.107360825
9248,-0.14810179
9249,-0.22045901
9250,-0.2948913
9251,-0.3563538
9252,-0.4204407
9253,-0.48757935
9254,-0.5352479
9255,-0.57873523
9256,-0.6116028
9257,-0.6200867
9258,-0.5896606
9259,-0.57226574
9260,-0.5748596
9261,-0.5732422
9262,-0.56930554
9263,-0.55010986
9264,-0.52276605
9265,-0.49526978
9266,-0.4738769
9267,-0.43734747
9268,-0.381073
9269,-0.32202154
9270,-0.25579828
9271,-0.19696051
9272,-0.14965817
9273,-0.11489874
9274,-0.06884755
9275,-0.013213985
9276,0.04699713
9277,0.1105347
9278,0.16799931
9279,0.216095
9280,0.2560426
9281,0.28903195
9282,0.3005982
9283,0.28076157
9284,0.26544183
9285,0.27813733
9286,0.30972302
9287,0.31994638
9288,0.3200378
9289,0.3159789
9290,0.34057605
9291,0.37939456
9292,0.42227173
9293,0.4992065
9294,0.55834967
9295,0.58682257
9296,0.6064147
9297,0.6519775
9298,0.6847227
9299,0.72540283
9300,0.74646
9301,0.76632696
9302,0.77099603
9303,0.7565613
9304,0.72821033
9305,0.6953735
9306,0.635437
9307,0.5625305
9308,0.48373413
9309,0.4054871
9310,0.32781976
9311,0.2467652
9312,0.1647949
9313,0.091400266
9314,0.029266238
9315,-0.035613954
9316,-0.074646056
9317,-0.09689319
9318,-0.14007583
9319,-0.21261585
9320,-0.27514657
9321,-0.32351682
9322,-0.34777814
9323,-0.38208026
9324,-0.40057385
9325,-0.40884387
9326,-0.40048218
9327,-0.4019776
9328,-0.43588263
9329,-0.4606628
9330,-0.48248285
9331,-0.49426267
9332,-0.4993896
9333,-0.50381476
9334,-0.52096564
9335,-0.5610353
9336,-0.6054077
9337,-0.63208
9338,-0.6276551
9339,-0.5979919
9340,-0.54010004
9341,-0.48049927
9342,-0.42190537
9343,-0.37167367
9344,-0.31713867
9345,-0.27307135
9346,-0.24127202
9347,-0.19018553
9348,-0.12783799
9349,-0.06082149
9350,0.022827163
9351,0.07894902
9352,0.13702391
9353,0.20141606
9354,0.2843017
9355,0.36120605
9356,0.4522705
9357,0.5543519
9358,0.6597595
9359,0.7451171
9360,0.8057251
9361,0.83270264
9362,0.8193359
9363,0.7776184
9364,0.71243274
9365,0.6349182
9366,0.5313416
9367,0.4295655
9368,0.31579584
9369,0.21972662
9370,0.14837635
9371,0.10931396
9372,0.07699593
9373,0.03118892
9374,-0.01892097
9375,-0.062377945
9376,-0.09497067
9377,-0.12539667
9378,-0.19122307
9379,-0.28198245
9380,-0.37561038
9381,-0.46826166
9382,-0.5184632
9383,-0.53094476
9384,-0.51934814
9385,-0.5017395
9386,-0.47534168
9387,-0.46701056
9388,-0.46331787
9389,-0.46865857
9390,-0.4524536
9391,-0.41275024
9392,-0.3877257
9393,-0.37713617
9394,-0.35580444
9395,-0.30648804
9396,-0.25613403
9397,-0.22454835
9398,-0.20776364
9399,-0.19812012
9400,-0.18295288
9401,-0.15539554
9402,-0.12857053
9403,-0.12002568
9404,-0.13113399
9405,-0.14404298
9406,-0.14227295
9407,-0.1464844
9408,-0.14413455
9409,-0.13836665
9410,-0.1230164
9411,-0.09350577
9412,-0.07000725
9413,-0.047241285
9414,-0.039733864
9415,-0.030609064
9416,-0.019531254
9417,-0.016967766
9418,-0.023529068
9419,-0.028656013
9420,-0.033599846
9421,-0.040710464
9422,-0.020263635
9423,0.0289612
9424,0.06799318
9425,0.0991516
9426,0.10363775
9427,0.099609345
9428,0.09585569
9429,0.09454343
9430,0.08724971
9431,0.09909062
9432,0.11645503
9433,0.13858038
9434,0.15707396
9435,0.14236447
9436,0.119445786
9437,0.08966062
9438,0.074645996
9439,0.08432008
9440,0.11474608
9441,0.15097047
9442,0.1711731
9443,0.1878967
9444,0.19888306
9445,0.21322632
9446,0.20162964
9447,0.1963196
9448,0.20657349
9449,0.22943114
9450,0.25802612
9451,0.28479004
9452,0.29153442
9453,0.2817688
9454,0.28353882
9455,0.28283694
9456,0.27093506
9457,0.2409973
9458,0.22686769
9459,0.2104492
9460,0.17193602
9461,0.14361571
9462,0.1109314
9463,0.0852356
9464,0.05786133
9465,0.03567504
9466,0.0013427436
9467,-0.011840828
9468,-0.007904053
9469,0.00039674342
9470,-0.013977051
9471,-0.048095703
9472,-0.07678221
9473,-0.08828736
9474,-0.08871461
9475,-0.08377073
9476,-0.0786133
9477,-0.07443237
9478,-0.06457518
9479,-0.033874497
9480,0.008880617
9481,0.046966545
9482,0.05163575
9483,0.028625496
9484,0.0070495643
9485,0.02368164
9486,0.053192127
9487,0.052459702
9488,0.022857677
9489,-0.01724242
9490,-0.032043464
9491,-0.044677734
9492,-0.04882811
9493,-0.05349733
9494,-0.041534424
9495,-0.023468032
9496,-0.0114745945
9497,-0.01272583
9498,-0.030670185
9499,-0.04046631
9500,-0.018066412
9501,0.019073494
9502,0.063873306
9503,0.114807144
9504,0.16171265
9505,0.17068483
9506,0.16455077
9507,0.14700317
9508,0.12124634
9509,0.09893798
9510,0.09869384
9511,0.09793089
9512,0.09814453
9513,0.0964966
9514,0.1055908
9515,0.10906984
9516,0.10687258
9517,0.100036606
9518,0.09045412
9519,0.073089585
9520,0.049743637
9521,0.027038552
9522,-0.007873528
9523,-0.032775894
9524,-0.051361077
9525,-0.06304932
9526,-0.069091804
9527,-0.0703125
9528,-0.09146119
9529,-0.14141846
9530,-0.18670656
9531,-0.20996094
9532,-0.23138428
9533,-0.26245117
9534,-0.27886963
9535,-0.27313232
9536,-0.2562256
9537,-0.23315427
9538,-0.21554565
9539,-0.19827273
9540,-0.16845702
9541,-0.13302614
9542,-0.11544801
9543,-0.12173465
9544,-0.115936294
9545,-0.08602905
9546,-0.06542968
9547,-0.054199204
9548,-0.047637958
9549,-0.055755608
9550,-0.07659912
9551,-0.09957886
9552,-0.09442142
9553,-0.074584976
9554,-0.058715805
9555,-0.0682373
9556,-0.07714844
9557,-0.058441155
9558,-0.027923577
9559,0.0057373047
9560,-0.011474609
9561,-0.052032456
9562,-0.06219484
9563,-0.03671264
9564,-0.009307839
9565,0.011932373
9566,0.029754631
9567,0.026062023
9568,-0.009246826
9569,-0.038482673
9570,-0.029205307
9571,-0.0017090067
9572,0.031402588
9573,0.045898415
9574,0.0588379
9575,0.079650894
9576,0.10714722
9577,0.12188721
9578,0.1286926
9579,0.117126435
9580,0.06951903
9581,0.032104507
9582,0.0059814444
9583,-0.0146484375
9584,-0.038177475
9585,-0.03308107
9586,-0.013031004
9587,0.00042723864
9588,0.005035393
9589,-0.0005493127
9590,-0.026306182
9591,-0.07562258
9592,-0.120178215
9593,-0.15097046
9594,-0.14727783
9595,-0.12332152
9596,-0.086730964
9597,-0.033874497
9598,-0.010742189
9599,-0.010772734
9600,-0.04675293
9601,-0.06668092
9602,-0.0869751
9603,-0.11114503
9604,-0.109313965
9605,-0.08157347
9606,-0.05313111
9607,-0.024047857
9608,0.023315428
9609,0.07720948
9610,0.12081909
9611,0.13336182
9612,0.11856076
9613,0.08380128
9614,0.010253906
9615,-0.06726073
9616,-0.1373596
9617,-0.14901733
9618,-0.124206536
9619,-0.08581543
9620,-0.046295166
9621,0.0151977725
9622,0.058776844
9623,0.06637573
9624,0.08050538
9625,0.073699936
9626,0.049896237
9627,0.02139283
9628,-0.0029602163
9629,-0.015228281
9630,-0.024383532
9631,-0.018829355
9632,0.0045471154
9633,0.017547619
9634,-0.0015564263
9635,-0.02868653
9636,-0.016510017
9637,0.032287613
9638,0.079772934
9639,0.11032103
9640,0.13449097
9641,0.14355469
9642,0.17611694
9643,0.19540407
9644,0.21478271
9645,0.21301271
9646,0.21685788
9647,0.2015686
9648,0.1739502
9649,0.12402342
9650,0.06280518
9651,-0.007049567
9652,-0.036987312
9653,-0.0072937086
9654,0.01885984
9655,0.04531859
9656,0.106994644
9657,0.17910767
9658,0.23934937
9659,0.2702942
9660,0.26931763
9661,0.23184204
9662,0.15676878
9663,0.067199685
9664,0.031646714
9665,0.012023938
9666,-0.015411354
9667,-0.051696762
9668,-0.0426941
9669,-0.00735474
9670,0.033355713
9671,0.08901976
9672,0.1407471
9673,0.12322998
9674,0.077423096
9675,0.047637947
9676,0.01119996
9677,-0.014984146
9678,-0.012084939
9679,-0.025115976
9680,-0.030426048
9681,-0.009277329
9682,0.0043945312
9683,0.01660157
9684,-0.0019836165
9685,-0.029418945
9686,-0.035247803
9687,-0.03445434
9688,-0.035125732
9689,-0.051849343
9690,-0.06375122
9691,-0.02377318
9692,0.042755123
9693,0.08969117
9694,0.08969117
9695,0.057586692
9696,0.0072632097
9697,-0.04492186
9698,-0.07806398
9699,-0.10311888
9700,-0.12738037
9701,-0.12017822
9702,-0.09957886
9703,-0.06848143
9704,-0.030242935
9705,-0.007141106
9706,0.021881104
9707,0.050781235
9708,0.053558342
9709,-0.008422857
9710,-0.052276604
9711,-0.03741455
9712,-0.034759536
9713,-0.04312136
9714,-0.033416733
9715,-0.03286743
9716,-0.0435486
9717,-0.061706528
9718,-0.0697937
9719,-0.10821532
9720,-0.16220094
9721,-0.17541507
9722,-0.16268921
9723,-0.16326904
9724,-0.15240479
9725,-0.13656615
9726,-0.101898186
9727,-0.08795166
9728,-0.09490965
9729,-0.11273193
9730,-0.13476561
9731,-0.1412964
9732,-0.13626102
9733,-0.15460205
9734,-0.20318604
9735,-0.20251465
9736,-0.16357422
9737,-0.08163451
9738,-0.0064697303
9739,0.049743656
9740,0.06954957
9741,0.043914806
9742,0.019775406
9743,0.0074157957
9744,0.00091552176
9745,0.0023193136
9746,-0.0032043308
9747,-0.014739998
9748,-0.023742676
9749,-0.03369141
9750,-0.03253174
9751,-0.010894753
9752,-0.02331543
9753,0.022521988
9754,0.079009995
9755,0.13327026
9756,0.15750124
9757,0.153656
9758,0.13058472
9759,0.09365845
9760,0.054382324
9761,0.048126213
9762,0.030761717
9763,-0.012176517
9764,-0.054077156
9765,-0.108306885
9766,-0.11633301
9767,-0.05889891
9768,-0.035034172
9769,-0.047149666
9770,-0.037567142
9771,-0.051269554
9772,-0.056182876
9773,-0.0024719182
9774,0.07107544
9775,0.15234375
9776,0.2197876
9777,0.25759888
9778,0.25042728
9779,0.15270992
9780,0.056549065
9781,-0.02127073
9782,-0.07467651
9783,-0.14382935
9784,-0.1973877
9785,-0.21511844
9786,-0.23370361
9787,-0.23535156
9788,-0.18975827
9789,-0.12396245
9790,-0.06573488
9791,-0.0428467
9792,-0.026641853
9793,-0.013854943
9794,-0.040801957
9795,-0.08950806
9796,-0.14367673
9797,-0.14849854
9798,-0.08624268
9799,0.020263687
9800,0.1126709
9801,0.12307736
9802,0.06747437
9803,0.010192875
9804,-0.052154504
9805,-0.08935548
9806,-0.0800781
9807,-0.06600954
9808,-0.043548614
9809,-0.034637474
9810,-0.00088497065
9811,0.049041674
9812,0.0854187
9813,0.13821408
9814,0.15402222
9815,0.14566043
9816,0.14996342
9817,0.17184445
9818,0.1847839
9819,0.22253418
9820,0.25924683
9821,0.26730347
9822,0.27038574
9823,0.2759399
9824,0.24414062
9825,0.17919922
9826,0.14150995
9827,0.123748764
9828,0.080261275
9829,0.07778931
9830,0.066863984
9831,0.058380112
9832,0.053283714
9833,0.018615656
9834,-0.012451187
9835,-0.028045654
9836,-0.030059785
9837,0.005920425
9838,0.015136778
9839,-0.03579715
9840,-0.12005612
9841,-0.23760985
9842,-0.40780634
9843,-0.5740052
9844,-0.65023804
9845,-0.621704
9846,-0.5339051
9847,-0.44400027
9848,-0.30615246
9849,-0.12231445
9850,0.0827027
9851,0.32351694
9852,0.5524596
9853,0.7027284
9854,0.71286
9855,0.6340638
9856,0.54592896
9857,0.5001831
9858,0.47305295
9859,0.4830016
9860,0.48956293
9861,0.42800897
9862,0.34906012
9863,0.20339972
9864,0.009307981
9865,-0.16275024
9866,-0.287201
9867,-0.30905136
9868,-0.29586792
9869,-0.25573733
9870,-0.16796887
9871,-0.03854373
9872,0.062408447
9873,0.0976868
9874,0.13195801
9875,0.20224005
9876,0.27307117
9877,0.32119763
9878,0.37365723
9879,0.45819092
9880,0.4958496
9881,0.45754993
9882,0.38949573
9883,0.30770868
9884,0.23956303
9885,0.18896492
9886,0.13793942
9887,0.05191049
9888,-0.10943605
9889,-0.27685547
9890,-0.44848633
9891,-0.60751355
9892,-0.7254944
9893,-0.8080138
9894,-0.8619691
9895,-0.86206067
9896,-0.8232116
9897,-0.7258301
9898,-0.62335205
9899,-0.53533936
9900,-0.45770267
9901,-0.48397836
9902,-0.56304944
9903,-0.5770873
9904,-0.5208741
9905,-0.49264526
9906,-0.49530023
9907,-0.46493518
9908,-0.41970825
9909,-0.3383484
9910,-0.17367572
9911,0.041259766
9912,0.27395654
9913,0.5031433
9914,0.6646731
9915,0.782013
9916,0.8768308
9917,0.8762514
9918,0.7981872
9919,0.6447754
9920,0.4312438
9921,0.25878912
9922,0.08270261
9923,-0.1140441
9924,-0.27548215
9925,-0.40979
9926,-0.48315436
9927,-0.46630847
9928,-0.3464661
9929,-0.1794739
9930,0.045593143
9931,0.30108646
9932,0.50616455
9933,0.60830665
9934,0.6619569
9935,0.6640015
9936,0.56185925
9937,0.38848877
9938,0.17562872
9939,-0.0639343
9940,-0.27481064
9941,-0.42681894
9942,-0.50387573
9943,-0.5015259
9944,-0.4579773
9945,-0.38009638
9946,-0.28237903
9947,-0.16430658
9948,-0.083373904
9949,-0.0026549697
9950,0.024688542
9951,-0.013885617
9952,-0.05657965
9953,-0.1199342
9954,-0.18515
9955,-0.2813111
9956,-0.39132696
9957,-0.46176147
9958,-0.49987787
9959,-0.54034424
9960,-0.54248047
9961,-0.48168945
9962,-0.3921814
9963,-0.32183835
9964,-0.28070062
9965,-0.25689703
9966,-0.2188416
9967,-0.17556772
9968,-0.09164439
9969,0.022644132
9970,0.14071648
9971,0.2698059
9972,0.41479486
9973,0.54449457
9974,0.68862927
9975,0.83465576
9976,0.980011
9977,1.088562
9978,1.1667483
9979,1.1777346
9980,1.1336365
9981,1.0831909
9982,1.0288086
9983,0.9159852
9984,0.76501465
9985,0.59020996
9986,0.3744812
9987,0.1764221
9988,0.016723631
9989,-0.08749384
9990,-0.16986072
9991,-0.2565918
9992,-0.3158263
9993,-0.34127802
9994,-0.3532715
9995,-0.40020752
9996,-0.4774781
9997,-0.55075073
9998,-0.6034241
9999,-0.6697084
10000,-0.7079164
10001,-0.7043763
10002,-0.67428595
10003,-0.6531067
10004,-0.6364439
10005,-0.56311035
10006,-0.43920898
10007,-0.29400635
10008,-0.12728882
10009,-0.008544929
10010,0.08157349
10011,0.17456052
10012,0.25845337
10013,0.3265075
10014,0.37683105
10015,0.42034906
10016,0.43850708
10017,0.43341058
10018,0.3511659
10019,0.20980829
10020,0.053222712
10021,-0.061126597
10022,-0.13964842
10023,-0.16757196
10024,-0.13754284
10025,-0.07119755
10026,0.005920412
10027,0.065856904
10028,0.07598874
10029,0.070587225
10030,0.07580568
10031,0.08209226
10032,0.076751724
10033,0.0724792
10034,0.07833856
10035,0.04666138
10036,-0.0004272475
10037,-0.061370913
10038,-0.10635367
10039,-0.121368304
10040,-0.09423824
10041,-0.036773603
10042,0.00027460884
10043,0.03292849
10044,0.044433635
10045,0.015075643
10046,-0.03317259
10047,-0.08102416
10048,-0.107299864
10049,-0.096771255
10050,-0.05117797
10051,-0.017730732
10052,0.032440178
10053,0.0687256
10054,0.08395386
10055,0.074523926
10056,0.039459225
10057,-0.02404787
10058,-0.08917235
10059,-0.1485596
10060,-0.22442621
10061,-0.26159662
10062,-0.23934938
10063,-0.1999206
10064,-0.16778567
10065,-0.136322
10066,-0.10971069
10067,-0.06701663
10068,-0.04287721
10069,-0.060180653
10070,-0.06494142
10071,-0.05596925
10072,-0.045440685
10073,-0.035278313
10074,-0.012603752
10075,0.006134034
10076,0.0007629357
10077,-0.030792236
10078,-0.061828617
10079,-0.04760742
10080,-0.011352506
10081,0.024078347
10082,0.05886843
10083,0.10906982
10084,0.12860106
10085,0.11550903
10086,0.091979966
10087,0.08773804
10088,0.11929323
10089,0.15219116
10090,0.17352295
10091,0.1815491
10092,0.17901611
10093,0.16931151
10094,0.14141844
10095,0.09246827
10096,0.03338623
10097,0.010742199
10098,0.02749633
10099,0.05895997
10100,0.08462523
10101,0.08154296
10102,0.04995727
10103,-0.004302986
10104,-0.06417845
10105,-0.13031004
10106,-0.14672852
10107,-0.11328126
10108,-0.056304935
10109,-0.02075196
10110,-0.01751709
10111,-0.03448488
10112,-0.03710936
10113,-0.0482788
10114,-0.07562256
10115,-0.08013915
10116,-0.06143188
10117,-0.025329597
10118,0.021423332
10119,0.046020523
10120,0.05200194
10121,0.038970944
10122,0.03573609
10123,0.043792717
10124,0.063720696
10125,0.07440184
10126,0.08239745
10127,0.06243896
10128,0.03463743
10129,0.0023803562
10130,-0.027984627
10131,-0.054656964
10132,-0.0643921
10133,-0.05139157
10134,-0.034637466
10135,0.00024414808
10136,0.0401306
10137,0.04229737
10138,0.0116577
10139,-0.012939457
10140,0.004821766
10141,0.057037346
10142,0.12005614
10143,0.15423584
10144,0.12951662
10145,0.10198976
10146,0.095458984
10147,0.10211182
10148,0.12194824
10149,0.12564088
10150,0.07775879
10151,0.032958988
10152,0.026916496
10153,0.065277115
10154,0.10559082
10155,0.10977172
10156,0.112640366
10157,0.10665892
10158,0.05612187
10159,-0.027740464
10160,-0.096221924
10161,-0.12207032
10162,-0.14245605
10163,-0.15737915
10164,-0.14660642
10165,-0.11581417
10166,-0.09246826
10167,-0.08087157
10168,-0.0869751
10169,-0.089874275
10170,-0.0909729
10171,-0.07904053
10172,-0.058258057
10173,-0.0383606
10174,-0.030853271
10175,-0.059143078
10176,-0.12387088
10177,-0.14804077
10178,-0.13980104
10179,-0.115600586
10180,-0.11105346
10181,-0.114410415
10182,-0.11285402
10183,-0.08093265
10184,-0.047851562
10185,-0.035491955
10186,-0.033905014
10187,-0.031585697
10188,-0.0059509426
10189,0.039886493
10190,0.06915285
10191,0.07485965
10192,0.0932312
10193,0.12866211
10194,0.15444945
10195,0.16210938
10196,0.14987183
10197,0.16635132
10198,0.18655397
10199,0.16595459
10200,0.1394043
10201,0.13958742
10202,0.1366272
10203,0.13378906
10204,0.13647458
10205,0.121704094
10206,0.08865358
10207,0.08456422
10208,0.07565308
10209,0.040405262
10210,-0.016662583
10211,-0.0579529
10212,-0.077423096
10213,-0.062164284
10214,-0.055725098
10215,-0.05343628
10216,-0.06936645
10217,-0.07461549
10218,-0.07888794
10219,-0.08212282
10220,-0.09634398
10221,-0.1177063
10222,-0.15289308
10223,-0.17407228
10224,-0.16445923
10225,-0.13635252
10226,-0.11834718
10227,-0.10223389
10228,-0.12243652
10229,-0.20333865
10230,-0.32489014
10231,-0.3651123
10232,-0.33413696
10233,-0.2862854
10234,-0.26104736
10235,-0.24850464
10236,-0.26654056
10237,-0.24908447
10238,-0.19058226
10239,-0.14935303
10240,-0.12771603
10241,-0.14541629
10242,-0.15649414
10243,-0.14367674
10244,-0.12734984
10245,-0.10699464
10246,-0.07498169
10247,-0.027069114
10248,0.011840813
10249,0.024200425
10250,0.00897219
10251,-0.020751934
10252,-0.03869628
10253,-0.02639771
10254,0.0139465295
10255,0.049652077
10256,0.09103395
10257,0.14779662
10258,0.19735721
10259,0.20437619
10260,0.19915771
10261,0.18490598
10262,0.1899414
10263,0.20455933
10264,0.19320679
10265,0.15005496
10266,0.113403335
10267,0.09390259
10268,0.089721695
10269,0.10012816
10270,0.11380005
10271,0.10983276
10272,0.1177063
10273,0.14770508
10274,0.18606567
10275,0.20303345
10276,0.18096922
10277,0.13711551
10278,0.0993347
10279,0.063690186
10280,0.038085952
10281,0.01971434
10282,-0.0019225888
10283,-0.0034790374
10284,0.013732925
10285,0.015594482
10286,0.003692614
10287,-0.006927477
10288,0.010192871
10289,0.044921875
10290,0.08926389
10291,0.11856079
10292,0.13623048
10293,0.14083862
10294,0.16412354
10295,0.18786621
10296,0.1930847
10297,0.20758057
10298,0.23883055
10299,0.24987796
10300,0.20361327
10301,0.12423707
10302,0.07482912
10303,0.048614495
10304,0.0376892
10305,0.0227356
10306,-0.022033684
10307,-0.08059694
10308,-0.123199455
10309,-0.14758302
10310,-0.15689085
10311,-0.20648193
10312,-0.25332642
10313,-0.2762146
10314,-0.27322388
10315,-0.2568054
10316,-0.22012329
10317,-0.1656189
10318,-0.09780885
10319,-0.06463624
10320,-0.0455017
10321,-0.04971315
10322,-0.01657106
10323,0.039794907
10324,0.090423584
10325,0.0787964
10326,0.08184816
10327,0.07577516
10328,0.078735344
10329,0.07241818
10330,0.06777954
10331,0.081909165
10332,0.089935295
10333,0.08792117
10334,0.08566281
10335,0.06478882
10336,0.057495102
10337,0.07107544
10338,0.07690424
10339,0.061248764
10340,0.057678215
10341,0.042724594
10342,0.031555146
10343,0.033844024
10344,0.018371565
10345,-0.034881573
10346,-0.059936535
10347,-0.050811764
10348,-0.037475586
10349,0.0028686523
10350,0.030944794
10351,0.058349613
10352,0.10070802
10353,0.131073
10354,0.14105223
10355,0.16427614
10356,0.20861813
10357,0.23150635
10358,0.23501587
10359,0.24664308
10360,0.2366028
10361,0.19989017
10362,0.14172362
10363,0.07458496
10364,0.020385757
10365,-0.010620122
10366,0.002960202
10367,0.016326908
10368,-0.0044250637
10369,-0.03652954
10370,-0.071899414
10371,-0.105987534
10372,-0.13879395
10373,-0.15722655
10374,-0.1685791
10375,-0.13980103
10376,-0.13565065
10377,-0.1498413
10378,-0.14538576
10379,-0.13159181
10380,-0.12768558
10381,-0.16052243
10382,-0.18789671
10383,-0.20751953
10384,-0.23153684
10385,-0.2556763
10386,-0.27404785
10387,-0.28170776
10388,-0.2571411
10389,-0.17919922
10390,-0.13421632
10391,-0.13497923
10392,-0.18478395
10393,-0.23974606
10394,-0.23358151
10395,-0.17037964
10396,-0.07803347
10397,-0.0077819787
10398,0.026306145
10399,0.03366088
10400,0.019348145
10401,0.008514408
10402,0.020080566
10403,0.017761208
10404,-0.010131821
10405,-0.028991703
10406,-0.031585693
10407,-0.036590576
10408,-0.05734253
10409,-0.061035153
10410,-0.096130356
10411,-0.14016724
10412,-0.13699341
10413,-0.06747438
10414,0.0037231408
10415,0.068145745
10416,0.10256958
10417,0.10177612
10418,0.103485115
10419,0.09140015
10420,0.10760498
10421,0.13009644
10422,0.13226315
10423,0.13262938
10424,0.11523436
10425,0.08685305
10426,0.0542908
10427,0.04641724
10428,0.060882576
10429,0.08245851
10430,0.0947876
10431,0.10220336
10432,0.13009644
10433,0.13845825
10434,0.123229995
10435,0.12322999
10436,0.12115478
10437,0.09622192
10438,0.07534792
10439,0.070282
10440,0.033538803
10441,0.005310051
10442,-0.013336182
10443,-0.026062027
10444,-0.041717514
10445,-0.052337654
10446,-0.06643678
10447,-0.10437013
10448,-0.0977478
10449,-0.082061775
10450,-0.061187744
10451,-0.025604233
10452,0.007904062
10453,0.039916977
10454,0.03948974
10455,0.030731201
10456,0.024200447
10457,0.011108398
10458,0.031219471
10459,0.063812256
10460,0.058898933
10461,0.027313225
10462,0.0084533505
10463,-0.029113771
10464,-0.057434082
10465,-0.08169556
10466,-0.096099846
10467,-0.11154176
10468,-0.10919191
10469,-0.07192993
10470,-0.03521729
10471,0.009552002
10472,0.054656982
10473,0.07421875
10474,0.06488038
10475,0.021820065
10476,-0.0101318285
10477,-0.040649414
10478,-0.049346924
10479,-0.039428715
10480,0.020172149
10481,0.057434075
10482,0.05300902
10483,0.031005874
10484,0.011352573
10485,0.014312725
10486,0.0416565
10487,0.09860228
10488,0.13949585
10489,0.14251709
10490,0.1361389
10491,0.1487732
10492,0.15615843
10493,0.1617737
10494,0.17877197
10495,0.19219972
10496,0.19122316
10497,0.1618347
10498,0.105712876
10499,0.039581317
10500,-0.01589967
10501,-0.0647888
10502,-0.1043396
10503,-0.102081314
10504,-0.066955596
10505,-0.02816771
10506,-0.046752926
10507,-0.072326645
10508,-0.1165161
10509,-0.11483765
10510,-0.11697388
10511,-0.11044312
10512,-0.10479736
10513,-0.072967514
10514,-0.034057617
10515,-0.004791267
10516,0.0146789625
10517,0.020935044
10518,0.009399433
10519,-0.020904534
10520,-0.045135494
10521,-0.04263304
10522,-0.047668472
10523,-0.057403557
10524,-0.081329346
10525,-0.08441162
10526,-0.08575441
10527,-0.070343025
10528,-0.02810669
10529,0.0019531325
10530,-0.0005187988
10531,-0.03451538
10532,-0.05804444
10533,-0.054473877
10534,-0.024322487
10535,0.023040786
10536,0.048339866
10537,0.079833984
10538,0.07971193
10539,0.063110344
10540,0.058837917
10541,0.08752443
10542,0.10754394
10543,0.1087036
10544,0.08926393
10545,0.075714104
10546,0.04647827
10547,0.0035705864
10548,-0.024749763
10549,-0.013000473
10550,0.058319107
10551,0.12554932
10552,0.15444943
10553,0.15216063
10554,0.13491823
10555,0.1210022
10556,0.072479255
10557,0.013977036
10558,-0.053405777
10559,-0.10189819
10560,-0.14566043
10561,-0.14834595
10562,-0.12762454
10563,-0.08670044
10564,-0.04888916
10565,-0.010498062
10566,0.020874023
10567,0.024047857
10568,-0.012054475
10569,-0.069030754
10570,-0.09167479
10571,-0.07260132
10572,-0.07336429
10573,-0.0708618
10574,-0.06448363
10575,-0.07180786
10576,-0.11389162
10577,-0.13589478
10578,-0.1602783
10579,-0.21347046
10580,-0.22644043
10581,-0.23083496
10582,-0.24078372
10583,-0.2642517
10584,-0.27282718
10585,-0.24942015
10586,-0.18621826
10587,-0.10665894
10588,-0.024230957
10589,0.024597174
10590,0.038177483
10591,0.013427727
10592,-0.02612304
10593,-0.069091804
10594,-0.06396486
10595,-0.030151382
10596,0.028961174
10597,0.046295166
10598,0.05868531
10599,0.07699584
10600,0.105041504
10601,0.11593628
10602,0.10720826
10603,0.08682251
10604,0.06634522
10605,0.058044426
10606,0.0619812
10607,0.060577404
10608,0.05526731
10609,0.07369993
10610,0.13378908
10611,0.19134523
10612,0.20632935
10613,0.17871094
10614,0.15713504
10615,0.14364624
10616,0.117187485
10617,0.07220461
10618,0.029479977
10619,0.00491333
10620,0.025085445
10621,0.014678948
10622,-0.042175297
10623,-0.094879165
10624,-0.107604995
10625,-0.104278564
10626,-0.08468632
10627,-0.04876709
10628,-0.02935794
10629,-0.034118652
10630,-0.057220437
10631,-0.07342529
10632,-0.0718689
10633,-0.055664062
10634,-0.029296853
10635,0.0036620907
10636,0.014953628
10637,0.010223381
10638,-0.027313244
10639,-0.04809571
10640,-0.05499266
10641,-0.04650879
10642,-0.02313233
10643,-0.033203132
10644,-0.024902351
10645,0.0062561026
10646,0.04135133
10647,0.067718506
10648,0.091308594
10649,0.0810852
10650,0.05944825
10651,0.047790542
10652,0.051269528
10653,0.031524666
10654,-0.021209724
10655,-0.07745362
10656,-0.08377077
10657,-0.052032463
10658,-0.02160646
10659,-0.027313232
10660,-0.050537087
10661,-0.06741334
10662,-0.0847168
10663,-0.06582642
10664,-0.054046635
10665,-0.073669426
10666,-0.07040406
10667,-0.021575924
10668,0.032196045
10669,0.06564331
10670,0.0831299
10671,0.09408569
10672,0.12313844
10673,0.13256834
10674,0.13293456
10675,0.11993408
10676,0.08792114
10677,0.08322146
10678,0.056823734
10679,0.057891846
10680,0.08264161
10681,0.09271241
10682,0.099670395
10683,0.08306885
10684,0.05316161
10685,0.047180176
10686,0.06512453
10687,0.09210205
10688,0.12274169
10689,0.11062623
10690,0.103210464
10691,0.101440445
10692,0.08938599
10693,0.10632324
10694,0.113708496
10695,0.14550781
10696,0.17074583
10697,0.14505006
10698,0.082550064
10699,0.017822258
10700,0.038543694
10701,0.085266106
10702,0.10220336
10703,0.093963616
10704,0.109863274
10705,0.116760254
10706,0.11087036
10707,0.08593751
10708,0.06054689
10709,0.075042725
10710,0.09765625
10711,0.052368164
10712,-0.020050049
10713,-0.062194817
10714,-0.09405517
10715,-0.10855102
10716,-0.15673827
10717,-0.16442868
10718,-0.117248535
10719,-0.08114625
10720,-0.053985592
10721,-0.08926393
10722,-0.120025665
10723,-0.11541747
10724,-0.10229493
10725,-0.12402344
10726,-0.1415405
10727,-0.1307068
10728,-0.11187745
10729,-0.08816529
10730,-0.098419204
10731,-0.08718871
10732,-0.070495605
10733,-0.12155154
10734,-0.1321106
10735,-0.12643434
10736,-0.13745117
10737,-0.10095213
10738,-0.06390381
10739,-0.045806877
10740,-0.049865726
10741,-0.0647583
10742,0.0024719313
10743,0.08294679
10744,0.12734985
10745,0.1281128
10746,0.06210327
10747,0.005737298
10748,-0.03445435
10749,-0.04333497
10750,-0.017730713
10751,-0.01544189
10752,-0.020782467
10753,-0.002593996
10754,0.012023937
10755,0.054534916
10756,0.028442368
10757,-0.0319519
10758,-0.046905532
10759,-0.05795288
10760,-0.046936043
10761,-0.07507324
10762,-0.18002318
10763,-0.22515869
10764,-0.2522583
10765,-0.20724486
10766,-0.14151
10767,-0.102203354
10768,-0.07025145
10769,-0.031311035
10770,-0.009918211
10771,-0.013610842
10772,-0.0065002237
10773,-0.020843513
10774,-0.05050659
10775,-0.057556152
10776,-0.03262328
10777,0.09225465
10778,0.13662718
10779,0.10754393
10780,0.10409548
10781,0.06835938
10782,0.04348754
10783,-0.017852783
10784,-0.051239014
10785,-0.019134507
10786,-0.017730713
10787,-0.016662583
10788,-0.027801484
10789,-0.052398674
10790,-0.044555653
10791,-0.02743531
10792,-0.040466294
10793,-0.069610596
10794,-0.0753479
10795,-0.068786606
10796,-0.06838991
10797,-0.07141113
10798,-0.07440183
10799,-0.099365234
10800,-0.053802498
10801,0.003417939
10802,0.01687622
10803,0.018310532
10804,0.038360596
10805,0.08554076
10806,0.13977051
10807,0.14733887
10808,0.16363525
10809,0.1541748
10810,0.10192873
10811,0.054534912
10812,0.037322987
10813,0.06695557
10814,0.104980454
10815,0.13088992
10816,0.12326048
10817,0.10083009
10818,0.112091064
10819,0.11526488
10820,0.101562485
10821,0.15243532
10822,0.15966797
10823,0.120452896
10824,0.13693236
10825,0.11273193
10826,0.10760501
10827,0.06274411
10828,0.0075378492
10829,-0.005004883
10830,-0.05300902
10831,-0.06707765
10832,-0.06719968
10833,-0.046051018
10834,0.034118656
10835,0.104980476
10836,0.14660645
10837,0.12274171
10838,0.0888977
10839,0.1010437
10840,0.14959717
10841,0.1600952
10842,0.13656616
10843,0.123474136
10844,0.1639099
10845,0.22222905
10846,0.22283939
10847,0.19866943
10848,0.17330933
10849,0.15600583
10850,0.19314575
10851,0.19018555
10852,0.16812132
10853,0.12408447
10854,0.10467529
10855,0.097595215
10856,0.087493904
10857,0.06091307
10858,0.059692428
10859,0.06805419
10860,0.079742424
10861,0.09677125
10862,0.067840576
10863,0.03753662
10864,-0.03878783
10865,-0.15039062
10866,-0.22784425
10867,-0.23730469
10868,-0.24432373
10869,-0.25787354
10870,-0.29370117
10871,-0.28762817
10872,-0.24499512
10873,-0.22799683
10874,-0.19131471
10875,-0.14068604
10876,-0.11883545
10877,-0.08251953
10878,-0.06994629
10879,-0.052185066
10880,-0.03341675
10881,0.015014656
10882,0.03842163
10883,0.05929567
10884,0.03961183
10885,0.021392822
10886,0.015258774
10887,-0.009857178
10888,-0.047576874
10889,-0.08944702
10890,-0.12780763
10891,-0.15582275
10892,-0.18673706
10893,-0.20370483
10894,-0.22207642
10895,-0.20648192
10896,-0.16702268
10897,-0.13900757
10898,-0.14953615
10899,-0.15249634
10900,-0.1539612
10901,-0.15905763
10902,-0.15081784
10903,-0.16549684
10904,-0.17431635
10905,-0.16873172
10906,-0.16064456
10907,-0.18826292
10908,-0.2160645
10909,-0.24755867
10910,-0.2680664
10911,-0.2760315
10912,-0.24722292
10913,-0.18621826
10914,-0.11853029
10915,-0.054779053
10916,-0.017364502
10917,-0.0038757026
10918,-0.029724136
10919,-0.07507321
10920,-0.095123336
10921,-0.14187622
10922,-0.19247437
10923,-0.22924808
10924,-0.24572751
10925,-0.2301331
10926,-0.20251462
10927,-0.25585943
10928,-0.28085333
10929,-0.18258667
10930,-0.08166507
10931,0.024108823
10932,0.08306887
10933,0.13543701
10934,0.2070618
10935,0.21566767
10936,0.19946286
10937,0.20574948
10938,0.2358399
10939,0.2680054
10940,0.25750735
10941,0.23605342
10942,0.24569698
10943,0.21774296
10944,0.16543576
10945,0.104156494
10946,0.005889859
10947,-0.0758973
10948,-0.15466306
10949,-0.28936774
10950,-0.33367926
10951,-0.33053586
10952,-0.2720948
10953,-0.1940613
10954,-0.1395874
10955,-0.045074508
10956,0.08779909
10957,0.17095944
10958,0.27066037
10959,0.33508298
10960,0.34924322
10961,0.35736084
10962,0.3725281
10963,0.361206
10964,0.35910028
10965,0.35714725
10966,0.35037225
10967,0.33920294
10968,0.34329212
10969,0.3247376
10970,0.28091428
10971,0.15759285
10972,0.1228638
10973,0.16812135
10974,0.18392952
10975,0.2093812
10976,0.22720332
10977,0.25769043
10978,0.32604983
10979,0.36364746
10980,0.40353394
10981,0.421112
10982,0.3872071
10983,0.3756714
10984,0.35919195
10985,0.30551147
10986,0.27194208
10987,0.26733398
10988,0.2576904
10989,0.25936896
10990,0.24176016
10991,0.23348999
10992,0.24893178
10993,0.37481695
10994,0.47702038
10995,0.43377683
10996,0.39044198
10997,0.314026
10998,0.257019
10999,0.12121582
11000,-0.11532602
11001,-0.2451782
11002,-0.34729004
11003,-0.4078063
11004,-0.4604798
11005,-0.52517694
11006,-0.56921387
11007,-0.55032337
11008,-0.5464477
11009,-0.5241395
11010,-0.48129267
11011,-0.44854745
11012,-0.43716416
11013,-0.44204715
11014,-0.4513855
11015,-0.2996522
11016,-0.23016354
11017,-0.2926331
11018,-0.3230897
11019,-0.38797003
11020,-0.4296875
11021,-0.4387207
11022,-0.51040655
11023,-0.48400873
11024,-0.48632812
11025,-0.48928827
11026,-0.4958802
11027,-0.50912476
11028,-0.45687866
11029,-0.3920287
11030,-0.35189813
11031,-0.30996716
11032,-0.25405878
11033,-0.20407109
11034,-0.13848874
11035,-0.047729403
11036,0.04241936
11037,0.0414429
11038,0.02142334
11039,0.08349611
11040,0.09970097
11041,0.16287239
11042,0.20983882
11043,0.22241211
11044,0.24298102
11045,0.23422237
11046,0.21478271
11047,0.18728629
11048,0.18884277
11049,0.21887207
11050,0.253601
11051,0.22982778
11052,0.18844604
11053,0.17956558
11054,0.1933899
11055,0.24304199
11056,0.29528803
11057,0.37823486
11058,0.44042978
11059,0.5705873
11060,0.60873425
11061,0.51660156
11062,0.45907593
11063,0.34362793
11064,0.30444336
11065,0.2321167
11066,0.10836789
11067,0.096710265
11068,0.09292604
11069,0.07412724
11070,0.04226674
11071,0.031005926
11072,0.051391453
11073,0.12313842
11074,0.16638196
11075,0.12557983
11076,0.04934698
11077,-0.025299087
11078,-0.08755489
11079,-0.12194817
11080,-0.13088977
11081,-0.18707274
11082,-0.23818974
11083,-0.22119142
11084,-0.20404059
11085,-0.1643372
11086,-0.14807126
11087,-0.092864975
11088,0.0062561184
11089,0.046508744
11090,0.038940445
11091,0.036560044
11092,0.060638458
11093,0.072723374
11094,0.047058165
11095,-0.012420654
11096,-0.022277914
11097,-0.0658264
11098,-0.113830596
11099,-0.14163207
11100,-0.122863784
11101,-0.0955201
11102,-0.07009893
11103,-0.13122565
11104,-0.17706303
11105,-0.17492674
11106,-0.16256714
11107,-0.11257936
11108,-0.09381105
11109,-0.051635757
11110,0.037384063
11111,0.06024167
11112,0.09674072
11113,0.121673495
11114,0.1564942
11115,0.18350217
11116,0.19024646
11117,0.2032164
11118,0.21743774
11119,0.27273571
11120,0.32305908
11121,0.32830817
11122,0.2873534
11123,0.19372565
11124,0.11920175
11125,0.07650766
11126,0.054931656
11127,0.025604248
11128,-0.008178666
11129,-0.043182343
11130,-0.045837387
11131,-0.061767608
11132,-0.084167495
11133,-0.13583374
11134,-0.1531677
11135,-0.18472289
11136,-0.23452759
11137,-0.27844238
11138,-0.2985229
11139,-0.27459717
11140,-0.263031
11141,-0.2450562
11142,-0.25769046
11143,-0.28811646
11144,-0.30465698
11145,-0.32919317
11146,-0.33389285
11147,-0.30410773
11148,-0.2590332
11149,-0.22241214
11150,-0.18664551
11151,-0.15109251
11152,-0.17721558
11153,-0.20214842
11154,-0.20816039
11155,-0.21224976
11156,-0.2091675
11157,-0.1887817
11158,-0.1764526
11159,-0.19985962
11160,-0.24304195
11161,-0.2764892
11162,-0.26300052
11163,-0.23385626
11164,-0.18118288
11165,-0.12411499
11166,-0.08218379
11167,-0.06448367
11168,-0.07281496
11169,-0.04287722
11170,-0.021606468
11171,-0.0052184984
11172,-0.014739983
11173,-0.014770504
11174,-0.014709484
11175,-0.0055847093
11176,-0.023803703
11177,-0.033599854
11178,-0.03317263
11179,-0.019195616
11180,-0.0054626465
11181,-0.00302127
11182,-0.00592044
11183,0.0021362081
11184,-0.013916023
11185,0.020843498
11186,0.07608031
11187,0.12561035
11188,0.16976927
11189,0.19442749
11190,0.20629883
11191,0.18740848
11192,0.17544553
11193,0.17187499
11194,0.17254636
11195,0.15115356
11196,0.149292
11197,0.14633176
11198,0.15377808
11199,0.15896606
11200,0.17178345
11201,0.18881226
11202,0.18643185
11203,0.18679813
11204,0.19985959
11205,0.21813965
11206,0.24438477
11207,0.25289914
11208,0.24429321
11209,0.22521973
11210,0.20730594
11211,0.21557616
11212,0.22473142
11213,0.2331238
11214,0.25897217
11215,0.2746277
11216,0.29205322
11217,0.28280643
11218,0.2653809
11219,0.24765015
11220,0.23464966
11221,0.24020386
11222,0.25262448
11223,0.26678467
11224,0.29537964
11225,0.31036377
11226,0.30621338
11227,0.26522827
11228,0.2156372
11229,0.13656616
11230,0.07128905
11231,0.025970466
11232,-0.015899643
11233,-0.04058835
11234,-0.061492927
11235,-0.07598877
11236,-0.08300783
11237,-0.069671616
11238,-0.06893921
11239,-0.06427002
11240,-0.043151855
11241,-0.026245113
11242,-0.029327378
11243,-0.015625007
11244,-0.0068969727
11245,-0.0074768215
11246,-0.019195557
11247,-0.0395813
11248,-0.055725098
11249,-0.07241822
11250,-0.08569336
11251,-0.104522705
11252,-0.12661746
11253,-0.14132687
11254,-0.13262936
11255,-0.09637452
11256,-0.059875503
11257,-0.04397581
11258,-0.05612181
11259,-0.08187868
11260,-0.09439086
11261,-0.09658812
11262,-0.09494017
11263,-0.08651734
11264,-0.074279785
11265,-0.08642581
11266,-0.11868286
11267,-0.14251709
11268,-0.13259888
11269,-0.08895872
11270,-0.05496215
11271,-0.027893068
11272,-0.015686035
11273,-0.016296394
11274,-0.027801499
11275,-0.033203125
11276,-0.03659057
11277,-0.050415065
11278,-0.073364235
11279,-0.09277342
11280,-0.10736081
11281,-0.12048341
11282,-0.12384031
11283,-0.11114503
11284,-0.08389283
11285,-0.063934326
11286,-0.05508422
11287,-0.058929447
11288,-0.06680297
11289,-0.07254028
11290,-0.0690918
11291,-0.06567383
11292,-0.056427002
11293,-0.04156494
11294,-0.036315918
11295,-0.024932869
11296,-0.0026855357
11297,0.013702396
11298,0.0040893294
11299,-0.030303948
11300,-0.053741448
11301,-0.06405641
11302,-0.06265258
11303,-0.04702756
11304,-0.036560066
11305,-0.0326233
11306,-0.036895745
11307,-0.046234116
11308,-0.05862426
11309,-0.07116701
11310,-0.09017944
11311,-0.10971069
11312,-0.13613892
11313,-0.14413454
11314,-0.1487732
11315,-0.14309692
11316,-0.13421634
11317,-0.121887214
11318,-0.12030026
11319,-0.11462401
11320,-0.08575438
11321,-0.048492424
11322,-0.015838608
11323,-0.008361813
11324,-0.013030995
11325,-0.011505134
11326,-0.00027466007
11327,0.013854964
11328,0.019592278
11329,0.019622814
11330,0.029479988
11331,0.03970336
11332,0.046081547
11333,0.05905151
11334,0.06094361
11335,0.059143066
11336,0.030090332
11337,0.011566163
11338,0.01190185
11339,0.0414734
11340,0.07943727
11341,0.10620116
11342,0.10159301
11343,0.08026122
11344,0.057403553
11345,0.051116936
11346,0.05255125
11347,0.04141235
11348,0.028594978
11349,0.010925299
11350,0.014770507
11351,0.031921376
11352,0.061706543
11353,0.08584595
11354,0.09866333
11355,0.108428955
11356,0.11047362
11357,0.111572266
11358,0.12261962
11359,0.12765501
11360,0.1364441
11361,0.13497923
11362,0.13290405
11363,0.12686159
11364,0.11083983
11365,0.10995484
11366,0.11816407
11367,0.121459946
11368,0.11715699
11369,0.103057876
11370,0.08609007
11371,0.05700683
11372,0.019470215
11373,-0.010803204
11374,-0.016754158
11375,-0.010589588
11376,0.015106194
11377,0.031158447
11378,0.035949707
11379,0.03579713
11380,0.03475952
11381,0.0103759635
11382,-0.018035881
11383,-0.06356811
11384,-0.104034424
11385,-0.13043211
11386,-0.12326048
11387,-0.10159301
11388,-0.081268325
11389,-0.06781005
11390,-0.06060791
11391,-0.046295166
11392,-0.039642334
11393,-0.040130608
11394,-0.04522706
11395,-0.05584716
11396,-0.072357185
11397,-0.07424926
11398,-0.060729988
11399,-0.050506596
11400,-0.040008552
11401,-0.030914288
11402,-0.019287104
11403,-0.013610844
11404,-0.018554684
11405,-0.016235352
11406,-0.011230476
11407,-0.011840818
11408,-0.017639164
11409,-0.01062013
11410,-0.0015869103
11411,0.018859858
11412,0.041625984
11413,0.04727173
11414,0.03768922
11415,0.03387451
11416,0.025543213
11417,0.026153557
11418,0.025238033
11419,0.018768303
11420,0.009338377
11421,-0.01641845
11422,-0.037628163
11423,-0.057647713
11424,-0.065887466
11425,-0.063964844
11426,-0.06265257
11427,-0.06549072
11428,-0.08172606
11429,-0.0871582
11430,-0.08255005
11431,-0.06646729
11432,-0.050354004
11433,-0.03179933
11434,-0.020294186
11435,-0.005249027
11436,0.022735596
11437,0.05111694
11438,0.07376097
11439,0.07928465
11440,0.07302855
11441,0.04870605
11442,0.012084952
11443,-0.022827152
11444,-0.04623413
11445,-0.063690186
11446,-0.06536867
11447,-0.04580687
11448,-0.034881607
11449,-0.015289307
11450,0.0046081543
11451,0.022399887
11452,0.030853271
11453,0.018829346
11454,0.008178726
11455,-0.015106201
11456,-0.025970474
11457,-0.026641846
11458,-0.0062561035
11459,0.023406982
11460,0.044891343
11461,0.05728148
11462,0.044677727
11463,0.033660874
11464,0.011505127
11465,0.004730229
11466,0.00027465634
11467,0.0038147047
11468,0.015777597
11469,0.027496338
11470,0.03811644
11471,0.044891357
11472,0.06326293
11473,0.06506347
11474,0.06948853
11475,0.053771976
11476,0.03344727
11477,0.010437019
11478,-0.0077209473
11479,-0.027526848
11480,-0.05145265
11481,-0.064941384
11482,-0.07568359
11483,-0.071838364
11484,-0.06439209
11485,-0.05258178
11486,-0.039733864
11487,-0.038238537
11488,-0.035461403
11489,-0.047912613
11490,-0.065643325
11491,-0.079254135
11492,-0.079895005
11493,-0.08105469
11494,-0.097229
11495,-0.11203003
11496,-0.13690184
11497,-0.15686035
11498,-0.17880252
11499,-0.18655396
11500,-0.18948366
11501,-0.17694093
11502,-0.16152956
11503,-0.13208005
11504,-0.09970091
11505,-0.07238768
11506,-0.0543518
11507,-0.03884887
11508,-0.02087402
11509,0.010375966
11510,0.05407715
11511,0.10064696
11512,0.14498903
11513,0.17581177
11514,0.19277954
11515,0.19958495
11516,0.21298216
11517,0.22851561
11518,0.2564392
11519,0.27160645
11520,0.2861328
11521,0.28521734
11522,0.26934814
11523,0.23226929
11524,0.18106079
11525,0.12725829
11526,0.09170535
11527,0.09335328
11528,0.12316895
11529,0.1803894
11530,0.23553467
11531,0.26687628
11532,0.25976562
11533,0.22149658
11534,0.17095947
11535,0.09967041
11536,0.040405273
11537,-0.033905007
11538,-0.086761445
11539,-0.11395264
11540,-0.08856198
11541,-0.044860855
11542,0.0070495456
11543,0.049041748
11544,0.06646729
11545,0.053619392
11546,0.01174926
11547,-0.04144287
11548,-0.07183835
11549,-0.0743714
11550,-0.0574341
11551,-0.024780285
11552,0.0012512878
11553,0.005462736
11554,-0.022308335
11555,-0.06329344
11556,-0.10787964
11557,-0.14849855
11558,-0.19448853
11559,-0.23522945
11560,-0.2728576
11561,-0.29232788
11562,-0.30325317
11563,-0.2887879
11564,-0.269989
11565,-0.2321167
11566,-0.2003479
11567,-0.17468265
11568,-0.16259761
11569,-0.15472418
11570,-0.13116449
11571,-0.1035157
11572,-0.06353767
11573,-0.024536196
11574,0.010345466
11575,0.018158033
11576,-0.00033569336
11577,-0.030517548
11578,-0.089477524
11579,-0.13964844
11580,-0.17916872
11581,-0.17098993
11582,-0.13992305
11583,-0.08419803
11584,-0.035644516
11585,0.019195512
11586,0.049926773
11587,0.07830809
11588,0.10241701
11589,0.13571166
11590,0.1716614
11591,0.18057245
11592,0.14361575
11593,0.06268299
11594,-0.026916578
11595,-0.1207581
11596,-0.18688974
11597,-0.1977234
11598,-0.15335082
11599,-0.07650755
11600,0.016815156
11601,0.122467026
11602,0.23571774
11603,0.3400268
11604,0.4183654
11605,0.44329834
11606,0.4077453
11607,0.33139044
11608,0.22821045
11609,0.11862181
11610,0.03353882
11611,0.010223404
11612,0.043121338
11613,0.10684201
11614,0.14630124
11615,0.15945436
11616,0.12817383
11617,0.06600946
11618,-0.0036317706
11619,-0.0323793
11620,-0.014618009
11621,0.045776382
11622,0.13104248
11623,0.20761105
11624,0.270874
11625,0.2926635
11626,0.27798456
11627,0.23422243
11628,0.1671752
11629,0.08822638
11630,0.0054626465
11631,-0.08099373
11632,-0.16531369
11633,-0.23236084
11634,-0.2836914
11635,-0.2942199
11636,-0.27185068
11637,-0.22320539
11638,-0.16265857
11639,-0.10760486
11640,-0.06829831
11641,-0.057525694
11642,-0.06994626
11643,-0.10321048
11644,-0.15826415
11645,-0.22207639
11646,-0.27603146
11647,-0.30224603
11648,-0.30715942
11649,-0.30062863
11650,-0.2822876
11651,-0.25186163
11652,-0.23275758
11653,-0.2370301
11654,-0.24841309
11655,-0.2614441
11656,-0.2666626
11657,-0.29379272
11658,-0.3450318
11659,-0.43670654
11660,-0.5265808
11661,-0.60583496
11662,-0.63336176
11663,-0.5895691
11664,-0.46142566
11665,-0.28262335
11666,-0.07153318
11667,0.13757321
11668,0.3166809
11669,0.44702142
11670,0.528717
11671,0.5606384
11672,0.5585937
11673,0.5195618
11674,0.517395
11675,0.5367737
11676,0.59280396
11677,0.65057373
11678,0.7005004
11679,0.754303
11680,0.8040467
11681,0.8526001
11682,0.88089
11683,0.88925177
11684,0.8532409
11685,0.7763672
11686,0.6466369
11687,0.47772217
11688,0.29766846
11689,0.10781863
11690,-0.063659675
11691,-0.22518918
11692,-0.3506469
11693,-0.4258423
11694,-0.46472162
11695,-0.464386
11696,-0.4290771
11697,-0.3667602
11698,-0.31408694
11699,-0.29397583
11700,-0.30670175
11701,-0.33450302
11702,-0.35687256
11703,-0.34194946
11704,-0.2991027
11705,-0.24316396
11706,-0.18243395
11707,-0.15859978
11708,-0.16308585
11709,-0.19635011
11710,-0.23654172
11711,-0.2662964
11712,-0.29327393
11713,-0.2891235
11714,-0.2780151
11715,-0.26187134
11716,-0.23245233
11717,-0.1903992
11718,-0.15328977
11719,-0.11544791
11720,-0.08895877
11721,-0.06820676
11722,-0.039733857
11723,-0.02783209
11724,-0.013275117
11725,-0.016296446
11726,-0.026367337
11727,-0.045105122
11728,-0.050598152
11729,-0.04266353
11730,-0.03152465
11731,-0.0040893406
11732,0.019104004
11733,0.061126694
11734,0.083526626
11735,0.121734634
11736,0.15145876
11737,0.17733765
11738,0.18554682
11739,0.18426508
11740,0.19662476
11741,0.22543335
11742,0.28527832
11743,0.33993533
11744,0.37460315
11745,0.38848874
11746,0.38684088
11747,0.35839838
11748,0.32284546
11749,0.29055786
11750,0.24374384
11751,0.18749999
11752,0.11593626
11753,0.045715347
11754,-0.04156494
11755,-0.12149049
11756,-0.1906128
11757,-0.24868774
11758,-0.29684448
11759,-0.3347473
11760,-0.35848993
11761,-0.37823474
11762,-0.40301514
11763,-0.43145746
11764,-0.46954346
11765,-0.50061035
11766,-0.51727295
11767,-0.50286865
11768,-0.47039795
11769,-0.4104309
11770,-0.34838867
11771,-0.28350836
11772,-0.22372437
11773,-0.16537477
11774,-0.10058594
11775,-0.039764408
11776,0.02319336
11777,0.083343506
11778,0.14450073
11779,0.18887329
11780,0.23806763
11781,0.27764893
11782,0.32379147
11783,0.3584594
11784,0.38153076
11785,0.37353516
11786,0.35733032
11787,0.3277893
11788,0.29776
11789,0.25558466
11790,0.21221922
11791,0.1593323
11792,0.114623986
11793,0.06784054
11794,0.027099613
11795,-0.0027160551
11796,-0.020233162
11797,-0.033508316
11798,-0.02993774
11799,-0.033233646
11800,-0.040222157
11801,-0.045776337
11802,-0.062408462
11803,-0.07788085
11804,-0.093261726
11805,-0.10156253
11806,-0.1060791
11807,-0.106323265
11808,-0.09820555
11809,-0.080566384
11810,-0.06326294
11811,-0.045715354
11812,-0.022552479
11813,-0.0019226074
11814,0.016601562
11815,0.039825432
11816,0.067779556
11817,0.08410642
11818,0.09857179
11819,0.11203004
11820,0.12557983
11821,0.13360597
11822,0.14379883
11823,0.15121461
11824,0.15228271
11825,0.16952515
11826,0.1814575
11827,0.19650267
11828,0.20477295
11829,0.2166748
11830,0.21099856
11831,0.20251462
11832,0.18658449
11833,0.1680603
11834,0.1418152
11835,0.12591553
11836,0.1074524
11837,0.09487915
11838,0.08496092
11839,0.08035278
11840,0.078491196
11841,0.07485962
11842,0.07531739
11843,0.071716316
11844,0.07156372
11845,0.054565422
11846,0.044250496
11847,0.03674317
11848,0.0346985
11849,0.04525756
11850,0.050689694
11851,0.058685303
11852,0.062347405
11853,0.06222533
11854,0.058807395
11855,0.052581795
11856,0.040588386
11857,0.025970459
11858,0.012969974
11859,-0.0027465783
11860,-0.021331798
11861,-0.034271225
11862,-0.05068971
11863,-0.06210328
11864,-0.069580086
11865,-0.07196046
11866,-0.06863404
11867,-0.06286621
11868,-0.061828606
11869,-0.06643677
11870,-0.08581544
11871,-0.107940674
11872,-0.12521362
11873,-0.13339232
11874,-0.14160156
11875,-0.13262941
11876,-0.12631227
11877,-0.11563108
11878,-0.104034424
11879,-0.090270996
11880,-0.092102036
11881,-0.08462525
11882,-0.08297731
11883,-0.07458496
11884,-0.08468625
11885,-0.091827385
11886,-0.10733034
11887,-0.11892701
11888,-0.12554932
11889,-0.11840822
11890,-0.10266113
11891,-0.08364869
11892,-0.06723023
11893,-0.05816651
11894,-0.05166628
11895,-0.058227547
11896,-0.06066896
11897,-0.063476555
11898,-0.068817146
11899,-0.07714843
11900,-0.08535768
11901,-0.09124756
11902,-0.09561156
11903,-0.09841919
11904,-0.10766603
11905,-0.10839843
11906,-0.11080933
11907,-0.09701538
11908,-0.09197998
11909,-0.08493041
11910,-0.07809448
11911,-0.066833496
11912,-0.053924564
11913,-0.04711914
11914,-0.03231811
11915,-0.026733391
11916,-0.019927982
11917,-0.030090334
11918,-0.030731205
11919,-0.053649906
11920,-0.06875609
11921,-0.07495117
11922,-0.073211655
11923,-0.06521605
11924,-0.052947994
11925,-0.042297356
11926,-0.03256224
11927,-0.028533936
11928,-0.027893048
11929,-0.03717041
11930,-0.050628662
11931,-0.0643921
11932,-0.07839964
11933,-0.10015871
11934,-0.11419677
11935,-0.1257019
11936,-0.127594
11937,-0.13293459
11938,-0.13375853
11939,-0.12506104
11940,-0.12692262
11941,-0.116363525
11942,-0.112762466
11943,-0.09912109
11944,-0.084198005
11945,-0.065887436
11946,-0.046051025
11947,-0.025085445
11948,-0.0007934645
11949,0.019378664
11950,0.04483034
11951,0.05737304
11952,0.08102417
11953,0.10467527
11954,0.12411502
11955,0.14178467
11956,0.15328982
11957,0.14675902
11958,0.13082887
11959,0.11898802
11960,0.09375
11961,0.07974243
11962,0.07168579
11963,0.06802368
11964,0.078125
11965,0.08007811
11966,0.07803345
11967,0.0670166
11968,0.06359862
11969,0.049804688
11970,0.05047608
11971,0.043304436
11972,0.052551262
11973,0.055694573
11974,0.06097413
11975,0.066528305
11976,0.06445314
11977,0.05892946
11978,0.048217773
11979,0.034393318
11980,0.02658083
11981,0.029602062
11982,0.03717041
11983,0.043853756
11984,0.05126954
11985,0.05026245
11986,0.051391594
11987,0.047515877
11988,0.05429078
11989,0.05926514
11990,0.07135009
11991,0.08633421
11992,0.105651855
11993,0.11016847
11994,0.11749267
11995,0.12200929
11996,0.12368775
11997,0.12597656
11998,0.1253357
11999,0.12597655
12000,0.13217163
12001,0.15032962
12002,0.16552733
12003,0.17889403
12004,0.17196655
12005,0.16427611
12006,0.14373782
12007,0.13079835
12008,0.114654556
12009,0.114990234
12010,0.10998535
12011,0.102691635
12012,0.09890746
12013,0.083038315
12014,0.06188964
12015,0.039123543
12016,0.03012085
12017,0.01882936
12018,0.025238048
12019,0.03308104
12020,0.04299928
12021,0.053131122
12022,0.050323494
12023,0.045257576
12024,0.028076164
12025,0.010009773
12026,-0.002105713
12027,-0.018463142
12028,-0.039764404
12029,-0.05267334
12030,-0.06710815
12031,-0.08572387
12032,-0.100250244
12033,-0.11306762
12034,-0.12094115
12035,-0.12887573
12036,-0.14382935
12037,-0.15011597
12038,-0.16567993
12039,-0.18075562
12040,-0.19711305
12041,-0.2114868
12042,-0.22256468
12043,-0.228302
12044,-0.23303223
12045,-0.22714233
12046,-0.21728516
12047,-0.20657349
12048,-0.1851807
12049,-0.16818239
12050,-0.13842775
12051,-0.11846925
12052,-0.09295656
12053,-0.080566384
12054,-0.07244873
12055,-0.05685424
12056,-0.056549065
12057,-0.047027595
12058,-0.044708252
12059,-0.030822746
12060,-0.030303963
12061,-0.013427734
12062,-0.0057373196
12063,-0.0033874325
12064,-0.0030212551
12065,-6.103143e-05
12066,0.011932373
12067,0.024444584
12068,0.046447754
12069,0.061218258
12070,0.075042725
12071,0.08740233
12072,0.09332277
12073,0.10089113
12074,0.09970094
12075,0.10568236
12076,0.10229494
12077,0.098083496
12078,0.084625244
12079,0.07687378
12080,0.07211304
12081,0.065246575
12082,0.055877693
12083,0.04296876
12084,0.029357944
12085,0.0021972694
12086,-0.007110581
12087,-0.018646233
12088,-0.024658203
12089,-0.026702888
12090,-0.027099602
12091,-0.030212425
12092,-0.031249989
12093,-0.028381325
12094,-0.026275653
12095,-0.030914322
12096,-0.030242935
12097,-0.026397705
12098,-0.017150871
12099,-0.0032348484
12100,0.015197761
12101,0.03231814
12102,0.043304462
12103,0.043457035
12104,0.034088135
12105,0.01797485
12106,-0.0047607534
12107,-0.015838616
12108,-0.016540542
12109,-0.008117683
12110,0.004241951
12111,0.009002663
12112,0.003723152
12113,-0.013336178
12114,-0.016082764
12115,-0.008056652
12116,0.009948738
12117,0.025726316
12118,0.048339836
12119,0.053283695
12120,0.057281494
12121,0.053619385
12122,0.04989621
12123,0.038330086
12124,0.044311527
12125,0.0513916
12126,0.067840576
12127,0.08432008
12128,0.099823
12129,0.11413574
12130,0.10974119
12131,0.10760499
12132,0.09732054
12133,0.07852171
12134,0.044006348
12135,0.009613045
12136,-0.013488755
12137,-0.03451538
12138,-0.04266358
12139,-0.041809097
12140,-0.0479431
12141,-0.05062867
12142,-0.05111693
12143,-0.05297853
12144,-0.04943846
12145,-0.045684814
12146,-0.033691436
12147,-0.026672378
12148,-0.014160164
12149,0.0025024451
12150,0.011932388
12151,0.0133972
12152,0.02453613
12153,0.025329579
12154,0.027740486
12155,0.02865603
12156,0.004882805
12157,-0.007751476
12158,-0.023223855
12159,-0.03100586
12160,-0.027526848
12161,-0.020355225
12162,-0.0241699
12163,-0.022766117
12164,-0.027069088
12165,-0.032287613
12166,-0.03198243
12167,-0.027740493
12168,-0.025146484
12169,-0.019012429
12170,-0.00070191175
12171,0.014465336
12172,0.049194314
12173,0.07974243
12174,0.10513306
12175,0.117858864
12176,0.11395261
12177,0.11895752
12178,0.13864137
12179,0.16610718
12180,0.17541504
12181,0.17788698
12182,0.16339111
12183,0.13906862
12184,0.12283326
12185,0.10296631
12186,0.089782715
12187,0.06637573
12188,0.048583988
12189,0.025573745
12190,0.002258299
12191,-0.011199966
12192,-0.025634767
12193,-0.031097423
12194,-0.03204348
12195,-0.02078246
12196,-0.028839089
12197,-0.040374763
12198,-0.05261231
12199,-0.06451413
12200,-0.050872803
12201,-0.024688698
12202,-0.01818848
12203,-0.029876709
12204,-0.055603053
12205,-0.08612062
12206,-0.103942856
12207,-0.11068726
12208,-0.09936525
12209,-0.075347915
12210,-0.05102537
12211,-0.038116463
12212,-0.034729008
12213,-0.038146965
12214,-0.053192146
12215,-0.06967164
12216,-0.09136963
12217,-0.11291503
12218,-0.12609863
12219,-0.12960814
12220,-0.11749266
12221,-0.10430908
12222,-0.09457398
12223,-0.09573364
12224,-0.08291627
12225,-0.07046509
12226,-0.0506897
12227,-0.0361328
12228,-0.026245128
12229,-0.020233162
12230,-0.02075195
12231,-0.025085434
12232,-0.04199218
12233,-0.05072023
12234,-0.064239495
12235,-0.06500244
12236,-0.054748528
12237,-0.043762207
12238,-0.034027103
12239,-0.035003673
12240,-0.0415344
12241,-0.04864502
12242,-0.057159428
12243,-0.0631714
12244,-0.0375366
12245,-0.0058898814
12246,0.0024108961
12247,0.0068359375
12248,-0.017059341
12249,-0.026794441
12250,-0.03430177
12251,-0.027282702
12252,-0.016235344
12253,-0.002319323
12254,0.011077888
12255,0.017517082
12256,0.016998291
12257,0.003875725
12258,-0.015655503
12259,-0.045471177
12260,-0.056488022
12261,-0.065979
12262,-0.07522583
12263,-0.07168577
12264,-0.07183836
12265,-0.070343025
12266,-0.07455446
12267,-0.09561157
12268,-0.10177614
12269,-0.1008606
12270,-0.09475707
12271,-0.07278444
12272,-0.056152336
12273,-0.043365482
12274,-0.036071785
12275,-0.03045655
12276,-0.021575928
12277,-0.0036315937
12278,0.013977051
12279,0.03491211
12280,0.041564945
12281,0.03610231
12282,0.04455568
12283,0.05612184
12284,0.05480955
12285,0.06350708
12286,0.05703735
12287,0.040161114
12288,0.017059326
12289,-0.03451539
12290,-0.050933823
12291,-0.0506897
12292,-0.03430176
12293,-0.015014648
12294,-0.009002686
12295,-0.00683593
12296,-0.008972168
12297,-0.020629875
12298,-0.034240734
12299,-0.037902854
12300,-0.036834724
12301,-0.012268066
12302,0.0031738281
12303,0.02059935
12304,0.049468994
12305,0.085967995
12306,0.11373901
12307,0.14065552
12308,0.15322877
12309,0.15966797
12310,0.16043091
12311,0.1515503
12312,0.15133667
12313,0.15261841
12314,0.14697266
12315,0.15759277
12316,0.15029907
12317,0.14505005
12318,0.1468811
12319,0.14468384
12320,0.1404724
12321,0.14187622
12322,0.15109253
12323,0.14849852
12324,0.16812134
12325,0.19616699
12326,0.18179321
12327,0.15640257
12328,0.13949583
12329,0.10037232
12330,0.07467651
12331,0.059356704
12332,0.045562744
12333,0.048583977
12334,0.054412834
12335,0.069000244
12336,0.08206177
12337,0.07543945
12338,0.071289055
12339,0.05886841
12340,0.041442875
12341,0.010681154
12342,-0.0007629413
12343,-0.012573238
12344,-0.015686026
12345,-0.016693126
12346,-0.016021732
12347,-0.0054626595
12348,-0.027618418
12349,-0.041046146
12350,-0.029388411
12351,-0.021179214
12352,0.00079344213
12353,0.01760863
12354,0.023925796
12355,0.05627442
12356,0.06253055
12357,0.055419937
12358,0.06372069
12359,0.048736587
12360,0.05880738
12361,0.06100464
12362,0.04989624
12363,0.05419922
12364,0.049987793
12365,0.037078843
12366,0.014587395
12367,-0.00546265
12368,-0.034088127
12369,-0.07159425
12370,-0.08721922
12371,-0.08587648
12372,-0.084838875
12373,-0.07315061
12374,-0.04934692
12375,-0.02655027
12376,-0.005493149
12377,0.02407837
12378,0.02023314
12379,0.002227798
12380,-0.025878906
12381,-0.052948
12382,-0.07608032
12383,-0.09317017
12384,-0.10858154
12385,-0.0968628
12386,-0.093597405
12387,-0.10324097
12388,-0.11846924
12389,-0.1575012
12390,-0.16674805
12391,-0.16738892
12392,-0.19381712
12393,-0.23382567
12394,-0.24822998
12395,-0.27978516
12396,-0.28857425
12397,-0.2885437
12398,-0.30203244
12399,-0.29049683
12400,-0.28118896
12401,-0.26223755
12402,-0.24661255
12403,-0.22195432
12404,-0.20217896
12405,-0.1741333
12406,-0.1484375
12407,-0.13412476
12408,-0.11627197
12409,-0.09347533
12410,-0.064971924
12411,-0.036926255
12412,-0.02734375
12413,-0.021209702
12414,-0.0033569485
12415,0.014190674
12416,0.012969978
12417,0.019744873
12418,0.007415764
12419,-0.0022277795
12420,-0.0025634766
12421,-0.00292968
12422,-0.012939446
12423,-0.028442381
12424,-0.036407463
12425,-0.047760025
12426,-0.046630867
12427,-0.041412357
12428,-0.047332756
12429,-0.02316283
12430,-0.018127453
12431,-0.0032348558
12432,0.00021360815
12433,0.016967785
12434,0.019439712
12435,0.033660904
12436,0.051177982
12437,0.077270515
12438,0.07955934
12439,0.085632324
12440,0.08093261
12441,0.06512453
12442,0.059051514
12443,0.026428215
12444,0.01724241
12445,0.006134033
12446,-0.012451164
12447,-0.028594956
12448,-0.041931137
12449,-0.047912583
12450,-0.03948976
12451,-0.028076187
12452,-0.008056648
12453,0.0195923
12454,0.03878784
12455,0.057189953
12456,0.07015989
12457,0.07858276
12458,0.08892824
12459,0.09353639
12460,0.10357663
12461,0.11053464
12462,0.124267586
12463,0.13513184
12464,0.1517029
12465,0.15780643
12466,0.1836853
12467,0.20285031
12468,0.22140503
12469,0.24020386
12470,0.25091553
12471,0.2530518
12472,0.25473022
12473,0.2399597
12474,0.22561646
12475,0.20825198
12476,0.20144653
12477,0.19488527
12478,0.18954468
12479,0.18466187
12480,0.18286131
12481,0.17315674
12482,0.15786743
12483,0.14382935
12484,0.12625122
12485,0.105590835
12486,0.091583245
12487,0.08761597
12488,0.07687381
12489,0.080078125
12490,0.084167466
12491,0.08566284
12492,0.0793457
12493,0.062377922
12494,0.04238891
12495,0.021209724
12496,-0.0035400465
12497,-0.017486572
12498,-0.033264153
12499,-0.04174807
12500,-0.04452513
12501,-0.04757691
12502,-0.04437257
12503,-0.04977418
12504,-0.038085938
12505,-0.029876713
12506,-0.004974356
12507,0.015655492
12508,0.04388427
12509,0.060699463
12510,0.070434585
12511,0.07205202
12512,0.08120726
12513,0.08142093
12514,0.085998535
12515,0.09701539
12516,0.10470579
12517,0.1017456
12518,0.10406494
12519,0.09906006
12520,0.08361817
12521,0.06399536
12522,0.03686523
12523,-0.002349846
12524,-0.0349121
12525,-0.06683348
12526,-0.08532715
12527,-0.1027527
12528,-0.115234375
12529,-0.11575317
12530,-0.12200931
12531,-0.11621089
12532,-0.09484861
12533,-0.07299805
12534,-0.042968757
12535,-0.007782057
12536,0.019378655
12537,0.03588866
12538,0.046081565
12539,0.042205784
12540,0.030517593
12541,0.0017700121
12542,-0.014587402
12543,-0.037597656
12544,-0.055297863
12545,-0.07861328
12546,-0.09564209
12547,-0.11755371
12548,-0.1428833
12549,-0.16641234
12550,-0.20751952
12551,-0.23974612
12552,-0.27902225
12553,-0.30981442
12554,-0.33828735
12555,-0.34533685
12556,-0.34906006
12557,-0.3356629
12558,-0.31945807
12559,-0.29974368
12560,-0.26757812
12561,-0.24398802
12562,-0.22155762
12563,-0.20819092
12564,-0.19256592
12565,-0.17901611
12566,-0.16247559
12567,-0.13931273
12568,-0.119903564
12569,-0.10440065
12570,-0.099365234
12571,-0.091674805
12572,-0.08697511
12573,-0.08462525
12574,-0.08688356
12575,-0.09838863
12576,-0.117157
12577,-0.14236444
12578,-0.16220093
12579,-0.18890385
12580,-0.20755006
12581,-0.22277832
12582,-0.22052002
12583,-0.21417235
12584,-0.19345099
12585,-0.16732782
12586,-0.13079837
12587,-0.09899904
12588,-0.055725098
12589,-0.007385239
12590,0.0431824
12591,0.104156464
12592,0.17507938
12593,0.24444583
12594,0.31018066
12595,0.36151126
12596,0.3999939
12597,0.41360468
12598,0.4194336
12599,0.3978576
12600,0.3673706
12601,0.32495123
12602,0.28994757
12603,0.24777222
12604,0.21325684
12605,0.18090819
12606,0.15847772
12607,0.14398198
12608,0.13632199
12609,0.14352414
12610,0.15695193
12611,0.17892455
12612,0.19500731
12613,0.21661371
12614,0.21994023
12615,0.21963504
12616,0.20599362
12617,0.19403082
12618,0.17681889
12619,0.16442868
12620,0.15039067
12621,0.14648438
12622,0.1440124
12623,0.14309698
12624,0.14947516
12625,0.15722658
12626,0.16180417
12627,0.17559819
12628,0.18606569
12629,0.19549565
12630,0.19607542
12631,0.18829343
12632,0.17202765
12633,0.14797974
12634,0.11190796
12635,0.07089226
12636,0.019439738
12637,-0.041442834
12638,-0.10046387
12639,-0.15835568
12640,-0.21112064
12641,-0.26269525
12642,-0.30920404
12643,-0.34954828
12644,-0.380951
12645,-0.40942383
12646,-0.4437866
12647,-0.47540277
12648,-0.508728
12649,-0.5327759
12650,-0.5445862
12651,-0.5447693
12652,-0.533081
12653,-0.51650995
12654,-0.48959354
12655,-0.46124268
12656,-0.4250183
12657,-0.3855285
12658,-0.32925418
12659,-0.26919562
12660,-0.19570929
12661,-0.13024901
12662,-0.062316746
12663,-0.012329131
12664,0.025116026
12665,0.044097856
12666,0.05422972
12667,0.063690305
12668,0.076843366
12669,0.09979251
12670,0.11025997
12671,0.11834721
12672,0.11016852
12673,0.09741208
12674,0.07583624
12675,0.061645567
12676,0.048461854
12677,0.041870102
12678,0.03326416
12679,0.027496517
12680,0.019683778
12681,0.009612948
12682,0.00033569336
12683,0.0032042563
12684,0.013336152
12685,0.042541504
12686,0.08087149
12687,0.14044186
12688,0.19967654
12689,0.26635733
12690,0.32516474
12691,0.38513178
12692,0.43182373
12693,0.47311395
12694,0.50592035
12695,0.53497314
12696,0.546875
12697,0.54382324
12698,0.5289612
12699,0.4937744
12700,0.46203613
12701,0.42144775
12702,0.38449094
12703,0.35214233
12704,0.31585702
12705,0.28137204
12706,0.24468982
12707,0.20999141
12708,0.17587276
12709,0.14648433
12710,0.108245865
12711,0.068542406
12712,0.01898186
12713,-0.03805548
12714,-0.095458984
12715,-0.15332037
12716,-0.20892335
12717,-0.26684582
12718,-0.30297846
12719,-0.33178705
12720,-0.35189825
12721,-0.3642273
12722,-0.3607483
12723,-0.3577575
12724,-0.35281375
12725,-0.3396302
12726,-0.32336435
12727,-0.30841067
12728,-0.29779044
12729,-0.27709955
12730,-0.2568664
12731,-0.23883052
12732,-0.2199097
12733,-0.1955261
12734,-0.16882317
12735,-0.1460266
12736,-0.110382095
12737,-0.07296749
12738,-0.040222175
12739,-0.0011901408
12740,0.029266328
12741,0.053558305
12742,0.06942749
12743,0.090606675
12744,0.10910034
12745,0.1325989
12746,0.15158078
12747,0.17495728
12748,0.19650275
12749,0.21841428
12750,0.24487296
12751,0.27062982
12752,0.2901305
12753,0.30206293
12754,0.3061219
12755,0.3002929
12756,0.28521717
12757,0.2653808
12758,0.24145508
12759,0.21316524
12760,0.19171138
12761,0.16915897
12762,0.13723749
12763,0.09985347
12764,0.06219484
12765,0.020202639
12766,-0.022094728
12767,-0.06750499
12768,-0.10519406
12769,-0.14819333
12770,-0.18438722
12771,-0.22164918
12772,-0.24636841
12773,-0.26324457
12774,-0.27056882
12775,-0.27239984
12776,-0.27850342
12777,-0.28997803
12778,-0.29980463
12779,-0.30459595
12780,-0.3078003
12781,-0.29571527
12782,-0.27890015
12783,-0.25524902
12784,-0.22210695
12785,-0.1824646
12786,-0.14840695
12787,-0.11837767
12788,-0.103302
12789,-0.08157351
12790,-0.07531737
12791,-0.07736205
12792,-0.07940674
12793,-0.07843016
12794,-0.080535874
12795,-0.07101437
12796,-0.059143003
12797,-0.053405724
12798,-0.052429244
12799,-0.0552063
12800,-0.06600946
12801,-0.0830688
12802,-0.09463501
12803,-0.10302731
12804,-0.10644528
12805,-0.10168453
12806,-0.09970094
12807,-0.099334724
12808,-0.10751341
12809,-0.10296634
12810,-0.10421752
12811,-0.10037233
12812,-0.10107423
12813,-0.08734132
12814,-0.08175659
12815,-0.06344603
12816,-0.04452516
12817,-0.027008027
12818,-0.009490997
12819,-0.0047302395
12820,0.009826675
12821,0.019927986
12822,0.038207993
12823,0.060790993
12824,0.07980346
12825,0.0946045
12826,0.10720826
12827,0.1157837
12828,0.124572754
12829,0.13973998
12830,0.15475464
12831,0.18457031
12832,0.20321655
12833,0.21697998
12834,0.2384033
12835,0.2581787
12836,0.2706604
12837,0.27111816
12838,0.2649536
12839,0.24316406
12840,0.22467043
12841,0.20837402
12842,0.20989989
12843,0.20904541
12844,0.22436526
12845,0.24130249
12846,0.25482178
12847,0.25143433
12848,0.23416138
12849,0.19793701
12850,0.15405273
12851,0.11193848
12852,0.08309938
12853,0.05703736
12854,0.036010753
12855,0.02862548
12856,0.01937867
12857,0.009674083
12858,0.0004882999
12859,-0.007049542
12860,-0.011077896
12861,-0.024292003
12862,-0.033142082
12863,-0.024658196
12864,-0.01367188
12865,0.014099129
12866,0.044067383
12867,0.06362915
12868,0.08355713
12869,0.08938597
12870,0.08557129
12871,0.073913574
12872,0.067993164
12873,0.0613098
12874,0.05990601
12875,0.053955104
12876,0.055084232
12877,0.052856445
12878,0.04733275
12879,0.046722405
12880,0.037902832
12881,0.03192141
12882,0.015075684
12883,-0.0011596754
12884,-0.022003181
12885,-0.046478294
12886,-0.068420395
12887,-0.102539055
12888,-0.13061523
12889,-0.1449585
12890,-0.15621948
12891,-0.14703369
12892,-0.1234436
12893,-0.09796144
12894,-0.06591797
12895,-0.034027107
12896,-0.0140686035
12897,-0.0068359375
12898,-0.009582534
12899,-0.027648918
12900,-0.043029774
12901,-0.06719971
12902,-0.07519532
12903,-0.0933838
12904,-0.102508545
12905,-0.11221315
12906,-0.112213135
12907,-0.11914063
12908,-0.11709594
12909,-0.118011475
12910,-0.12780762
12911,-0.12017822
12912,-0.11822508
12913,-0.1026001
12914,-0.094055176
12915,-0.08514404
12916,-0.07626341
12917,-0.07418821
12918,-0.06634523
12919,-0.07394411
12920,-0.06515505
12921,-0.058135994
12922,-0.04202269
12923,-0.035247818
12924,-0.021697998
12925,-0.011749297
12926,0.009368911
12927,0.030212417
12928,0.043792732
12929,0.061126716
12930,0.058959953
12931,0.06832886
12932,0.038299546
12933,0.033630364
12934,0.010711674
12935,0.0064392034
12936,0.014648431
12937,0.028625496
12938,0.052978523
12939,0.060699478
12940,0.079376206
12941,0.07980347
12942,0.082977295
12943,0.07055664
12944,0.06304932
12945,0.044464108
12946,0.030334499
12947,0.018157952
12948,-0.00039672107
12949,-0.007873543
12950,-0.01589967
12951,-0.024749763
12952,-0.048980698
12953,-0.07165529
12954,-0.07763673
12955,-0.10903932
12956,-0.11941527
12957,-0.14315794
12958,-0.16580202
12959,-0.1869507
12960,-0.20367433
12961,-0.20663452
12962,-0.21154785
12963,-0.19985965
12964,-0.19650269
12965,-0.18289185
12966,-0.17752074
12967,-0.1694336
12968,-0.15130617
12969,-0.1296997
12970,-0.10769655
12971,-0.080688484
12972,-0.057373054
12973,-0.041107178
12974,-0.019195553
12975,0.012359606
12976,0.055847183
12977,0.07537843
12978,0.09686279
12979,0.10107422
12980,0.09518433
12981,0.092407234
12982,0.065582275
12983,0.04248046
12984,0.017822273
12985,0.0050964206
12986,0.017852798
12987,0.030151352
12988,0.06106566
12989,0.08508301
12990,0.10739133
12991,0.12536621
12992,0.13906862
12993,0.14654544
12994,0.14633179
12995,0.15200807
12996,0.15725708
12997,0.1560974
12998,0.13565065
12999,0.13116455
13000,0.11904908
13001,0.10977173
13002,0.097808845
13003,0.085968025
13004,0.07354736
13005,0.059387222
13006,0.045806892
13007,0.03884888
13008,0.02365113
13009,0.012054443
13010,-0.003417978
13011,-0.015197724
13012,-0.030242914
13013,-0.036804177
13014,-0.0482483
13015,-0.06198121
13016,-0.07421876
13017,-0.08276369
13018,-0.086700425
13019,-0.08206176
13020,-0.049163815
13021,-0.040863037
13022,-0.010528573
13023,-0.007049566
13024,-0.0036315983
13025,-0.004974367
13026,-0.014984144
13027,-0.014739998
13028,-0.025939938
13029,-0.024932876
13030,-0.03207395
13031,-0.02688599
13032,-0.026031494
13033,-0.0080261305
13034,-0.00390625
13035,0.0008544922
13036,0.004028313
13037,0.0007324219
13038,0.0036621168
13039,0.005767815
13040,0.014404293
13041,0.0141601525
13042,0.02008058
13043,0.027404793
13044,0.027038567
13045,0.03710938
13046,0.053009044
13047,0.06918335
13048,0.09033204
13049,0.113281235
13050,0.12933351
13051,0.12582399
13052,0.12332153
13053,0.11999512
13054,0.11355591
13055,0.1104126
13056,0.109436035
13057,0.10266113
13058,0.085083
13059,0.057617202
13060,0.04153443
13061,0.027252197
13062,0.018310532
13063,0.0063171275
13064,-0.014923114
13065,-0.033386223
13066,-0.060028076
13067,-0.07461549
13068,-0.077056885
13069,-0.07431031
13070,-0.05734253
13071,-0.04605103
13072,-0.031707764
13073,-0.0245056
13074,-0.020477317
13075,-0.024963375
13076,-0.04290771
13077,-0.05212403
13078,-0.0654602
13079,-0.06607056
13080,-0.08920288
13081,-0.1078186
13082,-0.117095955
13083,-0.12014772
13084,-0.11569213
13085,-0.10818481
13086,-0.09454346
13087,-0.08584594
13088,-0.08731079
13089,-0.090881355
13090,-0.0977478
13091,-0.10302735
13092,-0.1065979
13093,-0.10134888
13094,-0.09555054
13095,-0.08270265
13096,-0.07687378
13097,-0.06570433
13098,-0.051910385
13099,-0.030029321
13100,-0.015075667
13101,0.0166626
13102,0.022857662
13103,0.022583019
13104,0.024810784
13105,0.03588868
13106,0.03607176
13107,0.043853756
13108,0.055511467
13109,0.06567382
13110,0.06915283
13111,0.08181764
13112,0.08309937
13113,0.07739258
13114,0.06863403
13115,0.055938713
13116,0.04992675
13117,0.043701183
13118,0.032226548
13119,0.02743528
13120,0.01379394
13121,-0.0029296875
13122,-0.017333983
13123,-0.04034423
13124,-0.013366697
13125,0.035400394
13126,0.061889652
13127,0.07443239
13128,0.06884767
13129,0.05065918
13130,0.026184075
13131,0.005371092
13132,0.00051881187
13133,-0.008026101
13134,-0.0059814565
13135,-0.0040893555
13136,-0.0038452158
13137,-0.007019043
13138,-0.012176517
13139,-0.014495859
13140,-0.010498056
13141,-0.0066528283
13142,-0.0035095215
13143,-0.004272457
13144,-0.00085450336
13145,-0.01602174
13146,0.012695324
13147,0.050292965
13148,0.0690918
13149,0.07409669
13150,0.07101442
13151,0.05224609
13152,0.018920913
13153,-0.011291498
13154,-0.016998308
13155,-0.028411862
13156,-0.028594984
13157,-0.025939932
13158,-0.02075195
13159,-0.02706908
13160,-0.03399657
13161,-0.037200935
13162,-0.021728508
13163,-0.0064086877
13164,0.024841297
13165,0.040771488
13166,0.05340576
13167,0.054931626
13168,0.0368042
13169,0.022796616
13170,0.04544068
13171,0.08331297
13172,0.14053345
13173,0.19949338
13174,0.24984744
13175,0.2749634
13176,0.25900266
13177,0.22836304
13178,0.17062376
13179,0.107025154
13180,0.037048347
13181,-0.025817852
13182,-0.083343536
13183,-0.10913086
13184,-0.10305783
13185,-0.07489017
13186,-0.03326416
13187,-0.0111083975
13188,-0.01919555
13189,-0.0696106
13190,-0.089141846
13191,-0.074890144
13192,-0.059234567
13193,-0.022186253
13194,0.02621457
13195,0.07382204
13196,0.09732059
13197,0.09353643
13198,0.063812226
13199,0.012603752
13200,-0.03149415
13201,-0.06625366
13202,-0.08953856
13203,-0.10519406
13204,-0.12152102
13205,-0.12213133
13206,-0.098236054
13207,-0.048858657
13208,0.008148188
13209,0.06149293
13210,0.09185791
13211,0.10733032
13212,0.07376098
13213,0.04055786
13214,0.035003684
13215,0.03540039
13216,0.051177923
13217,0.075286865
13218,0.0954285
13219,0.08297734
13220,0.02438347
13221,-0.043518096
13222,-0.11544797
13223,-0.17526245
13224,-0.20297237
13225,-0.19168088
13226,-0.16137695
13227,-0.12213134
13228,-0.113464326
13229,-0.118835464
13230,-0.15344238
13231,-0.19049071
13232,-0.22402953
13233,-0.2271423
13234,-0.25750735
13235,-0.31643677
13236,-0.40499875
13237,-0.48355108
13238,-0.5369567
13239,-0.5440978
13240,-0.48953253
13241,-0.36511236
13242,-0.1966247
13243,-0.0120239705
13244,0.15731812
13245,0.32247925
13246,0.45898432
13247,0.56524646
13248,0.6211243
13249,0.60528564
13250,0.5187072
13251,0.3806763
13252,0.21508789
13253,0.07791137
13254,-0.010223389
13255,-0.014800996
13256,0.026245087
13257,0.06594849
13258,0.071655184
13259,0.054626346
13260,0.0115968585
13261,-0.041381866
13262,-0.08972171
13263,-0.08731082
13264,-0.03179927
13265,0.05496212
13266,0.14501953
13267,0.2295227
13268,0.2912597
13269,0.311737
13270,0.2900086
13271,0.24679568
13272,0.2044067
13273,0.16076668
13274,0.105651855
13275,0.047332734
13276,-0.019653305
13277,-0.07223509
13278,-0.105133116
13279,-0.107116684
13280,-0.074157774
13281,-0.036193877
13282,-0.01928702
13283,-0.021942168
13284,-0.04034412
13285,-0.078063965
13286,-0.13757318
13287,-0.20541379
13288,-0.27386475
13289,-0.3556214
13290,-0.43502805
13291,-0.47103882
13292,-0.43362427
13293,-0.3748169
13294,-0.30822748
13295,-0.23773193
13296,-0.14569092
13297,-0.046966523
13298,0.074279726
13299,0.16799927
13300,0.2231141
13301,0.19482422
13302,0.10592651
13303,-0.015472233
13304,-0.13995373
13305,-0.2547301
13306,-0.33468646
13307,-0.3498537
13308,-0.29229715
13309,-0.20532224
13310,-0.08950806
13311,0.013854943
13312,0.09396358
13313,0.1275634
13314,0.14941409
13315,0.12988278
13316,0.118499696
13317,0.08023077
13318,0.08605957
13319,0.121673524
13320,0.20437616
13321,0.2940979
13322,0.39306653
13323,0.49264523
13324,0.59030145
13325,0.6630554
13326,0.6923523
13327,0.69515973
13328,0.64001465
13329,0.54434204
13330,0.4138794
13331,0.26547238
13332,0.122528076
13333,-0.0004882738
13334,-0.090209916
13335,-0.16342163
13336,-0.21133429
13337,-0.22192389
13338,-0.2004394
13339,-0.1637268
13340,-0.15182495
13341,-0.17297363
13342,-0.25549316
13343,-0.37469482
13344,-0.4842224
13345,-0.5593872
13346,-0.58657837
13347,-0.56918335
13348,-0.52658087
13349,-0.4675902
13350,-0.39828485
13351,-0.33850098
13352,-0.2912292
13353,-0.2503967
13354,-0.2106018
13355,-0.17797852
13356,-0.1622314
13357,-0.13742061
13358,-0.097106926
13359,-0.037780754
13360,0.017608702
13361,0.09771726
13362,0.20565794
13363,0.32546997
13364,0.44619745
13365,0.5358887
13366,0.5844422
13367,0.59402466
13368,0.58383185
13369,0.5540772
13370,0.5161437
13371,0.46994016
13372,0.4186706
13373,0.34472653
13374,0.2583923
13375,0.1792297
13376,0.105834976
13377,0.044250514
13378,0.0070800744
13379,-0.023895279
13380,-0.057067893
13381,-0.0952759
13382,-0.13385013
13383,-0.18304443
13384,-0.23962402
13385,-0.31146243
13386,-0.36825562
13387,-0.4156189
13388,-0.43927002
13389,-0.43408203
13390,-0.41415405
13391,-0.3847657
13392,-0.33438107
13393,-0.2694702
13394,-0.18975826
13395,-0.10452269
13396,-0.022155799
13397,0.055877663
13398,0.11331179
13399,0.17105106
13400,0.22277834
13401,0.26324463
13402,0.27252197
13403,0.27371216
13404,0.2582703
13405,0.24234009
13406,0.2093811
13407,0.17279053
13408,0.1239319
13409,0.087188736
13410,0.05599972
13411,0.04144286
13412,0.02038575
13413,0.0067748837
13414,-0.0009460114
13415,-0.018646218
13416,-0.031951874
13417,-0.045806862
13418,-0.050842308
13419,-0.056304924
13420,-0.060943604
13421,-0.066345215
13422,-0.08175662
13423,-0.091613755
13424,-0.111297585
13425,-0.12002562
13426,-0.13110352
13427,-0.122283936
13428,-0.10949705
13429,-0.07797242
13430,-0.04669189
13431,-0.003936749
13432,0.028533913
13433,0.05404663
13434,0.07504272
13435,0.08654788
13436,0.092498764
13437,0.09283448
13438,0.08993531
13439,0.078704834
13440,0.065216064
13441,0.05508423
13442,0.04763794
13443,0.036163338
13444,0.024047853
13445,0.013488753
13446,0.0043640006
13447,-0.011657692
13448,-0.026062012
13449,-0.046173092
13450,-0.054687485
13451,-0.07400513
13452,-0.07324217
13453,-0.075012214
13454,-0.06643677
13455,-0.066162094
13456,-0.056365974
13457,-0.06280518
13458,-0.05807495
13459,-0.0541687
13460,-0.047058098
13461,-0.032806404
13462,-0.025512703
13463,-0.0139465155
13464,-0.013702389
13465,-0.011962898
13466,-0.0063781743
13467,0.00842285
13468,0.019622806
13469,0.041686993
13470,0.066192634
13471,0.084442124
13472,0.09930418
13473,0.10040285
13474,0.100402825
13475,0.094879165
13476,0.08782959
13477,0.08248901
13478,0.07516478
13479,0.055603042
13480,0.037170403
13481,0.016540535
13482,-0.0035705524
13483,-0.019592287
13484,-0.025909415
13485,-0.03314209
13486,-0.03320313
13487,-0.03164672
13488,-0.024993883
13489,-0.015563961
13490,-0.004058853
13491,0.0034789983
13492,0.014312735
13493,0.013183594
13494,0.003753662
13495,-0.0024414025
13496,-0.02859497
13497,-0.044403084
13498,-0.0595398
13499,-0.07003784
13500,-0.07833862
13501,-0.07113649
13502,-0.067169175
13503,-0.050201427
13504,-0.047546387
13505,-0.040954582
13506,-0.03598023
13507,-0.03265381
13508,-0.024780275
13509,-0.022644058
13510,-0.019836418
13511,-0.026153576
13512,-0.021514889
13513,-0.020385735
13514,-0.019073486
13515,-0.019042965
13516,-0.014648445
13517,-0.01931763
13518,-0.028381353
13519,-0.049743656
13520,-0.06222534
13521,-0.079193115
13522,-0.07580566
13523,-0.06530763
13524,-0.045257557
13525,-0.030303959
13526,-0.010772705
13527,0.00097657
13528,0.008575439
13529,0.0108032115
13530,0.009002684
13531,0.0021362193
13532,-0.0012206975
13533,-0.008575447
13534,-0.0014038014
13535,-0.0001831064
13536,0.010070793
13537,0.023468014
13538,0.030181862
13539,0.039917
13540,0.04403685
13541,0.04769899
13542,0.034942634
13543,0.03323365
13544,0.024475094
13545,0.032348633
13546,0.031799316
13547,0.04132081
13548,0.042541496
13549,0.042053223
13550,0.034149185
13551,0.022796623
13552,0.024230968
13553,0.017517094
13554,0.018615726
13555,0.015075669
13556,0.014770515
13557,0.010437019
13558,0.012298603
13559,0.01242066
13560,0.007873546
13561,0.020202644
13562,0.031249996
13563,0.04772948
13564,0.05468749
13565,0.060424805
13566,0.043823265
13567,0.033111557
13568,0.014007568
13569,-0.0061340556
13570,-0.025177002
13571,-0.053894036
13572,-0.06234742
13573,-0.07437135
13574,-0.07260133
13575,-0.06500244
13576,-0.057128906
13577,-0.053771988
13578,-0.051666256
13579,-0.04922483
13580,-0.06069947
13581,-0.056976303
13582,-0.052062973
13583,-0.037567157
13584,-0.019012436
13585,-0.0050048977
13586,0.013732903
13587,0.029296868
13588,0.036285408
13589,0.040344246
13590,0.042236306
13591,0.028839123
13592,0.026062008
13593,0.01876831
13594,0.0061340444
13595,0.00036619604
13596,-0.0101013165
13597,-0.008422848
13598,-0.014068596
13599,-0.004180897
13600,-0.009307887
13601,-0.007568363
13602,-0.017944358
13603,-0.024658214
13604,-0.037780747
13605,-0.050506596
13606,-0.05850219
13607,-0.060638435
13608,-0.058563232
13609,-0.057769787
13610,-0.04727174
13611,-0.03649901
13612,-0.02514648
13613,-0.011444084
13614,0.0076904334
13615,0.034912102
13616,0.054382317
13617,0.07980348
13618,0.0890808
13619,0.10232543
13620,0.10467528
13621,0.114654556
13622,0.111572266
13623,0.11520386
13624,0.115112305
13625,0.11325073
13626,0.110626236
13627,0.10107423
13628,0.10311888
13629,0.1083374
13630,0.11505126
13631,0.12075805
13632,0.12145997
13633,0.10998535
13634,0.08859254
13635,0.06417846
13636,0.039093025
13637,0.014831538
13638,-0.006286636
13639,-0.025238037
13640,-0.053192154
13641,-0.0744934
13642,-0.09698488
13643,-0.11462401
13644,-0.130188
13645,-0.13885497
13646,-0.14364624
13647,-0.1427002
13648,-0.14099121
13649,-0.13851929
13650,-0.13656616
13651,-0.13006592
13652,-0.11990357
13653,-0.10574341
13654,-0.090515144
13655,-0.080566406
13656,-0.060150154
13657,-0.04641723
13658,-0.040527344
13659,-0.036651608
13660,-0.02786254
13661,-0.019042969
13662,-0.011901848
13663,-0.00250246
13664,0.0033569373
13665,0.009796154
13666,0.0072326697
13667,0.009185776
13668,0.0027771033
13669,-0.008575436
13670,-0.011047374
13671,-0.01739502
13672,-0.020996086
13673,-0.024597168
13674,-0.025665283
13675,-0.028900124
13676,-0.021942127
13677,-0.011047371
13678,0.008819591
13679,0.027771002
13680,0.057495125
13681,0.08755492
13682,0.112548806
13683,0.12152101
13684,0.1239624
13685,0.109954834
13686,0.09707643
13687,0.07925415
13688,0.07086183
13689,0.05773925
13690,0.054687515
13691,0.05343628
13692,0.055541992
13693,0.05758667
13694,0.06564331
13695,0.063934326
13696,0.06359863
13697,0.054595955
13698,0.042388916
13699,0.028381355
13700,0.004272461
13701,-0.0046997108
13702,-0.019226072
13703,-0.03738404
13704,-0.054046642
13705,-0.07305908
13706,-0.087707505
13707,-0.09863281
13708,-0.10195923
13709,-0.10971069
13710,-0.10366821
13711,-0.10549926
13712,-0.09680175
13713,-0.088897705
13714,-0.0831604
13715,-0.07363891
13716,-0.07406616
13717,-0.07330322
13718,-0.082672134
13719,-0.087371826
13720,-0.09848021
13721,-0.09588623
13722,-0.09655762
13723,-0.087402344
13724,-0.08370972
13725,-0.07366943
13726,-0.062255852
13727,-0.040863045
13728,-0.014160164
13729,0.009582523
13730,0.04150392
13731,0.05963134
13732,0.071502686
13733,0.08694458
13734,0.09710693
13735,0.10665895
13736,0.11401366
13737,0.12185669
13738,0.11996459
13739,0.10980225
13740,0.092163086
13741,0.07281494
13742,0.048004158
13743,0.031677254
13744,0.022277832
13745,0.016418463
13746,0.016113285
13747,0.029327381
13748,0.04211424
13749,0.052581795
13750,0.06448364
13751,0.07696533
13752,0.08059692
13753,0.07839966
13754,0.07577513
13755,0.07052612
13756,0.069488525
13757,0.061187744
13758,0.05203247
13759,0.04443361
13760,0.030364975
13761,0.027984634
13762,0.029937744
13763,0.038909897
13764,0.047393784
13765,0.05496216
13766,0.051239014
13767,0.051055897
13768,0.041595455
13769,0.04077149
13770,0.030792234
13771,0.025695803
13772,0.023712149
13773,0.026641846
13774,0.026489245
13775,0.023712162
13776,0.02926635
13777,0.01153564
13778,0.0016174342
13779,-0.020202646
13780,-0.030303951
13781,-0.04367066
13782,-0.05044555
13783,-0.04730225
13784,-0.039764397
13785,-0.022491457
13786,-0.0004882924
13787,0.015319822
13788,0.025329597
13789,0.026611323
13790,0.027160645
13791,0.021209724
13792,0.011932382
13793,0.0017089825
13794,-0.0013122708
13795,-0.010711689
13796,-0.013916021
13797,-0.009735109
13798,-0.008270249
13799,0.0073547363
13800,0.017822271
13801,0.027679445
13802,0.029327381
13803,0.028411865
13804,0.027435303
13805,0.015167239
13806,0.0105285775
13807,-0.0024108868
13808,-0.0054626446
13809,-0.025238035
13810,-0.020751957
13811,-0.038299546
13812,-0.037872314
13813,-0.051513672
13814,-0.060729973
13815,-0.069885254
13816,-0.07751464
13817,-0.08483887
13818,-0.09011839
13819,-0.09106446
13820,-0.090362534
13821,-0.091949455
13822,-0.09457398
13823,-0.08538818
13824,-0.07806396
13825,-0.06826783
13826,-0.051086422
13827,-0.042846683
13828,-0.020172121
13829,-0.002319336
13830,0.019500725
13831,0.030883774
13832,0.042083748
13833,0.047393803
13834,0.044097897
13835,0.03857423
13836,0.035919208
13837,0.03100586
13838,0.02166749
13839,0.010192886
13840,-0.0018005297
13841,-0.014556894
13842,-0.023803702
13843,-0.035217274
13844,-0.047912613
13845,-0.05343627
13846,-0.04519652
13847,-0.036956802
13848,-0.020843485
13849,-0.0016784854
13850,0.015716564
13851,0.023193369
13852,0.033752453
13853,0.044128418
13854,0.05215454
13855,0.06338501
13856,0.07241821
13857,0.07675171
13858,0.081085205
13859,0.07632447
13860,0.0736084
13861,0.06744384
13862,0.061706547
13863,0.054168712
13864,0.046600346
13865,0.04049682
13866,0.03659057
13867,0.038452156
13868,0.04135131
13869,0.040435806
13870,0.037750244
13871,0.032104492
13872,0.020263672
13873,0.006164551
13874,-0.0067443773
13875,-0.012817387
13876,-0.019439705
13877,-0.020202637
13878,-0.023681644
13879,-0.022827135
13880,-0.021911614
13881,-0.018371584
13882,-0.020812977
13883,-0.020019509
13884,-0.023223858
13885,-0.015991207
13886,-0.022308353
13887,-0.021728504
13888,-0.021148704
13889,-0.021759026
13890,-0.03570556
13891,-0.045074463
13892,-0.06216429
13893,-0.07495118
13894,-0.08306885
13895,-0.086730964
13896,-0.08691407
13897,-0.08599853
13898,-0.086639404
13899,-0.08688355
13900,-0.096435554
13901,-0.10528563
13902,-0.10852053
13903,-0.10424805
13904,-0.10671997
13905,-0.09353638
13906,-0.09002686
13907,-0.07818605
13908,-0.06271364
13909,-0.04244996
13910,-0.024932852
13911,-0.017120369
13912,-0.01641846
13913,-0.025146486
13914,-0.039154056
13915,-0.04998778
13916,-0.06350709
13917,-0.068573
13918,-0.07580568
13919,-0.06411742
13920,-0.053558365
13921,-0.040161148
13922,-0.031799335
13923,-0.024475085
13924,-0.021179229
13925,-0.011566146
13926,-0.0008239746
13927,0.009429928
13928,0.02230836
13929,0.027252205
13930,0.032318093
13931,0.035614002
13932,0.03421022
13933,0.028778058
13934,0.022430431
13935,0.01205444
13936,-0.0030822828
13937,-0.007507302
13938,-0.019714348
13939,-0.013580307
13940,-0.011535652
13941,0.0028686374
13942,0.012634277
13943,0.0258484
13944,0.033935547
13945,0.04092405
13946,0.042327885
13947,0.03964233
13948,0.040527336
13949,0.032775886
13950,0.035095204
13951,0.031402584
13952,0.03787233
13953,0.046936035
13954,0.06286622
13955,0.074401855
13956,0.08377077
13957,0.09664917
13958,0.10931396
13959,0.12014773
13960,0.11795045
13961,0.10958861
13962,0.09805298
13963,0.07666014
13964,0.05108642
13965,0.028381363
13966,0.010253899
13967,-0.0033569392
13968,-0.01916505
13969,-0.034240708
13970,-0.053710952
13971,-0.0663452
13972,-0.07714846
13973,-0.07797243
13974,-0.07995606
13975,-0.08309937
13976,-0.07666015
13977,-0.07614136
13978,-0.06661989
13979,-0.061828624
13980,-0.04278567
13981,-0.04049681
13982,-0.031738315
13983,-0.03289795
13984,-0.031097401
13985,-0.048156716
13986,-0.055847146
13987,-0.06326296
13988,-0.065399155
13989,-0.05599975
13990,-0.04382323
13991,-0.028503422
13992,-0.010772705
13993,0.0026550107
13994,0.021087658
13995,0.02938842
13996,0.030914307
13997,0.030456554
13998,0.022399917
13999,0.009277339
14000,0.00796509
14001,0.0065918006
14002,0.0072326623
14003,0.006286625
14004,0.017883312
14005,0.026336677
14006,0.03375244
14007,0.045593254
14008,0.053649932
14009,0.062896736
14010,0.07919312
14011,0.08798217
14012,0.10006717
14013,0.09799196
14014,0.106109604
14015,0.10748291
14016,0.10998537
14017,0.105163574
14018,0.10565187
14019,0.10250852
14020,0.09698483
14021,0.09747316
14022,0.093994126
14023,0.110748306
14024,0.12060547
14025,0.13891603
14026,0.15032959
14027,0.15795897
14028,0.15194705
14029,0.14074707
14030,0.1270752
14031,0.113067634
14032,0.11636352
14033,0.1231079
14034,0.13296509
14035,0.13806152
14036,0.14318848
14037,0.14035034
14038,0.12701416
14039,0.122589126
14040,0.10583496
14041,0.08493041
14042,0.058166493
14043,0.039184578
14044,0.01547239
14045,-0.0121154655
14046,-0.033111583
14047,-0.05636599
14048,-0.071380615
14049,-0.09317019
14050,-0.104156494
14051,-0.118927
14052,-0.12390138
14053,-0.1341858
14054,-0.13565062
14055,-0.14328001
14056,-0.13818361
14057,-0.12490843
14058,-0.11312867
14059,-0.093383804
14060,-0.082458496
14061,-0.073608406
14062,-0.06445314
14063,-0.05691528
14064,-0.052124027
14065,-0.049621597
14066,-0.043853752
14067,-0.041656494
14068,-0.04544067
14069,-0.055908218
14070,-0.06286622
14071,-0.06387329
14072,-0.058685318
14073,-0.042572036
14074,-0.016448984
14075,0.0025329664
14076,0.011718733
14077,0.011901852
14078,0.0024108924
14079,-0.0065307394
14080,-0.011016853
14081,-0.008056629
14082,-0.0076599047
14083,-0.0041503794
14084,-0.0036010668
14085,0.003692627
14086,0.007080063
14087,0.01330566
14088,0.006591784
14089,0.017272957
14090,0.017395018
14091,0.03445436
14092,0.038024917
14093,0.047058105
14094,0.03738404
14095,0.032135017
14096,0.016235344
14097,0.0020141602
14098,-0.020202637
14099,-0.039031982
14100,-0.057342537
14101,-0.07034302
14102,-0.08273314
14103,-0.088134766
14104,-0.09222413
14105,-0.10165407
14106,-0.10253905
14107,-0.10629272
14108,-0.107086174
14109,-0.10577391
14110,-0.10839844
14111,-0.11553955
14112,-0.11782836
14113,-0.11322022
14114,-0.112396255
14115,-0.11141968
14116,-0.10665895
14117,-0.09783936
14118,-0.09698486
14119,-0.08459473
14120,-0.081207275
14121,-0.07177733
14122,-0.06759644
14123,-0.06408693
14124,-0.071868904
14125,-0.08084105
14126,-0.09240722
14127,-0.101501465
14128,-0.11190796
14129,-0.110809326
14130,-0.10690308
14131,-0.0932312
14132,-0.07470702
14133,-0.0637207
14134,-0.053131104
14135,-0.043945312
14136,-0.03369141
14137,-0.027740473
14138,-0.010406502
14139,0.00085450336
14140,0.015380871
14141,0.024963379
14142,0.031219482
14143,0.018829338
14144,0.0072937114
14145,-0.0034789974
14146,-0.007965092
14147,-0.016540527
14148,-0.012481674
14149,-0.0067444006
14150,0.0005188142
14151,0.015808113
14152,0.031127943
14153,0.04812623
14154,0.05725096
14155,0.06652832
14156,0.08068846
14157,0.08303833
14158,0.086730964
14159,0.085876465
14160,0.08303833
14161,0.06719971
14162,0.058319088
14163,0.049835198
14164,0.048187252
14165,0.05068972
14166,0.057342537
14167,0.06564329
14168,0.067871094
14169,0.062927246
14170,0.069091804
14171,0.06451417
14172,0.068908684
14173,0.06994629
14174,0.06939696
14175,0.06939699
14176,0.078887954
14177,0.07791139
14178,0.07308961
14179,0.07290647
14180,0.066650406
14181,0.071105935
14182,0.07302857
14183,0.08081053
14184,0.09060669
14185,0.0947876
14186,0.107849106
14187,0.12728883
14188,0.14312746
14189,0.1524658
14190,0.15475462
14191,0.15039064
14192,0.14028932
14193,0.13815309
14194,0.12905882
14195,0.117004395
14196,0.10189818
14197,0.08480834
14198,0.0675354
14199,0.051605232
14200,0.044128425
14201,0.03363036
14202,0.03353883
14203,0.030700676
14204,0.028961185
14205,0.02700805
14206,0.015533455
14207,0.004760742
14208,-0.0077819787
14209,-0.020782478
14210,-0.03347779
14211,-0.039642323
14212,-0.041137688
14213,-0.04074098
14214,-0.045532238
14215,-0.0460205
14216,-0.04953003
14217,-0.061218254
14218,-0.05963134
14219,-0.06472779
14220,-0.061645508
14221,-0.06011965
14222,-0.050750725
14223,-0.050750725
14224,-0.05435182
14225,-0.05380249
14226,-0.05853273
14227,-0.058929436
14228,-0.06091311
14229,-0.04821777
14230,-0.041961666
14231,-0.016265865
14232,0.003936775
14233,0.022521973
14234,0.035888664
14235,0.054229744
14236,0.07107544
14237,0.088836685
14238,0.10736082
14239,0.11599733
14240,0.12609862
14241,0.11468504
14242,0.10070804
14243,0.08477785
14244,0.05603029
14245,0.025604255
14246,-0.006072996
14247,-0.032897945
14248,-0.06741333
14249,-0.09057617
14250,-0.112060554
14251,-0.12585449
14252,-0.13290405
14253,-0.1365357
14254,-0.13436888
14255,-0.1323547
14256,-0.124542244
14257,-0.10900879
14258,-0.09564209
14259,-0.08276368
14260,-0.07241821
14261,-0.05505372
14262,-0.05114746
14263,-0.04101561
14264,-0.04299926
14265,-0.046569824
14266,-0.056121804
14267,-0.064117424
14268,-0.06347656
14269,-0.06988524
14270,-0.069610596
14271,-0.0725708
14272,-0.07296753
14273,-0.07714844
14274,-0.07794188
14275,-0.07870488
14276,-0.077606186
14277,-0.07373045
14278,-0.061828606
14279,-0.058563232
14280,-0.06286622
14281,-0.0630188
14282,-0.07077027
14283,-0.074188225
14284,-0.08291626
14285,-0.08126831
14286,-0.08419799
14287,-0.08746338
14288,-0.088592514
14289,-0.0809326
14290,-0.07785036
14291,-0.07891844
14292,-0.07110596
14293,-0.07183838
14294,-0.068786636
14295,-0.06222534
14296,-0.05361937
14297,-0.054321356
14298,-0.048126206
14299,-0.047851555
14300,-0.0461426
14301,-0.055480972
14302,-0.055236816
14303,-0.06518556
14304,-0.07192992
14305,-0.085357666
14306,-0.08755499
14307,-0.08419803
14308,-0.06237799
14309,-0.027954042
14310,0.016235337
14311,0.07373041
14312,0.1318054
14313,0.19201663
14314,0.2515564
14315,0.30032346
14316,0.34304813
14317,0.37298584
14318,0.38946533
14319,0.39141852
14320,0.38220212
14321,0.35696405
14322,0.329773
14323,0.2881775
14324,0.24725343
14325,0.19833373
14326,0.15264894
14327,0.11074829
14328,0.07928462
14329,0.06060788
14330,0.05328363
14331,0.061035186
14332,0.072082475
14333,0.080779955
14334,0.092468254
14335,0.106079124
14336,0.120941214
14337,0.13153073
14338,0.13589482
14339,0.1281433
14340,0.10714717
14341,0.087432906
14342,0.06964111
14343,0.05413814
14344,0.04360968
14345,0.05407715
14346,0.0632934
14347,0.08615111
14348,0.11505128
14349,0.14630122
14350,0.17404172
14351,0.19250493
14352,0.2045593
14353,0.20040897
14354,0.18353267
14355,0.15179437
14356,0.11257933
14357,0.054687537
14358,-0.006378092
14359,-0.06454469
14360,-0.1295776
14361,-0.19351196
14362,-0.2622071
14363,-0.32345587
14364,-0.39260858
14365,-0.4453125
14366,-0.4968567
14367,-0.53656006
14368,-0.56768805
14369,-0.58773804
14370,-0.59350586
14371,-0.59973156
14372,-0.5894164
14373,-0.57431024
14374,-0.54809564
14375,-0.52236944
14376,-0.48645017
14377,-0.44702142
14378,-0.40658563
14379,-0.35672006
14380,-0.3062744
14381,-0.24606314
14382,-0.19635016
14383,-0.14303595
14384,-0.09957883
14385,-0.06005855
14386,-0.03942874
14387,-0.016540602
14388,-0.0024413466
14389,0.014312729
14390,0.03717038
14391,0.06271359
14392,0.08691407
14393,0.115417406
14394,0.13302623
14395,0.14505015
14396,0.13690194
14397,0.13162223
14398,0.11022952
14399,0.0861817
14400,0.05889897
14401,0.042694032
14402,0.025604129
14403,0.012512237
14404,0.010559052
14405,0.016479522
14406,0.03338629
14407,0.053894103
14408,0.09161371
14409,0.13327035
14410,0.17880243
14411,0.23803718
14412,0.3038941
14413,0.37432867
14414,0.431488
14415,0.48132333
14416,0.5049437
14417,0.5139464
14418,0.51232904
14419,0.50277716
14420,0.4924927
14421,0.4815063
14422,0.46969602
14423,0.44836432
14424,0.4242553
14425,0.3853454
14426,0.36587524
14427,0.33709723
14428,0.3302002
14429,0.32791144
14430,0.32644647
14431,0.31521612
14432,0.29519647
14433,0.25552374
14434,0.20330817
14435,0.12411505
14436,0.044433527
14437,-0.03598015
14438,-0.109802194
14439,-0.17193605
14440,-0.22009274
14441,-0.27243048
14442,-0.31042475
14443,-0.34625238
14444,-0.37374875
14445,-0.40206915
14446,-0.42019653
14447,-0.4304809
14448,-0.43118292
14449,-0.42257696
14450,-0.39544675
14451,-0.36682135
14452,-0.32910156
14453,-0.29159552
14454,-0.25479123
14455,-0.2258606
14456,-0.20584112
14457,-0.19113162
14458,-0.17266846
14459,-0.1661072
14460,-0.15155032
14461,-0.12872307
14462,-0.09750368
14463,-0.060882494
14464,-0.022003189
14465,0.018554628
14466,0.048797622
14467,0.08441165
14468,0.106475785
14469,0.12918083
14470,0.1423035
14471,0.1594544
14472,0.16696171
14473,0.16952518
14474,0.1721801
14475,0.17739871
14476,0.1773376
14477,0.1722718
14478,0.16683963
14479,0.1627503
14480,0.14965814
14481,0.14584358
14482,0.13931265
14483,0.1345824
14484,0.11911003
14485,0.11178593
14486,0.09637451
14487,0.081726074
14488,0.058593754
14489,0.050476115
14490,0.03106694
14491,0.022735544
14492,0.0060119927
14493,-0.003173843
14494,-0.0224915
14495,-0.033355743
14496,-0.046050996
14497,-0.04937745
14498,-0.05657956
14499,-0.058441192
14500,-0.07302859
14501,-0.079498306
14502,-0.09365843
14503,-0.09460455
14504,-0.09283444
14505,-0.09667964
14506,-0.10574342
14507,-0.12063599
14508,-0.1430054
14509,-0.17471315
14510,-0.19015503
14511,-0.2013855
14512,-0.20431516
14513,-0.1960449
14514,-0.19509888
14515,-0.19946286
14516,-0.21166995
14517,-0.22235113
14518,-0.24252315
14519,-0.26663214
14520,-0.29083252
14521,-0.30541992
14522,-0.31677252
14523,-0.3096924
14524,-0.29241943
14525,-0.26348883
14526,-0.23333737
14527,-0.20382686
14528,-0.17346187
14529,-0.14312744
14530,-0.120788574
14531,-0.095886216
14532,-0.07418822
14533,-0.05545044
14534,-0.036041252
14535,-0.018646248
14536,-0.0010375753
14537,0.0166931
14538,0.042663597
14539,0.059936523
14540,0.08654784
14541,0.10461429
14542,0.13870241
14543,0.15948486
14544,0.19665527
14545,0.2244873
14546,0.25720215
14547,0.27319336
14548,0.28845215
14549,0.3003235
14550,0.3080444
14551,0.31585693
14552,0.32928467
14553,0.3408203
14554,0.35116577
14555,0.3609314
14556,0.37545776
14557,0.37393188
14558,0.37142944
14559,0.35446167
14560,0.3357544
14561,0.315979
14562,0.29730225
14563,0.28021243
14564,0.26394653
14565,0.24618532
14566,0.2315979
14567,0.21124268
14568,0.18817137
14569,0.16149904
14570,0.13763429
14571,0.10043332
14572,0.0680237
14573,0.03884889
14574,0.027313247
14575,0.020385727
14576,0.023010239
14577,0.014099106
14578,0.005554199
14579,-0.020843461
14580,-0.03875734
14581,-0.06533812
14582,-0.08822633
14583,-0.11761474
14584,-0.13226317
14585,-0.15270998
14586,-0.16690065
14587,-0.17086792
14588,-0.17877199
14589,-0.18652344
14590,-0.19152834
14591,-0.19647214
14592,-0.20205687
14593,-0.20101929
14594,-0.19046019
14595,-0.18417357
14596,-0.16821289
14597,-0.15887453
14598,-0.14892578
14599,-0.15396121
14600,-0.14602661
14601,-0.13876344
14602,-0.11639405
14603,-0.1026001
14604,-0.08432007
14605,-0.06845091
14606,-0.056854233
14607,-0.038055424
14608,-0.024169933
14609,-0.008087173
14610,0.002746582
14611,0.010467529
14612,0.017334
14613,0.022735588
14614,0.018127419
14615,0.025207527
14616,0.018188447
14617,0.0172119
14618,0.0032348707
14619,-0.001525864
14620,-0.019165054
14621,-0.038391113
14622,-0.058715835
14623,-0.06893921
14624,-0.08297729
14625,-0.09088136
14626,-0.102172844
14627,-0.11077882
14628,-0.120605454
14629,-0.12835693
14630,-0.12664795
14631,-0.12890625
14632,-0.13500975
14633,-0.14559937
14634,-0.15515137
14635,-0.16738889
14636,-0.1751709
14637,-0.18600464
14638,-0.19473265
14639,-0.20272826
14640,-0.2172852
14641,-0.21688844
14642,-0.21255492
14643,-0.19744872
14644,-0.1789856
14645,-0.1536865
14646,-0.13381958
14647,-0.10363768
14648,-0.07318115
14649,-0.04177855
14650,-0.0072937086
14651,0.021209702
14652,0.04418944
14653,0.06710815
14654,0.08557129
14655,0.11123656
14656,0.12835693
14657,0.1394043
14658,0.15438843
14659,0.16036987
14660,0.16348268
14661,0.16244507
14662,0.15774536
14663,0.144928
14664,0.13763428
14665,0.12869263
14666,0.1264038
14667,0.123291
14668,0.12680054
14669,0.13461302
14670,0.1437378
14671,0.15347292
14672,0.15841675
14673,0.16299438
14674,0.15441893
14675,0.14916992
14676,0.14239503
14677,0.1333313
14678,0.1199341
14679,0.11791991
14680,0.10760498
14681,0.09805297
14682,0.086578354
14683,0.08074948
14684,0.070007324
14685,0.059783965
14686,0.04812622
14687,0.045867935
14688,0.027740479
14689,0.022125237
14690,0.0059814528
14691,0.0025940025
14692,-0.0068969578
14693,-0.0037842002
14694,-0.006286625
14695,-0.0057678074
14696,-0.0029907003
14697,-0.005371079
14698,-0.0030822754
14699,0.0008239746
14700,0.012420639
14701,0.018951423
14702,0.026611328
14703,0.02941896
14704,0.043395996
14705,0.05426027
14706,0.067504875
14707,0.07641599
14708,0.08718874
14709,0.10107423
14710,0.10775757
14711,0.107238784
14712,0.0916748
14713,0.07714844
14714,0.063446045
14715,0.05020143
14716,0.025482144
14717,0.0012511984
14718,-0.02941896
14719,-0.055175807
14720,-0.069244385
14721,-0.07687378
14722,-0.075836204
14723,-0.07440189
14724,-0.060424812
14725,-0.04928588
14726,-0.033782974
14727,-0.026428223
14728,-0.0054321215
14729,0.004364025
14730,0.02520753
14731,0.0326538
14732,0.044097893
14733,0.041381836
14734,0.033233635
14735,0.013000496
14736,-0.010040272
14737,-0.043151855
14738,-0.074157685
14739,-0.096893296
14740,-0.114929184
14741,-0.12158203
14742,-0.12713623
14743,-0.12911987
14744,-0.13317871
14745,-0.1253357
14746,-0.11999512
14747,-0.108795136
14748,-0.09744263
14749,-0.07803345
14750,-0.05877684
14751,-0.046783473
14752,-0.037261974
14753,-0.034698483
14754,-0.0385437
14755,-0.03939819
14756,-0.029907234
14757,-0.02844239
14758,-0.026184082
14759,-0.02368164
14760,-0.023803696
14761,-0.03250122
14762,-0.036010727
14763,-0.053924546
14764,-0.067657456
14765,-0.08642575
14766,-0.09463503
14767,-0.10165405
14768,-0.10607909
14769,-0.10760495
14770,-0.10049439
14771,-0.10076904
14772,-0.09686281
14773,-0.09054565
14774,-0.081634514
14775,-0.07403565
14776,-0.05987549
14777,-0.037292488
14778,-0.01263427
14779,0.009643547
14780,0.031555157
14781,0.052490234
14782,0.07083131
14783,0.08615112
14784,0.100402825
14785,0.10406494
14786,0.10073854
14787,0.09179686
14788,0.08059692
14789,0.06314088
14790,0.04730222
14791,0.03036499
14792,0.015014656
14793,-0.008605953
14794,-0.02780151
14795,-0.04241944
14796,-0.06027222
14797,-0.07141114
14798,-0.07501221
14799,-0.0829773
14800,-0.08676146
14801,-0.09069824
14802,-0.09503174
14803,-0.09942627
14804,-0.0986328
14805,-0.09036255
14806,-0.07232665
14807,-0.046875
14808,-0.020538345
14809,0.009765621
14810,0.031249996
14811,0.04956056
14812,0.060882576
14813,0.08187865
14814,0.08432006
14815,0.091644295
14816,0.08074951
14817,0.07458497
14818,0.04385376
14819,0.025299069
14820,0.0026245117
14821,-0.011840818
14822,-0.008178725
14823,0.009155265
14824,0.036102287
14825,0.0713501
14826,0.11462403
14827,0.15148926
14828,0.1751709
14829,0.18328859
14830,0.18023683
14831,0.16467285
14832,0.14147949
14833,0.1217041
14834,0.10317993
14835,0.085449204
14836,0.07843016
14837,0.06610108
14838,0.053741455
14839,0.025543222
14840,0.00024415273
14841,-0.022705086
14842,-0.047912598
14843,-0.062255867
14844,-0.07781981
14845,-0.07269286
14846,-0.069458015
14847,-0.052673332
14848,-0.026275644
14849,-0.0014038049
14850,0.01480102
14851,0.042266846
14852,0.0614624
14853,0.0777893
14854,0.091918945
14855,0.09594728
14856,0.096252434
14857,0.08831786
14858,0.07098388
14859,0.056152344
14860,0.039001465
14861,0.032745358
14862,0.038513176
14863,0.03936769
14864,0.034545906
14865,0.03234863
14866,0.02923584
14867,0.019500751
14868,0.02053832
14869,0.010559084
14870,0.0055541904
14871,0.00039673038
14872,0.0026855404
14873,0.004669193
14874,0.004425047
14875,0.017242435
14876,0.021453857
14877,0.03610229
14878,0.041656494
14879,0.056671143
14880,0.060638405
14881,0.07388307
14882,0.090789795
14883,0.105377205
14884,0.109649666
14885,0.13192749
14886,0.15838623
14887,0.16680908
14888,0.15649414
14889,0.12634277
14890,0.11154176
14891,0.0930786
14892,0.088256836
14893,0.08703613
14894,0.084655754
14895,0.06909178
14896,0.034332283
14897,-0.0009765774
14898,-0.003723152
14899,0.006561294
14900,0.0456848
14901,0.09432982
14902,0.13851933
14903,0.16198732
14904,0.14962766
14905,0.089782715
14906,0.0070190392
14907,-0.061340332
14908,-0.10598755
14909,-0.13970944
14910,-0.17590329
14911,-0.20379637
14912,-0.21484372
14913,-0.18716437
14914,-0.15109253
14915,-0.107299775
14916,-0.069763176
14917,-0.069671646
14918,-0.08813475
14919,-0.12957765
14920,-0.14828493
14921,-0.16333008
14922,-0.14083862
14923,-0.10739142
14924,-0.059356652
14925,-0.031249981
14926,-0.035003666
14927,-0.073608406
14928,-0.13180542
14929,-0.18487546
14930,-0.22888184
14931,-0.25793457
14932,-0.29614258
14933,-0.3239441
14934,-0.32766718
14935,-0.28402713
14936,-0.22439575
14937,-0.13925166
14938,-0.05624388
14939,-0.005493162
14940,0.012634283
14941,0.019989006
14942,0.030456552
14943,0.057983384
14944,0.08071897
14945,0.10830686
14946,0.14041138
14947,0.14743043
14948,0.11904909
14949,0.062072784
14950,-0.0065612793
14951,-0.08798218
14952,-0.15557861
14953,-0.21963498
14954,-0.24612425
14955,-0.25463867
14956,-0.26004022
14957,-0.2826844
14958,-0.30896002
14959,-0.33071893
14960,-0.34298712
14961,-0.3244323
14962,-0.26644894
14963,-0.19961548
14964,-0.17309567
14965,-0.17199706
14966,-0.19396964
14967,-0.22064197
14968,-0.22976702
14969,-0.195099
14970,-0.11264032
14971,0.033355743
14972,0.20715332
14973,0.33789062
14974,0.41915894
14975,0.4693603
14976,0.5111388
14977,0.52355945
14978,0.47222888
14979,0.36486822
14980,0.22128296
14981,0.072906375
14982,-0.0464783
14983,-0.07467647
14984,-0.0019530654
14985,0.10705568
14986,0.19515991
14987,0.24026491
14988,0.23532104
14989,0.1774904
14990,0.10305774
14991,0.04196152
14992,0.036254957
14993,0.078247115
14994,0.15002441
14995,0.21841426
14996,0.24685666
14997,0.24496454
14998,0.19250476
14999,0.1369322
15000,0.07510371
15001,0.033264235
15002,-9.159744e-05
15003,-0.021850675
15004,-0.03372196
15005,-0.028839111
15006,-0.029479936
15007,-0.010406464
15008,0.028778017
15009,0.09164426
15010,0.13665766
15011,0.1581726
15012,0.14004526
15013,0.09857172
15014,0.03253168
15015,-0.02343753
15016,-0.07009885
15017,-0.10949709
15018,-0.12387087
15019,-0.08264162
15020,0.019500792
15021,0.14739993
15022,0.24417114
15023,0.29425043
15024,0.30096436
15025,0.26293945
15026,0.1866456
15027,0.10809314
15028,0.011199951
15029,-0.11441037
15030,-0.2934571
15031,-0.5084534
15032,-0.736206
15033,-0.94393927
15034,-1.1122131
15035,-1.1879272
15036,-1.1349487
15037,-0.96841437
15038,-0.7369384
15039,-0.4932557
15040,-0.24554443
15041,-0.02658087
15042,0.15954587
15043,0.28384396
15044,0.35583496
15045,0.36779806
15046,0.34954852
15047,0.30828854
15048,0.26910406
15049,0.23510742
15050,0.20544422
15051,0.19641113
15052,0.21588138
15053,0.25943
15054,0.31774896
15055,0.3831178
15056,0.43563855
15057,0.456177
15058,0.4314879
15059,0.34765625
15060,0.22711176
15061,0.09451297
15062,-0.04058832
15063,-0.20349112
15064,-0.37457263
15065,-0.5215148
15066,-0.60324097
15067,-0.61154187
15068,-0.57354736
15069,-0.4965514
15070,-0.4116517
15071,-0.3484496
15072,-0.3150025
15073,-0.2823181
15074,-0.23721316
15075,-0.1609803
15076,-0.05392459
15077,0.06823719
15078,0.18945317
15079,0.28573614
15080,0.3429259
15081,0.36312854
15082,0.35409543
15083,0.35256964
15084,0.37063605
15085,0.4045411
15086,0.4582825
15087,0.5190431
15088,0.5753783
15089,0.61627185
15090,0.65679944
15091,0.67559814
15092,0.6769409
15093,0.64193714
15094,0.5722656
15095,0.47091675
15096,0.35659793
15097,0.23110962
15098,0.113342285
15099,0.0040893704
15100,-0.079833955
15101,-0.14895625
15102,-0.20547485
15103,-0.24511713
15104,-0.27511597
15105,-0.30392462
15106,-0.34323126
15107,-0.3854065
15108,-0.42846674
15109,-0.47131348
15110,-0.49526966
15111,-0.5056151
15112,-0.5010681
15113,-0.4900512
15114,-0.4504395
15115,-0.40274036
15116,-0.32321173
15117,-0.23059084
15118,-0.11843869
15119,0.0037231743
15120,0.13113403
15121,0.26364142
15122,0.3947448
15123,0.48886108
15124,0.5531311
15125,0.5697937
15126,0.5523681
15127,0.5242005
15128,0.48977667
15129,0.4653626
15130,0.44015497
15131,0.418396
15132,0.40093982
15133,0.37564075
15134,0.34194943
15135,0.30401608
15136,0.25619504
15137,0.20703126
15138,0.172638
15139,0.14007568
15140,0.11090088
15141,0.080322266
15142,0.050262466
15143,0.015289307
15144,-0.027557418
15145,-0.07247931
15146,-0.12988278
15147,-0.18133542
15148,-0.22445676
15149,-0.23065187
15150,-0.20968628
15151,-0.16406253
15152,-0.109466575
15153,-0.052887037
15154,-0.017364472
15155,0.006011948
15156,0.012023911
15157,0.005065888
15158,-0.008483872
15159,-0.030517623
15160,-0.051513623
15161,-0.08569335
15162,-0.11264039
15163,-0.15130615
15164,-0.18347165
15165,-0.21701051
15166,-0.23880005
15167,-0.23272711
15168,-0.22024533
15169,-0.2021179
15170,-0.17428587
15171,-0.15789801
15172,-0.16131592
15173,-0.15762329
15174,-0.16421507
15175,-0.15863039
15176,-0.16006464
15177,-0.14532468
15178,-0.13278198
15179,-0.11047364
15180,-0.0934753
15181,-0.06936644
15182,-0.046173096
15183,-0.01971434
15184,0.005279526
15185,0.031829827
15186,0.047607407
15187,0.05865477
15188,0.066711426
15189,0.073822014
15190,0.08599852
15191,0.09490965
15192,0.10861202
15193,0.11187746
15194,0.12789917
15195,0.13354492
15196,0.14349367
15197,0.13137816
15198,0.11871341
15199,0.09066771
15200,0.062408432
15201,0.029632583
15202,-0.0074768066
15203,-0.043853752
15204,-0.079620376
15205,-0.106964126
15206,-0.12530519
15207,-0.13568118
15208,-0.1517029
15209,-0.15618895
15210,-0.1750183
15211,-0.19906615
15212,-0.2199707
15213,-0.2518921
15214,-0.27011102
15215,-0.3015747
15216,-0.32299805
15217,-0.35482788
15218,-0.3786316
15219,-0.40768433
15220,-0.41201782
15221,-0.40859985
15222,-0.4076538
15223,-0.38796997
15224,-0.36495972
15225,-0.32739258
15226,-0.30474854
15227,-0.27490234
15228,-0.25613406
15229,-0.2320862
15230,-0.19940189
15231,-0.16384889
15232,-0.117034905
15233,-0.06933591
15234,-0.010253914
15235,0.041351296
15236,0.08236695
15237,0.08828737
15238,0.086120605
15239,0.057830796
15240,0.03283693
15241,0.014587424
15242,0.017150886
15243,0.02951051
15244,0.08062744
15245,0.12313841
15246,0.17559814
15247,0.21212769
15248,0.2522583
15249,0.2689209
15250,0.28723145
15251,0.29553223
15252,0.29470825
15253,0.2788086
15254,0.25094607
15255,0.2121582
15256,0.16729733
15257,0.13598631
15258,0.095336914
15259,0.076416016
15260,0.039031982
15261,0.021026608
15262,0.00079345074
15263,-0.010742211
15264,-0.011993408
15265,0.0008239914
15266,0.021667466
15267,0.044006355
15268,0.06497191
15269,0.076873764
15270,0.07769777
15271,0.070983894
15272,0.066406235
15273,0.058197014
15274,0.054718025
15275,0.05297856
15276,0.048309326
15277,0.041168213
15278,0.032897964
15279,0.028930679
15280,0.031524673
15281,0.04724121
15282,0.069427505
15283,0.10229491
15284,0.13061523
15285,0.15759277
15286,0.17208862
15287,0.17657468
15288,0.15356444
15289,0.11846925
15290,0.07492064
15291,0.040802006
15292,0.0006103553
15293,-0.017517088
15294,-0.04006958
15295,-0.05361937
15296,-0.062408444
15297,-0.06176757
15298,-0.054901097
15299,-0.04229735
15300,-0.029418945
15301,-0.00598146
15302,0.019287124
15303,0.056976303
15304,0.10061647
15305,0.14154054
15306,0.16671754
15307,0.19372559
15308,0.20040894
15309,0.20037843
15310,0.19906612
15311,0.20672606
15312,0.2102661
15313,0.2019043
15314,0.20700073
15315,0.19641115
15316,0.19055177
15317,0.16693118
15318,0.15072635
15319,0.114257805
15320,0.08264163
15321,0.057495095
15322,0.027160615
15323,0.0068053985
15324,-0.025238052
15325,-0.036315918
15326,-0.06277467
15327,-0.084930405
15328,-0.10311889
15329,-0.11795044
15330,-0.12634277
15331,-0.13952634
15332,-0.13735962
15333,-0.12667848
15334,-0.107604966
15335,-0.081726104
15336,-0.059051502
15337,-0.027770992
15338,-0.011596702
15339,0.0065612607
15340,0.012756348
15341,0.016448975
15342,0.012329094
15343,0.014801029
15344,0.014709476
15345,0.018127449
15346,0.03549196
15347,0.053955078
15348,0.082611084
15349,0.10772705
15350,0.13064575
15351,0.14477539
15352,0.14132692
15353,0.11489865
15354,0.07839964
15355,0.020324709
15356,-0.04589844
15357,-0.10015868
15358,-0.15838623
15359,-0.20376587
15360,-0.23324586
15361,-0.2467041
15362,-0.263031
15363,-0.25811768
15364,-0.25061035
15365,-0.23678586
15366,-0.22750857
15367,-0.22039796
15368,-0.2268982
15369,-0.25393677
15370,-0.27743533
15371,-0.3103943
15372,-0.35168457
15373,-0.37857056
15374,-0.38839728
15375,-0.38858032
15376,-0.36029053
15377,-0.31817627
15378,-0.2543945
15379,-0.19775394
15380,-0.13232422
15381,-0.08963012
15382,-0.047119148
15383,-0.019775374
15384,0.00790406
15385,0.027099598
15386,0.043182354
15387,0.0522461
15388,0.06341555
15389,0.06848146
15390,0.050323483
15391,0.02227784
15392,-0.027465824
15393,-0.0751038
15394,-0.1131897
15395,-0.14285278
15396,-0.14553839
15397,-0.12640381
15398,-0.09887691
15399,-0.07919313
15400,-0.050750703
15401,-0.034820568
15402,-0.012145992
15403,0.011413559
15404,0.02893067
15405,0.054290745
15406,0.07208252
15407,0.09863281
15408,0.11312865
15409,0.12478638
15410,0.13586429
15411,0.13293457
15412,0.12426759
15413,0.10186767
15414,0.065979004
15415,0.041473337
15416,0.037902832
15417,0.049102798
15418,0.06311033
15419,0.10687256
15420,0.13803104
15421,0.17269897
15422,0.19485472
15423,0.20996097
15424,0.20950317
15425,0.20037839
15426,0.1855469
15427,0.17269899
15428,0.14508057
15429,0.11611937
15430,0.09576417
15431,0.06838988
15432,0.05419923
15433,0.050750747
15434,0.086517364
15435,0.14492798
15436,0.23010254
15437,0.3182984
15438,0.38751224
15439,0.43014523
15440,0.4385377
15441,0.41607666
15442,0.37298584
15443,0.32885742
15444,0.28445435
15445,0.25646973
15446,0.22158815
15447,0.19830321
15448,0.1723328
15449,0.1354065
15450,0.10644528
15451,0.06890868
15452,0.04202272
15453,-0.004272446
15454,-0.04626465
15455,-0.08181763
15456,-0.086181656
15457,-0.06808473
15458,-0.019226074
15459,0.03601083
15460,0.08935547
15461,0.12777707
15462,0.13763434
15463,0.14761353
15464,0.11090082
15465,0.071899384
15466,0.014587402
15467,-0.03936769
15468,-0.07971193
15469,-0.10202025
15470,-0.1367798
15471,-0.16006468
15472,-0.17489624
15473,-0.17681886
15474,-0.18460082
15475,-0.17520145
15476,-0.16122438
15477,-0.15756226
15478,-0.15625001
15479,-0.17776492
15480,-0.19815063
15481,-0.22763065
15482,-0.2418518
15483,-0.25375363
15484,-0.24615483
15485,-0.23724365
15486,-0.20965575
15487,-0.15789796
15488,-0.103881836
15489,-0.04367067
15490,-0.00268553
15491,0.040802006
15492,0.07061764
15493,0.09014894
15494,0.09292604
15495,0.14276126
15496,0.15698239
15497,0.19580078
15498,0.23916624
15499,0.24551392
15500,0.27618408
15501,0.30450442
15502,0.33496094
15503,0.34704596
15504,0.35357666
15505,0.31369013
15506,0.25418097
15507,0.18179323
15508,0.11175533
15509,0.03964235
15510,-0.025329597
15511,-0.05517576
15512,-0.07702636
15513,-0.0775757
15514,-0.06689453
15515,-0.05026249
15516,-0.05715944
15517,-0.019775376
15518,-0.019226044
15519,-0.016174257
15520,-0.01599124
15521,-0.04629515
15522,-0.08905034
15523,-0.1397095
15524,-0.2180481
15525,-0.28027344
15526,-0.34829712
15527,-0.41036987
15528,-0.4719239
15529,-0.50372314
15530,-0.5158386
15531,-0.5194702
15532,-0.4918213
15533,-0.46621707
15534,-0.4305725
15535,-0.40170288
15536,-0.35839844
15537,-0.3493347
15538,-0.35031128
15539,-0.29959103
15540,-0.27972412
15541,-0.23532104
15542,-0.17581177
15543,-0.16033934
15544,-0.15643306
15545,-0.1669312
15546,-0.20071416
15547,-0.2226868
15548,-0.23608398
15549,-0.2586975
15550,-0.26306158
15551,-0.26181024
15552,-0.227478
15553,-0.19107057
15554,-0.1281128
15555,-0.074279785
15556,-0.012329112
15557,0.03884886
15558,0.11373903
15559,0.1738281
15560,0.26651
15561,0.24014284
15562,0.27233887
15563,0.25781253
15564,0.20315555
15565,0.18313599
15566,0.111389175
15567,0.051361084
15568,0.0042419396
15569,-0.04360961
15570,-0.07232666
15571,-0.041076664
15572,0.021087587
15573,0.091613844
15574,0.1672668
15575,0.22650146
15576,0.25765994
15577,0.25115967
15578,0.23034668
15579,0.18554689
15580,0.14361571
15581,0.10989384
15582,0.12332153
15583,0.027984574
15584,0.0016479343
15585,-0.059692353
15586,-0.14666745
15587,-0.16934207
15588,-0.207611
15589,-0.20172127
15590,-0.15576172
15591,-0.08258059
15592,0.0048827827
15593,0.13500974
15594,0.2651672
15595,0.36737067
15596,0.4386902
15597,0.4859314
15598,0.48422244
15599,0.4515381
15600,0.40686035
15601,0.3299561
15602,0.23764035
15603,0.17019658
15604,0.09710695
15605,0.08782956
15606,0.07452388
15607,0.09295654
15608,0.14279178
15609,0.20483392
15610,0.30841064
15611,0.39508057
15612,0.4656068
15613,0.514984
15614,0.5329895
15615,0.5073242
15616,0.46380618
15617,0.41107172
15618,0.35250854
15619,0.3045349
15620,0.2626343
15621,0.25677487
15622,0.25750735
15623,0.2915039
15624,0.3099975
15625,0.34988406
15626,0.42147833
15627,0.38235468
15628,0.38464352
15629,0.35943604
15630,0.3203736
15631,0.34735107
15632,0.35662842
15633,0.3548279
15634,0.35980237
15635,0.31442252
15636,0.25415036
15637,0.2035217
15638,0.15774551
15639,0.089904666
15640,0.008331299
15641,-0.082458496
15642,-0.18862924
15643,-0.298706
15644,-0.39529425
15645,-0.47210693
15646,-0.53536975
15647,-0.5743714
15648,-0.62515265
15649,-0.5952453
15650,-0.59115595
15651,-0.5734559
15652,-0.55215466
15653,-0.5726012
15654,-0.5922242
15655,-0.62036127
15656,-0.6419068
15657,-0.6433104
15658,-0.6295166
15659,-0.63293445
15660,-0.6410522
15661,-0.65045166
15662,-0.6489258
15663,-0.6383362
15664,-0.6162721
15665,-0.5845337
15666,-0.54650885
15667,-0.5162964
15668,-0.49972528
15669,-0.46987924
15670,-0.4706726
15671,-0.4105834
15672,-0.38693228
15673,-0.34378064
15674,-0.26705942
15675,-0.19097893
15676,-0.08526623
15677,0.027038708
15678,0.101104796
15679,0.16403203
15680,0.19866946
15681,0.20434579
15682,0.18267824
15683,0.16729732
15684,0.14257812
15685,0.12857054
15686,0.1228638
15687,0.14334105
15688,0.17468265
15689,0.221344
15690,0.28399658
15691,0.3255921
15692,0.35430908
15693,0.3748474
15694,0.38586426
15695,0.38342288
15696,0.36520386
15697,0.32720947
15698,0.26071173
15699,0.18731682
15700,0.107727036
15701,0.043365464
15702,-0.020446792
15703,-0.06408697
15704,-0.09600827
15705,-0.11627199
15706,-0.1254883
15707,-0.14035036
15708,-0.13803111
15709,-0.15502924
15710,-0.18103032
15711,-0.21539307
15712,-0.24047841
15713,-0.27777106
15714,-0.30316162
15715,-0.3219298
15716,-0.32089227
15717,-0.31790173
15718,-0.32397467
15719,-0.32800287
15720,-0.3335572
15721,-0.33337396
15722,-0.31073004
15723,-0.2815551
15724,-0.23861687
15725,-0.18478385
15726,-0.11886603
15727,-0.05514523
15728,0.013336174
15729,0.08312985
15730,0.1502686
15731,0.19973755
15732,0.23764041
15733,0.25878906
15734,0.25994873
15735,0.2532044
15736,0.24594116
15737,0.23165894
15738,0.218811
15739,0.21789555
15740,0.21850589
15741,0.21759032
15742,0.22589116
15743,0.24771115
15744,0.26071167
15745,0.27908322
15746,0.2892151
15747,0.2997741
15748,0.29989618
15749,0.30541995
15750,0.30532837
15751,0.31048584
15752,0.30938724
15753,0.31652832
15754,0.31652832
15755,0.30737305
15756,0.29821777
15757,0.2775574
15758,0.27218628
15759,0.25750732
15760,0.25924683
15761,0.26599127
15762,0.272583
15763,0.272583
15764,0.26940924
15765,0.25625604
15766,0.23617555
15767,0.20654295
15768,0.17141725
15769,0.1330871
15770,0.086486824
15771,0.046508767
15772,0.003234841
15773,-0.038177513
15774,-0.07235716
15775,-0.09289551
15776,-0.099304184
15777,-0.09097287
15778,-0.06649782
15779,-0.032318108
15780,-0.004516624
15781,0.013092019
15782,0.019775413
15783,0.013092045
15784,0.0027466007
15785,-0.018554688
15786,-0.03265379
15787,-0.05404665
15788,-0.062225346
15789,-0.073455825
15790,-0.07626341
15791,-0.09353636
15792,-0.117309585
15793,-0.15112305
15794,-0.18817142
15795,-0.21661377
15796,-0.24334715
15797,-0.25628662
15798,-0.245758
15799,-0.21261592
15800,-0.1548462
15801,-0.08807374
15802,-0.02807618
15803,0.027160628
15804,0.06475829
15805,0.090423554
15806,0.108367905
15807,0.12295532
15808,0.13034056
15809,0.13351437
15810,0.13284302
15811,0.13342285
15812,0.1259155
15813,0.11666872
15814,0.09375
15815,0.053253204
15816,0.0017700344
15817,-0.055999756
15818,-0.10342407
15819,-0.15060423
15820,-0.18078612
15821,-0.18777461
15822,-0.19097903
15823,-0.17285156
15824,-0.14852905
15825,-0.11318969
15826,-0.07910154
15827,-0.04702758
15828,-0.0147094615
15829,0.012634285
15830,0.02636718
15831,0.050659195
15832,0.06213379
15833,0.0699158
15834,0.08020018
15835,0.09500126
15836,0.11633301
15837,0.15649414
15838,0.19381715
15839,0.23077393
15840,0.26519775
15841,0.28634644
15842,0.29357904
15843,0.28060907
15844,0.25341797
15845,0.21740726
15846,0.16238402
15847,0.10360717
15848,0.040191658
15849,-0.019256629
15850,-0.07324219
15851,-0.11782838
15852,-0.15704346
15853,-0.20663449
15854,-0.24484256
15855,-0.2701416
15856,-0.2803345
15857,-0.26693726
15858,-0.23013304
15859,-0.1744995
15860,-0.09881592
15861,-0.035125703
15862,0.023223907
15863,0.054565445
15864,0.06628415
15865,0.05981438
15866,0.037414566
15867,-0.008270219
15868,-0.05398561
15869,-0.099914566
15870,-0.14300537
15871,-0.16238403
15872,-0.1869507
15873,-0.19082643
15874,-0.19464113
15875,-0.19320679
15876,-0.19232176
15877,-0.18041989
15878,-0.16589354
15879,-0.1362915
15880,-0.0923157
15881,-0.056701653
15882,-0.032958955
15883,-0.023742676
15884,-0.025421143
15885,-0.027282707
15886,-0.049224824
15887,-0.06561277
15888,-0.098205574
15889,-0.12017822
15890,-0.14785767
15891,-0.15731812
15892,-0.16256714
15893,-0.16113281
15894,-0.15411375
15895,-0.15390015
15896,-0.15493777
15897,-0.1546936
15898,-0.1418457
15899,-0.13128662
15900,-0.110015854
15901,-0.094177224
15902,-0.06835939
15903,-0.025726324
15904,0.025878929
15905,0.091369644
15906,0.1482544
15907,0.20098877
15908,0.2332153
15909,0.23916617
15910,0.2263794
15911,0.18371584
15912,0.14505005
15913,0.09082031
15914,0.044708252
15915,-0.0061035305
15916,-0.03253175
15917,-0.05905153
15918,-0.06323241
15919,-0.062042218
15920,-0.059814446
15921,-0.06637569
15922,-0.06887816
15923,-0.07403568
15924,-0.079772934
15925,-0.091552734
15926,-0.098754905
15927,-0.10015871
15928,-0.11059568
15929,-0.11489867
15930,-0.11431879
15931,-0.11889647
15932,-0.11138916
15933,-0.102630615
15934,-0.08666992
15935,-0.08129884
15936,-0.07424927
15937,-0.062591515
15938,-0.052856438
15939,-0.038940437
15940,-0.0020752177
15941,0.033996563
15942,0.073883094
15943,0.10095215
15944,0.12551883
15945,0.12393189
15946,0.11517334
15947,0.09051513
15948,0.067108154
15949,0.04400633
15950,0.024353033
15951,0.021881096
15952,0.018402144
15953,0.026886022
15954,0.038513154
15955,0.0682678
15956,0.09365845
15957,0.13690186
15958,0.16732785
15959,0.1940918
15960,0.21057129
15961,0.21646117
15962,0.20709229
15963,0.1899414
15964,0.1663208
15965,0.14285277
15966,0.11724853
15967,0.08886719
15968,0.057006836
15969,0.027130134
15970,-0.008239746
15971,-0.035156243
15972,-0.059753425
15973,-0.07708741
15974,-0.080383316
15975,-0.07614134
15976,-0.06344604
15977,-0.054351803
15978,-0.035644524
15979,-0.022430431
15980,-0.0037231501
15981,-0.00079344586
15982,0.02044677
15983,0.03561399
15984,0.05740358
15985,0.07672117
15986,0.08612059
15987,0.083862305
15988,0.070465095
15989,0.06152343
15990,0.045593288
15991,0.022399914
15992,0.01464843
15993,0.0071411096
15994,0.0056152493
15995,-0.0045471117
15996,-0.0020751879
15997,-0.009826664
15998,-0.011962894
15999,-0.007781989
16000,-0.0011596677
16001,0.0008239597
16002,-0.0013733059
16003,0.0015563928
16004,-0.0058288593
16005,-0.005554214
16006,-0.011901865
16007,-0.02670287
16008,-0.034454342
16009,-0.043640144
16010,-0.047821056
16011,-0.05221557
16012,-0.046142563
16013,-0.043853745
16014,-0.038208004
16015,-0.044860825
16016,-0.04248046
16017,-0.04244995
16018,-0.040618896
16019,-0.031707764
16020,-0.02279663
16021,-0.0014953539
16022,0.023101805
16023,0.057342533
16024,0.08517457
16025,0.11639404
16026,0.13137817
16027,0.1421814
16028,0.13442993
16029,0.1267395
16030,0.113403305
16031,0.09899901
16032,0.08987427
16033,0.081878655
16034,0.07046509
16035,0.06231688
16036,0.04971313
16037,0.027557373
16038,0.006347634
16039,-0.010375973
16040,-0.034179688
16041,-0.046569824
16042,-0.051971428
16043,-0.058471665
16044,-0.06677246
16045,-0.0657959
16046,-0.05911255
16047,-0.058349617
16048,-0.048095718
16049,-0.03472899
16050,-0.01794435
16051,-0.002868645
16052,0.0205383
16053,0.04684449
16054,0.05596924
16055,0.06817628
16056,0.06530762
16057,0.060638428
16058,0.041564934
16059,0.03088379
16060,0.0081787035
16061,-0.012023919
16062,-0.028198244
16063,-0.033813477
16064,-0.03765869
16065,-0.041870117
16066,-0.039367676
16067,-0.048614495
16068,-0.050476074
16069,-0.047454834
16070,-0.04452515
16071,-0.037445065
16072,-0.030609138
16073,-0.020843502
16074,-0.024932854
16075,-0.020996075
16076,-0.036682144
16077,-0.038024917
16078,-0.045532256
16079,-0.04092407
16080,-0.046295173
16081,-0.03472901
16082,-0.026275633
16083,-0.0215149
16084,-0.020965578
16085,-0.014343271
16086,-0.013610848
16087,-0.0014953557
16088,0.013732906
16089,0.039642345
16090,0.06408692
16091,0.08981323
16092,0.10012817
16093,0.09707643
16094,0.08963012
16095,0.087768555
16096,0.08792116
16097,0.10192871
16098,0.12371826
16099,0.13400266
16100,0.13296507
16101,0.129364
16102,0.114715576
16103,0.09231566
16104,0.074798584
16105,0.06411743
16106,0.059020985
16107,0.054901123
16108,0.050415047
16109,0.04745482
16110,0.026885986
16111,0.0078124925
16112,-0.017303467
16113,-0.04547119
16114,-0.07196045
16115,-0.0954895
16116,-0.112457275
16117,-0.11828615
16118,-0.118713364
16119,-0.110168464
16120,-0.09143066
16121,-0.07116698
16122,-0.05142212
16123,-0.023223877
16124,-0.003478989
16125,0.019073494
16126,0.04733278
16127,0.07357788
16128,0.10305786
16129,0.1111145
16130,0.111328125
16131,0.08633421
16132,0.057281494
16133,0.01019286
16134,-0.022155765
16135,-0.059539787
16136,-0.07681274
16137,-0.087738045
16138,-0.093811005
16139,-0.099731475
16140,-0.11236572
16141,-0.12768555
16142,-0.1425476
16143,-0.14532469
16144,-0.12954712
16145,-0.09686281
16146,-0.055419907
16147,-0.011169434
16148,0.018829346
16149,0.029815672
16150,0.021057134
16151,0.009155277
16152,-0.008636467
16153,-0.017669676
16154,-0.025817875
16155,-0.016662598
16156,-0.016448976
16157,-0.015563963
16158,-0.021911614
16159,-0.031494144
16160,-0.054382347
16161,-0.07189941
16162,-0.08270264
16163,-0.08551028
16164,-0.073120125
16165,-0.06640624
16166,-0.05242919
16167,-0.056854248
16168,-0.049652115
16169,-0.051025387
16170,-0.047424324
16171,-0.030792259
16172,-0.0012207329
16173,0.026031494
16174,0.052948005
16175,0.06564331
16176,0.07131958
16177,0.05691529
16178,0.04232789
16179,0.015045151
16180,-0.004669182
16181,-0.024353035
16182,-0.033630416
16183,-0.05313112
16184,-0.065155014
16185,-0.09188841
16186,-0.10827637
16187,-0.12710568
16188,-0.13748166
16189,-0.15493774
16190,-0.1541748
16191,-0.16131592
16192,-0.15173343
16193,-0.13790897
16194,-0.119354255
16195,-0.10876465
16196,-0.080871575
16197,-0.064392075
16198,-0.036590576
16199,-0.0155944675
16200,0.010589611
16201,0.029815666
16202,0.04049681
16203,0.03848268
16204,0.033203125
16205,0.01065062
16206,-0.01693726
16207,-0.05026244
16208,-0.08709718
16209,-0.11450194
16210,-0.12942506
16211,-0.13568117
16212,-0.13476564
16213,-0.1310425
16214,-0.12945557
16215,-0.13018799
16216,-0.14288329
16217,-0.144104
16218,-0.14892578
16219,-0.13967896
16220,-0.12927246
16221,-0.10971069
16222,-0.093170166
16223,-0.07305908
16224,-0.058929443
16225,-0.035980225
16226,-0.021545418
16227,-0.00024412572
16228,0.021270737
16229,0.05026248
16230,0.06402586
16231,0.07058716
16232,0.06713867
16233,0.051513657
16234,0.046966523
16235,0.05249022
16236,0.067108154
16237,0.08212283
16238,0.11178589
16239,0.12927246
16240,0.14804077
16241,0.15634155
16242,0.1659241
16243,0.17953493
16244,0.1822815
16245,0.20306395
16246,0.2109985
16247,0.23071289
16248,0.23986815
16249,0.26211548
16250,0.27825928
16251,0.29379272
16252,0.30651855
16253,0.32040405
16254,0.33337402
16255,0.34231567
16256,0.3434143
16257,0.33703613
16258,0.32614136
16259,0.30770877
16260,0.2798767
16261,0.24218749
16262,0.1895447
16263,0.1482544
16264,0.10067749
16265,0.061889645
16266,0.025085445
16267,0.011749268
16268,0.00033568218
16269,-0.003234867
16270,0.0050964467
16271,0.01278686
16272,0.007720951
16273,-0.0003357036
16274,-0.0040283194
16275,-0.011352533
16276,-0.016845725
16277,-0.015777592
16278,-0.03286743
16279,-0.04443359
16280,-0.06588743
16281,-0.07559203
16282,-0.08953856
16283,-0.08270264
16284,-0.083526626
16285,-0.06707764
16286,-0.061676025
16287,-0.050750736
16288,-0.046630867
16289,-0.04473877
16290,-0.034790043
16291,-0.016876241
16292,0.0063476413
16293,0.043914795
16294,0.092681855
16295,0.14434814
16296,0.17684937
16297,0.19577026
16298,0.18521118
16299,0.16763306
16300,0.13961792
16301,0.114471436
16302,0.0918274
16303,0.06451416
16304,0.04452516
16305,0.025970459
16306,0.014953613
16307,-0.014221206
16308,-0.04177855
16309,-0.08038331
16310,-0.112884514
16311,-0.1468811
16312,-0.17861937
16313,-0.20904541
16314,-0.23117062
16315,-0.24047853
16316,-0.23840332
16317,-0.22680664
16318,-0.20028685
16319,-0.17495729
16320,-0.14920045
16321,-0.12783812
16322,-0.111907944
16323,-0.10491946
16324,-0.10684204
16325,-0.11218263
16326,-0.123992935
16327,-0.14776613
16328,-0.16751097
16329,-0.18475343
16330,-0.19479369
16331,-0.20825194
16332,-0.2124939
16333,-0.22161864
16334,-0.21905513
16335,-0.22387694
16336,-0.21331786
16337,-0.21853638
16338,-0.21554565
16339,-0.2286377
16340,-0.23901367
16341,-0.25253296
16342,-0.25704956
16343,-0.25756836
16344,-0.24551392
16345,-0.22943114
16346,-0.21817018
16347,-0.19665529
16348,-0.17736816
16349,-0.13903809
16350,-0.09411622
16351,-0.043029785
16352,0.01159668
16353,0.0452881
16354,0.08636474
16355,0.09866334
16356,0.10357666
16357,0.09191895
16358,0.07675171
16359,0.05505374
16360,0.04129031
16361,0.030426033
16362,0.025054932
16363,0.018158011
16364,0.015777573
16365,0.018035874
16366,0.029663026
16367,0.035980225
16368,0.05914311
16369,0.07376101
16370,0.09799196
16371,0.107360825
16372,0.11807252
16373,0.11639403
16374,0.1238098
16375,0.13876346
16376,0.15536502
16377,0.1749573
16378,0.18899536
16379,0.2008057
16380,0.19763187
16381,0.18078615
16382,0.15161136
16383,0.119964615
16384,0.10253909
16385,0.08593753
16386,0.09155272
16387,0.09884642
16388,0.1253967
16389,0.14309692
16390,0.16873178
16391,0.18661505
16392,0.20181271
16393,0.21572877
16394,0.23001093
16395,0.24642947
16396,0.25952145
16397,0.29309082
16398,0.3083191
16399,0.3264466
16400,0.33520508
16401,0.33886728
16402,0.33511358
16403,0.3254395
16404,0.31356812
16405,0.29306036
16406,0.27349854
16407,0.2687378
16408,0.2700195
16409,0.26632693
16410,0.25802606
16411,0.25585932
16412,0.2399903
16413,0.2260437
16414,0.20120233
16415,0.1846924
16416,0.15057367
16417,0.1150208
16418,0.06707761
16419,0.0118102655
16420,-0.055725068
16421,-0.122558564
16422,-0.18606569
16423,-0.25366205
16424,-0.31417844
16425,-0.37091064
16426,-0.4268189
16427,-0.47314453
16428,-0.5218811
16429,-0.5581666
16430,-0.6004943
16431,-0.62527466
16432,-0.6567382
16433,-0.6777649
16434,-0.6870423
16435,-0.68524176
16436,-0.6694032
16437,-0.6552734
16438,-0.6372376
16439,-0.6118469
16440,-0.5819091
16441,-0.5447083
16442,-0.49588025
16443,-0.43405157
16444,-0.37219235
16445,-0.3061829
16446,-0.24777213
16447,-0.19622798
16448,-0.15881354
16449,-0.12030029
16450,-0.101318344
16451,-0.092346355
16452,-0.09588623
16453,-0.09426883
16454,-0.09994507
16455,-0.0966492
16456,-0.08441171
16457,-0.07058734
16458,-0.053711057
16459,-0.0317688
16460,-0.009338319
16461,0.015136689
16462,0.03213504
16463,0.06323242
16464,0.100372314
16465,0.142456
16466,0.20031744
16467,0.27127063
16468,0.34402463
16469,0.4277954
16470,0.5048524
16471,0.58404535
16472,0.6542664
16473,0.7256166
16474,0.7855835
16475,0.8369446
16476,0.86465454
16477,0.8757324
16478,0.8628846
16479,0.84243774
16480,0.8002931
16481,0.75695795
16482,0.7023621
16483,0.6456299
16484,0.59002686
16485,0.515381
16486,0.44107068
16487,0.36456305
16488,0.29995728
16489,0.23703
16490,0.18234253
16491,0.1363525
16492,0.09716801
16493,0.057250846
16494,0.015319958
16495,-0.033233687
16496,-0.092590265
16497,-0.14718635
16498,-0.20581041
16499,-0.25909412
16500,-0.3143921
16501,-0.3645935
16502,-0.40921015
16503,-0.46005243
16504,-0.49469
16505,-0.5312195
16506,-0.56027216
16507,-0.58972174
16508,-0.60250866
16509,-0.6096192
16510,-0.60546875
16511,-0.58950806
16512,-0.5586243
16513,-0.5154114
16514,-0.46081546
16515,-0.40228266
16516,-0.34356698
16517,-0.29083246
16518,-0.24377435
16519,-0.21237178
16520,-0.1729431
16521,-0.13241576
16522,-0.09365852
16523,-0.05230716
16524,-0.0018004775
16525,0.037353486
16526,0.069854796
16527,0.09887689
16528,0.1268921
16529,0.1499329
16530,0.17279063
16531,0.18182372
16532,0.18527222
16533,0.18988031
16534,0.19049057
16535,0.19238263
16536,0.19100961
16537,0.18740839
16538,0.19299316
16539,0.19686908
16540,0.21105969
16541,0.2196351
16542,0.22393811
16543,0.2086488
16544,0.20001224
16545,0.17330953
16546,0.15841693
16547,0.14123538
16548,0.14236446
16549,0.13980101
16550,0.15100093
16551,0.15917963
16552,0.16329952
16553,0.1521912
16554,0.12689209
16555,0.08523567
16556,0.041290358
16557,-0.0075683
16558,-0.043975875
16559,-0.0808105
16560,-0.11483762
16561,-0.14929202
16562,-0.17687993
16563,-0.20077518
16564,-0.21200567
16565,-0.20797741
16566,-0.20132442
16567,-0.19454959
16568,-0.18988046
16569,-0.18576047
16570,-0.18087773
16571,-0.1757202
16572,-0.1680603
16573,-0.15795903
16574,-0.15914923
16575,-0.15753171
16576,-0.16888428
16577,-0.18533319
16578,-0.20727545
16579,-0.23226935
16580,-0.2584229
16581,-0.2844543
16582,-0.30105603
16583,-0.30734253
16584,-0.30624384
16585,-0.29620355
16586,-0.2794494
16587,-0.25732416
16588,-0.23953256
16589,-0.21902466
16590,-0.19625854
16591,-0.16754152
16592,-0.14953613
16593,-0.121276855
16594,-0.105102494
16595,-0.07650758
16596,-0.046020508
16597,0.010162339
16598,0.06970215
16599,0.14352416
16600,0.19982916
16601,0.24798588
16602,0.26016238
16603,0.26257324
16604,0.2555237
16605,0.25442502
16606,0.2602844
16607,0.2704162
16608,0.28985593
16609,0.30184934
16610,0.3111878
16611,0.3076172
16612,0.30172724
16613,0.29541013
16614,0.29708862
16615,0.30767822
16616,0.31341553
16617,0.32089233
16618,0.31875604
16619,0.31985474
16620,0.31219482
16621,0.3020935
16622,0.27410895
16623,0.24920662
16624,0.21365355
16625,0.19161986
16626,0.16833496
16627,0.14965819
16628,0.12738033
16629,0.11712645
16630,0.10296628
16631,0.091155976
16632,0.0848389
16633,0.09005737
16634,0.08169551
16635,0.08071898
16636,0.07525636
16637,0.05950927
16638,0.03973388
16639,0.01266481
16640,-0.017486583
16641,-0.051177986
16642,-0.06933593
16643,-0.09057616
16644,-0.09906005
16645,-0.119873025
16646,-0.119506836
16647,-0.14144899
16648,-0.16287231
16649,-0.18859862
16650,-0.20529176
16651,-0.21994019
16652,-0.22375488
16653,-0.21688841
16654,-0.19921875
16655,-0.1762085
16656,-0.15103148
16657,-0.12460329
16658,-0.11273193
16659,-0.107299805
16660,-0.11187744
16661,-0.118896484
16662,-0.11764526
16663,-0.11489871
16664,-0.0997009
16665,-0.08627318
16666,-0.06591797
16667,-0.039031953
16668,-0.008911126
16669,0.02609253
16670,0.049407966
16671,0.061462395
16672,0.06033326
16673,0.049987763
16674,0.040893555
16675,0.025360085
16676,0.004791271
16677,-0.006713869
16678,-0.009399414
16679,0.0027771064
16680,0.019500703
16681,0.040649425
16682,0.065917954
16683,0.08932495
16684,0.10437012
16685,0.10903934
16686,0.09490966
16687,0.07705686
16688,0.04632567
16689,0.020202633
16690,-0.0031433143
16691,-0.007873535
16692,-0.010528572
16693,-0.0046691895
16694,-9.1567636e-05
16695,-0.0027770698
16696,-0.017059341
16697,-0.03442382
16698,-0.049011253
16699,-0.06594847
16700,-0.075714104
16701,-0.09518433
16702,-0.09976194
16703,-0.10684205
16704,-0.093750015
16705,-0.084289536
16706,-0.07070923
16707,-0.06930542
16708,-0.07589722
16709,-0.0866394
16710,-0.07980345
16711,-0.08398438
16712,-0.074035645
16713,-0.070037864
16714,-0.062438972
16715,-0.060485832
16716,-0.052703872
16717,-0.058654785
16718,-0.067230225
16719,-0.07559208
16720,-0.084869355
16721,-0.090362564
16722,-0.092620835
16723,-0.08212278
16724,-0.07382202
16725,-0.053436257
16726,-0.03787232
16727,-0.015960686
16728,0.002258297
16729,0.011962902
16730,0.0049743652
16731,-0.000762932
16732,-0.014434807
16733,-0.0035400428
16734,0.0045471136
16735,0.030731203
16736,0.054840088
16737,0.084045395
16738,0.09484863
16739,0.10534668
16740,0.10076903
16741,0.09713745
16742,0.08602904
16743,0.082855225
16744,0.0753174
16745,0.08053589
16746,0.08074952
16747,0.0843811
16748,0.08184815
16749,0.077545166
16750,0.062286377
16751,0.051361106
16752,0.0345459
16753,0.023223873
16754,0.010375969
16755,0.008148186
16756,-0.0024414025
16757,-0.008056633
16758,-0.003723152
16759,0.019378684
16760,0.053344727
16761,0.09460451
16762,0.13168335
16763,0.16827393
16764,0.18856812
16765,0.19085696
16766,0.17974854
16767,0.15026852
16768,0.117889404
16769,0.08172608
16770,0.046112064
16771,0.0062255934
16772,-0.012664806
16773,-0.02844238
16774,-0.03491211
16775,-0.039733864
16776,-0.0359497
16777,-0.045043938
16778,-0.051239006
16779,-0.065704346
16780,-0.07336424
16781,-0.088256836
16782,-0.105285645
16783,-0.10897827
16784,-0.10348511
16785,-0.100555405
16786,-0.08956909
16787,-0.081939705
16788,-0.08721923
16789,-0.091278076
16790,-0.09625243
16791,-0.10443117
16792,-0.12039185
16793,-0.13171387
16794,-0.14620972
16795,-0.15701294
16796,-0.14611818
16797,-0.12884521
16798,-0.10232545
16799,-0.08389282
16800,-0.055267334
16801,-0.042724594
16802,-0.022491464
16803,-0.014556896
16804,-0.0025634803
16805,0.004455561
16806,0.01608276
16807,0.022033714
16808,0.031433098
16809,0.035888694
16810,0.028717063
16811,0.013458237
16812,-0.006072982
16813,-0.027343765
16814,-0.04364015
16815,-0.05941773
16816,-0.0722046
16817,-0.07556154
16818,-0.07180788
16819,-0.069763176
16820,-0.077636704
16821,-0.09320067
16822,-0.10815428
16823,-0.118774414
16824,-0.11331177
16825,-0.10223387
16826,-0.071136475
16827,-0.04296875
16828,-0.004821783
16829,0.031829823
16830,0.057678234
16831,0.061248764
16832,0.07534789
16833,0.05993653
16834,0.04232786
16835,0.018218994
16836,0.003479004
16837,-0.01641845
16838,-0.01977539
16839,-0.018310558
16840,0.0021667555
16841,0.027801506
16842,0.06427002
16843,0.091094986
16844,0.117095955
16845,0.1324768
16846,0.13839722
16847,0.1333923
16848,0.11383058
16849,0.07943724
16850,0.045593254
16851,0.0134277195
16852,-0.00289917
16853,-0.0024719164
16854,0.0141296685
16855,0.030670166
16856,0.050903335
16857,0.060180664
16858,0.0726013
16859,0.081512466
16860,0.07724002
16861,0.07324216
16862,0.053131104
16863,0.035736084
16864,0.02539064
16865,0.0272827
16866,0.032135002
16867,0.046661362
16868,0.05084229
16869,0.04147338
16870,0.02822879
16871,0.010131836
16872,-0.016937241
16873,-0.04455568
16874,-0.06573488
16875,-0.06353757
16876,-0.0525513
16877,-0.024841309
16878,0.014953628
16879,0.062286377
16880,0.104949966
16881,0.15026857
16882,0.19784549
16883,0.22732545
16884,0.24630737
16885,0.23999023
16886,0.20755006
16887,0.15692139
16888,0.09384156
16889,0.03836059
16890,-0.01922606
16891,-0.06311035
16892,-0.09301758
16893,-0.11157225
16894,-0.14093018
16895,-0.15499876
16896,-0.17825316
16897,-0.19940187
16898,-0.21405031
16899,-0.21679688
16900,-0.21246338
16901,-0.20993042
16902,-0.19458008
16903,-0.1773376
16904,-0.16241458
16905,-0.150177
16906,-0.13012694
16907,-0.10968016
16908,-0.075744644
16909,-0.019439694
16910,0.030914288
16911,0.075592056
16912,0.11672975
16913,0.15621947
16914,0.17172241
16915,0.19006345
16916,0.20318604
16917,0.20870972
16918,0.22125243
16919,0.23388672
16920,0.24301147
16921,0.25839233
16922,0.26623538
16923,0.26828003
16924,0.25976562
16925,0.2541809
16926,0.24176028
16927,0.24533083
16928,0.22976686
16929,0.21466064
16930,0.18301393
16931,0.15676877
16932,0.11627196
16933,0.07839965
16934,0.025238037
16935,-0.011596665
16936,-0.04818725
16937,-0.058380116
16938,-0.055755593
16939,-0.05206295
16940,-0.067108154
16941,-0.09756471
16942,-0.13784793
16943,-0.1633606
16944,-0.16430664
16945,-0.1311035
16946,-0.09130859
16947,-0.039031982
16948,0.014617927
16949,0.05209355
16950,0.06726076
16951,0.069976784
16952,0.06912233
16953,0.07015991
16954,0.07916258
16955,0.093505874
16956,0.10055542
16957,0.09622192
16958,0.08740234
16959,0.05401613
16960,0.013183583
16961,-0.042480465
16962,-0.11532596
16963,-0.20169061
16964,-0.28903195
16965,-0.35507205
16966,-0.3931579
16967,-0.40042114
16968,-0.39141846
16969,-0.36721802
16970,-0.34387207
16971,-0.3232727
16972,-0.3310852
16973,-0.3366394
16974,-0.33166504
16975,-0.30444336
16976,-0.24234006
16977,-0.16885373
16978,-0.09576416
16979,-0.026580855
16980,0.020568848
16981,0.03475952
16982,0.045806885
16983,0.036804203
16984,0.015716491
16985,-0.021606393
16986,-0.052520733
16987,-0.06945802
16988,-0.07250974
16989,-0.046813935
16990,-0.010131862
16991,0.037567127
16992,0.082550064
16993,0.11062622
16994,0.11154176
16995,0.08358762
16996,0.053772002
16997,0.035156194
16998,0.038726844
16999,0.05810552
17000,0.08810431
17001,0.106719956
17002,0.10437013
17003,0.073028535
17004,0.022857621
17005,-0.022216812
17006,-0.054718044
17007,-0.06533809
17008,-0.06466672
17009,-0.063324004
17010,-0.07070919
17011,-0.089233324
17012,-0.11605834
17013,-0.14651491
17014,-0.16934198
17015,-0.18615721
17016,-0.18310548
17017,-0.18869022
17018,-0.21130371
17019,-0.26541144
17020,-0.3218994
17021,-0.38638306
17022,-0.4117736
17023,-0.41152954
17024,-0.365448
17025,-0.28375247
17026,-0.17575082
17027,-0.042236403
17028,0.119323775
17029,0.3007812
17030,0.46777335
17031,0.56872565
17032,0.5986632
17033,0.5568236
17034,0.4648133
17035,0.33996582
17036,0.22326653
17037,0.1197205
17038,0.07943727
17039,0.07724002
17040,0.100616455
17041,0.10961902
17042,0.11419672
17043,0.094940156
17044,0.07672122
17045,0.05142227
17046,0.061462387
17047,0.10275261
17048,0.16452019
17049,0.24389644
17050,0.34109503
17051,0.4207458
17052,0.4902953
17053,0.52536017
17054,0.54083246
17055,0.5127563
17056,0.47671515
17057,0.41024786
17058,0.3080749
17059,0.18310553
17060,0.045898497
17061,-0.08721918
17062,-0.18798834
17063,-0.24343872
17064,-0.27206433
17065,-0.27291882
17066,-0.2657777
17067,-0.25546265
17068,-0.26467887
17069,-0.28689575
17070,-0.33297724
17071,-0.37316898
17072,-0.40881354
17073,-0.4260864
17074,-0.44113156
17075,-0.44900516
17076,-0.45111084
17077,-0.44317627
17078,-0.4152832
17079,-0.37417603
17080,-0.31503296
17081,-0.21701044
17082,-0.079315156
17083,0.06814587
17084,0.16870123
17085,0.21447766
17086,0.18121338
17087,0.12084967
17088,0.037505865
17089,-0.015899777
17090,-0.027893007
17091,0.02420038
17092,0.111328274
17093,0.19277963
17094,0.269867
17095,0.31616202
17096,0.34069812
17097,0.3244325
17098,0.26431262
17099,0.19049063
17100,0.10281372
17101,0.0260925
17102,-0.017913789
17103,-0.020080656
17104,0.04043573
17105,0.15124512
17106,0.31637576
17107,0.4883423
17108,0.6393435
17109,0.7595825
17110,0.8088684
17111,0.78591937
17112,0.6969298
17113,0.5517273
17114,0.3760376
17115,0.19171149
17116,0.0018005073
17117,-0.17010492
17118,-0.30694577
17119,-0.3764038
17120,-0.38546753
17121,-0.34796137
17122,-0.2795105
17123,-0.21075448
17124,-0.16790763
17125,-0.17926034
17126,-0.2657472
17127,-0.38906872
17128,-0.5202639
17129,-0.6283264
17130,-0.6927186
17131,-0.70974743
17132,-0.70599365
17133,-0.6755372
17134,-0.6392517
17135,-0.5899352
17136,-0.54306024
17137,-0.4857788
17138,-0.43099976
17139,-0.359497
17140,-0.29791257
17141,-0.21432495
17142,-0.1278076
17143,-0.036224335
17144,0.049346916
17145,0.1430054
17146,0.24069214
17147,0.35314947
17148,0.47610474
17149,0.6026307
17150,0.70370495
17151,0.7701416
17152,0.80126953
17153,0.7888185
17154,0.7682799
17155,0.73843384
17156,0.6993103
17157,0.6409911
17158,0.58096313
17159,0.49984747
17160,0.41516113
17161,0.3300476
17162,0.25708008
17163,0.18103027
17164,0.108856216
17165,0.029327378
17166,-0.051116936
17167,-0.12744145
17168,-0.20529169
17169,-0.2807618
17170,-0.37353522
17171,-0.4724427
17172,-0.56158453
17173,-0.6235047
17174,-0.64489734
17175,-0.6490479
17176,-0.60025007
17177,-0.53216547
17178,-0.45642096
17179,-0.38214105
17180,-0.31088263
17181,-0.23608404
17182,-0.17788693
17183,-0.11407469
17184,-0.054412857
17185,0.0069885254
17186,0.06719969
17187,0.13156131
17188,0.18450928
17189,0.22015381
17190,0.24404904
17191,0.2530213
17192,0.24453735
17193,0.22998045
17194,0.20025629
17195,0.1616821
17196,0.12045275
17197,0.085967995
17198,0.04486084
17199,0.0024413913
17200,-0.027221642
17201,-0.04244998
17202,-0.052398715
17203,-0.058593784
17204,-0.05514525
17205,-0.04666139
17206,-0.038208015
17207,-0.027282707
17208,-0.020416237
17209,-0.019378684
17210,-0.02661134
17211,-0.036193807
17212,-0.045929007
17213,-0.04815668
17214,-0.031890802
17215,-0.00051874295
17216,0.035095297
17217,0.067565896
17218,0.08239744
17219,0.08074953
17220,0.08499142
17221,0.09725951
17222,0.11550906
17223,0.12478633
17224,0.13723755
17225,0.14053345
17226,0.13876341
17227,0.11590576
17228,0.090270996
17229,0.048461907
17230,0.010681161
17231,-0.028533936
17232,-0.06259155
17233,-0.08914185
17234,-0.10424807
17235,-0.11663818
17236,-0.12164304
17237,-0.12741086
17238,-0.13006589
17239,-0.13708496
17240,-0.13528436
17241,-0.13317871
17242,-0.12356567
17243,-0.121215835
17244,-0.10968019
17245,-0.10324095
17246,-0.09594729
17247,-0.087158196
17248,-0.080718994
17249,-0.077911384
17250,-0.077606216
17251,-0.08172606
17252,-0.093139656
17253,-0.08459474
17254,-0.074279785
17255,-0.05154419
17256,-0.027221669
17257,0.01168824
17258,0.058441155
17259,0.10565184
17260,0.14974976
17261,0.1777954
17262,0.18655396
17263,0.1819763
17264,0.15515137
17265,0.12127687
17266,0.083221436
17267,0.05517579
17268,0.03366088
17269,0.015808113
17270,0.008666988
17271,0.002319336
17272,-0.010314928
17273,-0.018859876
17274,-0.030822756
17275,-0.0435791
17276,-0.040985115
17277,-0.034240745
17278,-0.020660397
17279,-0.010620115
17280,-0.011169441
17281,-0.010131835
17282,-0.007415778
17283,-0.0036010672
17284,0.0024108756
17285,0.011413563
17286,0.024902333
17287,0.039581306
17288,0.04208374
17289,0.043792725
17290,0.04263307
17291,0.03546142
17292,0.034454357
17293,0.027465839
17294,0.012237556
17295,-0.0022277944
17296,-0.013031006
17297,-0.025299072
17298,-0.034454346
17299,-0.036071777
17300,-0.032867413
17301,-0.041381847
17302,-0.042938232
17303,-0.064392075
17304,-0.08328248
17305,-0.11328125
17306,-0.12310791
17307,-0.12512206
17308,-0.117401116
17309,-0.100097656
17310,-0.077056885
17311,-0.050598137
17312,-0.025848385
17313,-0.0012817308
17314,0.012695324
17315,0.020446787
17316,0.024383541
17317,0.026855458
17318,0.032318115
17319,0.047912598
17320,0.06469728
17321,0.07525636
17322,0.07672121
17323,0.07019043
17324,0.05545043
17325,0.03533935
17326,0.0078124925
17327,-0.0041198693
17328,-0.01065064
17329,-0.01574707
17330,-0.025268553
17331,-0.037902825
17332,-0.053619392
17333,-0.068969734
17334,-0.07290648
17335,-0.074951164
17336,-0.064636245
17337,-0.05197143
17338,-0.021820065
17339,0.014312733
17340,0.053192124
17341,0.081146255
17342,0.10513306
17343,0.11053468
17344,0.10696408
17345,0.099517845
17346,0.08334352
17347,0.07061767
17348,0.055908218
17349,0.054382313
17350,0.049835205
17351,0.05023195
17352,0.048583984
17353,0.03814697
17354,0.022460945
17355,0.001373291
17356,-0.02215577
17357,-0.03225708
17358,-0.041473396
17359,-0.040161137
17360,-0.033844005
17361,-0.03646851
17362,-0.03668212
17363,-0.052093513
17364,-0.06881714
17365,-0.085968025
17366,-0.09481812
17367,-0.1005554
17368,-0.09057616
17369,-0.085754395
17370,-0.07403566
17371,-0.061279293
17372,-0.053497296
17373,-0.044280976
17374,-0.03335569
17375,-0.019134536
17376,0.011047386
17377,0.045745857
17378,0.076354966
17379,0.09857177
17380,0.10845947
17381,0.110900864
17382,0.10852051
17383,0.09475708
17384,0.08203124
17385,0.055938736
17386,0.027832052
17387,0.007446276
17388,-0.015258804
17389,-0.024383536
17390,-0.03967284
17391,-0.034698483
17392,-0.03924561
17393,-0.032409657
17394,-0.038024902
17395,-0.040893573
17396,-0.054290775
17397,-0.0623169
17398,-0.06500246
17399,-0.07626343
17400,-0.08291626
17401,-0.090972885
17402,-0.08755495
17403,-0.07662964
17404,-0.05844117
17405,-0.029418943
17406,-0.00070190243
17407,0.026245113
17408,0.04632567
17409,0.06753542
17410,0.071044914
17411,0.07406616
17412,0.07366943
17413,0.0724182
17414,0.060943607
17415,0.058715813
17416,0.053131096
17417,0.05520629
17418,0.06405639
17419,0.081848145
17420,0.08932495
17421,0.09622195
17422,0.08895874
17423,0.07794188
17424,0.05871582
17425,0.04037475
17426,0.022796629
17427,0.00216675
17428,-0.024383541
17429,-0.046203613
17430,-0.059082024
17431,-0.06454468
17432,-0.052551277
17433,-0.04275514
17434,-0.031890873
17435,-0.03472901
17436,-0.036468506
17437,-0.05563353
17438,-0.07330322
17439,-0.09033203
17440,-0.10571288
17441,-0.10778808
17442,-0.112182595
17443,-0.09561158
17444,-0.076354995
17445,-0.049652092
17446,-0.033813477
17447,-0.008117668
17448,0.0054931752
17449,0.018951412
17450,0.033935554
17451,0.049865723
17452,0.05892945
17453,0.060272224
17454,0.06430054
17455,0.065216064
17456,0.06137085
17457,0.057983406
17458,0.05975343
17459,0.061706536
17460,0.063751206
17461,0.07064819
17462,0.07235717
17463,0.06674193
17464,0.059661847
17465,0.04470825
17466,0.02850344
17467,0.006164558
17468,0.0023193285
17469,-0.006744366
17470,-0.003021229
17471,0.012908924
17472,0.036285408
17473,0.07485962
17474,0.11010742
17475,0.14144899
17476,0.15280151
17477,0.14675902
17478,0.1336975
17479,0.12304686
17480,0.10974122
17481,0.10662841
17482,0.11920166
17483,0.12612915
17484,0.12973022
17485,0.11349486
17486,0.09359741
17487,0.06256103
17488,0.043334976
17489,0.03216552
17490,0.026184088
17491,0.015106194
17492,0.009002678
17493,-0.000701908
17494,-0.006408699
17495,-0.012329102
17496,-0.010498054
17497,-0.015625022
17498,-0.0068969578
17499,-0.0045471266
17500,0.0021667555
17501,-0.005157493
17502,-0.006225571
17503,-0.025848404
17504,-0.043670647
17505,-0.06832886
17506,-0.09017944
17507,-0.10668944
17508,-0.12014769
17509,-0.12710571
17510,-0.13034059
17511,-0.12417603
17512,-0.12280274
17513,-0.11209107
17514,-0.11843872
17515,-0.11926267
17516,-0.12414553
17517,-0.120574966
17518,-0.12042236
17519,-0.12985231
17520,-0.13812256
17521,-0.14160156
17522,-0.1387634
17523,-0.13275145
17524,-0.11114505
17525,-0.089721695
17526,-0.068298355
17527,-0.039947495
17528,-0.012451172
17529,0.007354742
17530,0.031494122
17531,0.044464108
17532,0.055786144
17533,0.05297851
17534,0.05480957
17535,0.049591072
17536,0.03616333
17537,0.01800538
17538,0.007965082
17539,0.00045775808
17540,-0.0010375995
17541,0.008300766
17542,0.009887695
17543,0.02410888
17544,0.028839104
17545,0.0527649
17546,0.060455337
17547,0.07278443
17548,0.08471681
17549,0.09246826
17550,0.09805297
17551,0.09277342
17552,0.10003662
17553,0.09649658
17554,0.08850099
17555,0.07342531
17556,0.059143074
17557,0.04357909
17558,0.033813477
17559,0.026611332
17560,0.015319822
17561,0.00097656157
17562,-0.012512211
17563,-0.020996088
17564,-0.023101805
17565,-0.024597183
17566,-0.023559567
17567,-0.033264175
17568,-0.042541504
17569,-0.052520767
17570,-0.065490715
17571,-0.072448716
17572,-0.078399666
17573,-0.06631468
17574,-0.05926515
17575,-0.041503906
17576,-0.033233628
17577,-0.021606445
17578,-0.021820072
17579,-0.023132313
17580,-0.03713988
17581,-0.049102776
17582,-0.072875984
17583,-0.09570312
17584,-0.11444093
17585,-0.1298523
17586,-0.13241577
17587,-0.12545775
17588,-0.114685066
17589,-0.111145005
17590,-0.10427859
17591,-0.09420775
17592,-0.08267212
17593,-0.07925415
17594,-0.07189942
17595,-0.067504875
17596,-0.07568359
17597,-0.06906128
17598,-0.058013927
17599,-0.04370118
17600,-0.03442383
17601,-0.023925785
17602,-7.450581e-09
17603,0.0077819675
17604,0.020874046
17605,0.022155773
17606,0.024078354
17607,0.02163697
17608,0.020019524
17609,0.024078384
17610,0.022216778
17611,0.038055412
17612,0.056793213
17613,0.08248903
17614,0.09469605
17615,0.10229494
17616,0.1062622
17617,0.1038513
17618,0.0950012
17619,0.086273186
17620,0.08200075
17621,0.07040407
17622,0.06320189
17623,0.05249025
17624,0.052459702
17625,0.060791016
17626,0.06591797
17627,0.07144165
17628,0.06933594
17629,0.076812744
17630,0.074890144
17631,0.07455444
17632,0.06289674
17633,0.060394295
17634,0.054382324
17635,0.047271717
17636,0.04061889
17637,0.032379143
17638,0.02294923
17639,0.025573723
17640,0.033233646
17641,0.03796387
17642,0.050231934
17643,0.06524658
17644,0.07824708
17645,0.07943726
17646,0.07373046
17647,0.06533814
17648,0.045135483
17649,0.027893063
17650,0.0094604585
17651,-0.0036316067
17652,-0.012939438
17653,-0.02139281
17654,-0.021148674
17655,-0.032928467
17656,-0.043945335
17657,-0.058044422
17658,-0.06408692
17659,-0.06817628
17660,-0.060150143
17661,-0.043029774
17662,-0.030059803
17663,-0.014770497
17664,-0.013488776
17665,-0.009948742
17666,-0.015228273
17667,-0.02124025
17668,-0.025756838
17669,-0.035858165
17670,-0.03652953
17671,-0.045440666
17672,-0.041595466
17673,-0.041198716
17674,-0.03866578
17675,-0.03796388
17676,-0.031982422
17677,-0.03192139
17678,-0.027648922
17679,-0.031890877
17680,-0.04034423
17681,-0.041107163
17682,-0.039215077
17683,-0.035583492
17684,-0.026062012
17685,-0.020690918
17686,-0.016357433
17687,-0.01354979
17688,-0.007965103
17689,-0.0053100437
17690,-0.0007324405
17691,0.0044861026
17692,0.012756325
17693,0.02902221
17694,0.044128418
17695,0.059326172
17696,0.07061768
17697,0.07131958
17698,0.07192995
17699,0.06567384
17700,0.053070065
17701,0.03607177
17702,0.025085451
17703,0.011108398
17704,0.003082294
17705,-0.0081787
17706,-0.008422835
17707,-0.009460438
17708,-0.016693113
17709,-0.022857659
17710,-0.029663071
17711,-0.026367214
17712,-0.03161622
17713,-0.023010248
17714,-0.01281739
17715,0.00967407
17716,0.028015131
17717,0.048126224
17718,0.05905152
17719,0.06484985
17720,0.07360838
17721,0.07720949
17722,0.08218386
17723,0.08331298
17724,0.08486938
17725,0.08737182
17726,0.08047486
17727,0.07180786
17728,0.05496216
17729,0.0343933
17730,0.013580339
17731,-0.006073
17732,-0.021179194
17733,-0.02230835
17734,-0.022308342
17735,-0.0064697415
17736,0.01815796
17737,0.036346428
17738,0.05145264
17739,0.04547119
17740,0.03033448
17741,0.0038757473
17742,-0.013641359
17743,-0.026123045
17744,-0.031280495
17745,-0.025115952
17746,-0.020080574
17747,-0.017669685
17748,-0.030029297
17749,-0.04669191
17750,-0.0687561
17751,-0.0842285
17752,-0.086303726
17753,-0.093688965
17754,-0.08749393
17755,-0.0871582
17756,-0.08047487
17757,-0.08581541
17758,-0.09194946
17759,-0.10031129
17760,-0.10781861
17761,-0.11154175
17762,-0.1046753
17763,-0.09481811
17764,-0.08740233
17765,-0.08654785
17766,-0.08898926
17767,-0.087463364
17768,-0.08303833
17769,-0.08413696
17770,-0.0780945
17771,-0.07907105
17772,-0.07809449
17773,-0.07714843
17774,-0.07550049
17775,-0.07351685
17776,-0.078735344
17777,-0.08148193
17778,-0.08322142
17779,-0.081024155
17780,-0.07543944
17781,-0.061859135
17782,-0.063079834
17783,-0.06933595
17784,-0.082031265
17785,-0.08309937
17786,-0.08270266
17787,-0.07162474
17788,-0.04571533
17789,-0.025909444
17790,-0.0067443848
17791,0.015167229
17792,0.036682136
17793,0.0493164
17794,0.06604005
17795,0.07934568
17796,0.086792
17797,0.09701537
17798,0.099823
17799,0.10647584
17800,0.105285645
17801,0.097351074
17802,0.08169556
17803,0.054626487
17804,0.027313229
17805,0.009887699
17806,-0.00048829615
17807,-0.015350342
17808,-0.027221695
17809,-0.031280532
17810,-0.041900665
17811,-0.045196548
17812,-0.036254898
17813,-0.02053833
17814,0.0020751953
17815,0.034362808
17816,0.055114746
17817,0.07052612
17818,0.07247923
17819,0.08291626
17820,0.0921631
17821,0.094451904
17822,0.092926025
17823,0.08810425
17824,0.075714104
17825,0.06567383
17826,0.06298826
17827,0.065399185
17828,0.07836915
17829,0.09539792
17830,0.10510254
17831,0.110839814
17832,0.10513304
17833,0.10604858
17834,0.093872055
17835,0.091125496
17836,0.08078004
17837,0.07446291
17838,0.0647278
17839,0.063934326
17840,0.0630188
17841,0.057251
17842,0.056274414
17843,0.05368042
17844,0.056304917
17845,0.059295647
17846,0.04983519
17847,0.045684814
17848,0.038696274
17849,0.03112792
17850,0.02484131
17851,0.025726318
17852,0.0276184
17853,0.036346428
17854,0.04104614
17855,0.03848266
17856,0.03189087
17857,0.02087403
17858,0.01138306
17859,-0.0032043569
17860,-0.01025391
17861,-0.026733406
17862,-0.03308107
17863,-0.04431154
17864,-0.050079346
17865,-0.0475464
17866,-0.041229233
17867,-0.037292495
17868,-0.027893052
17869,-0.01376342
17870,0.0012817532
17871,0.026885971
17872,0.048522964
17873,0.07006836
17874,0.07769774
17875,0.0843811
17876,0.08895873
17877,0.08840941
17878,0.08697509
17879,0.08148193
17880,0.0631714
17881,0.04022217
17882,0.015319809
17883,-0.007110581
17884,-0.028167713
17885,-0.029388424
17886,-0.03036499
17887,-0.02572634
17888,-0.016510002
17889,-0.0032348707
17890,0.017578121
17891,0.035980202
17892,0.057006843
17893,0.072906494
17894,0.07977295
17895,0.07833862
17896,0.07135011
17897,0.05859374
17898,0.048828132
17899,0.036773693
17900,0.020355223
17901,0.0048522996
17902,-0.017944336
17903,-0.03759766
17904,-0.05105591
17905,-0.05679321
17906,-0.05557249
17907,-0.056579594
17908,-0.060699467
17909,-0.06466673
17910,-0.074462906
17911,-0.07983397
17912,-0.071777344
17913,-0.073303215
17914,-0.07037354
17915,-0.06890867
17916,-0.07672121
17917,-0.08499147
17918,-0.08209227
17919,-0.08880614
17920,-0.09231567
17921,-0.09802245
17922,-0.10412596
17923,-0.118774414
17924,-0.13150024
17925,-0.15570068
17926,-0.17346193
17927,-0.20104982
17928,-0.20748901
17929,-0.21130374
17930,-0.21142577
17931,-0.21017456
17932,-0.19958496
17933,-0.20211793
17934,-0.19955441
17935,-0.19494629
17936,-0.19296263
17937,-0.18600464
17938,-0.17837524
17939,-0.16290283
17940,-0.15115358
17941,-0.14123534
17942,-0.12237549
17943,-0.10220336
17944,-0.07617187
17945,-0.049682625
17946,-0.009429939
17947,0.033233657
17948,0.07885744
17949,0.12371825
17950,0.15444946
17951,0.1700745
17952,0.17483518
17953,0.15896606
17954,0.13427736
17955,0.11624146
17956,0.09442138
17957,0.08627318
17958,0.073577866
17959,0.065917976
17960,0.06463623
17961,0.05505371
17962,0.055877686
17963,0.057800293
17964,0.061828613
17965,0.06484985
17966,0.074493416
17967,0.085113525
17968,0.10726929
17969,0.13671875
17970,0.15820314
17971,0.18322754
17972,0.18908691
17973,0.18814087
17974,0.17767334
17975,0.17007446
17976,0.15231322
17977,0.13543698
17978,0.11227419
17979,0.08068846
17980,0.056335438
17981,0.02239991
17982,-0.0048523024
17983,-0.029602056
17984,-0.043243416
17985,-0.049407937
17986,-0.054534912
17987,-0.05743407
17988,-0.056457527
17989,-0.060150146
17990,-0.0678711
17991,-0.06857298
17992,-0.06976318
17993,-0.064239495
17994,-0.048797596
17995,-0.037109382
17996,-0.009277344
17997,0.011627197
17998,0.03994751
17999,0.066894546
18000,0.07644654
18001,0.08514404
18002,0.08843995
18003,0.08428954
18004,0.067504875
18005,0.060089126
18006,0.040710457
18007,0.037322998
18008,0.03137207
18009,0.027160646
18010,0.029052734
18011,0.030731209
18012,0.03845215
18013,0.052368157
18014,0.05792238
18015,0.057189934
18016,0.05636598
18017,0.048736595
18018,0.038543683
18019,0.026428208
18020,0.016540557
18021,0.015563987
18022,0.011108384
18023,0.018981919
18024,0.015808105
18025,0.015716553
18026,0.022277828
18027,0.02542115
18028,0.027038585
18029,0.025207505
18030,0.023010269
18031,0.016082767
18032,0.010467526
18033,0.0025634766
18034,-0.0013427734
18035,-0.017761238
18036,-0.037689216
18037,-0.062835686
18038,-0.09710695
18039,-0.12677005
18040,-0.15527342
18041,-0.17166138
18042,-0.18295288
18043,-0.18862915
18044,-0.1819458
18045,-0.17388916
18046,-0.1556091
18047,-0.13613892
18048,-0.12115477
18049,-0.10833742
18050,-0.10772705
18051,-0.10498049
18052,-0.10903931
18053,-0.1052246
18054,-0.110748306
18055,-0.10317993
18056,-0.1156311
18057,-0.12506104
18058,-0.13522339
18059,-0.14541626
18060,-0.14639282
18061,-0.13165283
18062,-0.104156494
18063,-0.073638916
18064,-0.04705812
18065,-0.029144302
18066,-0.010040298
18067,-0.0100707635
18068,-0.0015259013
18069,0.003387455
18070,0.007263191
18071,0.01074218
18072,0.017761238
18073,0.027618404
18074,0.030426007
18075,0.04257201
18076,0.048248287
18077,0.059631348
18078,0.06808472
18079,0.07659913
18080,0.09539796
18081,0.108306885
18082,0.1255188
18083,0.13613895
18084,0.13110353
18085,0.12011716
18086,0.10849
18087,0.080688484
18088,0.056457482
18089,0.026702903
18090,-0.001739502
18091,-0.022613533
18092,-0.025909409
18093,-0.026092544
18094,-0.008850096
18095,-0.004638681
18096,0.0068664644
18097,0.01660156
18098,0.01879881
18099,0.014526351
18100,0.019927979
18101,0.020507822
18102,0.020111093
18103,0.020355236
18104,0.015380846
18105,0.009979244
18106,-0.0043335035
18107,-0.006744392
18108,-0.008300766
18109,-0.005767837
18110,0.0017395094
18111,0.00967408
18112,0.012756363
18113,0.0018615797
18114,-0.010131821
18115,-0.02172853
18116,-0.02819825
18117,-0.028930657
18118,-0.020477302
18119,-0.004638672
18120,0.0053405855
18121,0.01635743
18122,0.029113766
18123,0.03857422
18124,0.050628662
18125,0.07385254
18126,0.09054567
18127,0.106994644
18128,0.1320801
18129,0.14483644
18130,0.15838623
18131,0.1592407
18132,0.15731812
18133,0.14724731
18134,0.13757324
18135,0.12603761
18136,0.12680055
18137,0.113159165
18138,0.10879516
18139,0.102478035
18140,0.099243164
18141,0.09088133
18142,0.09051513
18143,0.093048096
18144,0.09234619
18145,0.09484865
18146,0.09207155
18147,0.096893325
18148,0.09057619
18149,0.08471681
18150,0.065094024
18151,0.040893577
18152,0.016448963
18153,0.00061034784
18154,-0.011291496
18155,-0.017150886
18156,-0.01620483
18157,-0.003875737
18158,0.011840805
18159,0.022125257
18160,0.028900139
18161,0.031280503
18162,0.025176987
18163,0.01437377
18164,0.0115051335
18165,-0.0016784652
18166,-0.015014658
18167,-0.020507824
18168,-0.02911378
18169,-0.034820575
18170,-0.034301758
18171,-0.028137207
18172,-0.013366705
18173,0.00079347193
18174,0.007873543
18175,0.023864761
18176,0.03411867
18177,0.043670636
18178,0.058685303
18179,0.06219483
18180,0.054321297
18181,0.045410153
18182,0.022430405
18183,-0.00827026
18184,-0.03417969
18185,-0.061248764
18186,-0.08032226
18187,-0.10104369
18188,-0.10977173
18189,-0.124053985
18190,-0.1365967
18191,-0.14956667
18192,-0.15399168
18193,-0.15551761
18194,-0.1409912
18195,-0.12463379
18196,-0.10665892
18197,-0.09204101
18198,-0.07629396
18199,-0.06378172
18200,-0.055145267
18201,-0.04559328
18202,-0.041473404
18203,-0.034973137
18204,-0.03124999
18205,-0.0300293
18206,-0.03222657
18207,-0.047424287
18208,-0.06222535
18209,-0.06982422
18210,-0.07464598
18211,-0.075347915
18212,-0.07913208
18213,-0.0904541
18214,-0.10287476
18215,-0.12939455
18216,-0.15856932
18217,-0.17788698
18218,-0.19088745
18219,-0.18939206
18220,-0.16955566
18221,-0.14416504
18222,-0.10913086
18223,-0.066467285
18224,-0.028930675
18225,0.016754178
18226,0.045440663
18227,0.07504272
18228,0.07778929
18229,0.07952879
18230,0.064208984
18231,0.05200196
18232,0.028076174
18233,0.007141104
18234,-0.0007629525
18235,-0.010223394
18236,-0.007843017
18237,-0.0030822847
18238,0.011352519
18239,0.020660395
18240,0.033020023
18241,0.036987312
18242,0.029663075
18243,0.02993774
18244,0.017303457
18245,0.0057373103
18246,-0.023376461
18247,-0.04345703
18248,-0.07281494
18249,-0.10049438
18250,-0.12637326
18251,-0.1546936
18252,-0.17733765
18253,-0.19866945
18254,-0.21151732
18255,-0.22009279
18256,-0.21307373
18257,-0.20187375
18258,-0.18579102
18259,-0.15560915
18260,-0.1385498
18261,-0.11624148
18262,-0.09945677
18263,-0.08059691
18264,-0.07843019
18265,-0.07131957
18266,-0.07455444
18267,-0.07308961
18268,-0.075012214
18269,-0.06402589
18270,-0.05914306
18271,-0.04391479
18272,-0.031982422
18273,-0.009094223
18274,0.012542732
18275,0.03198242
18276,0.04617311
18277,0.064880386
18278,0.06747435
18279,0.07543946
18280,0.074279785
18281,0.07278444
18282,0.06863405
18283,0.077392586
18284,0.08081054
18285,0.09268187
18286,0.102478035
18287,0.11215211
18288,0.117675796
18289,0.12417602
18290,0.14007568
18291,0.14788818
18292,0.15237425
18293,0.16278075
18294,0.17492676
18295,0.19107056
18296,0.2086792
18297,0.23092654
18298,0.25836182
18299,0.27139285
18300,0.29153442
18301,0.30300903
18302,0.31518555
18303,0.31887817
18304,0.32528687
18305,0.313385
18306,0.2975464
18307,0.27087402
18308,0.23968507
18309,0.21115112
18310,0.18447876
18311,0.15838622
18312,0.14129639
18313,0.11541745
18314,0.106231704
18315,0.09329223
18316,0.09240721
18317,0.08831788
18318,0.09423825
18319,0.09246825
18320,0.08898926
18321,0.085937515
18322,0.079986595
18323,0.07766723
18324,0.06311037
18325,0.04959109
18326,0.02029422
18327,-0.009948723
18328,-0.04418946
18329,-0.07507325
18330,-0.098876946
18331,-0.11996459
18332,-0.13140869
18333,-0.13378906
18334,-0.12701416
18335,-0.11477661
18336,-0.08273315
18337,-0.048187234
18338,-0.00680542
18339,0.030181885
18340,0.05142212
18341,0.05508423
18342,0.043762222
18343,0.028961182
18344,-0.00033569336
18345,-0.023895286
18346,-0.04232789
18347,-0.0541992
18348,-0.06497192
18349,-0.071990944
18350,-0.07550049
18351,-0.07073977
18352,-0.06222535
18353,-0.04736326
18354,-0.041473374
18355,-0.04019165
18356,-0.039794907
18357,-0.03790284
18358,-0.041168205
18359,-0.043182388
18360,-0.047698975
18361,-0.047698945
18362,-0.051452667
18363,-0.0508423
18364,-0.042480454
18365,-0.042327896
18366,-0.03414914
18367,-0.035614043
18368,-0.03921511
18369,-0.05526731
18370,-0.06585695
18371,-0.08230591
18372,-0.08309937
18373,-0.09490965
18374,-0.08682249
18375,-0.083526626
18376,-0.082489006
18377,-0.078430176
18378,-0.08871458
18379,-0.09817505
18380,-0.100738496
18381,-0.09613041
18382,-0.08407595
18383,-0.0736389
18384,-0.06973266
18385,-0.06118777
18386,-0.06860349
18387,-0.08700564
18388,-0.10424806
18389,-0.14181519
18390,-0.17700195
18391,-0.2154846
18392,-0.23898317
18393,-0.26016235
18394,-0.26791385
18395,-0.27676392
18396,-0.28182983
18397,-0.28582764
18398,-0.28427124
18399,-0.2835083
18400,-0.2778625
18401,-0.27130127
18402,-0.26235962
18403,-0.24356079
18404,-0.22702023
18405,-0.20178223
18406,-0.17391965
18407,-0.1390686
18408,-0.10864254
18409,-0.06982421
18410,-0.034820553
18411,0.00592041
18412,0.038330078
18413,0.075805634
18414,0.11770626
18415,0.14364624
18416,0.16250609
18417,0.1725464
18418,0.16458133
18419,0.13845831
18420,0.12353513
18421,0.08776849
18422,0.054718062
18423,0.011291489
18424,-0.03488154
18425,-0.09451303
18426,-0.13784787
18427,-0.16702265
18428,-0.16488644
18429,-0.14810182
18430,-0.10809331
18431,-0.051055863
18432,0.0022888184
18433,0.056304954
18434,0.11312871
18435,0.16333008
18436,0.1983642
18437,0.24102779
18438,0.2671814
18439,0.28759766
18440,0.3029175
18441,0.31866458
18442,0.2954101
18443,0.3311157
18444,0.36874384
18445,0.3999634
18446,0.42617798
18447,0.43139648
18448,0.43521124
18449,0.42318726
18450,0.41558832
18451,0.406128
18452,0.39410388
18453,0.37649542
18454,0.36025998
18455,0.34246832
18456,0.3329163
18457,0.32867432
18458,0.33602905
18459,0.36236572
18460,0.38955688
18461,0.42364505
18462,0.4438782
18463,0.4559632
18464,0.41290277
18465,0.43026733
18466,0.44879144
18467,0.47152716
18468,0.48980713
18469,0.50186163
18470,0.50411993
18471,0.49179074
18472,0.4612731
18473,0.4224854
18474,0.37542716
18475,0.33123785
18476,0.27853394
18477,0.23666388
18478,0.18786626
18479,0.14193726
18480,0.094329804
18481,0.040100068
18482,-0.0195923
18483,-0.08584598
18484,-0.14758305
18485,-0.20959479
18486,-0.3068542
18487,-0.3365783
18488,-0.3645935
18489,-0.40002444
18490,-0.43359378
18491,-0.47201535
18492,-0.5096436
18493,-0.54321295
18494,-0.56698596
18495,-0.5873719
18496,-0.5950927
18497,-0.5894776
18498,-0.57440186
18499,-0.55325323
18500,-0.5177307
18501,-0.47390747
18502,-0.4395141
18503,-0.40228269
18504,-0.36614984
18505,-0.32135013
18506,-0.27584845
18507,-0.22561653
18508,-0.10397336
18509,-0.10046378
18510,-0.09982312
18511,-0.088012636
18512,-0.07006848
18513,-0.038787723
18514,-0.019073546
18515,-0.0022278726
18516,-0.006225586
18517,-0.02444458
18518,-0.047576874
18519,-0.07522589
18520,-0.1004639
18521,-0.11828616
18522,-0.14077768
18523,-0.15942383
18524,-0.17730705
18525,-0.1818847
18526,-0.17144771
18527,-0.14730836
18528,-0.111785844
18529,-0.06320187
